# unix_time, cycles_done, cur_path, paths_total, pending_total, pending_favs, map_size, unique_crashes, unique_hangs, max_depth, execs_per_sec
1494124191, 0, 0, 510, 510, 176, 4.16%, 0, 0, 2, 65.04
1494124202, 0, 0, 510, 509, 175, 4.16%, 0, 0, 2, 81.26
1494124233, 0, 0, 511, 510, 175, 4.16%, 0, 0, 2, 59.80
1494124386, 0, 1, 511, 510, 175, 4.16%, 0, 0, 2, 79.12
1494124391, 0, 2, 511, 509, 174, 4.16%, 0, 0, 2, 107.42
1494124396, 0, 4, 511, 507, 172, 4.16%, 0, 0, 2, 149.90
1494124401, 0, 5, 511, 506, 171, 4.16%, 0, 0, 2, 167.39
1494124406, 0, 7, 511, 505, 170, 4.16%, 0, 0, 2, 165.68
1494124411, 0, 11, 511, 503, 168, 4.16%, 0, 0, 2, 149.54
1494124417, 0, 13, 511, 502, 167, 4.16%, 0, 0, 2, 138.49
1494124422, 0, 14, 511, 501, 166, 4.16%, 0, 0, 2, 84.63
1494124427, 0, 15, 511, 500, 165, 4.16%, 0, 0, 2, 110.95
1494124432, 0, 17, 511, 499, 164, 4.16%, 0, 0, 2, 134.63
1494124437, 0, 20, 511, 498, 163, 4.16%, 0, 0, 2, 164.82
1494124442, 0, 23, 511, 496, 161, 4.16%, 0, 0, 2, 129.59
1494124447, 0, 26, 511, 494, 159, 4.16%, 0, 0, 2, 156.19
1494124452, 0, 27, 511, 493, 158, 4.16%, 0, 0, 2, 142.72
1494124457, 0, 29, 511, 492, 157, 4.16%, 0, 0, 2, 102.52
1494124468, 0, 30, 511, 491, 156, 4.16%, 0, 0, 2, 115.01
1494124473, 0, 34, 511, 489, 154, 4.16%, 0, 0, 2, 141.52
1494124478, 0, 39, 511, 488, 153, 4.16%, 0, 0, 2, 177.13
1494124483, 0, 43, 511, 487, 152, 4.16%, 0, 0, 2, 113.37
1494124493, 0, 45, 511, 485, 150, 4.16%, 0, 0, 2, 129.37
1494124498, 0, 46, 511, 484, 149, 4.16%, 0, 0, 2, 35.95
1494124503, 0, 47, 511, 483, 148, 4.16%, 0, 0, 2, 97.45
1494124509, 0, 49, 511, 482, 147, 4.16%, 0, 0, 2, 95.78
1494124514, 0, 50, 511, 481, 146, 4.16%, 0, 0, 2, 126.42
1494124519, 0, 52, 511, 479, 144, 4.16%, 0, 0, 2, 149.66
1494124524, 0, 56, 511, 478, 143, 4.16%, 0, 0, 2, 162.47
1494124529, 0, 58, 511, 477, 142, 4.16%, 0, 0, 2, 103.22
1494124534, 0, 60, 511, 476, 141, 4.16%, 0, 0, 2, 122.01
1494124544, 0, 61, 511, 475, 140, 4.16%, 0, 0, 2, 111.39
1494124550, 0, 62, 511, 474, 139, 4.16%, 0, 0, 2, 106.97
1494124555, 0, 63, 511, 473, 138, 4.16%, 0, 0, 2, 120.15
1494124560, 0, 65, 511, 472, 137, 4.16%, 0, 0, 2, 29.54
1494124565, 0, 67, 511, 471, 136, 4.16%, 0, 0, 2, 123.16
1494124570, 0, 69, 511, 470, 135, 4.16%, 0, 0, 2, 173.92
1494124575, 0, 71, 511, 469, 134, 4.16%, 0, 0, 2, 94.36
1494124580, 0, 72, 511, 468, 133, 4.16%, 0, 0, 2, 121.33
1494124585, 0, 74, 511, 467, 132, 4.16%, 0, 0, 2, 97.53
1494124590, 0, 75, 511, 466, 131, 4.16%, 0, 0, 2, 133.26
1494124595, 0, 79, 511, 464, 129, 4.16%, 0, 0, 2, 122.86
1494124600, 0, 80, 511, 463, 128, 4.16%, 0, 0, 2, 142.02
1494124605, 0, 81, 511, 462, 127, 4.16%, 0, 0, 2, 118.80
1494124611, 0, 83, 511, 461, 126, 4.16%, 0, 0, 2, 162.00
1494124616, 0, 85, 511, 460, 125, 4.16%, 0, 0, 2, 134.64
1494124626, 0, 87, 511, 459, 124, 4.16%, 0, 0, 2, 144.97
1494124631, 0, 88, 511, 458, 123, 4.16%, 0, 0, 2, 128.24
1494124636, 0, 89, 511, 457, 122, 4.16%, 0, 0, 2, 123.66
1494124641, 0, 96, 511, 454, 119, 4.16%, 0, 0, 2, 144.85
1494124646, 0, 97, 511, 453, 118, 4.16%, 0, 0, 2, 111.06
1494124656, 0, 98, 511, 452, 117, 4.16%, 0, 0, 2, 147.94
1494124662, 0, 99, 511, 451, 116, 4.16%, 0, 0, 2, 117.92
1494124667, 0, 105, 511, 449, 114, 4.16%, 0, 0, 2, 108.13
1494124677, 0, 106, 511, 448, 113, 4.16%, 0, 0, 2, 81.62
1494124682, 0, 107, 511, 447, 112, 4.16%, 0, 0, 2, 103.43
1494124692, 0, 108, 511, 446, 111, 4.16%, 0, 0, 2, 80.80
1494124698, 0, 115, 511, 445, 110, 4.16%, 0, 0, 2, 136.50
1494124703, 0, 117, 511, 444, 109, 4.16%, 0, 0, 2, 152.61
1494124708, 0, 119, 511, 443, 108, 4.16%, 0, 0, 2, 168.19
1494124713, 0, 123, 511, 442, 107, 4.16%, 0, 0, 2, 157.49
1494124723, 0, 125, 511, 441, 106, 4.16%, 0, 0, 2, 122.45
1494124733, 0, 128, 511, 440, 105, 4.16%, 0, 0, 2, 72.78
1494124738, 0, 129, 511, 439, 104, 4.16%, 0, 0, 2, 116.44
1494124744, 0, 133, 511, 438, 103, 4.16%, 0, 0, 2, 187.29
1494124749, 0, 136, 511, 437, 102, 4.16%, 0, 0, 2, 191.84
1494124754, 0, 137, 511, 436, 101, 4.16%, 0, 0, 2, 38.22
1494124759, 0, 139, 511, 435, 100, 4.16%, 0, 0, 2, 84.52
1494124769, 0, 142, 511, 434, 99, 4.16%, 0, 0, 2, 158.59
1494124774, 0, 143, 511, 433, 98, 4.16%, 0, 0, 2, 174.69
1494124779, 0, 144, 511, 432, 97, 4.16%, 0, 0, 2, 117.01
1494124785, 0, 145, 511, 431, 96, 4.16%, 0, 0, 2, 153.29
1494124790, 0, 153, 511, 430, 95, 4.16%, 0, 0, 2, 166.22
1494124800, 0, 155, 511, 429, 94, 4.16%, 0, 0, 2, 173.38
1494124805, 0, 160, 511, 428, 93, 4.16%, 0, 0, 2, 128.13
1494124815, 0, 167, 511, 427, 92, 4.16%, 0, 0, 2, 78.91
1494124820, 0, 172, 511, 426, 91, 4.16%, 0, 0, 2, 103.80
1494124825, 0, 176, 511, 425, 90, 4.16%, 0, 0, 2, 121.90
1494124831, 0, 183, 511, 424, 89, 4.16%, 0, 0, 2, 149.06
1494124836, 0, 186, 511, 423, 88, 4.16%, 0, 0, 2, 162.80
1494124841, 0, 191, 511, 422, 87, 4.16%, 0, 0, 2, 161.63
1494124851, 0, 193, 511, 421, 86, 4.16%, 0, 0, 2, 141.13
1494124856, 0, 194, 511, 420, 85, 4.16%, 0, 0, 2, 115.70
1494124866, 0, 196, 511, 419, 84, 4.16%, 0, 0, 2, 149.63
1494124871, 0, 197, 511, 418, 83, 4.16%, 0, 0, 2, 14.85
1494124877, 0, 201, 511, 417, 82, 4.16%, 0, 0, 2, 114.66
1494124887, 0, 203, 511, 416, 81, 4.16%, 0, 0, 2, 140.20
1494124892, 0, 207, 511, 415, 80, 4.16%, 0, 0, 2, 139.04
1494124902, 0, 209, 511, 414, 79, 4.16%, 0, 0, 2, 172.35
1494124907, 0, 213, 511, 413, 78, 4.16%, 0, 0, 2, 178.09
1494124912, 0, 215, 511, 412, 77, 4.16%, 0, 0, 2, 113.83
1494124917, 0, 217, 511, 411, 76, 4.16%, 0, 0, 2, 112.01
1494124922, 0, 218, 511, 410, 75, 4.16%, 0, 0, 2, 109.01
1494124958, 0, 220, 511, 409, 74, 4.16%, 0, 0, 2, 112.67
1494124964, 0, 226, 511, 407, 72, 4.16%, 0, 0, 2, 134.23
1494124974, 0, 229, 511, 406, 71, 4.16%, 0, 0, 2, 171.84
1494124979, 0, 231, 511, 405, 70, 4.16%, 0, 0, 2, 102.24
1494124984, 0, 235, 511, 404, 69, 4.16%, 0, 0, 2, 131.86
1494124989, 0, 236, 511, 403, 68, 4.16%, 0, 0, 2, 150.40
1494124999, 0, 244, 511, 402, 67, 4.16%, 0, 0, 2, 183.16
1494125005, 0, 248, 511, 401, 66, 4.16%, 0, 0, 2, 176.37
1494125010, 0, 255, 511, 400, 65, 4.16%, 0, 0, 2, 161.54
1494125015, 0, 256, 511, 399, 64, 4.16%, 0, 0, 2, 174.14
1494125020, 0, 258, 511, 398, 63, 4.16%, 0, 0, 2, 145.17
1494125025, 0, 259, 511, 397, 62, 4.16%, 0, 0, 2, 166.51
1494125030, 0, 261, 511, 396, 61, 4.16%, 0, 0, 2, 135.44
1494125035, 0, 262, 511, 395, 60, 4.16%, 0, 0, 2, 167.32
1494125041, 0, 267, 511, 394, 59, 4.16%, 0, 0, 2, 129.48
1494125046, 0, 268, 511, 393, 58, 4.16%, 0, 0, 2, 152.32
1494125051, 0, 271, 511, 392, 57, 4.16%, 0, 0, 2, 115.24
1494125056, 0, 279, 511, 391, 56, 4.16%, 0, 0, 2, 105.24
1494125061, 0, 283, 511, 390, 55, 4.16%, 0, 0, 2, 126.13
1494125071, 0, 286, 511, 389, 54, 4.16%, 0, 0, 2, 107.20
1494125082, 0, 288, 511, 388, 53, 4.16%, 0, 0, 2, 109.22
1494125092, 0, 293, 511, 386, 51, 4.16%, 0, 0, 2, 118.95
1494125097, 0, 294, 511, 385, 50, 4.16%, 0, 0, 2, 125.37
1494125107, 0, 296, 511, 384, 49, 4.16%, 0, 0, 2, 130.41
1494125128, 0, 318, 511, 383, 48, 4.16%, 0, 0, 2, 109.63
1494125138, 0, 323, 511, 382, 47, 4.16%, 0, 0, 2, 31.38
1494125169, 0, 325, 511, 381, 46, 4.16%, 0, 0, 2, 91.87
1494125174, 0, 329, 511, 380, 45, 4.16%, 0, 0, 2, 141.50
1494125184, 0, 335, 511, 379, 44, 4.16%, 0, 0, 2, 156.50
1494125189, 0, 339, 511, 378, 43, 4.16%, 0, 0, 2, 26.29
1494125276, 0, 352, 511, 377, 42, 4.16%, 0, 0, 2, 56.11
1494125301, 0, 366, 511, 376, 41, 4.16%, 0, 0, 2, 84.16
1494125311, 0, 367, 511, 375, 40, 4.16%, 0, 0, 2, 157.44
1494125317, 0, 369, 511, 374, 39, 4.16%, 0, 0, 2, 57.20
1494125322, 0, 370, 511, 373, 38, 4.16%, 0, 0, 2, 131.68
1494125327, 0, 375, 511, 372, 37, 4.16%, 0, 0, 2, 157.72
1494125337, 0, 377, 511, 371, 36, 4.16%, 0, 0, 2, 109.10
1494125342, 0, 378, 511, 370, 35, 4.16%, 0, 0, 2, 17.72
1494125414, 0, 383, 511, 369, 34, 4.16%, 0, 0, 2, 77.50
1494125424, 0, 384, 511, 368, 33, 4.16%, 0, 0, 2, 97.67
1494125430, 0, 389, 511, 367, 32, 4.16%, 0, 0, 2, 93.78
1494125440, 0, 394, 511, 366, 31, 4.16%, 0, 0, 2, 27.25
1494125511, 0, 399, 511, 365, 30, 4.16%, 0, 0, 2, 91.31
1494125517, 0, 407, 511, 364, 29, 4.16%, 0, 0, 2, 83.03
1494125522, 0, 414, 511, 363, 28, 4.16%, 0, 0, 2, 111.92
1494125527, 0, 420, 511, 361, 26, 4.16%, 0, 0, 2, 144.55
1494125537, 0, 423, 511, 360, 25, 4.16%, 0, 0, 2, 95.82
1494125548, 0, 426, 511, 359, 24, 4.16%, 0, 0, 2, 114.54
1494125553, 0, 427, 511, 358, 23, 4.16%, 0, 0, 2, 90.11
1494125558, 0, 428, 511, 357, 22, 4.16%, 0, 0, 2, 112.49
1494125563, 0, 429, 511, 356, 21, 4.16%, 0, 0, 2, 110.34
1494125568, 0, 430, 511, 355, 20, 4.16%, 0, 0, 2, 107.60
1494125578, 0, 437, 511, 354, 19, 4.16%, 0, 0, 2, 130.03
1494125583, 0, 438, 511, 353, 18, 4.16%, 0, 0, 2, 22.30
1494125645, 0, 439, 511, 352, 17, 4.16%, 0, 0, 2, 111.97
1494125650, 0, 447, 511, 351, 16, 4.16%, 0, 0, 2, 86.03
1494125655, 0, 450, 511, 350, 15, 4.16%, 0, 0, 2, 93.16
1494125665, 0, 452, 511, 349, 14, 4.16%, 0, 0, 2, 56.05
1494125685, 0, 455, 511, 348, 13, 4.16%, 0, 0, 2, 114.74
1494125690, 0, 456, 511, 347, 12, 4.16%, 0, 0, 2, 145.62
1494125696, 0, 466, 511, 345, 10, 4.16%, 0, 0, 2, 97.18
1494125706, 0, 467, 511, 344, 9, 4.16%, 0, 0, 2, 25.05
1494125793, 0, 472, 511, 343, 8, 4.16%, 0, 0, 2, 73.37
1494125803, 0, 479, 511, 342, 8, 4.16%, 0, 0, 2, 133.27
1494125808, 0, 482, 511, 341, 7, 4.16%, 0, 0, 2, 96.44
1494125813, 0, 486, 511, 340, 6, 4.16%, 0, 0, 2, 83.61
1494125819, 0, 488, 511, 339, 5, 4.16%, 0, 0, 2, 99.10
1494125829, 0, 493, 511, 338, 5, 4.16%, 0, 0, 2, 90.83
1494125834, 0, 494, 511, 337, 4, 4.16%, 0, 0, 2, 110.63
1494125844, 0, 496, 511, 336, 3, 4.16%, 0, 0, 2, 94.25
1494125855, 0, 500, 511, 335, 2, 4.16%, 0, 0, 2, 125.00
1494125870, 0, 505, 511, 334, 2, 4.16%, 0, 0, 2, 144.58
1494125880, 0, 506, 511, 333, 1, 4.16%, 0, 0, 2, 76.26
1494125885, 1, 0, 511, 332, 0, 4.16%, 0, 0, 2, 116.21
1494125890, 1, 1, 511, 332, 0, 4.16%, 0, 0, 2, 145.08
1494125895, 1, 3, 511, 332, 0, 4.16%, 0, 0, 2, 159.60
1494125901, 1, 5, 511, 332, 0, 4.16%, 0, 0, 2, 176.84
1494125906, 1, 8, 511, 332, 0, 4.16%, 0, 0, 2, 165.95
1494125911, 1, 11, 511, 331, 0, 4.16%, 0, 0, 2, 176.40
1494125916, 1, 14, 511, 331, 0, 4.16%, 0, 0, 2, 151.76
1494125921, 1, 15, 511, 331, 0, 4.16%, 0, 0, 2, 152.47
1494125926, 1, 20, 511, 331, 0, 4.16%, 0, 0, 2, 167.64
1494125931, 1, 23, 511, 331, 0, 4.16%, 0, 0, 2, 159.37
1494125936, 1, 25, 511, 331, 0, 4.16%, 0, 0, 2, 141.46
1494125941, 1, 26, 511, 330, 0, 4.16%, 0, 0, 2, 168.49
1494125946, 1, 27, 511, 330, 0, 4.16%, 0, 0, 2, 132.84
1494125952, 1, 30, 511, 330, 0, 4.16%, 0, 0, 2, 136.57
1494125957, 1, 31, 511, 330, 0, 4.16%, 0, 0, 2, 160.72
1494125962, 1, 33, 511, 328, 0, 4.16%, 0, 0, 2, 138.98
1494125967, 1, 37, 511, 328, 0, 4.16%, 0, 0, 2, 167.94
1494125972, 1, 39, 511, 327, 0, 4.16%, 0, 0, 2, 187.13
1494125977, 1, 43, 511, 327, 0, 4.16%, 0, 0, 2, 159.75
1494125982, 1, 45, 511, 327, 0, 4.16%, 0, 0, 2, 164.89
1494125987, 1, 47, 511, 327, 0, 4.16%, 0, 0, 2, 150.73
1494125993, 1, 50, 511, 327, 0, 4.16%, 0, 0, 2, 157.14
1494125998, 1, 52, 511, 327, 0, 4.16%, 0, 0, 2, 163.74
1494126003, 1, 57, 511, 327, 0, 4.16%, 0, 0, 2, 165.94
1494126008, 1, 58, 511, 326, 0, 4.16%, 0, 0, 2, 146.03
1494126013, 1, 60, 511, 326, 0, 4.16%, 0, 0, 2, 144.06
1494126018, 1, 62, 511, 326, 0, 4.16%, 0, 0, 2, 136.86
1494126023, 1, 65, 511, 326, 0, 4.16%, 0, 0, 2, 151.47
1494126028, 1, 66, 511, 326, 0, 4.16%, 0, 0, 2, 138.83
1494126033, 1, 68, 511, 325, 0, 4.16%, 0, 0, 2, 163.04
1494126039, 1, 69, 511, 324, 0, 4.16%, 0, 0, 2, 161.92
1494126044, 1, 72, 511, 324, 0, 4.16%, 0, 0, 2, 145.26
1494126049, 1, 77, 511, 324, 0, 4.16%, 0, 0, 2, 158.61
1494126054, 1, 79, 511, 324, 0, 4.16%, 0, 0, 2, 135.24
1494126059, 1, 81, 511, 324, 0, 4.16%, 0, 0, 2, 148.67
1494126064, 1, 83, 511, 324, 0, 4.16%, 0, 0, 2, 168.20
1494126069, 1, 85, 511, 324, 0, 4.16%, 0, 0, 2, 151.68
1494126074, 1, 87, 511, 323, 0, 4.16%, 0, 0, 2, 170.15
1494126079, 1, 88, 511, 323, 0, 4.16%, 0, 0, 2, 165.29
1494126085, 1, 92, 511, 323, 0, 4.16%, 0, 0, 2, 155.28
1494126090, 1, 97, 511, 323, 0, 4.16%, 0, 0, 2, 147.11
1494126095, 1, 98, 511, 323, 0, 4.16%, 0, 0, 2, 164.64
1494126100, 1, 102, 511, 323, 0, 4.16%, 0, 0, 2, 174.69
1494126105, 1, 106, 511, 322, 0, 4.16%, 0, 0, 2, 158.15
1494126110, 1, 107, 511, 322, 0, 4.16%, 0, 0, 2, 155.40
1494126115, 1, 111, 511, 322, 0, 4.16%, 0, 0, 2, 158.63
1494126125, 1, 116, 511, 321, 0, 4.16%, 0, 0, 2, 182.23
1494126130, 1, 119, 511, 320, 0, 4.16%, 0, 0, 2, 184.48
1494126135, 1, 123, 511, 320, 0, 4.16%, 0, 0, 2, 171.26
1494126141, 1, 125, 511, 320, 0, 4.16%, 0, 0, 2, 162.66
1494126146, 1, 128, 511, 320, 0, 4.16%, 0, 0, 2, 147.96
1494126151, 1, 133, 511, 320, 0, 4.16%, 0, 0, 2, 173.81
1494126156, 1, 136, 511, 320, 0, 4.16%, 0, 0, 2, 179.54
1494126161, 1, 138, 511, 320, 0, 4.16%, 0, 0, 2, 149.63
1494126166, 1, 139, 511, 319, 0, 4.16%, 0, 0, 2, 148.71
1494126171, 1, 142, 511, 319, 0, 4.16%, 0, 0, 2, 171.78
1494126176, 1, 143, 511, 319, 0, 4.16%, 0, 0, 2, 187.24
1494126181, 1, 145, 511, 319, 0, 4.16%, 0, 0, 2, 156.57
1494126192, 1, 151, 511, 319, 0, 4.16%, 0, 0, 2, 178.47
1494126197, 1, 153, 511, 318, 0, 4.16%, 0, 0, 2, 186.18
1494126202, 1, 155, 511, 318, 0, 4.16%, 0, 0, 2, 174.33
1494126212, 1, 159, 511, 318, 0, 4.16%, 0, 0, 2, 172.67
1494126217, 1, 163, 511, 317, 0, 4.16%, 0, 0, 2, 159.79
1494126223, 1, 165, 511, 316, 0, 4.16%, 0, 0, 2, 177.41
1494126228, 1, 168, 511, 315, 0, 4.16%, 0, 0, 2, 44.52
1494126233, 1, 172, 511, 314, 0, 4.16%, 0, 0, 2, 122.18
1494126238, 1, 176, 511, 313, 0, 4.16%, 0, 0, 2, 137.99
1494126243, 1, 177, 511, 313, 0, 4.16%, 0, 0, 2, 114.78
1494126258, 1, 183, 511, 312, 0, 4.16%, 0, 0, 2, 146.35
1494126264, 1, 184, 511, 312, 0, 4.16%, 0, 0, 2, 154.64
1494126269, 1, 185, 511, 311, 0, 4.16%, 0, 0, 2, 101.07
1494126294, 1, 186, 511, 310, 0, 4.16%, 0, 0, 2, 153.76
1494126299, 1, 191, 511, 309, 0, 4.16%, 0, 0, 2, 150.60
1494126304, 1, 193, 511, 309, 0, 4.16%, 0, 0, 2, 171.30
1494126309, 1, 194, 511, 309, 0, 4.16%, 0, 0, 2, 166.41
1494126315, 1, 196, 511, 309, 0, 4.16%, 0, 0, 2, 168.17
1494126320, 1, 201, 511, 309, 0, 4.16%, 0, 0, 2, 143.00
1494126325, 1, 203, 511, 309, 0, 4.16%, 0, 0, 2, 171.61
1494126330, 1, 206, 511, 309, 0, 4.16%, 0, 0, 2, 156.57
1494126335, 1, 207, 511, 308, 0, 4.16%, 0, 0, 2, 177.10
1494126340, 1, 209, 511, 308, 0, 4.16%, 0, 0, 2, 184.88
1494126345, 1, 213, 511, 308, 0, 4.16%, 0, 0, 2, 178.65
1494126350, 1, 215, 511, 308, 0, 4.16%, 0, 0, 2, 159.03
1494126356, 1, 216, 511, 308, 0, 4.16%, 0, 0, 2, 158.52
1494126361, 1, 218, 511, 307, 0, 4.16%, 0, 0, 2, 56.16
1494126366, 1, 220, 511, 306, 0, 4.16%, 0, 0, 2, 142.80
1494126371, 1, 221, 511, 306, 0, 4.16%, 0, 0, 2, 186.93
1494126376, 1, 226, 511, 305, 0, 4.16%, 0, 0, 2, 164.06
1494126386, 1, 229, 511, 305, 0, 4.16%, 0, 0, 2, 182.93
1494126391, 1, 235, 511, 305, 0, 4.16%, 0, 0, 2, 166.96
1494126396, 1, 236, 511, 305, 0, 4.16%, 0, 0, 2, 179.00
1494126401, 1, 237, 511, 305, 0, 4.16%, 0, 0, 2, 138.71
1494126407, 1, 243, 511, 304, 0, 4.16%, 0, 0, 2, 152.57
1494126412, 1, 244, 511, 303, 0, 4.16%, 0, 0, 2, 176.01
1494126417, 1, 245, 511, 303, 0, 4.16%, 0, 0, 2, 186.72
1494126422, 1, 248, 511, 301, 0, 4.16%, 0, 0, 2, 181.61
1494126427, 1, 250, 511, 301, 0, 4.16%, 0, 0, 2, 36.95
1494126437, 1, 253, 511, 300, 0, 4.16%, 0, 0, 2, 116.77
1494126442, 1, 255, 511, 299, 0, 4.16%, 0, 0, 2, 138.06
1494126448, 1, 256, 511, 299, 0, 4.16%, 0, 0, 2, 165.31
1494126453, 1, 259, 511, 299, 0, 4.16%, 0, 0, 2, 171.44
1494126458, 1, 261, 511, 299, 0, 4.16%, 0, 0, 2, 175.28
1494126463, 1, 262, 511, 299, 0, 4.16%, 0, 0, 2, 183.70
1494126468, 1, 264, 511, 299, 0, 4.16%, 0, 0, 2, 169.64
1494126473, 1, 271, 511, 298, 0, 4.16%, 0, 0, 2, 156.43
1494126478, 1, 276, 511, 298, 0, 4.16%, 0, 0, 2, 146.97
1494126489, 1, 280, 511, 297, 0, 4.16%, 0, 0, 2, 19.92
1494126520, 1, 283, 511, 296, 0, 4.16%, 0, 0, 2, 148.33
1494126525, 1, 286, 511, 295, 0, 4.16%, 0, 0, 2, 174.07
1494126530, 1, 288, 511, 295, 0, 4.16%, 0, 0, 2, 145.33
1494126535, 1, 293, 511, 295, 0, 4.16%, 0, 0, 2, 141.60
1494126540, 1, 294, 511, 295, 0, 4.16%, 0, 0, 2, 185.52
1494126545, 1, 306, 511, 295, 0, 4.16%, 0, 0, 2, 145.80
1494126566, 1, 308, 511, 294, 0, 4.16%, 0, 0, 2, 21.61
1494126647, 1, 313, 511, 293, 0, 4.16%, 0, 0, 2, 85.19
1494126668, 1, 317, 511, 292, 0, 4.16%, 0, 0, 2, 143.77
1494126673, 1, 318, 511, 291, 0, 4.16%, 0, 0, 2, 174.41
1494126678, 1, 323, 511, 291, 0, 4.16%, 0, 0, 2, 160.94
1494126683, 1, 329, 511, 291, 0, 4.16%, 0, 0, 2, 171.50
1494126688, 1, 334, 511, 291, 0, 4.16%, 0, 0, 2, 159.41
1494126699, 1, 335, 511, 290, 0, 4.16%, 0, 0, 2, 165.19
1494126709, 1, 345, 511, 290, 0, 4.16%, 0, 0, 2, 113.90
1494126776, 1, 349, 511, 289, 0, 4.16%, 0, 0, 2, 62.54
1494126801, 1, 350, 511, 288, 0, 4.16%, 0, 0, 2, 64.61
1494126832, 1, 362, 511, 287, 0, 4.16%, 0, 0, 2, 129.62
1494126842, 1, 367, 511, 286, 0, 4.16%, 0, 0, 2, 116.25
1494126847, 1, 369, 511, 286, 0, 4.16%, 0, 0, 2, 152.33
1494126852, 1, 371, 511, 286, 0, 4.16%, 0, 0, 2, 171.47
1494126862, 1, 375, 511, 285, 0, 4.16%, 0, 0, 2, 150.82
1494126872, 1, 378, 511, 285, 0, 4.16%, 0, 0, 2, 125.69
1494126877, 1, 383, 511, 285, 0, 4.16%, 0, 0, 2, 154.72
1494126883, 1, 384, 511, 285, 0, 4.16%, 0, 0, 2, 139.93
1494126888, 1, 394, 511, 285, 0, 4.16%, 0, 0, 2, 93.56
1494126893, 1, 396, 511, 285, 0, 4.16%, 0, 0, 2, 117.23
1494126908, 1, 400, 511, 284, 0, 4.16%, 0, 0, 2, 131.89
1494126919, 1, 401, 511, 283, 0, 4.16%, 0, 0, 2, 102.07
1494126924, 1, 407, 511, 282, 0, 4.16%, 0, 0, 2, 161.48
1494126929, 1, 410, 511, 282, 0, 4.16%, 0, 0, 2, 131.25
1494126944, 1, 411, 511, 281, 0, 4.16%, 0, 0, 2, 113.97
1494126950, 1, 412, 511, 280, 0, 4.16%, 0, 0, 2, 101.41
1494126975, 1, 415, 511, 279, 0, 4.16%, 0, 0, 2, 13.50
1494127052, 1, 419, 511, 278, 0, 4.16%, 0, 0, 2, 54.65
1494127078, 1, 420, 511, 277, 0, 4.16%, 0, 0, 2, 73.44
1494127083, 1, 422, 511, 277, 0, 4.16%, 0, 0, 2, 106.55
1494127098, 1, 426, 511, 276, 0, 4.16%, 0, 0, 2, 134.74
1494127103, 1, 427, 511, 276, 0, 4.16%, 0, 0, 2, 135.53
1494127108, 1, 429, 511, 276, 0, 4.16%, 0, 0, 2, 148.58
1494127113, 1, 430, 511, 276, 0, 4.16%, 0, 0, 2, 147.87
1494127119, 1, 432, 511, 276, 0, 4.16%, 0, 0, 2, 73.47
1494127139, 1, 433, 511, 275, 0, 4.16%, 0, 0, 2, 131.33
1494127144, 1, 438, 511, 274, 0, 4.16%, 0, 0, 2, 113.27
1494127149, 1, 445, 511, 274, 0, 4.16%, 0, 0, 2, 123.14
1494127165, 1, 447, 511, 273, 0, 4.16%, 0, 0, 2, 138.01
1494127170, 1, 452, 511, 273, 0, 4.16%, 0, 0, 2, 143.94
1494127175, 1, 453, 511, 273, 0, 4.16%, 0, 0, 2, 157.77
1494127190, 1, 456, 511, 272, 0, 4.16%, 0, 0, 2, 154.76
1494127195, 1, 457, 511, 272, 0, 4.16%, 0, 0, 2, 176.67
1494127201, 1, 466, 511, 271, 0, 4.16%, 0, 0, 2, 154.75
1494127211, 1, 467, 511, 271, 0, 4.16%, 0, 0, 2, 114.73
1494127216, 1, 476, 511, 271, 0, 4.16%, 0, 0, 2, 74.45
1494127221, 1, 477, 511, 270, 0, 4.16%, 0, 0, 2, 87.31
1494127247, 1, 482, 511, 269, 0, 4.16%, 0, 0, 2, 112.13
1494127252, 1, 490, 511, 269, 0, 4.16%, 0, 0, 2, 23.53
1494127324, 1, 492, 511, 268, 0, 4.16%, 0, 0, 2, 101.88
1494127329, 1, 493, 511, 267, 0, 4.16%, 0, 0, 2, 114.68
1494127334, 1, 494, 511, 267, 0, 4.16%, 0, 0, 2, 117.36
1494127339, 1, 496, 511, 267, 0, 4.16%, 0, 0, 2, 128.91
1494127344, 1, 497, 511, 267, 0, 4.16%, 0, 0, 2, 117.58
1494127354, 1, 498, 511, 266, 0, 4.16%, 0, 0, 2, 118.91
1494127375, 1, 505, 511, 265, 0, 4.16%, 0, 0, 2, 138.60
1494127380, 1, 508, 511, 265, 0, 4.16%, 0, 0, 2, 111.45
1494127390, 2, 0, 511, 264, 0, 4.16%, 0, 0, 2, 138.28
1494127395, 2, 1, 511, 264, 0, 4.16%, 0, 0, 2, 133.79
1494127401, 2, 2, 511, 264, 0, 4.16%, 0, 0, 2, 148.09
1494127406, 2, 4, 511, 264, 0, 4.16%, 0, 0, 2, 156.23
1494127411, 2, 7, 511, 264, 0, 4.16%, 0, 0, 2, 155.09
1494127416, 2, 11, 511, 264, 0, 4.16%, 0, 0, 2, 165.00
1494127421, 2, 14, 511, 264, 0, 4.16%, 0, 0, 2, 155.24
1494127426, 2, 15, 511, 264, 0, 4.16%, 0, 0, 2, 138.23
1494127431, 2, 17, 511, 263, 0, 4.16%, 0, 0, 2, 164.90
1494127437, 2, 20, 511, 263, 0, 4.16%, 0, 0, 2, 173.05
1494127442, 2, 23, 511, 263, 0, 4.16%, 0, 0, 2, 167.20
1494127447, 2, 26, 511, 263, 0, 4.16%, 0, 0, 2, 159.30
1494127452, 2, 29, 511, 263, 0, 4.16%, 0, 0, 2, 143.85
1494127457, 2, 30, 511, 263, 0, 4.16%, 0, 0, 2, 150.85
1494127462, 2, 34, 511, 263, 0, 4.16%, 0, 0, 2, 159.61
1494127467, 2, 39, 511, 263, 0, 4.16%, 0, 0, 2, 170.39
1494127472, 2, 44, 511, 263, 0, 4.16%, 0, 0, 2, 152.30
1494127478, 2, 46, 511, 263, 0, 4.16%, 0, 0, 2, 159.13
1494127483, 2, 49, 511, 263, 0, 4.16%, 0, 0, 2, 155.13
1494127488, 2, 51, 511, 263, 0, 4.16%, 0, 0, 2, 165.82
1494127493, 2, 56, 511, 263, 0, 4.16%, 0, 0, 2, 171.04
1494127498, 2, 58, 511, 263, 0, 4.16%, 0, 0, 2, 162.54
1494127503, 2, 61, 511, 263, 0, 4.16%, 0, 0, 2, 154.45
1494127508, 2, 62, 511, 263, 0, 4.16%, 0, 0, 2, 148.30
1494127514, 2, 64, 511, 263, 0, 4.16%, 0, 0, 2, 160.52
1494127519, 2, 67, 511, 262, 0, 4.16%, 0, 0, 2, 174.65
1494127524, 2, 68, 511, 262, 0, 4.16%, 0, 0, 2, 191.21
1494127529, 2, 71, 511, 262, 0, 4.16%, 0, 0, 2, 155.98
1494127534, 2, 73, 511, 262, 0, 4.16%, 0, 0, 2, 176.92
1494127539, 2, 75, 511, 261, 0, 4.16%, 0, 0, 2, 171.48
1494127544, 2, 77, 511, 260, 0, 4.16%, 0, 0, 2, 168.53
1494127549, 2, 78, 511, 260, 0, 4.16%, 0, 0, 2, 169.23
1494127554, 2, 80, 511, 259, 0, 4.16%, 0, 0, 2, 156.31
1494127560, 2, 83, 511, 259, 0, 4.16%, 0, 0, 2, 156.25
1494127570, 2, 87, 511, 259, 0, 4.16%, 0, 0, 2, 159.07
1494127575, 2, 88, 511, 259, 0, 4.16%, 0, 0, 2, 171.56
1494127580, 2, 91, 511, 259, 0, 4.16%, 0, 0, 2, 151.46
1494127585, 2, 95, 511, 259, 0, 4.16%, 0, 0, 2, 161.44
1494127591, 2, 96, 511, 258, 0, 4.16%, 0, 0, 2, 154.12
1494127596, 2, 98, 511, 258, 0, 4.16%, 0, 0, 2, 166.81
1494127601, 2, 99, 511, 258, 0, 4.16%, 0, 0, 2, 155.27
1494127606, 2, 105, 511, 257, 0, 4.16%, 0, 0, 2, 161.33
1494127611, 2, 106, 511, 257, 0, 4.16%, 0, 0, 2, 141.21
1494127616, 2, 108, 511, 257, 0, 4.16%, 0, 0, 2, 147.60
1494127621, 2, 114, 511, 257, 0, 4.16%, 0, 0, 2, 134.49
1494127626, 2, 115, 511, 256, 0, 4.16%, 0, 0, 2, 163.67
1494127632, 2, 117, 511, 256, 0, 4.16%, 0, 0, 2, 210.26
1494127637, 2, 119, 511, 256, 0, 4.16%, 0, 0, 2, 178.21
1494127642, 2, 122, 511, 255, 0, 4.16%, 0, 0, 2, 152.42
1494127647, 2, 123, 511, 254, 0, 4.16%, 0, 0, 2, 151.96
1494127652, 2, 124, 511, 254, 0, 4.16%, 0, 0, 2, 169.69
1494127657, 2, 126, 511, 253, 0, 4.16%, 0, 0, 2, 78.58
1494127662, 2, 128, 511, 252, 0, 4.16%, 0, 0, 2, 108.25
1494127667, 2, 132, 511, 252, 0, 4.16%, 0, 0, 2, 139.30
1494127672, 2, 133, 511, 251, 0, 4.16%, 0, 0, 2, 171.24
1494127677, 2, 135, 511, 251, 0, 4.16%, 0, 0, 2, 186.67
1494127682, 2, 137, 511, 250, 0, 4.16%, 0, 0, 2, 168.25
1494127688, 2, 139, 511, 250, 0, 4.16%, 0, 0, 2, 146.87
1494127693, 2, 142, 511, 250, 0, 4.16%, 0, 0, 2, 170.07
1494127698, 2, 144, 511, 250, 0, 4.16%, 0, 0, 2, 169.41
1494127703, 2, 145, 511, 250, 0, 4.16%, 0, 0, 2, 162.09
1494127708, 2, 153, 511, 250, 0, 4.16%, 0, 0, 2, 194.42
1494127718, 2, 155, 511, 250, 0, 4.16%, 0, 0, 2, 171.91
1494127723, 2, 160, 511, 249, 0, 4.16%, 0, 0, 2, 168.41
1494127729, 2, 167, 511, 248, 0, 4.16%, 0, 0, 2, 156.17
1494127734, 2, 176, 511, 248, 0, 4.16%, 0, 0, 2, 139.89
1494127739, 2, 182, 511, 248, 0, 4.16%, 0, 0, 2, 154.61
1494127744, 2, 183, 511, 247, 0, 4.16%, 0, 0, 2, 168.72
1494127749, 2, 186, 511, 247, 0, 4.16%, 0, 0, 2, 175.84
1494127754, 2, 189, 511, 246, 0, 4.16%, 0, 0, 2, 171.36
1494127764, 2, 191, 511, 244, 0, 4.16%, 0, 0, 2, 158.57
1494127769, 2, 193, 511, 244, 0, 4.16%, 0, 0, 2, 171.55
1494127775, 2, 194, 511, 244, 0, 4.16%, 0, 0, 2, 174.45
1494127780, 2, 197, 511, 244, 0, 4.16%, 0, 0, 2, 153.76
1494127785, 2, 200, 511, 243, 0, 4.16%, 0, 0, 2, 152.71
1494127790, 2, 201, 511, 242, 0, 4.16%, 0, 0, 2, 148.01
1494127795, 2, 203, 511, 242, 0, 4.16%, 0, 0, 2, 160.08
1494127800, 2, 204, 511, 242, 0, 4.16%, 0, 0, 2, 162.60
1494127810, 2, 207, 511, 241, 0, 4.16%, 0, 0, 2, 132.16
1494127815, 2, 208, 511, 241, 0, 4.16%, 0, 0, 2, 145.74
1494127821, 2, 209, 511, 240, 0, 4.16%, 0, 0, 2, 171.76
1494127826, 2, 213, 511, 240, 0, 4.16%, 0, 0, 2, 179.53
1494127831, 2, 215, 511, 240, 0, 4.16%, 0, 0, 2, 160.02
1494127836, 2, 218, 511, 240, 0, 4.16%, 0, 0, 2, 121.97
1494127841, 2, 222, 511, 240, 0, 4.16%, 0, 0, 2, 149.97
1494127846, 2, 223, 511, 240, 0, 4.16%, 0, 0, 2, 99.46
1494127851, 2, 224, 511, 239, 0, 4.16%, 0, 0, 2, 153.63
1494127856, 2, 226, 511, 238, 0, 4.16%, 0, 0, 2, 177.79
1494127861, 2, 229, 511, 238, 0, 4.16%, 0, 0, 2, 177.47
1494127867, 2, 234, 511, 238, 0, 4.16%, 0, 0, 2, 160.42
1494127872, 2, 236, 511, 237, 0, 4.16%, 0, 0, 2, 167.90
1494127882, 2, 240, 511, 236, 0, 4.16%, 0, 0, 2, 169.88
1494127887, 2, 244, 511, 234, 0, 4.16%, 0, 0, 2, 167.98
1494127892, 2, 245, 511, 234, 0, 4.16%, 0, 0, 2, 169.75
1494127898, 2, 248, 511, 234, 0, 4.16%, 0, 0, 2, 168.29
1494127903, 2, 256, 511, 234, 0, 4.16%, 0, 0, 2, 175.84
1494127908, 2, 258, 511, 234, 0, 4.16%, 0, 0, 2, 174.16
1494127913, 2, 259, 511, 234, 0, 4.16%, 0, 0, 2, 182.14
1494127918, 2, 261, 511, 234, 0, 4.16%, 0, 0, 2, 187.88
1494127923, 2, 262, 511, 234, 0, 4.16%, 0, 0, 2, 26.06
1494127928, 2, 263, 511, 234, 0, 4.16%, 0, 0, 2, 184.35
1494127933, 2, 267, 511, 232, 0, 4.16%, 0, 0, 2, 174.32
1494127938, 2, 271, 511, 232, 0, 4.16%, 0, 0, 2, 63.76
1494127943, 2, 283, 511, 232, 0, 4.16%, 0, 0, 2, 123.29
1494127954, 2, 288, 511, 232, 0, 4.16%, 0, 0, 2, 151.27
1494127959, 2, 293, 511, 232, 0, 4.16%, 0, 0, 2, 143.37
1494127964, 2, 294, 511, 232, 0, 4.16%, 0, 0, 2, 174.42
1494127969, 2, 296, 511, 231, 0, 4.16%, 0, 0, 2, 178.78
1494127974, 2, 297, 511, 231, 0, 4.16%, 0, 0, 2, 143.95
1494127984, 2, 301, 511, 230, 0, 4.16%, 0, 0, 2, 112.92
1494128000, 2, 302, 511, 229, 0, 4.16%, 0, 0, 2, 136.80
1494128010, 2, 303, 511, 228, 0, 4.16%, 0, 0, 2, 86.00
1494128026, 2, 309, 511, 227, 0, 4.16%, 0, 0, 2, 115.02
1494128036, 2, 311, 511, 226, 0, 4.16%, 0, 0, 2, 152.95
1494128041, 2, 315, 511, 225, 0, 4.16%, 0, 0, 2, 19.40
1494128102, 2, 318, 511, 224, 0, 4.16%, 0, 0, 2, 132.52
1494128107, 2, 322, 511, 224, 0, 4.16%, 0, 0, 2, 157.81
1494128118, 2, 324, 511, 223, 0, 4.16%, 0, 0, 2, 159.06
1494128123, 2, 326, 511, 222, 0, 4.16%, 0, 0, 2, 135.91
1494128138, 2, 329, 511, 221, 0, 4.16%, 0, 0, 2, 139.21
1494128148, 2, 331, 511, 221, 0, 4.16%, 0, 0, 2, 21.56
1494128210, 2, 335, 511, 219, 0, 4.16%, 0, 0, 2, 171.31
1494128215, 2, 339, 511, 219, 0, 4.16%, 0, 0, 2, 18.35
1494128220, 2, 342, 511, 219, 0, 4.16%, 0, 0, 2, 137.79
1494128230, 2, 343, 511, 218, 0, 4.16%, 0, 0, 2, 134.67
1494128245, 2, 346, 511, 217, 0, 4.16%, 0, 0, 2, 131.20
1494128251, 2, 347, 511, 216, 0, 4.16%, 0, 0, 2, 111.88
1494128281, 2, 352, 511, 215, 0, 4.16%, 0, 0, 2, 112.16
1494128287, 2, 353, 511, 215, 0, 4.16%, 0, 0, 2, 117.83
1494128307, 2, 356, 511, 213, 0, 4.16%, 0, 0, 2, 138.68
1494128322, 2, 359, 511, 212, 0, 4.16%, 0, 0, 2, 151.53
1494128327, 2, 363, 511, 211, 0, 4.16%, 0, 0, 2, 143.51
1494128343, 2, 365, 511, 210, 0, 4.16%, 0, 0, 2, 28.50
1494128384, 2, 367, 511, 209, 0, 4.16%, 0, 0, 2, 132.69
1494128389, 2, 369, 511, 209, 0, 4.16%, 0, 0, 2, 166.46
1494128394, 2, 370, 511, 209, 0, 4.16%, 0, 0, 2, 172.92
1494128399, 2, 372, 511, 209, 0, 4.16%, 0, 0, 2, 176.96
1494128404, 2, 373, 511, 208, 0, 4.16%, 0, 0, 2, 195.35
1494128409, 2, 374, 511, 207, 0, 4.16%, 0, 0, 2, 10.11
1494128492, 2, 375, 511, 206, 0, 4.16%, 0, 0, 2, 121.37
1494128502, 2, 378, 511, 206, 0, 4.16%, 0, 0, 2, 104.84
1494128507, 2, 381, 511, 206, 0, 4.16%, 0, 0, 2, 146.74
1494128517, 2, 384, 511, 205, 0, 4.16%, 0, 0, 2, 171.18
1494128522, 2, 387, 511, 205, 0, 4.16%, 0, 0, 2, 126.93
1494128538, 2, 388, 511, 204, 0, 4.16%, 0, 0, 2, 121.44
1494128548, 2, 390, 511, 203, 0, 4.16%, 0, 0, 2, 109.29
1494128553, 2, 390, 512, 204, 0, 4.16%, 0, 0, 2, 111.58
1494128558, 2, 391, 512, 203, 0, 4.16%, 0, 0, 2, 87.56
1494128579, 2, 392, 512, 202, 0, 4.16%, 0, 0, 2, 93.76
1494128594, 2, 394, 512, 201, 0, 4.16%, 0, 0, 2, 96.44
1494128599, 2, 405, 512, 201, 0, 4.16%, 0, 0, 2, 103.27
1494128620, 2, 407, 512, 200, 0, 4.16%, 0, 0, 2, 124.78
1494128625, 2, 414, 512, 200, 0, 4.16%, 0, 0, 2, 207.55
1494128630, 2, 423, 512, 200, 0, 4.16%, 0, 0, 2, 161.86
1494128635, 2, 424, 512, 200, 0, 4.16%, 0, 0, 2, 131.83
1494128640, 2, 426, 512, 199, 0, 4.16%, 0, 0, 2, 122.70
1494128645, 2, 428, 512, 199, 0, 4.16%, 0, 0, 2, 141.64
1494128650, 2, 430, 512, 199, 0, 4.16%, 0, 0, 2, 145.24
1494128656, 2, 431, 512, 199, 0, 4.16%, 0, 0, 2, 158.36
1494128666, 2, 434, 512, 198, 0, 4.16%, 0, 0, 2, 70.34
1494128671, 2, 437, 512, 197, 0, 4.16%, 0, 0, 2, 142.54
1494128676, 2, 439, 512, 197, 0, 4.16%, 0, 0, 2, 130.11
1494128681, 2, 446, 512, 197, 0, 4.16%, 0, 0, 2, 67.16
1494128717, 2, 447, 512, 196, 0, 4.16%, 0, 0, 2, 91.55
1494128722, 2, 449, 512, 196, 0, 4.16%, 0, 0, 2, 14.24
1494128819, 2, 450, 512, 195, 0, 4.16%, 0, 0, 2, 105.73
1494128825, 2, 455, 512, 195, 0, 4.16%, 0, 0, 2, 121.28
1494128830, 2, 459, 512, 195, 0, 4.16%, 0, 0, 2, 147.83
1494128835, 2, 463, 512, 195, 0, 4.16%, 0, 0, 2, 81.99
1494128886, 2, 466, 512, 194, 0, 4.16%, 0, 0, 2, 139.18
1494128891, 2, 467, 512, 194, 0, 4.16%, 0, 0, 2, 100.91
1494128896, 2, 470, 512, 194, 0, 4.16%, 0, 0, 2, 75.82
1494128922, 2, 477, 512, 193, 0, 4.16%, 0, 0, 2, 111.04
1494128927, 2, 480, 512, 193, 0, 4.16%, 0, 0, 2, 94.31
1494128937, 2, 485, 512, 192, 0, 4.16%, 0, 0, 2, 22.47
1494128994, 2, 489, 512, 191, 0, 4.16%, 0, 0, 2, 111.47
1494129009, 2, 493, 512, 190, 0, 4.16%, 0, 0, 2, 159.32
1494129014, 2, 494, 512, 190, 0, 4.16%, 0, 0, 2, 141.22
1494129020, 2, 496, 512, 190, 0, 4.16%, 0, 0, 2, 142.17
1494129025, 2, 499, 512, 190, 0, 4.16%, 0, 0, 2, 93.54
1494129030, 2, 501, 512, 189, 0, 4.16%, 0, 0, 2, 119.19
1494129055, 2, 502, 512, 188, 0, 4.16%, 0, 0, 2, 25.32
1494129132, 2, 504, 512, 187, 0, 4.16%, 0, 0, 2, 124.00
1494129219, 2, 505, 512, 186, 0, 4.16%, 0, 0, 2, 74.13
1494129224, 2, 506, 512, 186, 0, 4.16%, 0, 0, 2, 132.42
1494129229, 3, 1, 512, 186, 0, 4.16%, 0, 0, 2, 132.31
1494129234, 3, 2, 512, 186, 0, 4.16%, 0, 0, 2, 136.45
1494129239, 3, 4, 512, 186, 0, 4.16%, 0, 0, 2, 165.67
1494129244, 3, 6, 512, 186, 0, 4.16%, 0, 0, 2, 147.20
1494129250, 3, 7, 512, 185, 0, 4.16%, 0, 0, 2, 151.47
1494129255, 3, 8, 512, 185, 0, 4.16%, 0, 0, 2, 167.82
1494129260, 3, 13, 512, 185, 0, 4.16%, 0, 0, 2, 155.71
1494129265, 3, 15, 512, 185, 0, 4.16%, 0, 0, 2, 149.45
1494129270, 3, 20, 512, 185, 0, 4.16%, 0, 0, 2, 158.68
1494129275, 3, 21, 512, 185, 0, 4.16%, 0, 0, 2, 167.51
1494129280, 3, 26, 512, 185, 0, 4.16%, 0, 0, 2, 170.57
1494129286, 3, 27, 512, 185, 0, 4.16%, 0, 0, 2, 166.48
1494129291, 3, 30, 512, 185, 0, 4.16%, 0, 0, 2, 146.99
1494129296, 3, 34, 512, 185, 0, 4.16%, 0, 0, 2, 158.30
1494129301, 3, 39, 512, 185, 0, 4.16%, 0, 0, 2, 171.69
1494129306, 3, 43, 512, 184, 0, 4.16%, 0, 0, 2, 167.45
1494129311, 3, 45, 512, 184, 0, 4.16%, 0, 0, 2, 152.47
1494129316, 3, 46, 512, 184, 0, 4.16%, 0, 0, 2, 160.05
1494129321, 3, 49, 512, 184, 0, 4.16%, 0, 0, 2, 149.24
1494129326, 3, 51, 512, 184, 0, 4.16%, 0, 0, 2, 35.66
1494129332, 3, 54, 512, 184, 0, 4.16%, 0, 0, 2, 130.98
1494129337, 3, 58, 512, 183, 0, 4.16%, 0, 0, 2, 159.75
1494129342, 3, 60, 512, 183, 0, 4.16%, 0, 0, 2, 150.88
1494129347, 3, 61, 512, 183, 0, 4.16%, 0, 0, 2, 140.46
1494129352, 3, 63, 512, 183, 0, 4.16%, 0, 0, 2, 147.03
1494129357, 3, 67, 512, 183, 0, 4.16%, 0, 0, 2, 155.54
1494129362, 3, 71, 512, 183, 0, 4.16%, 0, 0, 2, 138.21
1494129367, 3, 74, 512, 183, 0, 4.16%, 0, 0, 2, 139.90
1494129372, 3, 77, 512, 183, 0, 4.16%, 0, 0, 2, 160.37
1494129377, 3, 80, 512, 183, 0, 4.16%, 0, 0, 2, 146.43
1494129383, 3, 83, 512, 183, 0, 4.16%, 0, 0, 2, 147.98
1494129393, 3, 85, 512, 182, 0, 4.16%, 0, 0, 2, 151.15
1494129398, 3, 88, 512, 182, 0, 4.16%, 0, 0, 2, 169.26
1494129403, 3, 90, 512, 182, 0, 4.16%, 0, 0, 2, 154.88
1494129408, 3, 91, 512, 181, 0, 4.16%, 0, 0, 2, 30.41
1494129414, 3, 97, 512, 181, 0, 4.16%, 0, 0, 2, 150.02
1494129419, 3, 98, 512, 181, 0, 4.16%, 0, 0, 2, 163.79
1494129424, 3, 105, 512, 181, 0, 4.16%, 0, 0, 2, 162.03
1494129429, 3, 106, 512, 181, 0, 4.16%, 0, 0, 2, 145.03
1494129434, 3, 108, 512, 181, 0, 4.16%, 0, 0, 2, 70.24
1494129439, 3, 112, 512, 181, 0, 4.16%, 0, 0, 2, 119.93
1494129444, 3, 117, 512, 180, 0, 4.16%, 0, 0, 2, 165.54
1494129449, 3, 119, 512, 180, 0, 4.16%, 0, 0, 2, 172.43
1494129455, 3, 123, 512, 180, 0, 4.16%, 0, 0, 2, 167.85
1494129460, 3, 125, 512, 180, 0, 4.16%, 0, 0, 2, 162.79
1494129465, 3, 129, 512, 180, 0, 4.16%, 0, 0, 2, 134.09
1494129470, 3, 133, 512, 180, 0, 4.16%, 0, 0, 2, 164.66
1494129475, 3, 134, 512, 180, 0, 4.16%, 0, 0, 2, 166.06
1494129480, 3, 139, 512, 179, 0, 4.16%, 0, 0, 2, 159.89
1494129485, 3, 142, 512, 179, 0, 4.16%, 0, 0, 2, 141.94
1494129496, 3, 145, 512, 179, 0, 4.16%, 0, 0, 2, 162.17
1494129506, 3, 148, 512, 179, 0, 4.16%, 0, 0, 2, 166.79
1494129511, 3, 153, 512, 178, 0, 4.16%, 0, 0, 2, 166.99
1494129516, 3, 155, 512, 178, 0, 4.16%, 0, 0, 2, 165.85
1494129526, 3, 157, 512, 178, 0, 4.16%, 0, 0, 2, 133.50
1494129531, 3, 160, 512, 176, 0, 4.16%, 0, 0, 2, 133.86
1494129536, 3, 166, 512, 176, 0, 4.16%, 0, 0, 2, 135.36
1494129541, 3, 171, 512, 175, 0, 4.16%, 0, 0, 2, 144.25
1494129547, 3, 172, 512, 174, 0, 4.16%, 0, 0, 2, 138.54
1494129552, 3, 176, 512, 174, 0, 4.16%, 0, 0, 2, 149.64
1494129557, 3, 180, 512, 174, 0, 4.16%, 0, 0, 2, 22.22
1494129634, 3, 181, 512, 173, 0, 4.16%, 0, 0, 2, 158.62
1494129639, 3, 183, 512, 172, 0, 4.16%, 0, 0, 2, 169.58
1494129644, 3, 186, 512, 172, 0, 4.16%, 0, 0, 2, 166.40
1494129649, 3, 191, 512, 172, 0, 4.16%, 0, 0, 2, 170.63
1494129654, 3, 194, 512, 172, 0, 4.16%, 0, 0, 2, 179.33
1494129659, 3, 196, 512, 172, 0, 4.16%, 0, 0, 2, 173.39
1494129664, 3, 201, 512, 172, 0, 4.16%, 0, 0, 2, 146.95
1494129669, 3, 203, 512, 172, 0, 4.16%, 0, 0, 2, 164.67
1494129675, 3, 205, 512, 172, 0, 4.16%, 0, 0, 2, 155.11
1494129685, 3, 207, 512, 171, 0, 4.16%, 0, 0, 2, 168.62
1494129690, 3, 209, 512, 171, 0, 4.16%, 0, 0, 2, 176.85
1494129695, 3, 212, 512, 170, 0, 4.16%, 0, 0, 2, 169.33
1494129700, 3, 213, 512, 169, 0, 4.16%, 0, 0, 2, 166.70
1494129706, 3, 214, 512, 169, 0, 4.16%, 0, 0, 2, 103.05
1494129711, 3, 215, 512, 168, 0, 4.16%, 0, 0, 2, 117.15
1494129716, 3, 218, 512, 168, 0, 4.16%, 0, 0, 2, 119.44
1494129721, 3, 222, 512, 168, 0, 4.16%, 0, 0, 2, 145.67
1494129726, 3, 226, 512, 168, 0, 4.16%, 0, 0, 2, 169.41
1494129731, 3, 229, 512, 168, 0, 4.16%, 0, 0, 2, 163.78
1494129736, 3, 230, 512, 168, 0, 4.16%, 0, 0, 2, 171.55
1494129741, 3, 231, 512, 167, 0, 4.16%, 0, 0, 2, 149.62
1494129746, 3, 233, 512, 167, 0, 4.16%, 0, 0, 2, 169.24
1494129751, 3, 235, 512, 166, 0, 4.16%, 0, 0, 2, 175.37
1494129756, 3, 236, 512, 166, 0, 4.16%, 0, 0, 2, 174.46
1494129761, 3, 244, 512, 166, 0, 4.16%, 0, 0, 2, 177.55
1494129766, 3, 248, 512, 166, 0, 4.16%, 0, 0, 2, 173.30
1494129772, 3, 255, 512, 166, 0, 4.16%, 0, 0, 2, 175.22
1494129777, 3, 256, 512, 166, 0, 4.16%, 0, 0, 2, 172.67
1494129782, 3, 257, 512, 166, 0, 4.16%, 0, 0, 2, 157.49
1494129787, 3, 259, 512, 165, 0, 4.16%, 0, 0, 2, 156.58
1494129797, 3, 262, 512, 165, 0, 4.16%, 0, 0, 2, 109.71
1494129802, 3, 266, 512, 165, 0, 4.16%, 0, 0, 2, 145.04
1494129813, 3, 270, 512, 164, 0, 4.16%, 0, 0, 2, 141.94
1494129859, 3, 273, 512, 163, 0, 4.16%, 0, 0, 2, 133.78
1494129864, 3, 274, 512, 162, 0, 4.16%, 0, 0, 2, 156.25
1494129869, 3, 283, 512, 161, 0, 4.16%, 0, 0, 2, 171.08
1494129874, 3, 286, 512, 161, 0, 4.16%, 0, 0, 2, 149.44
1494129879, 3, 288, 512, 161, 0, 4.16%, 0, 0, 2, 149.86
1494129884, 3, 291, 512, 161, 0, 4.16%, 0, 0, 2, 119.25
1494129899, 3, 292, 512, 160, 0, 4.16%, 0, 0, 2, 142.21
1494129904, 3, 294, 512, 160, 0, 4.16%, 0, 0, 2, 157.71
1494129909, 3, 296, 512, 160, 0, 4.16%, 0, 0, 2, 153.07
1494129915, 3, 300, 512, 159, 0, 4.16%, 0, 0, 2, 154.29
1494129925, 3, 305, 512, 158, 0, 4.16%, 0, 0, 2, 188.44
1494129930, 3, 312, 512, 157, 0, 4.16%, 0, 0, 2, 178.82
1494129971, 3, 318, 512, 156, 0, 4.16%, 0, 0, 2, 10.40
1494129976, 3, 323, 512, 156, 0, 4.16%, 0, 0, 2, 140.72
1494129981, 3, 329, 512, 156, 0, 4.16%, 0, 0, 2, 183.59
1494129986, 3, 332, 512, 156, 0, 4.16%, 0, 0, 2, 161.28
1494130007, 3, 335, 512, 155, 0, 4.16%, 0, 0, 2, 159.28
1494130012, 3, 339, 512, 155, 0, 4.16%, 0, 0, 2, 146.00
1494130017, 3, 351, 512, 155, 0, 4.16%, 0, 0, 2, 84.37
1494130027, 3, 352, 512, 154, 0, 4.16%, 0, 0, 2, 107.16
1494130032, 3, 354, 512, 154, 0, 4.16%, 0, 0, 2, 79.97
1494130058, 3, 367, 512, 153, 0, 4.16%, 0, 0, 2, 128.93
1494130063, 3, 369, 512, 153, 0, 4.16%, 0, 0, 2, 157.38
1494130068, 3, 370, 512, 153, 0, 4.16%, 0, 0, 2, 171.21
1494130073, 3, 375, 512, 153, 0, 4.16%, 0, 0, 2, 148.66
1494130078, 3, 377, 512, 153, 0, 4.16%, 0, 0, 2, 144.87
1494130083, 3, 378, 512, 153, 0, 4.16%, 0, 0, 2, 84.54
1494130088, 3, 382, 512, 153, 0, 4.16%, 0, 0, 2, 144.92
1494130094, 3, 384, 512, 152, 0, 4.16%, 0, 0, 2, 145.12
1494130099, 3, 394, 512, 152, 0, 4.16%, 0, 0, 2, 129.19
1494130104, 3, 395, 512, 152, 0, 4.16%, 0, 0, 2, 77.51
1494130165, 3, 401, 512, 151, 0, 4.16%, 0, 0, 2, 167.25
1494130171, 3, 403, 512, 151, 0, 4.16%, 0, 0, 2, 159.36
1494130176, 3, 404, 512, 150, 0, 4.16%, 0, 0, 2, 84.55
1494130191, 3, 407, 512, 149, 0, 4.16%, 0, 0, 2, 121.23
1494130196, 3, 408, 512, 149, 0, 4.16%, 0, 0, 2, 167.95
1494130202, 3, 413, 512, 148, 0, 4.16%, 0, 0, 2, 19.99
1494130263, 3, 418, 512, 147, 0, 4.16%, 0, 0, 2, 205.78
1494130268, 3, 423, 512, 147, 0, 4.16%, 0, 0, 2, 163.95
1494130273, 3, 425, 512, 147, 0, 4.16%, 0, 0, 2, 118.08
1494130283, 3, 426, 512, 146, 0, 4.16%, 0, 0, 2, 152.27
1494130289, 3, 428, 512, 146, 0, 4.16%, 0, 0, 2, 153.90
1494130294, 3, 430, 512, 146, 0, 4.16%, 0, 0, 2, 144.47
1494130299, 3, 437, 512, 146, 0, 4.16%, 0, 0, 2, 140.42
1494130304, 3, 439, 512, 146, 0, 4.16%, 0, 0, 2, 125.07
1494130309, 3, 447, 512, 146, 0, 4.16%, 0, 0, 2, 143.67
1494130314, 3, 448, 512, 146, 0, 4.16%, 0, 0, 2, 142.60
1494130319, 3, 452, 512, 145, 0, 4.16%, 0, 0, 2, 149.28
1494130324, 3, 454, 512, 145, 0, 4.16%, 0, 0, 2, 99.20
1494130329, 3, 455, 512, 144, 0, 4.16%, 0, 0, 2, 142.31
1494130334, 3, 458, 512, 144, 0, 4.16%, 0, 0, 2, 110.45
1494130355, 3, 461, 512, 143, 0, 4.16%, 0, 0, 2, 95.68
1494130365, 3, 464, 512, 142, 0, 4.16%, 0, 0, 2, 57.22
1494130386, 3, 466, 512, 141, 0, 4.16%, 0, 0, 2, 140.49
1494130391, 3, 467, 512, 141, 0, 4.16%, 0, 0, 2, 136.58
1494130396, 3, 471, 512, 141, 0, 4.16%, 0, 0, 2, 115.49
1494130411, 3, 475, 512, 140, 0, 4.16%, 0, 0, 2, 134.38
1494130422, 3, 478, 512, 139, 0, 4.16%, 0, 0, 2, 108.11
1494130427, 3, 481, 512, 138, 0, 4.16%, 0, 0, 2, 97.79
1494130447, 3, 486, 512, 137, 0, 4.16%, 0, 0, 2, 104.59
1494130452, 3, 493, 512, 137, 0, 4.16%, 0, 0, 2, 131.47
1494130458, 3, 496, 512, 137, 0, 4.16%, 0, 0, 2, 144.40
1494130463, 3, 497, 512, 137, 0, 4.16%, 0, 0, 2, 155.63
1494130468, 3, 505, 512, 137, 0, 4.16%, 0, 0, 2, 158.03
1494130473, 4, 0, 512, 137, 0, 4.16%, 0, 0, 2, 145.02
1494130478, 4, 1, 512, 137, 0, 4.16%, 0, 0, 2, 152.30
1494130483, 4, 4, 512, 137, 0, 4.16%, 0, 0, 2, 179.97
1494130488, 4, 7, 512, 137, 0, 4.16%, 0, 0, 2, 183.69
1494130493, 4, 8, 512, 137, 0, 4.16%, 0, 0, 2, 183.46
1494130499, 4, 13, 512, 136, 0, 4.16%, 0, 0, 2, 179.74
1494130504, 4, 14, 512, 136, 0, 4.16%, 0, 0, 2, 150.31
1494130509, 4, 17, 512, 136, 0, 4.16%, 0, 0, 2, 165.06
1494130514, 4, 20, 512, 135, 0, 4.16%, 0, 0, 2, 181.31
1494130519, 4, 23, 512, 135, 0, 4.16%, 0, 0, 2, 167.29
1494130524, 4, 27, 512, 135, 0, 4.16%, 0, 0, 2, 190.32
1494130529, 4, 29, 512, 135, 0, 4.16%, 0, 0, 2, 162.67
1494130535, 4, 30, 512, 135, 0, 4.16%, 0, 0, 2, 183.51
1494130540, 4, 34, 512, 135, 0, 4.16%, 0, 0, 2, 151.73
1494130545, 4, 38, 512, 134, 0, 4.16%, 0, 0, 2, 168.38
1494130550, 4, 39, 512, 133, 0, 4.16%, 0, 0, 2, 185.93
1494130555, 4, 42, 512, 133, 0, 4.16%, 0, 0, 2, 188.14
1494130560, 4, 44, 512, 132, 0, 4.16%, 0, 0, 2, 149.12
1494130565, 4, 46, 512, 132, 0, 4.16%, 0, 0, 2, 165.37
1494130570, 4, 49, 512, 132, 0, 4.16%, 0, 0, 2, 160.17
1494130575, 4, 51, 512, 132, 0, 4.16%, 0, 0, 2, 144.88
1494130581, 4, 56, 512, 132, 0, 4.16%, 0, 0, 2, 167.75
1494130586, 4, 58, 512, 132, 0, 4.16%, 0, 0, 2, 164.90
1494130591, 4, 60, 512, 131, 0, 4.16%, 0, 0, 2, 193.61
1494130596, 4, 62, 512, 131, 0, 4.16%, 0, 0, 2, 169.85
1494130601, 4, 63, 512, 131, 0, 4.16%, 0, 0, 2, 160.92
1494130606, 4, 69, 512, 131, 0, 4.16%, 0, 0, 2, 164.77
1494130611, 4, 72, 512, 131, 0, 4.16%, 0, 0, 2, 134.07
1494130616, 4, 75, 512, 131, 0, 4.16%, 0, 0, 2, 152.33
1494130622, 4, 79, 512, 131, 0, 4.16%, 0, 0, 2, 158.78
1494130627, 4, 81, 512, 131, 0, 4.16%, 0, 0, 2, 159.94
1494130632, 4, 83, 512, 131, 0, 4.16%, 0, 0, 2, 177.76
1494130637, 4, 85, 512, 131, 0, 4.16%, 0, 0, 2, 174.97
1494130642, 4, 88, 512, 131, 0, 4.16%, 0, 0, 2, 186.14
1494130647, 4, 91, 512, 131, 0, 4.16%, 0, 0, 2, 168.45
1494130652, 4, 97, 512, 131, 0, 4.16%, 0, 0, 2, 152.11
1494130657, 4, 98, 512, 131, 0, 4.16%, 0, 0, 2, 170.63
1494130663, 4, 100, 512, 131, 0, 4.16%, 0, 0, 2, 155.85
1494130668, 4, 105, 512, 130, 0, 4.16%, 0, 0, 2, 150.50
1494130673, 4, 107, 512, 130, 0, 4.16%, 0, 0, 2, 138.59
1494130678, 4, 115, 512, 130, 0, 4.16%, 0, 0, 2, 164.00
1494130683, 4, 117, 512, 130, 0, 4.16%, 0, 0, 2, 180.40
1494130688, 4, 119, 512, 130, 0, 4.16%, 0, 0, 2, 160.24
1494130693, 4, 123, 512, 129, 0, 4.16%, 0, 0, 2, 162.88
1494130698, 4, 125, 512, 129, 0, 4.16%, 0, 0, 2, 170.71
1494130703, 4, 129, 512, 129, 0, 4.16%, 0, 0, 2, 166.46
1494130708, 4, 133, 512, 128, 0, 4.16%, 0, 0, 2, 186.09
1494130714, 4, 136, 512, 128, 0, 4.16%, 0, 0, 2, 190.62
1494130719, 4, 139, 512, 128, 0, 4.16%, 0, 0, 2, 162.30
1494130724, 4, 142, 512, 128, 0, 4.16%, 0, 0, 2, 176.07
1494130729, 4, 143, 512, 128, 0, 4.16%, 0, 0, 2, 170.78
1494130734, 4, 145, 512, 128, 0, 4.16%, 0, 0, 2, 176.06
1494130739, 4, 153, 512, 128, 0, 4.16%, 0, 0, 2, 191.43
1494130744, 4, 154, 512, 128, 0, 4.16%, 0, 0, 2, 177.57
1494130749, 4, 155, 512, 127, 0, 4.16%, 0, 0, 2, 174.72
1494130755, 4, 160, 512, 127, 0, 4.16%, 0, 0, 2, 159.73
1494130760, 4, 172, 512, 127, 0, 4.16%, 0, 0, 2, 138.24
1494130765, 4, 182, 512, 127, 0, 4.16%, 0, 0, 2, 169.70
1494130770, 4, 183, 512, 127, 0, 4.16%, 0, 0, 2, 187.65
1494130775, 4, 186, 512, 127, 0, 4.16%, 0, 0, 2, 185.38
1494130780, 4, 193, 512, 127, 0, 4.16%, 0, 0, 2, 187.29
1494130786, 4, 194, 512, 127, 0, 4.16%, 0, 0, 2, 175.10
1494130791, 4, 195, 512, 127, 0, 4.16%, 0, 0, 2, 180.75
1494130796, 4, 197, 512, 126, 0, 4.16%, 0, 0, 2, 159.09
1494130801, 4, 203, 512, 126, 0, 4.16%, 0, 0, 2, 167.17
1494130806, 4, 207, 512, 126, 0, 4.16%, 0, 0, 2, 184.99
1494130816, 4, 235, 513, 127, 1, 4.17%, 0, 0, 2, 127.35
1494130821, 4, 307, 513, 127, 1, 4.17%, 0, 0, 2, 24.71
1494130898, 4, 376, 513, 126, 1, 4.17%, 0, 0, 2, 93.87
1494130918, 4, 410, 513, 125, 1, 4.17%, 0, 0, 2, 137.31
1494130923, 4, 512, 513, 125, 1, 4.17%, 0, 0, 2, 139.75
1494130934, 5, 0, 513, 124, 0, 4.17%, 0, 0, 2, 152.91
1494130939, 5, 2, 513, 124, 0, 4.17%, 0, 0, 2, 172.21
1494130944, 5, 4, 513, 124, 0, 4.17%, 0, 0, 2, 189.23
1494130949, 5, 7, 513, 124, 0, 4.17%, 0, 0, 2, 187.06
1494130954, 5, 8, 513, 124, 0, 4.17%, 0, 0, 2, 176.20
1494130959, 5, 14, 513, 124, 0, 4.17%, 0, 0, 2, 163.45
1494130964, 5, 17, 513, 124, 0, 4.17%, 0, 0, 2, 160.10
1494130969, 5, 20, 513, 124, 0, 4.17%, 0, 0, 2, 174.42
1494130975, 5, 23, 513, 124, 0, 4.17%, 0, 0, 2, 170.39
1494130980, 5, 27, 513, 124, 0, 4.17%, 0, 0, 2, 190.10
1494130985, 5, 28, 513, 124, 0, 4.17%, 0, 0, 2, 154.78
1494130990, 5, 29, 513, 123, 0, 4.17%, 0, 0, 2, 147.86
1494130995, 5, 34, 513, 123, 0, 4.17%, 0, 0, 2, 156.39
1494131000, 5, 39, 513, 123, 0, 4.17%, 0, 0, 2, 16.55
1494131005, 5, 43, 513, 123, 0, 4.17%, 0, 0, 2, 160.29
1494131010, 5, 45, 513, 123, 0, 4.17%, 0, 0, 2, 174.67
1494131016, 5, 47, 513, 123, 0, 4.17%, 0, 0, 2, 160.16
1494131021, 5, 50, 513, 123, 0, 4.17%, 0, 0, 2, 150.40
1494131026, 5, 52, 513, 123, 0, 4.17%, 0, 0, 2, 174.99
1494131031, 5, 56, 513, 122, 0, 4.17%, 0, 0, 2, 170.97
1494131036, 5, 60, 513, 122, 0, 4.17%, 0, 0, 2, 150.09
1494131041, 5, 61, 513, 122, 0, 4.17%, 0, 0, 2, 144.71
1494131046, 5, 62, 513, 122, 0, 4.17%, 0, 0, 2, 146.43
1494131051, 5, 65, 513, 122, 0, 4.17%, 0, 0, 2, 157.85
1494131056, 5, 71, 513, 122, 0, 4.17%, 0, 0, 2, 157.82
1494131062, 5, 74, 513, 122, 0, 4.17%, 0, 0, 2, 147.63
1494131067, 5, 77, 513, 122, 0, 4.17%, 0, 0, 2, 163.11
1494131072, 5, 80, 513, 122, 0, 4.17%, 0, 0, 2, 162.16
1494131077, 5, 82, 513, 122, 0, 4.17%, 0, 0, 2, 161.87
1494131082, 5, 83, 513, 121, 0, 4.17%, 0, 0, 2, 182.27
1494131087, 5, 85, 513, 121, 0, 4.17%, 0, 0, 2, 167.05
1494131092, 5, 88, 513, 121, 0, 4.17%, 0, 0, 2, 185.84
1494131098, 5, 91, 513, 121, 0, 4.17%, 0, 0, 2, 175.79
1494131103, 5, 95, 513, 120, 0, 4.17%, 0, 0, 2, 179.04
1494131108, 5, 96, 513, 120, 0, 4.17%, 0, 0, 2, 179.80
1494131113, 5, 98, 513, 120, 0, 4.17%, 0, 0, 2, 171.44
1494131118, 5, 99, 513, 120, 0, 4.17%, 0, 0, 2, 13.02
1494131123, 5, 106, 513, 120, 0, 4.17%, 0, 0, 2, 157.82
1494131128, 5, 107, 513, 120, 0, 4.17%, 0, 0, 2, 144.19
1494131133, 5, 110, 513, 120, 0, 4.17%, 0, 0, 2, 145.54
1494131138, 5, 113, 513, 119, 0, 4.17%, 0, 0, 2, 159.51
1494131143, 5, 115, 513, 118, 0, 4.17%, 0, 0, 2, 167.72
1494131148, 5, 119, 513, 118, 0, 4.17%, 0, 0, 2, 172.58
1494131154, 5, 123, 513, 118, 0, 4.17%, 0, 0, 2, 179.26
1494131159, 5, 125, 513, 118, 0, 4.17%, 0, 0, 2, 176.82
1494131164, 5, 129, 513, 118, 0, 4.17%, 0, 0, 2, 165.08
1494131169, 5, 133, 513, 118, 0, 4.17%, 0, 0, 2, 189.25
1494131174, 5, 137, 513, 118, 0, 4.17%, 0, 0, 2, 166.97
1494131179, 5, 139, 513, 118, 0, 4.17%, 0, 0, 2, 152.98
1494131184, 5, 142, 513, 117, 0, 4.17%, 0, 0, 2, 205.35
1494131189, 5, 143, 513, 117, 0, 4.17%, 0, 0, 2, 178.13
1494131194, 5, 145, 513, 117, 0, 4.17%, 0, 0, 2, 180.87
1494131205, 5, 150, 513, 116, 0, 4.17%, 0, 0, 2, 161.63
1494131210, 5, 153, 513, 115, 0, 4.17%, 0, 0, 2, 192.65
1494131215, 5, 155, 513, 115, 0, 4.17%, 0, 0, 2, 174.08
1494131220, 5, 160, 513, 115, 0, 4.17%, 0, 0, 2, 174.59
1494131225, 5, 164, 513, 115, 0, 4.17%, 0, 0, 2, 195.15
1494131230, 5, 167, 513, 114, 0, 4.17%, 0, 0, 2, 174.97
1494131236, 5, 176, 513, 114, 0, 4.17%, 0, 0, 2, 180.78
1494131241, 5, 183, 513, 114, 0, 4.17%, 0, 0, 2, 183.05
1494131246, 5, 186, 513, 114, 0, 4.17%, 0, 0, 2, 183.53
1494131251, 5, 191, 513, 114, 0, 4.17%, 0, 0, 2, 172.96
1494131256, 5, 194, 513, 114, 0, 4.17%, 0, 0, 2, 179.84
1494131266, 5, 201, 513, 114, 0, 4.17%, 0, 0, 2, 154.25
1494131272, 5, 203, 513, 114, 0, 4.17%, 0, 0, 2, 163.22
1494131277, 5, 207, 513, 114, 0, 4.17%, 0, 0, 2, 167.96
1494131287, 5, 213, 513, 114, 0, 4.17%, 0, 0, 2, 187.41
1494131297, 5, 217, 513, 114, 0, 4.17%, 0, 0, 2, 167.30
1494131302, 5, 220, 513, 114, 0, 4.17%, 0, 0, 2, 152.56
1494131307, 5, 226, 513, 114, 0, 4.17%, 0, 0, 2, 167.50
1494131318, 5, 229, 513, 114, 0, 4.17%, 0, 0, 2, 174.07
1494131323, 5, 232, 513, 114, 0, 4.17%, 0, 0, 2, 162.28
1494131328, 5, 235, 513, 113, 0, 4.17%, 0, 0, 2, 174.35
1494131333, 5, 236, 513, 113, 0, 4.17%, 0, 0, 2, 187.61
1494131338, 5, 244, 513, 113, 0, 4.17%, 0, 0, 2, 177.60
1494131343, 5, 248, 513, 113, 0, 4.17%, 0, 0, 2, 191.11
1494131348, 5, 255, 513, 113, 0, 4.17%, 0, 0, 2, 182.76
1494131354, 5, 256, 513, 113, 0, 4.17%, 0, 0, 2, 171.65
1494131359, 5, 259, 513, 113, 0, 4.17%, 0, 0, 2, 172.63
1494131369, 5, 262, 513, 113, 0, 4.17%, 0, 0, 2, 184.09
1494131374, 5, 267, 513, 113, 0, 4.17%, 0, 0, 2, 168.49
1494131379, 5, 269, 513, 113, 0, 4.17%, 0, 0, 2, 32.58
1494131385, 5, 277, 513, 111, 0, 4.17%, 0, 0, 2, 173.81
1494131390, 5, 283, 513, 110, 0, 4.17%, 0, 0, 2, 171.80
1494131395, 5, 286, 513, 110, 0, 4.17%, 0, 0, 2, 184.84
1494131400, 5, 288, 513, 110, 0, 4.17%, 0, 0, 2, 160.50
1494131405, 5, 293, 513, 110, 0, 4.17%, 0, 0, 2, 149.13
1494131410, 5, 294, 513, 110, 0, 4.17%, 0, 0, 2, 188.14
1494131415, 5, 298, 513, 110, 0, 4.17%, 0, 0, 2, 158.99
1494131420, 5, 316, 513, 109, 0, 4.17%, 0, 0, 2, 138.99
1494131426, 5, 318, 513, 108, 0, 4.17%, 0, 0, 2, 168.69
1494131431, 5, 319, 513, 108, 0, 4.17%, 0, 0, 2, 179.55
1494131441, 5, 325, 513, 107, 0, 4.17%, 0, 0, 2, 154.52
1494131446, 5, 329, 513, 107, 0, 4.17%, 0, 0, 2, 176.49
1494131451, 5, 335, 513, 107, 0, 4.17%, 0, 0, 2, 187.75
1494131457, 5, 339, 513, 107, 0, 4.17%, 0, 0, 2, 130.92
1494131462, 5, 348, 513, 106, 0, 4.17%, 0, 0, 2, 148.83
1494131467, 5, 352, 513, 105, 0, 4.17%, 0, 0, 2, 150.44
1494131472, 5, 361, 513, 105, 0, 4.17%, 0, 0, 2, 30.88
1494131498, 5, 364, 513, 104, 0, 4.17%, 0, 0, 2, 138.54
1494131508, 5, 366, 513, 103, 0, 4.17%, 0, 0, 2, 161.61
1494131513, 5, 367, 513, 103, 0, 4.17%, 0, 0, 2, 169.42
1494131518, 5, 370, 513, 103, 0, 4.17%, 0, 0, 2, 182.36
1494131524, 5, 375, 513, 103, 0, 4.17%, 0, 0, 2, 188.79
1494131529, 5, 377, 513, 103, 0, 4.17%, 0, 0, 2, 27.44
1494131534, 5, 378, 513, 103, 0, 4.17%, 0, 0, 2, 41.53
1494131539, 5, 380, 513, 103, 0, 4.17%, 0, 0, 2, 99.67
1494131549, 5, 383, 513, 102, 0, 4.17%, 0, 0, 2, 146.56
1494131554, 5, 389, 513, 102, 0, 4.17%, 0, 0, 2, 136.96
1494131559, 5, 394, 513, 102, 0, 4.17%, 0, 0, 2, 106.02
1494131564, 5, 407, 513, 102, 0, 4.17%, 0, 0, 2, 146.25
1494131569, 5, 414, 513, 102, 0, 4.17%, 0, 0, 2, 136.26
1494131574, 5, 417, 513, 102, 0, 4.17%, 0, 0, 2, 129.07
1494131590, 5, 422, 513, 101, 0, 4.17%, 0, 0, 2, 162.99
1494131595, 5, 426, 513, 101, 0, 4.17%, 0, 0, 2, 148.03
1494131600, 5, 427, 513, 101, 0, 4.17%, 0, 0, 2, 165.08
1494131605, 5, 430, 513, 101, 0, 4.17%, 0, 0, 2, 157.38
1494131610, 5, 437, 513, 101, 0, 4.17%, 0, 0, 2, 153.01
1494131615, 5, 439, 513, 101, 0, 4.17%, 0, 0, 2, 135.01
1494131621, 5, 444, 513, 101, 0, 4.17%, 0, 0, 2, 89.98
1494131626, 5, 447, 513, 100, 0, 4.17%, 0, 0, 2, 112.12
1494131631, 5, 449, 513, 100, 0, 4.17%, 0, 0, 2, 130.23
1494131636, 5, 452, 513, 100, 0, 4.17%, 0, 0, 2, 154.11
1494131641, 5, 459, 513, 100, 0, 4.17%, 0, 0, 2, 160.91
1494131646, 5, 466, 513, 100, 0, 4.17%, 0, 0, 2, 174.00
1494131651, 5, 467, 513, 100, 0, 4.17%, 0, 0, 2, 34.81
1494131656, 5, 468, 513, 100, 0, 4.17%, 0, 0, 2, 111.33
1494131661, 5, 471, 513, 99, 0, 4.17%, 0, 0, 2, 148.26
1494131667, 5, 482, 513, 99, 0, 4.17%, 0, 0, 2, 164.45
1494131672, 5, 483, 513, 99, 0, 4.17%, 0, 0, 2, 28.16
1494131744, 5, 491, 513, 98, 0, 4.17%, 0, 0, 2, 103.11
1494131754, 5, 494, 513, 97, 0, 4.17%, 0, 0, 2, 141.66
1494131759, 5, 496, 513, 97, 0, 4.17%, 0, 0, 2, 142.76
1494131764, 5, 497, 513, 97, 0, 4.17%, 0, 0, 2, 146.77
1494131769, 5, 500, 513, 97, 0, 4.17%, 0, 0, 2, 175.34
1494131775, 5, 503, 513, 97, 0, 4.17%, 0, 0, 2, 134.89
1494131795, 5, 505, 513, 96, 0, 4.17%, 0, 0, 2, 146.13
1494131800, 5, 512, 513, 96, 0, 4.17%, 0, 0, 2, 138.10
1494131805, 6, 0, 513, 96, 0, 4.17%, 0, 0, 2, 140.06
1494131810, 6, 2, 513, 96, 0, 4.17%, 0, 0, 2, 163.83
1494131815, 6, 4, 513, 96, 0, 4.17%, 0, 0, 2, 193.62
1494131820, 6, 7, 513, 96, 0, 4.17%, 0, 0, 2, 174.95
1494131826, 6, 11, 513, 96, 0, 4.17%, 0, 0, 2, 197.09
1494131831, 6, 14, 513, 96, 0, 4.17%, 0, 0, 2, 167.08
1494131836, 6, 17, 513, 96, 0, 4.17%, 0, 0, 2, 164.11
1494131841, 6, 20, 513, 96, 0, 4.17%, 0, 0, 2, 154.32
1494131846, 6, 23, 513, 96, 0, 4.17%, 0, 0, 2, 163.30
1494131851, 6, 27, 513, 96, 0, 4.17%, 0, 0, 2, 182.96
1494131856, 6, 29, 513, 96, 0, 4.17%, 0, 0, 2, 161.75
1494131861, 6, 33, 513, 96, 0, 4.17%, 0, 0, 2, 152.24
1494131867, 6, 36, 513, 96, 0, 4.17%, 0, 0, 2, 179.94
1494131872, 6, 39, 513, 95, 0, 4.17%, 0, 0, 2, 190.04
1494131877, 6, 41, 513, 95, 0, 4.17%, 0, 0, 2, 82.94
1494131882, 6, 43, 513, 94, 0, 4.17%, 0, 0, 2, 131.80
1494131887, 6, 45, 513, 94, 0, 4.17%, 0, 0, 2, 166.64
1494131892, 6, 47, 513, 94, 0, 4.17%, 0, 0, 2, 146.78
1494131897, 6, 50, 513, 94, 0, 4.17%, 0, 0, 2, 157.83
1494131902, 6, 52, 513, 94, 0, 4.17%, 0, 0, 2, 174.15
1494131907, 6, 58, 513, 94, 0, 4.17%, 0, 0, 2, 183.80
1494131913, 6, 60, 513, 94, 0, 4.17%, 0, 0, 2, 164.29
1494131918, 6, 62, 513, 94, 0, 4.17%, 0, 0, 2, 146.62
1494131923, 6, 65, 513, 94, 0, 4.17%, 0, 0, 2, 157.26
1494131928, 6, 68, 513, 94, 0, 4.17%, 0, 0, 2, 183.14
1494131933, 6, 70, 513, 94, 0, 4.17%, 0, 0, 2, 170.02
1494131943, 6, 72, 513, 93, 0, 4.17%, 0, 0, 2, 17.84
1494131948, 6, 75, 513, 93, 0, 4.17%, 0, 0, 2, 167.35
1494131953, 6, 79, 513, 93, 0, 4.17%, 0, 0, 2, 146.12
1494131959, 6, 81, 513, 93, 0, 4.17%, 0, 0, 2, 153.42
1494131964, 6, 83, 513, 93, 0, 4.17%, 0, 0, 2, 183.57
1494131969, 6, 86, 513, 93, 0, 4.17%, 0, 0, 2, 176.46
1494131974, 6, 87, 513, 93, 0, 4.17%, 0, 0, 2, 194.12
1494131979, 6, 91, 513, 93, 0, 4.17%, 0, 0, 2, 150.68
1494131984, 6, 93, 513, 93, 0, 4.17%, 0, 0, 2, 185.59
1494131989, 6, 97, 513, 92, 0, 4.17%, 0, 0, 2, 173.60
1494131995, 6, 98, 513, 92, 0, 4.17%, 0, 0, 2, 174.37
1494132000, 6, 105, 513, 92, 0, 4.17%, 0, 0, 2, 173.15
1494132005, 6, 107, 513, 92, 0, 4.17%, 0, 0, 2, 149.11
1494132010, 6, 108, 513, 92, 0, 4.17%, 0, 0, 2, 149.44
1494132015, 6, 117, 513, 92, 0, 4.17%, 0, 0, 2, 169.92
1494132020, 6, 119, 513, 91, 0, 4.17%, 0, 0, 2, 177.90
1494132031, 6, 123, 513, 91, 0, 4.17%, 0, 0, 2, 162.85
1494132036, 6, 128, 513, 91, 0, 4.17%, 0, 0, 2, 160.58
1494132041, 6, 133, 513, 91, 0, 4.17%, 0, 0, 2, 170.94
1494132046, 6, 136, 513, 91, 0, 4.17%, 0, 0, 2, 191.27
1494132051, 6, 139, 513, 91, 0, 4.17%, 0, 0, 2, 165.40
1494132056, 6, 142, 513, 90, 0, 4.17%, 0, 0, 2, 175.73
1494132062, 6, 143, 513, 90, 0, 4.17%, 0, 0, 2, 191.51
1494132067, 6, 145, 513, 90, 0, 4.17%, 0, 0, 2, 186.60
1494132072, 6, 149, 513, 90, 0, 4.17%, 0, 0, 2, 186.76
1494132077, 6, 153, 513, 88, 0, 4.17%, 0, 0, 2, 188.81
1494132082, 6, 155, 513, 88, 0, 4.17%, 0, 0, 2, 167.97
1494132092, 6, 160, 513, 88, 0, 4.17%, 0, 0, 2, 169.02
1494132098, 6, 170, 513, 88, 0, 4.17%, 0, 0, 2, 161.65
1494132103, 6, 174, 513, 87, 0, 4.17%, 0, 0, 2, 160.34
1494132113, 6, 178, 513, 86, 0, 4.17%, 0, 0, 2, 157.09
1494132128, 6, 186, 513, 85, 0, 4.17%, 0, 0, 2, 172.67
1494132133, 6, 191, 513, 85, 0, 4.17%, 0, 0, 2, 173.86
1494132138, 6, 193, 513, 85, 0, 4.17%, 0, 0, 2, 175.56
1494132143, 6, 194, 513, 85, 0, 4.17%, 0, 0, 2, 169.10
1494132148, 6, 197, 513, 85, 0, 4.17%, 0, 0, 2, 169.87
1494132154, 6, 201, 513, 85, 0, 4.17%, 0, 0, 2, 156.84
1494132159, 6, 203, 513, 85, 0, 4.17%, 0, 0, 2, 179.23
1494132164, 6, 207, 513, 85, 0, 4.17%, 0, 0, 2, 187.37
1494132169, 6, 209, 513, 85, 0, 4.17%, 0, 0, 2, 188.69
1494132174, 6, 213, 513, 85, 0, 4.17%, 0, 0, 2, 186.65
1494132179, 6, 215, 513, 85, 0, 4.17%, 0, 0, 2, 164.27
1494132184, 6, 218, 513, 85, 0, 4.17%, 0, 0, 2, 147.84
1494132189, 6, 225, 513, 85, 0, 4.17%, 0, 0, 2, 20.55
1494132200, 6, 226, 513, 84, 0, 4.17%, 0, 0, 2, 126.43
1494132205, 6, 229, 513, 84, 0, 4.17%, 0, 0, 2, 172.52
1494132210, 6, 235, 513, 84, 0, 4.17%, 0, 0, 2, 167.44
1494132215, 6, 236, 513, 84, 0, 4.17%, 0, 0, 2, 186.48
1494132220, 6, 244, 513, 84, 0, 4.17%, 0, 0, 2, 194.95
1494132225, 6, 248, 513, 84, 0, 4.17%, 0, 0, 2, 174.03
1494132235, 6, 249, 513, 84, 0, 4.17%, 0, 0, 2, 138.56
1494132246, 6, 255, 513, 83, 0, 4.17%, 0, 0, 2, 25.00
1494132251, 6, 256, 513, 83, 0, 4.17%, 0, 0, 2, 151.30
1494132256, 6, 259, 513, 83, 0, 4.17%, 0, 0, 2, 185.84
1494132266, 6, 262, 513, 83, 0, 4.17%, 0, 0, 2, 175.88
1494132271, 6, 267, 513, 83, 0, 4.17%, 0, 0, 2, 177.32
1494132277, 6, 278, 513, 83, 0, 4.17%, 0, 0, 2, 159.61
1494132292, 6, 283, 513, 82, 0, 4.17%, 0, 0, 2, 177.20
1494132297, 6, 286, 513, 82, 0, 4.17%, 0, 0, 2, 178.97
1494132302, 6, 289, 513, 82, 0, 4.17%, 0, 0, 2, 138.25
1494132333, 6, 293, 513, 81, 0, 4.17%, 0, 0, 2, 122.53
1494132338, 6, 294, 513, 81, 0, 4.17%, 0, 0, 2, 172.69
1494132343, 6, 296, 513, 81, 0, 4.17%, 0, 0, 2, 153.21
1494132349, 6, 304, 513, 81, 0, 4.17%, 0, 0, 2, 127.44
1494132364, 6, 314, 513, 80, 0, 4.17%, 0, 0, 2, 135.89
1494132374, 6, 318, 513, 79, 0, 4.17%, 0, 0, 2, 183.92
1494132379, 6, 320, 513, 79, 0, 4.17%, 0, 0, 2, 169.42
1494132390, 6, 323, 513, 78, 0, 4.17%, 0, 0, 2, 146.65
1494132395, 6, 328, 513, 78, 0, 4.17%, 0, 0, 2, 143.10
1494132410, 6, 329, 513, 77, 0, 4.17%, 0, 0, 2, 167.50
1494132415, 6, 335, 513, 77, 0, 4.17%, 0, 0, 2, 185.48
1494132425, 6, 336, 513, 77, 0, 4.17%, 0, 0, 2, 49.63
1494132461, 6, 352, 513, 76, 0, 4.17%, 0, 0, 2, 156.87
1494132466, 6, 366, 513, 76, 0, 4.17%, 0, 0, 2, 141.52
1494132471, 6, 367, 513, 76, 0, 4.17%, 0, 0, 2, 169.35
1494132476, 6, 370, 513, 76, 0, 4.17%, 0, 0, 2, 172.84
1494132482, 6, 375, 513, 76, 0, 4.17%, 0, 0, 2, 183.79
1494132487, 6, 377, 513, 76, 0, 4.17%, 0, 0, 2, 160.95
1494132492, 6, 378, 513, 76, 0, 4.17%, 0, 0, 2, 48.05
1494132497, 6, 379, 513, 76, 0, 4.17%, 0, 0, 2, 136.44
1494132502, 6, 383, 513, 75, 0, 4.17%, 0, 0, 2, 169.06
1494132507, 6, 384, 513, 75, 0, 4.17%, 0, 0, 2, 160.05
1494132512, 6, 394, 513, 75, 0, 4.17%, 0, 0, 2, 107.88
1494132518, 6, 406, 513, 75, 0, 4.17%, 0, 0, 2, 134.96
1494132523, 6, 407, 513, 74, 0, 4.17%, 0, 0, 2, 147.59
1494132528, 6, 420, 513, 74, 0, 4.17%, 0, 0, 2, 169.65
1494132533, 6, 426, 513, 74, 0, 4.17%, 0, 0, 2, 162.51
1494132538, 6, 427, 513, 74, 0, 4.17%, 0, 0, 2, 162.61
1494132543, 6, 429, 513, 74, 0, 4.17%, 0, 0, 2, 154.74
1494132548, 6, 437, 513, 74, 0, 4.17%, 0, 0, 2, 157.99
1494132553, 6, 439, 513, 74, 0, 4.17%, 0, 0, 2, 138.51
1494132559, 6, 447, 513, 74, 0, 4.17%, 0, 0, 2, 140.74
1494132564, 6, 452, 513, 74, 0, 4.17%, 0, 0, 2, 144.82
1494132569, 6, 453, 513, 74, 0, 4.17%, 0, 0, 2, 150.45
1494132574, 6, 456, 513, 74, 0, 4.17%, 0, 0, 2, 162.01
1494132579, 6, 460, 513, 74, 0, 4.17%, 0, 0, 2, 142.92
1494132584, 6, 466, 513, 73, 0, 4.17%, 0, 0, 2, 152.42
1494132589, 6, 467, 513, 73, 0, 4.17%, 0, 0, 2, 101.29
1494132594, 6, 469, 513, 73, 0, 4.17%, 0, 0, 2, 70.53
1494132641, 6, 482, 513, 72, 0, 4.17%, 0, 0, 2, 114.49
1494132646, 6, 493, 513, 72, 0, 4.17%, 0, 0, 2, 135.53
1494132651, 6, 494, 513, 72, 0, 4.17%, 0, 0, 2, 152.46
1494132656, 6, 496, 513, 72, 0, 4.17%, 0, 0, 2, 140.24
1494132661, 6, 506, 513, 72, 0, 4.17%, 0, 0, 2, 121.15
1494132666, 7, 0, 513, 72, 0, 4.17%, 0, 0, 2, 181.03
1494132671, 7, 1, 513, 72, 0, 4.17%, 0, 0, 2, 171.86
1494132676, 7, 4, 513, 72, 0, 4.17%, 0, 0, 2, 175.38
1494132681, 7, 5, 513, 72, 0, 4.17%, 0, 0, 2, 184.53
1494132687, 7, 8, 513, 72, 0, 4.17%, 0, 0, 2, 182.88
1494132692, 7, 12, 513, 72, 0, 4.17%, 0, 0, 2, 157.23
1494132697, 7, 13, 513, 71, 0, 4.17%, 0, 0, 2, 157.36
1494132702, 7, 17, 513, 71, 0, 4.17%, 0, 0, 2, 174.22
1494132707, 7, 19, 513, 71, 0, 4.17%, 0, 0, 2, 156.53
1494132712, 7, 20, 513, 70, 0, 4.17%, 0, 0, 2, 162.18
1494132718, 7, 24, 513, 70, 0, 4.17%, 0, 0, 2, 168.05
1494132723, 7, 27, 513, 70, 0, 4.17%, 0, 0, 2, 180.97
1494132728, 7, 30, 513, 70, 0, 4.17%, 0, 0, 2, 165.69
1494132733, 7, 34, 513, 70, 0, 4.17%, 0, 0, 2, 175.67
1494132738, 7, 39, 513, 70, 0, 4.17%, 0, 0, 2, 175.29
1494132743, 7, 43, 513, 70, 0, 4.17%, 0, 0, 2, 173.19
1494132748, 7, 45, 513, 70, 0, 4.17%, 0, 0, 2, 180.23
1494132754, 7, 49, 513, 70, 0, 4.17%, 0, 0, 2, 165.06
1494132759, 7, 51, 513, 70, 0, 4.17%, 0, 0, 2, 183.29
1494132764, 7, 56, 513, 70, 0, 4.17%, 0, 0, 2, 180.50
1494132769, 7, 58, 513, 70, 0, 4.17%, 0, 0, 2, 160.28
1494132774, 7, 60, 513, 70, 0, 4.17%, 0, 0, 2, 171.59
1494132780, 7, 62, 513, 70, 0, 4.17%, 0, 0, 2, 166.03
1494132785, 7, 65, 513, 70, 0, 4.17%, 0, 0, 2, 163.13
1494132790, 7, 67, 513, 70, 0, 4.17%, 0, 0, 2, 149.21
1494132795, 7, 71, 513, 70, 0, 4.17%, 0, 0, 2, 142.93
1494132800, 7, 75, 513, 70, 0, 4.17%, 0, 0, 2, 170.12
1494132805, 7, 78, 513, 70, 0, 4.17%, 0, 0, 2, 179.93
1494132810, 7, 79, 513, 70, 0, 4.17%, 0, 0, 2, 162.84
1494132815, 7, 81, 513, 70, 0, 4.17%, 0, 0, 2, 136.62
1494132821, 7, 83, 513, 70, 0, 4.17%, 0, 0, 2, 171.17
1494132826, 7, 85, 513, 70, 0, 4.17%, 0, 0, 2, 165.41
1494132831, 7, 87, 513, 70, 0, 4.17%, 0, 0, 2, 197.47
1494132836, 7, 91, 513, 70, 0, 4.17%, 0, 0, 2, 170.60
1494132841, 7, 96, 513, 70, 0, 4.17%, 0, 0, 2, 153.11
1494132846, 7, 98, 513, 70, 0, 4.17%, 0, 0, 2, 174.70
1494132851, 7, 101, 513, 70, 0, 4.17%, 0, 0, 2, 155.80
1494132856, 7, 106, 513, 70, 0, 4.17%, 0, 0, 2, 16.67
1494132861, 7, 107, 513, 70, 0, 4.17%, 0, 0, 2, 140.17
1494132866, 7, 115, 513, 70, 0, 4.17%, 0, 0, 2, 149.92
1494132872, 7, 117, 513, 70, 0, 4.17%, 0, 0, 2, 173.36
1494132877, 7, 119, 513, 70, 0, 4.17%, 0, 0, 2, 181.66
1494132882, 7, 123, 513, 70, 0, 4.17%, 0, 0, 2, 185.89
1494132887, 7, 128, 513, 69, 0, 4.17%, 0, 0, 2, 173.93
1494132892, 7, 129, 513, 69, 0, 4.17%, 0, 0, 2, 182.43
1494132897, 7, 133, 513, 69, 0, 4.17%, 0, 0, 2, 169.77
1494132902, 7, 136, 513, 69, 0, 4.17%, 0, 0, 2, 161.70
1494132907, 7, 139, 513, 69, 0, 4.17%, 0, 0, 2, 137.91
1494132912, 7, 142, 513, 69, 0, 4.17%, 0, 0, 2, 171.22
1494132922, 7, 145, 513, 69, 0, 4.17%, 0, 0, 2, 167.62
1494132932, 7, 153, 513, 69, 0, 4.17%, 0, 0, 2, 186.48
1494132938, 7, 155, 513, 69, 0, 4.17%, 0, 0, 2, 186.75
1494132943, 7, 160, 513, 69, 0, 4.17%, 0, 0, 2, 176.21
1494132948, 7, 167, 513, 69, 0, 4.17%, 0, 0, 2, 30.74
1494132953, 7, 176, 513, 69, 0, 4.17%, 0, 0, 2, 164.76
1494132958, 7, 183, 513, 69, 0, 4.17%, 0, 0, 2, 177.31
1494132963, 7, 186, 513, 69, 0, 4.17%, 0, 0, 2, 177.43
1494132968, 7, 193, 513, 69, 0, 4.17%, 0, 0, 2, 182.97
1494132973, 7, 194, 513, 69, 0, 4.17%, 0, 0, 2, 107.57
1494132979, 7, 196, 513, 69, 0, 4.17%, 0, 0, 2, 152.99
1494132984, 7, 201, 513, 69, 0, 4.17%, 0, 0, 2, 154.41
1494132989, 7, 203, 513, 69, 0, 4.17%, 0, 0, 2, 180.88
1494132994, 7, 207, 513, 69, 0, 4.17%, 0, 0, 2, 169.17
1494133005, 7, 211, 513, 69, 0, 4.17%, 0, 0, 2, 181.41
1494133010, 7, 213, 513, 68, 0, 4.17%, 0, 0, 2, 195.24
1494133015, 7, 215, 513, 68, 0, 4.17%, 0, 0, 2, 170.83
1494133020, 7, 218, 513, 68, 0, 4.17%, 0, 0, 2, 134.40
1494133025, 7, 226, 513, 68, 0, 4.17%, 0, 0, 2, 172.23
1494133030, 7, 229, 513, 68, 0, 4.17%, 0, 0, 2, 190.84
1494133036, 7, 231, 513, 68, 0, 4.17%, 0, 0, 2, 173.26
1494133041, 7, 235, 513, 68, 0, 4.17%, 0, 0, 2, 163.94
1494133046, 7, 236, 513, 68, 0, 4.17%, 0, 0, 2, 181.98
1494133051, 7, 239, 513, 68, 0, 4.17%, 0, 0, 2, 176.30
1494133056, 7, 244, 513, 67, 0, 4.17%, 0, 0, 2, 197.31
1494133061, 7, 248, 513, 67, 0, 4.17%, 0, 0, 2, 192.36
1494133066, 7, 255, 513, 67, 0, 4.17%, 0, 0, 2, 193.19
1494133071, 7, 256, 513, 67, 0, 4.17%, 0, 0, 2, 184.89
1494133077, 7, 259, 513, 67, 0, 4.17%, 0, 0, 2, 170.22
1494133082, 7, 261, 513, 67, 0, 4.17%, 0, 0, 2, 173.97
1494133087, 7, 262, 513, 67, 0, 4.17%, 0, 0, 2, 189.41
1494133092, 7, 268, 513, 67, 0, 4.17%, 0, 0, 2, 165.67
1494133097, 7, 279, 513, 67, 0, 4.17%, 0, 0, 2, 156.81
1494133102, 7, 283, 513, 67, 0, 4.17%, 0, 0, 2, 167.32
1494133107, 7, 288, 513, 67, 0, 4.17%, 0, 0, 2, 170.63
1494133112, 7, 290, 513, 67, 0, 4.17%, 0, 0, 2, 125.43
1494133133, 7, 293, 513, 66, 0, 4.17%, 0, 0, 2, 138.83
1494133138, 7, 294, 513, 66, 0, 4.17%, 0, 0, 2, 183.62
1494133143, 7, 301, 513, 66, 0, 4.17%, 0, 0, 2, 160.24
1494133148, 7, 318, 513, 66, 0, 4.17%, 0, 0, 2, 180.84
1494133154, 7, 321, 513, 66, 0, 4.17%, 0, 0, 2, 168.86
1494133159, 7, 325, 513, 65, 0, 4.17%, 0, 0, 2, 157.05
1494133164, 7, 329, 513, 65, 0, 4.17%, 0, 0, 2, 155.45
1494133169, 7, 330, 513, 65, 0, 4.17%, 0, 0, 2, 130.61
1494133184, 7, 332, 513, 64, 0, 4.17%, 0, 0, 2, 137.73
1494133189, 7, 335, 513, 64, 0, 4.17%, 0, 0, 2, 159.20
1494133195, 7, 337, 513, 64, 0, 4.17%, 0, 0, 2, 21.62
1494133257, 7, 339, 513, 63, 0, 4.17%, 0, 0, 2, 108.09
1494133262, 7, 360, 513, 63, 0, 4.17%, 0, 0, 2, 87.89
1494133323, 7, 366, 513, 62, 0, 4.17%, 0, 0, 2, 90.28
1494133328, 7, 367, 513, 62, 0, 4.17%, 0, 0, 2, 152.34
1494133334, 7, 370, 513, 62, 0, 4.17%, 0, 0, 2, 148.37
1494133339, 7, 375, 513, 62, 0, 4.17%, 0, 0, 2, 177.74
1494133349, 7, 378, 513, 62, 0, 4.17%, 0, 0, 2, 114.09
1494133354, 7, 384, 513, 62, 0, 4.17%, 0, 0, 2, 135.77
1494133359, 7, 386, 513, 62, 0, 4.17%, 0, 0, 2, 149.78
1494133370, 7, 389, 513, 61, 0, 4.17%, 0, 0, 2, 179.39
1494133375, 7, 399, 513, 61, 0, 4.17%, 0, 0, 2, 134.81
1494133380, 7, 407, 513, 61, 0, 4.17%, 0, 0, 2, 151.55
1494133385, 7, 418, 513, 61, 0, 4.17%, 0, 0, 2, 166.05
1494133390, 7, 423, 513, 61, 0, 4.17%, 0, 0, 2, 158.51
1494133395, 7, 427, 513, 61, 0, 4.17%, 0, 0, 2, 161.52
1494133400, 7, 429, 513, 61, 0, 4.17%, 0, 0, 2, 145.19
1494133405, 7, 430, 513, 61, 0, 4.17%, 0, 0, 2, 143.12
1494133410, 7, 435, 513, 61, 0, 4.17%, 0, 0, 2, 74.75
1494133431, 7, 438, 513, 60, 0, 4.17%, 0, 0, 2, 20.90
1494133436, 7, 441, 513, 60, 0, 4.17%, 0, 0, 2, 166.06
1494133457, 7, 450, 513, 59, 0, 4.17%, 0, 0, 2, 139.83
1494133462, 7, 452, 513, 59, 0, 4.17%, 0, 0, 2, 128.93
1494133467, 7, 456, 513, 59, 0, 4.17%, 0, 0, 2, 157.59
1494133472, 7, 462, 513, 59, 0, 4.17%, 0, 0, 2, 108.97
1494133477, 7, 466, 513, 58, 0, 4.17%, 0, 0, 2, 97.23
1494133487, 7, 473, 513, 58, 0, 4.17%, 0, 0, 2, 121.22
1494133513, 7, 486, 513, 57, 0, 4.17%, 0, 0, 2, 126.76
1494133518, 7, 487, 513, 57, 0, 4.17%, 0, 0, 2, 14.85
1494133595, 7, 494, 513, 56, 0, 4.17%, 0, 0, 2, 101.78
1494133600, 7, 496, 513, 56, 0, 4.17%, 0, 0, 2, 127.38
1494133605, 7, 505, 513, 56, 0, 4.17%, 0, 0, 2, 154.35
1494133610, 7, 506, 513, 56, 0, 4.17%, 0, 0, 2, 135.67
1494133615, 7, 511, 513, 56, 0, 4.17%, 0, 0, 2, 85.28
1494133625, 8, 0, 513, 55, 0, 4.17%, 0, 0, 2, 145.17
1494133630, 8, 2, 513, 55, 0, 4.17%, 0, 0, 2, 166.60
1494133635, 8, 4, 513, 55, 0, 4.17%, 0, 0, 2, 165.99
1494133640, 8, 7, 513, 55, 0, 4.17%, 0, 0, 2, 184.33
1494133646, 8, 8, 513, 55, 0, 4.17%, 0, 0, 2, 192.11
1494133651, 8, 14, 513, 55, 0, 4.17%, 0, 0, 2, 161.32
1494133656, 8, 17, 513, 55, 0, 4.17%, 0, 0, 2, 160.56
1494133661, 8, 20, 513, 55, 0, 4.17%, 0, 0, 2, 182.99
1494133666, 8, 23, 513, 55, 0, 4.17%, 0, 0, 2, 173.95
1494133671, 8, 26, 513, 55, 0, 4.17%, 0, 0, 2, 186.74
1494133676, 8, 29, 513, 55, 0, 4.17%, 0, 0, 2, 169.40
1494133681, 8, 33, 513, 55, 0, 4.17%, 0, 0, 2, 153.98
1494133686, 8, 34, 513, 55, 0, 4.17%, 0, 0, 2, 161.94
1494133692, 8, 39, 513, 55, 0, 4.17%, 0, 0, 2, 163.31
1494133697, 8, 43, 513, 55, 0, 4.17%, 0, 0, 2, 178.26
1494133702, 8, 45, 513, 55, 0, 4.17%, 0, 0, 2, 158.92
1494133707, 8, 46, 513, 55, 0, 4.17%, 0, 0, 2, 164.99
1494133712, 8, 49, 513, 54, 0, 4.17%, 0, 0, 2, 175.55
1494133717, 8, 51, 513, 54, 0, 4.17%, 0, 0, 2, 183.43
1494133722, 8, 55, 513, 54, 0, 4.17%, 0, 0, 2, 174.69
1494133727, 8, 58, 513, 53, 0, 4.17%, 0, 0, 2, 185.28
1494133733, 8, 60, 513, 53, 0, 4.17%, 0, 0, 2, 164.52
1494133738, 8, 62, 513, 53, 0, 4.17%, 0, 0, 2, 151.50
1494133743, 8, 65, 513, 53, 0, 4.17%, 0, 0, 2, 156.98
1494133748, 8, 69, 513, 53, 0, 4.17%, 0, 0, 2, 162.24
1494133753, 8, 72, 513, 53, 0, 4.17%, 0, 0, 2, 158.93
1494133758, 8, 75, 513, 53, 0, 4.17%, 0, 0, 2, 157.37
1494133763, 8, 79, 513, 53, 0, 4.17%, 0, 0, 2, 156.73
1494133768, 8, 81, 513, 53, 0, 4.17%, 0, 0, 2, 152.88
1494133774, 8, 83, 513, 53, 0, 4.17%, 0, 0, 2, 175.55
1494133779, 8, 85, 513, 53, 0, 4.17%, 0, 0, 2, 172.69
1494133784, 8, 88, 513, 53, 0, 4.17%, 0, 0, 2, 187.18
1494133789, 8, 91, 513, 53, 0, 4.17%, 0, 0, 2, 156.76
1494133794, 8, 97, 513, 53, 0, 4.17%, 0, 0, 2, 162.96
1494133800, 8, 98, 513, 53, 0, 4.17%, 0, 0, 2, 11.28
1494133805, 8, 105, 513, 53, 0, 4.17%, 0, 0, 2, 164.35
1494133810, 8, 106, 513, 53, 0, 4.17%, 0, 0, 2, 148.48
1494133815, 8, 108, 513, 53, 0, 4.17%, 0, 0, 2, 140.26
1494133820, 8, 115, 513, 53, 0, 4.17%, 0, 0, 2, 155.79
1494133825, 8, 117, 513, 53, 0, 4.17%, 0, 0, 2, 184.12
1494133830, 8, 119, 513, 53, 0, 4.17%, 0, 0, 2, 170.37
1494133835, 8, 123, 513, 53, 0, 4.17%, 0, 0, 2, 177.21
1494133840, 8, 128, 513, 53, 0, 4.17%, 0, 0, 2, 156.32
1494133846, 8, 129, 513, 53, 0, 4.17%, 0, 0, 2, 157.97
1494133851, 8, 133, 513, 53, 0, 4.17%, 0, 0, 2, 180.68
1494133856, 8, 137, 513, 53, 0, 4.17%, 0, 0, 2, 160.56
1494133861, 8, 142, 513, 53, 0, 4.17%, 0, 0, 2, 156.61
1494133871, 8, 145, 513, 53, 0, 4.17%, 0, 0, 2, 180.72
1494133881, 8, 153, 513, 52, 0, 4.17%, 0, 0, 2, 191.91
1494133886, 8, 155, 513, 52, 0, 4.17%, 0, 0, 2, 173.15
1494133897, 8, 160, 513, 52, 0, 4.17%, 0, 0, 2, 166.66
1494133902, 8, 167, 513, 51, 0, 4.17%, 0, 0, 2, 168.12
1494133907, 8, 176, 513, 51, 0, 4.17%, 0, 0, 2, 165.10
1494133912, 8, 183, 513, 51, 0, 4.17%, 0, 0, 2, 177.69
1494133917, 8, 186, 513, 51, 0, 4.17%, 0, 0, 2, 175.19
1494133922, 8, 189, 513, 51, 0, 4.17%, 0, 0, 2, 191.16
1494133927, 8, 191, 513, 51, 0, 4.17%, 0, 0, 2, 170.72
1494133932, 8, 194, 513, 51, 0, 4.17%, 0, 0, 2, 176.79
1494133943, 8, 197, 513, 51, 0, 4.17%, 0, 0, 2, 143.70
1494133948, 8, 199, 513, 51, 0, 4.17%, 0, 0, 2, 130.61
1494133953, 8, 203, 513, 50, 0, 4.17%, 0, 0, 2, 146.44
1494133964, 8, 207, 513, 50, 0, 4.17%, 0, 0, 2, 172.82
1494133969, 8, 209, 513, 50, 0, 4.17%, 0, 0, 2, 159.72
1494133974, 8, 213, 513, 50, 0, 4.17%, 0, 0, 2, 182.53
1494133979, 8, 217, 513, 50, 0, 4.17%, 0, 0, 2, 168.61
1494133984, 8, 220, 513, 50, 0, 4.17%, 0, 0, 2, 155.35
1494133989, 8, 226, 513, 50, 0, 4.17%, 0, 0, 2, 164.14
1494133994, 8, 229, 513, 50, 0, 4.17%, 0, 0, 2, 185.08
1494133999, 8, 231, 513, 50, 0, 4.17%, 0, 0, 2, 180.89
1494134004, 8, 236, 513, 50, 0, 4.17%, 0, 0, 2, 173.66
1494134015, 8, 244, 513, 50, 0, 4.17%, 0, 0, 2, 185.25
1494134020, 8, 248, 513, 50, 0, 4.17%, 0, 0, 2, 186.26
1494134025, 8, 255, 513, 49, 0, 4.17%, 0, 0, 2, 177.95
1494134030, 8, 256, 513, 49, 0, 4.17%, 0, 0, 2, 184.84
1494134035, 8, 259, 513, 49, 0, 4.17%, 0, 0, 2, 194.23
1494134040, 8, 260, 513, 49, 0, 4.17%, 0, 0, 2, 176.37
1494134045, 8, 262, 513, 48, 0, 4.17%, 0, 0, 2, 163.21
1494134056, 8, 269, 513, 48, 0, 4.17%, 0, 0, 2, 172.92
1494134061, 8, 279, 513, 48, 0, 4.17%, 0, 0, 2, 158.32
1494134066, 8, 283, 513, 47, 0, 4.17%, 0, 0, 2, 172.41
1494134071, 8, 286, 513, 47, 0, 4.17%, 0, 0, 2, 178.07
1494134076, 8, 288, 513, 47, 0, 4.17%, 0, 0, 2, 148.68
1494134081, 8, 293, 513, 47, 0, 4.17%, 0, 0, 2, 146.95
1494134086, 8, 294, 513, 47, 0, 4.17%, 0, 0, 2, 182.25
1494134091, 8, 311, 513, 47, 0, 4.17%, 0, 0, 2, 173.09
1494134096, 8, 318, 513, 47, 0, 4.17%, 0, 0, 2, 183.05
1494134101, 8, 329, 513, 47, 0, 4.17%, 0, 0, 2, 182.30
1494134112, 8, 335, 513, 47, 0, 4.17%, 0, 0, 2, 191.65
1494134117, 8, 338, 513, 47, 0, 4.17%, 0, 0, 2, 137.56
1494134127, 8, 352, 513, 46, 0, 4.17%, 0, 0, 2, 99.61
1494134132, 8, 366, 513, 46, 0, 4.17%, 0, 0, 2, 145.04
1494134137, 8, 367, 513, 46, 0, 4.17%, 0, 0, 2, 178.97
1494134142, 8, 370, 513, 46, 0, 4.17%, 0, 0, 2, 176.04
1494134147, 8, 375, 513, 46, 0, 4.17%, 0, 0, 2, 183.16
1494134158, 8, 378, 513, 46, 0, 4.17%, 0, 0, 2, 116.11
1494134163, 8, 384, 513, 46, 0, 4.17%, 0, 0, 2, 143.65
1494134168, 8, 389, 513, 46, 0, 4.17%, 0, 0, 2, 144.14
1494134173, 8, 393, 513, 46, 0, 4.17%, 0, 0, 2, 168.02
1494134178, 8, 394, 513, 45, 0, 4.17%, 0, 0, 2, 137.93
1494134183, 8, 395, 513, 45, 0, 4.17%, 0, 0, 2, 120.11
1494134189, 8, 397, 513, 45, 0, 4.17%, 0, 0, 2, 153.94
1494134194, 8, 398, 513, 44, 0, 4.17%, 0, 0, 2, 116.90
1494134209, 8, 407, 513, 43, 0, 4.17%, 0, 0, 2, 163.93
1494134214, 8, 414, 513, 43, 0, 4.17%, 0, 0, 2, 149.99
1494134219, 8, 418, 513, 42, 0, 4.17%, 0, 0, 2, 160.45
1494134224, 8, 426, 513, 42, 0, 4.17%, 0, 0, 2, 157.22
1494134230, 8, 427, 513, 42, 0, 4.17%, 0, 0, 2, 148.76
1494134235, 8, 429, 513, 42, 0, 4.17%, 0, 0, 2, 138.17
1494134240, 8, 430, 513, 42, 0, 4.17%, 0, 0, 2, 151.15
1494134245, 8, 436, 513, 42, 0, 4.17%, 0, 0, 2, 49.82
1494134265, 8, 437, 513, 41, 0, 4.17%, 0, 0, 2, 113.81
1494134271, 8, 501, 514, 42, 1, 4.18%, 0, 0, 2, 147.62
1494134281, 8, 513, 514, 42, 1, 4.18%, 0, 0, 2, 93.11
1494134296, 9, 0, 514, 41, 0, 4.18%, 0, 0, 2, 163.47
1494134301, 9, 2, 514, 41, 0, 4.18%, 0, 0, 2, 135.01
1494134307, 9, 4, 514, 41, 0, 4.18%, 0, 0, 2, 173.54
1494134312, 9, 7, 514, 41, 0, 4.18%, 0, 0, 2, 179.99
1494134317, 9, 11, 514, 41, 0, 4.18%, 0, 0, 2, 187.57
1494134322, 9, 14, 514, 41, 0, 4.18%, 0, 0, 2, 161.93
1494134327, 9, 17, 514, 41, 0, 4.18%, 0, 0, 2, 149.94
1494134332, 9, 21, 514, 41, 0, 4.18%, 0, 0, 2, 172.54
1494134338, 9, 26, 514, 41, 0, 4.18%, 0, 0, 2, 210.78
1494134343, 9, 27, 514, 41, 0, 4.18%, 0, 0, 2, 186.56
1494134348, 9, 29, 514, 41, 0, 4.18%, 0, 0, 2, 160.89
1494134353, 9, 30, 514, 41, 0, 4.18%, 0, 0, 2, 149.03
1494134358, 9, 34, 514, 41, 0, 4.18%, 0, 0, 2, 171.56
1494134363, 9, 39, 514, 41, 0, 4.18%, 0, 0, 2, 179.50
1494134368, 9, 44, 514, 41, 0, 4.18%, 0, 0, 2, 168.97
1494134373, 9, 46, 514, 41, 0, 4.18%, 0, 0, 2, 170.07
1494134378, 9, 49, 514, 41, 0, 4.18%, 0, 0, 2, 148.25
1494134384, 9, 51, 514, 41, 0, 4.18%, 0, 0, 2, 180.44
1494134389, 9, 56, 514, 41, 0, 4.18%, 0, 0, 2, 186.74
1494134394, 9, 60, 514, 41, 0, 4.18%, 0, 0, 2, 145.24
1494134399, 9, 61, 514, 41, 0, 4.18%, 0, 0, 2, 142.19
1494134404, 9, 63, 514, 41, 0, 4.18%, 0, 0, 2, 157.74
1494134409, 9, 67, 514, 41, 0, 4.18%, 0, 0, 2, 171.51
1494134414, 9, 71, 514, 41, 0, 4.18%, 0, 0, 2, 155.34
1494134419, 9, 74, 514, 41, 0, 4.18%, 0, 0, 2, 189.68
1494134424, 9, 77, 514, 41, 0, 4.18%, 0, 0, 2, 152.13
1494134429, 9, 80, 514, 41, 0, 4.18%, 0, 0, 2, 150.97
1494134434, 9, 83, 514, 41, 0, 4.18%, 0, 0, 2, 169.73
1494134440, 9, 85, 514, 41, 0, 4.18%, 0, 0, 2, 177.48
1494134445, 9, 87, 514, 41, 0, 4.18%, 0, 0, 2, 183.20
1494134450, 9, 89, 514, 41, 0, 4.18%, 0, 0, 2, 170.75
1494134455, 9, 94, 514, 41, 0, 4.18%, 0, 0, 2, 185.11
1494134460, 9, 97, 514, 41, 0, 4.18%, 0, 0, 2, 25.97
1494134465, 9, 99, 514, 41, 0, 4.18%, 0, 0, 2, 181.54
1494134470, 9, 105, 514, 41, 0, 4.18%, 0, 0, 2, 173.12
1494134475, 9, 107, 514, 41, 0, 4.18%, 0, 0, 2, 149.56
1494134481, 9, 108, 514, 41, 0, 4.18%, 0, 0, 2, 108.81
1494134486, 9, 115, 514, 41, 0, 4.18%, 0, 0, 2, 153.13
1494134491, 9, 119, 514, 41, 0, 4.18%, 0, 0, 2, 182.03
1494134496, 9, 123, 514, 41, 0, 4.18%, 0, 0, 2, 207.31
1494134506, 9, 128, 514, 41, 0, 4.18%, 0, 0, 2, 142.19
1494134511, 9, 133, 514, 41, 0, 4.18%, 0, 0, 2, 200.23
1494134517, 9, 136, 514, 41, 0, 4.18%, 0, 0, 2, 198.03
1494134522, 9, 139, 514, 41, 0, 4.18%, 0, 0, 2, 155.19
1494134527, 9, 142, 514, 41, 0, 4.18%, 0, 0, 2, 181.38
1494134532, 9, 144, 514, 41, 0, 4.18%, 0, 0, 2, 167.67
1494134537, 9, 145, 514, 41, 0, 4.18%, 0, 0, 2, 174.29
1494134542, 9, 153, 514, 41, 0, 4.18%, 0, 0, 2, 188.06
1494134547, 9, 155, 514, 41, 0, 4.18%, 0, 0, 2, 193.23
1494134552, 9, 160, 514, 41, 0, 4.18%, 0, 0, 2, 177.43
1494134557, 9, 167, 514, 41, 0, 4.18%, 0, 0, 2, 170.62
1494134562, 9, 174, 514, 41, 0, 4.18%, 0, 0, 2, 178.18
1494134568, 9, 179, 514, 41, 0, 4.18%, 0, 0, 2, 168.55
1494134578, 9, 183, 514, 40, 0, 4.18%, 0, 0, 2, 186.43
1494134583, 9, 186, 514, 40, 0, 4.18%, 0, 0, 2, 188.75
1494134588, 9, 191, 514, 40, 0, 4.18%, 0, 0, 2, 181.59
1494134593, 9, 193, 514, 39, 0, 4.18%, 0, 0, 2, 169.80
1494134599, 9, 194, 514, 39, 0, 4.18%, 0, 0, 2, 170.02
1494134604, 9, 197, 514, 39, 0, 4.18%, 0, 0, 2, 172.41
1494134609, 9, 201, 514, 39, 0, 4.18%, 0, 0, 2, 158.70
1494134614, 9, 203, 514, 39, 0, 4.18%, 0, 0, 2, 181.01
1494134619, 9, 207, 514, 39, 0, 4.18%, 0, 0, 2, 193.87
1494134624, 9, 209, 514, 39, 0, 4.18%, 0, 0, 2, 184.81
1494134629, 9, 213, 514, 39, 0, 4.18%, 0, 0, 2, 181.31
1494134634, 9, 217, 514, 39, 0, 4.18%, 0, 0, 2, 173.40
1494134640, 9, 220, 514, 39, 0, 4.18%, 0, 0, 2, 147.23
1494134645, 9, 226, 514, 39, 0, 4.18%, 0, 0, 2, 170.17
1494134650, 9, 229, 514, 39, 0, 4.18%, 0, 0, 2, 186.31
1494134655, 9, 231, 514, 39, 0, 4.18%, 0, 0, 2, 169.17
1494134660, 9, 236, 514, 39, 0, 4.18%, 0, 0, 2, 175.27
1494134666, 9, 244, 514, 39, 0, 4.18%, 0, 0, 2, 175.34
1494134676, 9, 248, 514, 39, 0, 4.18%, 0, 0, 2, 187.76
1494134681, 9, 255, 514, 38, 0, 4.18%, 0, 0, 2, 179.39
1494134686, 9, 256, 514, 38, 0, 4.18%, 0, 0, 2, 174.39
1494134691, 9, 259, 514, 38, 0, 4.18%, 0, 0, 2, 168.08
1494134696, 9, 261, 514, 38, 0, 4.18%, 0, 0, 2, 184.41
1494134701, 9, 262, 514, 38, 0, 4.18%, 0, 0, 2, 186.25
1494134707, 9, 268, 514, 38, 0, 4.18%, 0, 0, 2, 173.00
1494134712, 9, 279, 514, 38, 0, 4.18%, 0, 0, 2, 156.20
1494134717, 9, 283, 514, 38, 0, 4.18%, 0, 0, 2, 184.25
1494134722, 9, 288, 514, 38, 0, 4.18%, 0, 0, 2, 96.35
1494134727, 9, 293, 514, 38, 0, 4.18%, 0, 0, 2, 148.09
1494134732, 9, 294, 514, 38, 0, 4.18%, 0, 0, 2, 176.04
1494134737, 9, 296, 514, 38, 0, 4.18%, 0, 0, 2, 165.56
1494134742, 9, 310, 514, 38, 0, 4.18%, 0, 0, 2, 78.17
1494134773, 9, 318, 514, 37, 0, 4.18%, 0, 0, 2, 157.19
1494134778, 9, 323, 514, 37, 0, 4.18%, 0, 0, 2, 148.53
1494134783, 9, 327, 514, 37, 0, 4.18%, 0, 0, 2, 162.63
1494134789, 9, 329, 514, 36, 0, 4.18%, 0, 0, 2, 190.84
1494134794, 9, 335, 514, 36, 0, 4.18%, 0, 0, 2, 187.49
1494134799, 9, 339, 514, 36, 0, 4.18%, 0, 0, 2, 132.31
1494134804, 9, 347, 514, 36, 0, 4.18%, 0, 0, 2, 136.35
1494134809, 9, 354, 514, 36, 0, 4.18%, 0, 0, 2, 127.31
1494134814, 9, 362, 514, 36, 0, 4.18%, 0, 0, 2, 165.74
1494134819, 9, 364, 514, 36, 0, 4.18%, 0, 0, 2, 180.06
1494134825, 9, 366, 514, 36, 0, 4.18%, 0, 0, 2, 167.13
1494134830, 9, 368, 514, 36, 0, 4.18%, 0, 0, 2, 171.81
1494134845, 9, 369, 514, 35, 0, 4.18%, 0, 0, 2, 157.16
1494134850, 9, 370, 514, 35, 0, 4.18%, 0, 0, 2, 170.78
1494134855, 9, 375, 514, 35, 0, 4.18%, 0, 0, 2, 185.17
1494134861, 9, 377, 514, 35, 0, 4.18%, 0, 0, 2, 179.85
1494134866, 9, 383, 514, 35, 0, 4.18%, 0, 0, 2, 136.83
1494134871, 9, 386, 514, 35, 0, 4.18%, 0, 0, 2, 173.59
1494134876, 9, 394, 514, 35, 0, 4.18%, 0, 0, 2, 45.23
1494134881, 9, 403, 514, 35, 0, 4.18%, 0, 0, 2, 141.95
1494134886, 9, 407, 514, 35, 0, 4.18%, 0, 0, 2, 153.92
1494134891, 9, 409, 514, 35, 0, 4.18%, 0, 0, 2, 161.82
1494134896, 9, 414, 514, 34, 0, 4.18%, 0, 0, 2, 143.18
1494134901, 9, 420, 514, 34, 0, 4.18%, 0, 0, 2, 146.63
1494134906, 9, 426, 514, 34, 0, 4.18%, 0, 0, 2, 138.84
1494134911, 9, 427, 514, 34, 0, 4.18%, 0, 0, 2, 129.40
1494134916, 9, 429, 514, 34, 0, 4.18%, 0, 0, 2, 137.08
1494134921, 9, 437, 514, 34, 0, 4.18%, 0, 0, 2, 155.46
1494134927, 9, 439, 514, 34, 0, 4.18%, 0, 0, 2, 142.67
1494134932, 9, 447, 514, 34, 0, 4.18%, 0, 0, 2, 137.47
1494134937, 9, 452, 514, 34, 0, 4.18%, 0, 0, 2, 138.89
1494134942, 9, 459, 514, 34, 0, 4.18%, 0, 0, 2, 161.72
1494134947, 9, 466, 514, 34, 0, 4.18%, 0, 0, 2, 178.27
1494134952, 9, 467, 514, 34, 0, 4.18%, 0, 0, 2, 118.42
1494134958, 9, 482, 514, 34, 0, 4.18%, 0, 0, 2, 141.23
1494134963, 9, 487, 514, 34, 0, 4.18%, 0, 0, 2, 178.14
1494134968, 9, 494, 514, 34, 0, 4.18%, 0, 0, 2, 154.53
1494134973, 9, 496, 514, 34, 0, 4.18%, 0, 0, 2, 146.01
1494134978, 9, 500, 514, 34, 0, 4.18%, 0, 0, 2, 155.05
1494134983, 9, 505, 514, 34, 0, 4.18%, 0, 0, 2, 174.05
1494134988, 9, 512, 514, 34, 0, 4.18%, 0, 0, 2, 161.98
1494134993, 9, 513, 514, 34, 0, 4.18%, 0, 0, 2, 155.78
1494135003, 10, 0, 514, 34, 0, 4.18%, 0, 0, 2, 146.91
1494135009, 10, 1, 514, 34, 0, 4.18%, 0, 0, 2, 158.36
1494135014, 10, 3, 514, 34, 0, 4.18%, 0, 0, 2, 163.77
