# unix_time, cycles_done, cur_path, paths_total, pending_total, pending_favs, map_size, unique_crashes, unique_hangs, max_depth, execs_per_sec
1493995524, 0, 0, 202, 202, 116, 3.55%, 0, 0, 1, 270.57
1493995529, 0, 1, 204, 203, 115, 3.56%, 0, 0, 2, 553.15
1493995534, 0, 2, 211, 209, 115, 3.57%, 0, 0, 2, 774.29
1493995539, 0, 2, 214, 212, 115, 3.59%, 0, 0, 2, 555.23
1493995544, 0, 4, 215, 211, 119, 3.59%, 0, 0, 2, 827.03
1493995549, 0, 5, 222, 217, 118, 3.62%, 0, 0, 2, 830.69
1493995554, 0, 5, 226, 221, 118, 3.65%, 0, 0, 2, 671.55
1493995560, 0, 11, 238, 229, 125, 3.68%, 0, 0, 2, 1139.75
1493995565, 0, 31, 240, 225, 119, 3.68%, 0, 0, 2, 867.09
1493995570, 0, 46, 241, 220, 114, 3.68%, 0, 0, 2, 1013.26
1493995575, 0, 55, 242, 217, 110, 3.68%, 0, 0, 2, 809.21
1493995580, 0, 61, 242, 213, 106, 3.68%, 0, 0, 2, 1003.95
1493995585, 0, 66, 242, 209, 102, 3.68%, 0, 0, 2, 732.47
1493995590, 0, 69, 243, 208, 100, 3.68%, 0, 0, 2, 770.39
1493995596, 0, 76, 244, 204, 96, 3.69%, 0, 0, 2, 880.93
1493995601, 0, 83, 244, 200, 92, 3.69%, 0, 0, 2, 929.48
1493995606, 0, 87, 245, 197, 88, 3.69%, 0, 0, 2, 973.34
1493995611, 0, 96, 250, 197, 85, 3.69%, 0, 0, 2, 1050.37
1493995616, 0, 112, 252, 193, 79, 3.69%, 0, 0, 2, 1093.10
1493995622, 0, 121, 253, 187, 72, 3.69%, 0, 0, 2, 152.65
1493995627, 0, 140, 254, 183, 67, 3.69%, 0, 0, 2, 379.54
1493995632, 0, 142, 255, 182, 65, 3.69%, 0, 0, 2, 71.20
1493995637, 0, 146, 255, 179, 62, 3.69%, 0, 0, 2, 54.51
1493995642, 0, 149, 255, 176, 59, 3.69%, 0, 0, 2, 32.44
1493995647, 0, 152, 255, 173, 56, 3.69%, 0, 0, 2, 36.87
1493995652, 0, 158, 255, 171, 54, 3.69%, 0, 0, 2, 125.51
1493995657, 0, 162, 255, 168, 51, 3.69%, 0, 0, 2, 151.38
1493995662, 0, 173, 255, 163, 46, 3.69%, 0, 0, 2, 35.37
1493995667, 0, 179, 255, 159, 42, 3.69%, 0, 0, 2, 13.53
1493995672, 0, 188, 255, 155, 38, 3.69%, 0, 0, 2, 87.87
1493995677, 0, 192, 255, 152, 35, 3.69%, 0, 0, 2, 54.45
1493995682, 0, 195, 256, 150, 32, 3.69%, 0, 0, 2, 94.12
1493995687, 0, 198, 256, 147, 29, 3.69%, 0, 0, 2, 20.01
1493995692, 0, 201, 256, 144, 26, 3.69%, 0, 0, 2, 46.14
1493995697, 0, 204, 256, 142, 24, 3.69%, 0, 0, 2, 67.27
1493995702, 0, 208, 257, 140, 21, 3.69%, 0, 0, 2, 34.83
1493995707, 0, 210, 257, 138, 19, 3.69%, 0, 0, 2, 516.74
1493995712, 0, 215, 259, 138, 17, 3.70%, 0, 0, 3, 55.06
1493995717, 0, 217, 260, 137, 15, 3.70%, 0, 0, 3, 11.37
1493995722, 0, 220, 261, 135, 12, 3.70%, 0, 0, 3, 47.41
1493995727, 0, 232, 261, 132, 9, 3.70%, 0, 0, 3, 11.69
1493995732, 0, 236, 266, 135, 9, 3.70%, 0, 0, 3, 63.27
1493995737, 0, 244, 267, 133, 6, 3.70%, 0, 0, 3, 57.47
1493995742, 0, 259, 267, 130, 3, 3.70%, 0, 0, 3, 36.77
1493995747, 0, 264, 267, 128, 1, 3.70%, 0, 0, 3, 46.02
1493995752, 1, 220, 271, 130, 1, 3.70%, 0, 0, 3, 64.25
1493995757, 1, 269, 273, 131, 1, 3.70%, 0, 0, 3, 62.28
1493995762, 2, 1, 273, 129, 0, 3.70%, 0, 0, 3, 16.33
1493995767, 2, 273, 276, 131, 1, 3.70%, 0, 0, 3, 64.91
1493995772, 2, 273, 278, 133, 1, 3.71%, 0, 0, 3, 26.59
1493995777, 2, 274, 279, 133, 2, 3.71%, 0, 0, 3, 25.50
1493995782, 2, 279, 280, 132, 1, 3.72%, 0, 0, 3, 99.25
1493995787, 2, 282, 285, 135, 4, 3.74%, 0, 0, 3, 12.29
1493995797, 2, 283, 287, 136, 3, 3.75%, 0, 0, 3, 35.40
1493995802, 2, 284, 287, 135, 4, 3.75%, 0, 0, 3, 107.52
1493995807, 2, 286, 289, 135, 4, 3.77%, 0, 0, 3, 88.14
1493995812, 2, 288, 290, 134, 3, 3.77%, 0, 0, 3, 23.95
1493995817, 2, 289, 292, 135, 2, 3.79%, 0, 0, 3, 54.09
1493995822, 2, 291, 301, 142, 8, 3.83%, 0, 0, 4, 12.08
1493995827, 2, 296, 301, 139, 6, 3.83%, 0, 0, 4, 78.65
1493995832, 2, 296, 302, 140, 6, 3.83%, 0, 0, 4, 12.12
1493995837, 2, 297, 302, 139, 5, 3.83%, 0, 0, 4, 12.11
1493995842, 2, 299, 309, 144, 9, 3.86%, 0, 0, 4, 8.26
1493995847, 2, 300, 309, 143, 8, 3.86%, 0, 0, 4, 10.49
1493995852, 2, 304, 309, 140, 5, 3.86%, 0, 0, 4, 22.22
1493995857, 2, 305, 310, 140, 4, 3.86%, 0, 0, 4, 23.79
1493995862, 2, 306, 310, 139, 3, 3.86%, 0, 0, 4, 116.78
1493995867, 2, 307, 310, 138, 2, 3.86%, 0, 0, 4, 48.45
1493995866, 3, 30, 310, 137, 1, 3.86%, 0, 0, 4, 0.00
1493995872, 3, 185, 314, 139, 1, 3.86%, 0, 0, 4, 109.54
1493995871, 3, 204, 314, 139, 1, 3.86%, 0, 0, 4, 0.00
1493995877, 3, 314, 317, 141, 1, 3.86%, 0, 0, 4, 79.17
1493995881, 3, 318, 319, 142, 1, 3.86%, 0, 0, 4, 0.00
1493995887, 3, 319, 321, 143, 1, 3.86%, 0, 0, 4, 13.64
1493995892, 4, 52, 327, 148, 1, 3.87%, 0, 0, 4, 117.41
1493995897, 4, 263, 327, 144, 1, 3.87%, 0, 0, 4, 25.74
1493995896, 4, 309, 327, 144, 1, 3.87%, 0, 0, 4, 0.00
1493995902, 4, 326, 328, 143, 1, 3.87%, 0, 0, 4, 37.50
1493995907, 4, 327, 329, 143, 1, 3.87%, 0, 0, 4, 86.72
1493995912, 4, 328, 330, 143, 1, 3.87%, 0, 0, 4, 47.06
1493995922, 4, 332, 333, 145, 1, 3.88%, 0, 0, 4, 113.53
1493995927, 5, 3, 333, 144, 0, 3.88%, 0, 0, 4, 42.43
1493995932, 5, 68, 334, 145, 1, 3.88%, 0, 0, 4, 50.04
1493995937, 5, 306, 334, 145, 1, 3.88%, 0, 0, 4, 68.53
1493995942, 5, 319, 336, 147, 1, 3.88%, 0, 0, 4, 23.76
1493995947, 5, 333, 336, 147, 1, 3.88%, 0, 0, 4, 90.65
1493995952, 6, 2, 336, 146, 0, 3.88%, 0, 0, 4, 54.15
1493995957, 6, 11, 340, 150, 0, 3.88%, 0, 0, 4, 47.86
1493995962, 6, 22, 340, 150, 0, 3.88%, 0, 0, 4, 13.31
1493995961, 6, 26, 340, 149, 0, 3.88%, 0, 0, 4, 0.00
1493995967, 6, 32, 340, 148, 0, 3.88%, 0, 0, 4, 11.96
1493995972, 6, 39, 340, 145, 0, 3.88%, 0, 0, 4, 117.45
1493995971, 6, 40, 340, 145, 0, 3.88%, 0, 0, 4, 0.00
1493995977, 6, 49, 340, 144, 0, 3.88%, 0, 0, 4, 59.41
1493995982, 6, 57, 340, 144, 0, 3.88%, 0, 0, 4, 78.06
1493995987, 6, 62, 341, 145, 0, 3.88%, 0, 0, 4, 66.39
1493995992, 6, 66, 342, 146, 0, 3.88%, 0, 0, 4, 97.77
1493995997, 6, 70, 342, 146, 0, 3.88%, 0, 0, 4, 45.32
1493996002, 6, 77, 345, 149, 0, 3.88%, 0, 0, 4, 30.13
1493996007, 6, 85, 345, 149, 0, 3.88%, 0, 0, 4, 109.08
1493996012, 6, 88, 346, 150, 0, 3.88%, 0, 0, 4, 0.76
1493996011, 6, 89, 346, 150, 0, 3.88%, 0, 0, 4, 0.00
1493996017, 6, 96, 346, 149, 0, 3.88%, 0, 0, 4, 98.36
1493996022, 6, 102, 346, 148, 0, 3.88%, 0, 0, 4, 83.86
1493996027, 6, 112, 346, 146, 0, 3.88%, 0, 0, 4, 76.60
1493996032, 6, 118, 346, 146, 0, 3.88%, 0, 0, 4, 12.75
1493996037, 6, 128, 346, 146, 0, 3.88%, 0, 0, 4, 50.61
1493996042, 6, 138, 346, 142, 0, 3.88%, 0, 0, 4, 92.59
1493996047, 6, 140, 346, 141, 0, 3.88%, 0, 0, 4, 108.55
1493996052, 6, 145, 346, 141, 0, 3.88%, 0, 0, 4, 113.36
1493996057, 6, 346, 351, 146, 2, 3.88%, 0, 0, 4, 122.75
1493996062, 6, 347, 354, 148, 3, 3.88%, 0, 0, 4, 122.86
1493996067, 6, 349, 354, 147, 3, 3.88%, 0, 0, 4, 60.98
1493996072, 6, 350, 356, 148, 2, 3.88%, 0, 0, 4, 153.53
1493996082, 6, 353, 359, 150, 2, 3.88%, 0, 0, 4, 124.65
1493996087, 6, 353, 360, 151, 2, 3.88%, 0, 0, 4, 12.91
1493996097, 6, 354, 362, 152, 1, 3.88%, 0, 0, 5, 48.07
1493996107, 6, 355, 366, 155, 0, 3.88%, 0, 0, 5, 70.85
1493996117, 7, 2, 366, 154, 0, 3.88%, 0, 0, 5, 74.15
1493996122, 7, 10, 374, 162, 0, 3.88%, 0, 0, 5, 66.12
1493996127, 7, 20, 377, 164, 0, 3.88%, 0, 0, 5, 116.09
1493996132, 7, 31, 377, 163, 0, 3.88%, 0, 0, 5, 29.67
1493996131, 7, 32, 377, 163, 0, 3.88%, 0, 0, 5, 0.00
1493996137, 7, 37, 380, 165, 0, 3.88%, 0, 0, 5, 85.35
1493996142, 7, 44, 382, 165, 0, 3.88%, 0, 0, 5, 54.05
1493996147, 7, 51, 383, 165, 0, 3.88%, 0, 0, 5, 90.79
1493996152, 7, 57, 384, 166, 0, 3.88%, 0, 0, 5, 58.29
1493996157, 7, 61, 384, 165, 0, 3.88%, 0, 0, 5, 49.54
1493996162, 7, 64, 386, 167, 0, 3.88%, 0, 0, 5, 40.00
1493996167, 7, 69, 391, 172, 0, 3.88%, 0, 0, 5, 79.89
1493996172, 7, 192, 393, 174, 1, 3.88%, 0, 0, 5, 20.96
1493996177, 8, 1, 393, 173, 0, 3.88%, 0, 0, 5, 39.05
1493996182, 8, 393, 399, 179, 1, 3.88%, 0, 0, 5, 43.96
1493996192, 8, 397, 399, 178, 2, 3.88%, 0, 0, 5, 72.04
1493996197, 8, 398, 399, 177, 1, 3.88%, 0, 0, 5, 106.44
1493996202, 9, 196, 406, 183, 2, 3.89%, 0, 0, 5, 77.39
1493996207, 9, 400, 406, 183, 2, 3.89%, 0, 0, 5, 56.64
1493996212, 9, 403, 406, 182, 1, 3.89%, 0, 0, 5, 47.20
1493996222, 10, 19, 412, 187, 1, 3.89%, 0, 0, 5, 47.50
1493996227, 10, 185, 414, 188, 1, 3.89%, 0, 0, 5, 97.31
1493996232, 10, 266, 415, 188, 1, 3.89%, 0, 0, 5, 47.37
1493996237, 10, 413, 415, 186, 0, 3.89%, 0, 0, 5, 53.22
1493996236, 10, 413, 416, 187, 0, 3.89%, 0, 0, 5, 0.00
1493996242, 10, 413, 417, 188, 0, 3.89%, 0, 0, 5, 84.43
1493996247, 10, 414, 418, 188, 0, 3.89%, 0, 0, 5, 6.83
1493996252, 10, 415, 418, 187, 0, 3.89%, 0, 0, 5, 12.63
1493996257, 11, 2, 419, 187, 0, 3.89%, 0, 0, 5, 23.93
1493996262, 11, 10, 419, 187, 0, 3.89%, 0, 0, 5, 86.23
1493996267, 11, 14, 422, 190, 0, 3.89%, 0, 0, 5, 26.97
1493996266, 11, 15, 422, 190, 0, 3.89%, 0, 0, 5, 0.00
1493996272, 11, 20, 423, 189, 0, 3.89%, 0, 0, 5, 127.83
1493996277, 11, 260, 424, 188, 1, 3.89%, 0, 0, 5, 118.92
1493996282, 11, 423, 428, 191, 1, 3.89%, 0, 0, 5, 162.93
1493996292, 11, 427, 428, 189, 0, 3.89%, 0, 0, 5, 32.79
1493996297, 11, 428, 431, 191, 0, 3.89%, 0, 0, 5, 139.50
1493996302, 11, 428, 432, 192, 0, 3.89%, 0, 0, 5, 46.29
1493996307, 11, 430, 432, 191, 0, 3.89%, 0, 0, 5, 68.20
1493996312, 11, 430, 434, 193, 0, 3.89%, 0, 0, 5, 77.46
1493996317, 12, 1, 434, 192, 0, 3.89%, 0, 0, 5, 85.39
1493996322, 12, 122, 439, 196, 1, 3.89%, 0, 0, 5, 99.79
1493996327, 12, 351, 440, 197, 1, 3.89%, 0, 0, 5, 13.19
1493996332, 12, 435, 442, 197, 1, 3.89%, 0, 0, 5, 110.12
1493996342, 12, 436, 442, 196, 0, 3.89%, 0, 0, 5, 102.83
1493996347, 12, 438, 442, 195, 0, 3.89%, 0, 0, 5, 81.98
1493996352, 12, 440, 442, 194, 0, 3.89%, 0, 0, 5, 47.48
1493996357, 13, 2, 445, 196, 0, 3.89%, 0, 0, 5, 10.59
1493996362, 13, 10, 445, 195, 0, 3.89%, 0, 0, 5, 51.62
1493996367, 13, 20, 445, 195, 0, 3.89%, 0, 0, 5, 135.88
1493996372, 13, 30, 445, 194, 0, 3.89%, 0, 0, 5, 64.66
1493996377, 13, 40, 445, 194, 0, 3.89%, 0, 0, 5, 119.76
1493996382, 13, 47, 445, 193, 0, 3.89%, 0, 0, 5, 33.09
1493996387, 13, 57, 445, 192, 0, 3.89%, 0, 0, 5, 68.87
1493996392, 13, 63, 445, 192, 0, 3.89%, 0, 0, 5, 51.14
1493996397, 13, 69, 445, 192, 0, 3.89%, 0, 0, 5, 60.11
1493996402, 13, 74, 446, 193, 0, 3.89%, 0, 0, 5, 139.69
1493996407, 13, 85, 447, 193, 0, 3.89%, 0, 0, 5, 25.41
1493996412, 13, 88, 447, 193, 0, 3.89%, 0, 0, 5, 128.10
1493996411, 13, 92, 447, 193, 0, 3.89%, 0, 0, 5, 0.00
1493996417, 13, 98, 447, 191, 0, 3.89%, 0, 0, 5, 39.86
1493996422, 13, 112, 447, 191, 0, 3.89%, 0, 0, 5, 63.74
1493996427, 13, 121, 447, 191, 0, 3.89%, 0, 0, 5, 112.47
1493996432, 13, 137, 447, 190, 0, 3.89%, 0, 0, 5, 91.04
1493996437, 13, 194, 448, 190, 1, 3.89%, 0, 0, 5, 25.45
1493996442, 13, 420, 448, 190, 1, 3.89%, 0, 0, 5, 88.28
1493996447, 13, 447, 448, 189, 1, 3.89%, 0, 0, 5, 128.34
1493996452, 13, 448, 453, 193, 1, 3.90%, 0, 0, 5, 86.78
1493996462, 13, 450, 453, 192, 1, 3.90%, 0, 0, 5, 29.35
1493996467, 13, 450, 454, 193, 1, 3.90%, 0, 0, 5, 38.36
1493996472, 13, 453, 454, 192, 1, 3.90%, 0, 0, 5, 68.66
1493996477, 14, 1, 455, 192, 0, 3.90%, 0, 0, 5, 48.24
1493996476, 14, 24, 455, 192, 1, 3.90%, 0, 0, 5, 0.00
1493996482, 14, 345, 455, 192, 1, 3.90%, 0, 0, 5, 128.26
1493996487, 14, 420, 455, 191, 1, 3.90%, 0, 0, 5, 23.85
1493996492, 14, 445, 456, 192, 1, 3.90%, 0, 0, 5, 12.91
1493996502, 14, 454, 456, 191, 1, 3.90%, 0, 0, 5, 51.17
1493996507, 15, 1, 456, 190, 0, 3.90%, 0, 0, 5, 33.22
1493996506, 15, 2, 456, 190, 0, 3.90%, 0, 0, 5, 0.00
1493996512, 15, 10, 456, 190, 0, 3.90%, 0, 0, 5, 12.99
1493996517, 15, 20, 456, 189, 0, 3.90%, 0, 0, 5, 82.10
1493996522, 15, 27, 456, 189, 0, 3.90%, 0, 0, 5, 64.35
1493996527, 15, 35, 456, 188, 0, 3.90%, 0, 0, 5, 53.48
1493996532, 15, 46, 456, 187, 0, 3.90%, 0, 0, 5, 51.36
1493996537, 15, 56, 456, 187, 0, 3.90%, 0, 0, 5, 133.63
1493996542, 15, 59, 457, 187, 0, 3.90%, 0, 0, 5, 45.42
1493996547, 15, 64, 457, 187, 0, 3.90%, 0, 0, 5, 35.37
1493996552, 15, 68, 457, 186, 0, 3.90%, 0, 0, 5, 23.93
1493996557, 15, 73, 457, 186, 0, 3.90%, 0, 0, 5, 63.20
1493996562, 15, 75, 458, 187, 0, 3.90%, 0, 0, 5, 72.75
1493996567, 15, 85, 458, 186, 0, 3.90%, 0, 0, 5, 12.22
