# unix_time, cycles_done, cur_path, paths_total, pending_total, pending_favs, map_size, unique_crashes, unique_hangs, max_depth, execs_per_sec
1494939513, 0, 0, 224, 224, 175, 3.25%, 0, 0, 1, 224.97
1494939518, 0, 0, 225, 224, 174, 3.25%, 0, 0, 1, 171.37
1494939565, 0, 1, 225, 224, 174, 3.25%, 0, 0, 1, 131.87
1494939570, 0, 3, 225, 222, 172, 3.25%, 0, 0, 1, 134.89
1494939580, 0, 4, 225, 221, 171, 3.25%, 0, 0, 1, 150.28
1494939585, 0, 5, 225, 220, 170, 3.25%, 0, 0, 1, 154.88
1494939590, 0, 8, 225, 218, 168, 3.25%, 0, 0, 1, 139.97
1494939595, 0, 10, 225, 216, 166, 3.25%, 0, 0, 1, 143.25
1494939600, 0, 12, 225, 215, 165, 3.25%, 0, 0, 1, 151.85
1494939611, 0, 14, 225, 213, 163, 3.25%, 0, 0, 1, 158.64
1494939616, 0, 16, 225, 211, 161, 3.25%, 0, 0, 1, 145.64
1494939626, 0, 18, 225, 209, 159, 3.25%, 0, 0, 1, 138.96
1494939631, 0, 20, 225, 207, 157, 3.25%, 0, 0, 1, 135.15
1494939636, 0, 21, 225, 206, 156, 3.25%, 0, 0, 1, 126.23
1494939641, 0, 23, 225, 204, 154, 3.25%, 0, 0, 1, 127.40
1494939662, 0, 25, 225, 202, 152, 3.25%, 0, 0, 1, 135.42
1494939667, 0, 27, 225, 200, 150, 3.25%, 0, 0, 1, 129.99
1494939672, 0, 29, 225, 198, 148, 3.25%, 0, 0, 1, 130.53
1494939677, 0, 30, 225, 197, 147, 3.25%, 0, 0, 1, 137.68
1494939682, 0, 31, 225, 196, 146, 3.25%, 0, 0, 1, 142.99
1494939687, 0, 32, 225, 195, 145, 3.25%, 0, 0, 1, 126.83
1494939692, 0, 33, 225, 194, 144, 3.25%, 0, 0, 1, 132.67
1494939702, 0, 35, 225, 193, 143, 3.25%, 0, 0, 1, 127.97
1494939718, 0, 36, 225, 192, 142, 3.25%, 0, 0, 1, 122.94
1494939723, 0, 37, 225, 191, 141, 3.25%, 0, 0, 1, 125.73
1494939734, 0, 40, 225, 189, 139, 3.25%, 0, 0, 1, 136.81
1494939749, 0, 41, 225, 188, 138, 3.25%, 0, 0, 1, 127.23
1494939754, 0, 42, 225, 187, 137, 3.25%, 0, 0, 1, 130.45
1494939759, 0, 44, 225, 186, 136, 3.25%, 0, 0, 1, 124.50
1494939769, 0, 45, 225, 185, 135, 3.25%, 0, 0, 1, 132.51
1494939780, 0, 46, 225, 184, 134, 3.25%, 0, 0, 1, 138.25
1494939785, 0, 47, 225, 183, 133, 3.25%, 0, 0, 1, 131.15
1494939800, 0, 48, 225, 182, 132, 3.25%, 0, 0, 1, 120.42
1494939805, 0, 49, 225, 181, 131, 3.25%, 0, 0, 1, 129.98
1494939820, 0, 50, 225, 180, 130, 3.25%, 0, 0, 1, 129.36
1494939836, 0, 51, 225, 179, 129, 3.25%, 0, 0, 1, 138.29
1494939841, 0, 52, 225, 178, 128, 3.25%, 0, 0, 1, 125.80
1494939846, 0, 54, 225, 177, 127, 3.25%, 0, 0, 1, 126.24
1494939861, 0, 55, 225, 176, 126, 3.25%, 0, 0, 1, 117.24
1494939866, 0, 56, 225, 175, 125, 3.25%, 0, 0, 1, 120.05
1494939882, 0, 57, 225, 174, 124, 3.25%, 0, 0, 1, 141.16
1494939887, 0, 60, 225, 173, 123, 3.25%, 0, 0, 1, 147.10
1494939902, 0, 61, 225, 172, 122, 3.25%, 0, 0, 1, 142.00
1494939907, 0, 63, 225, 171, 121, 3.25%, 0, 0, 1, 142.25
1494939917, 0, 65, 225, 170, 120, 3.25%, 0, 0, 1, 148.67
1494939933, 0, 67, 225, 169, 119, 3.25%, 0, 0, 1, 148.17
1494939948, 0, 69, 225, 168, 118, 3.25%, 0, 0, 1, 137.64
1494939964, 0, 72, 225, 167, 117, 3.25%, 0, 0, 1, 136.03
1494939969, 0, 73, 225, 166, 116, 3.25%, 0, 0, 1, 135.55
1494939974, 0, 74, 225, 165, 115, 3.25%, 0, 0, 1, 131.47
1494939989, 0, 75, 225, 164, 114, 3.25%, 0, 0, 1, 143.34
1494939995, 0, 76, 225, 163, 113, 3.25%, 0, 0, 1, 145.23
1494940005, 0, 77, 225, 162, 112, 3.25%, 0, 0, 1, 144.08
1494940010, 0, 78, 225, 161, 111, 3.25%, 0, 0, 1, 152.70
1494940025, 0, 80, 225, 160, 110, 3.25%, 0, 0, 1, 145.88
1494940035, 0, 81, 225, 159, 109, 3.25%, 0, 0, 1, 144.14
1494940040, 0, 84, 225, 158, 108, 3.25%, 0, 0, 1, 144.81
1494940056, 0, 87, 225, 156, 106, 3.25%, 0, 0, 1, 130.50
1494940071, 0, 88, 225, 155, 105, 3.25%, 0, 0, 1, 135.17
1494940076, 0, 89, 225, 154, 104, 3.25%, 0, 0, 1, 141.02
1494940092, 0, 92, 225, 152, 102, 3.25%, 0, 0, 1, 147.92
1494940097, 0, 93, 225, 151, 101, 3.25%, 0, 0, 1, 144.79
1494940112, 0, 95, 225, 149, 99, 3.25%, 0, 0, 1, 138.63
1494940133, 0, 97, 225, 148, 98, 3.25%, 0, 0, 1, 127.51
1494940149, 0, 99, 225, 147, 97, 3.25%, 0, 0, 1, 124.77
1494940164, 0, 101, 225, 145, 95, 3.25%, 0, 0, 1, 126.52
1494940179, 0, 102, 225, 144, 94, 3.25%, 0, 0, 1, 121.41
1494940185, 0, 103, 225, 143, 93, 3.25%, 0, 0, 1, 130.94
1494940200, 0, 104, 225, 142, 92, 3.25%, 0, 0, 1, 131.46
1494940205, 0, 105, 225, 141, 91, 3.25%, 0, 0, 1, 135.14
1494940220, 0, 106, 225, 140, 90, 3.25%, 0, 0, 1, 134.61
1494940226, 0, 109, 225, 138, 88, 3.25%, 0, 0, 1, 139.42
1494940241, 0, 110, 225, 137, 87, 3.25%, 0, 0, 1, 128.98
1494940246, 0, 111, 225, 136, 86, 3.25%, 0, 0, 1, 129.92
1494940262, 0, 113, 225, 135, 85, 3.25%, 0, 0, 1, 126.56
1494940267, 0, 114, 225, 134, 84, 3.25%, 0, 0, 1, 124.57
1494940282, 0, 115, 225, 133, 83, 3.25%, 0, 0, 1, 132.23
1494940287, 0, 117, 225, 131, 81, 3.25%, 0, 0, 1, 123.78
1494940292, 0, 118, 225, 130, 80, 3.25%, 0, 0, 1, 128.54
1494940298, 0, 119, 225, 129, 79, 3.25%, 0, 0, 1, 140.23
1494940313, 0, 120, 225, 128, 78, 3.25%, 0, 0, 1, 128.91
1494940328, 0, 122, 225, 126, 76, 3.25%, 0, 0, 1, 124.50
1494940344, 0, 123, 225, 125, 75, 3.25%, 0, 0, 1, 129.44
1494940349, 0, 124, 225, 124, 74, 3.25%, 0, 0, 1, 146.77
1494940359, 0, 125, 225, 123, 73, 3.25%, 0, 0, 1, 156.09
1494940364, 0, 126, 225, 122, 72, 3.25%, 0, 0, 1, 147.64
1494940379, 0, 128, 225, 121, 71, 3.25%, 0, 0, 1, 151.44
1494940400, 0, 131, 225, 120, 70, 3.25%, 0, 0, 1, 141.81
1494940415, 0, 132, 225, 119, 69, 3.25%, 0, 0, 1, 151.31
1494940431, 0, 134, 225, 117, 67, 3.25%, 0, 0, 1, 145.13
1494940446, 0, 137, 225, 115, 65, 3.25%, 0, 0, 1, 153.52
1494940456, 0, 139, 225, 113, 63, 3.25%, 0, 0, 1, 141.75
1494940472, 0, 141, 225, 111, 61, 3.25%, 0, 0, 1, 147.23
1494940487, 0, 142, 225, 110, 60, 3.25%, 0, 0, 1, 151.09
1494940492, 0, 143, 225, 109, 59, 3.25%, 0, 0, 1, 148.75
1494940507, 0, 145, 225, 107, 57, 3.25%, 0, 0, 1, 150.73
1494940523, 0, 148, 225, 106, 56, 3.25%, 0, 0, 1, 136.49
1494940533, 0, 149, 225, 105, 55, 3.25%, 0, 0, 1, 152.61
1494940538, 0, 152, 225, 104, 54, 3.25%, 0, 0, 1, 142.36
1494940548, 0, 153, 225, 103, 53, 3.25%, 0, 0, 1, 148.78
1494940554, 0, 154, 225, 102, 52, 3.25%, 0, 0, 1, 145.88
1494940559, 0, 156, 225, 100, 50, 3.25%, 0, 0, 1, 150.81
1494940574, 0, 157, 225, 99, 49, 3.25%, 0, 0, 1, 146.16
1494940579, 0, 158, 225, 98, 48, 3.25%, 0, 0, 1, 145.54
1494940595, 0, 159, 225, 97, 47, 3.25%, 0, 0, 1, 132.03
1494940610, 0, 161, 225, 96, 46, 3.25%, 0, 0, 1, 128.71
1494940636, 0, 163, 225, 94, 44, 3.25%, 0, 0, 1, 127.23
1494940656, 0, 165, 225, 93, 43, 3.25%, 0, 0, 1, 127.32
1494940661, 0, 166, 225, 92, 42, 3.25%, 0, 0, 1, 132.65
1494940672, 0, 167, 225, 91, 41, 3.25%, 0, 0, 1, 123.86
1494940677, 0, 168, 225, 90, 40, 3.25%, 0, 0, 1, 134.68
1494940692, 0, 170, 225, 89, 39, 3.25%, 0, 0, 1, 130.39
1494940707, 0, 171, 225, 88, 38, 3.25%, 0, 0, 1, 120.54
1494940713, 0, 172, 225, 87, 37, 3.25%, 0, 0, 1, 120.25
1494940728, 0, 173, 225, 86, 36, 3.25%, 0, 0, 1, 123.21
1494940733, 0, 174, 225, 85, 35, 3.25%, 0, 0, 1, 121.91
1494940738, 0, 175, 225, 84, 34, 3.25%, 0, 0, 1, 125.63
1494940754, 0, 177, 225, 83, 33, 3.25%, 0, 0, 1, 130.01
1494940759, 0, 178, 225, 82, 32, 3.25%, 0, 0, 1, 124.31
1494940779, 0, 181, 225, 80, 30, 3.25%, 0, 0, 1, 123.51
1494940789, 0, 182, 225, 79, 29, 3.25%, 0, 0, 1, 138.06
1494940800, 0, 183, 225, 78, 28, 3.25%, 0, 0, 1, 132.41
1494940805, 0, 184, 225, 77, 27, 3.25%, 0, 0, 1, 136.86
1494940820, 0, 186, 225, 75, 25, 3.25%, 0, 0, 1, 138.84
1494940836, 0, 188, 225, 74, 24, 3.25%, 0, 0, 1, 140.46
1494940851, 0, 189, 225, 73, 23, 3.25%, 0, 0, 1, 154.24
1494940856, 0, 190, 225, 72, 22, 3.25%, 0, 0, 1, 152.33
1494940867, 0, 192, 225, 71, 21, 3.25%, 0, 0, 1, 155.34
1494940882, 0, 194, 225, 70, 20, 3.25%, 0, 0, 1, 144.29
1494940897, 0, 195, 225, 69, 19, 3.25%, 0, 0, 1, 148.56
1494940903, 0, 196, 225, 68, 18, 3.25%, 0, 0, 1, 158.42
1494940923, 0, 198, 225, 67, 17, 3.25%, 0, 0, 1, 146.54
1494940938, 0, 199, 225, 66, 16, 3.25%, 0, 0, 1, 145.75
1494940944, 0, 201, 225, 65, 15, 3.25%, 0, 0, 1, 154.48
1494940959, 0, 203, 225, 63, 13, 3.25%, 0, 0, 1, 136.36
1494940974, 0, 204, 225, 62, 12, 3.25%, 0, 0, 1, 146.02
1494940980, 0, 205, 225, 61, 11, 3.25%, 0, 0, 1, 146.61
1494940990, 0, 206, 225, 60, 10, 3.25%, 0, 0, 1, 141.07
1494941005, 0, 207, 225, 59, 9, 3.25%, 0, 0, 1, 159.08
1494941015, 0, 208, 225, 58, 8, 3.25%, 0, 0, 1, 154.42
1494941020, 0, 209, 225, 57, 7, 3.25%, 0, 0, 1, 146.20
1494941036, 0, 210, 225, 56, 6, 3.25%, 0, 0, 1, 133.98
1494941041, 0, 211, 225, 55, 5, 3.25%, 0, 0, 1, 135.88
1494941056, 0, 213, 225, 54, 4, 3.25%, 0, 0, 1, 118.44
1494941077, 0, 215, 225, 53, 3, 3.25%, 0, 0, 1, 126.47
1494941092, 0, 218, 225, 52, 2, 3.25%, 0, 0, 1, 127.04
1494941128, 0, 222, 225, 51, 1, 3.25%, 0, 0, 1, 141.76
1494941133, 1, 0, 225, 50, 0, 3.25%, 0, 0, 1, 132.28
1494941138, 1, 1, 225, 50, 0, 3.25%, 0, 0, 1, 139.72
1494941143, 1, 2, 225, 50, 0, 3.25%, 0, 0, 1, 133.19
1494941149, 1, 3, 225, 50, 0, 3.25%, 0, 0, 1, 129.58
1494941159, 1, 4, 225, 50, 0, 3.25%, 0, 0, 1, 133.28
1494941164, 1, 5, 225, 50, 0, 3.25%, 0, 0, 1, 128.53
1494941169, 1, 7, 225, 50, 0, 3.25%, 0, 0, 1, 126.29
1494941179, 1, 8, 225, 49, 0, 3.25%, 0, 0, 1, 140.26
1494941184, 1, 9, 225, 49, 0, 3.25%, 0, 0, 1, 125.93
1494941189, 1, 12, 225, 49, 0, 3.25%, 0, 0, 1, 130.27
1494941200, 1, 13, 225, 49, 0, 3.25%, 0, 0, 1, 129.00
1494941205, 1, 14, 225, 49, 0, 3.25%, 0, 0, 1, 124.97
1494941210, 1, 16, 225, 49, 0, 3.25%, 0, 0, 1, 127.51
1494941215, 1, 17, 225, 49, 0, 3.25%, 0, 0, 1, 126.92
1494941220, 1, 18, 225, 49, 0, 3.25%, 0, 0, 1, 129.58
1494941225, 1, 20, 225, 49, 0, 3.25%, 0, 0, 1, 132.63
1494941230, 1, 21, 225, 49, 0, 3.25%, 0, 0, 1, 128.65
1494941235, 1, 23, 225, 49, 0, 3.25%, 0, 0, 1, 128.44
1494941251, 1, 24, 225, 49, 0, 3.25%, 0, 0, 1, 135.32
1494941256, 1, 25, 225, 49, 0, 3.25%, 0, 0, 1, 127.31
1494941261, 1, 27, 225, 49, 0, 3.25%, 0, 0, 1, 129.29
1494941266, 1, 29, 225, 49, 0, 3.25%, 0, 0, 1, 140.97
1494941271, 1, 31, 225, 49, 0, 3.25%, 0, 0, 1, 139.91
1494941277, 1, 32, 225, 49, 0, 3.25%, 0, 0, 1, 144.96
1494941282, 1, 33, 225, 49, 0, 3.25%, 0, 0, 1, 146.01
1494941292, 1, 34, 225, 49, 0, 3.25%, 0, 0, 1, 138.41
1494941297, 1, 35, 225, 48, 0, 3.25%, 0, 0, 1, 146.40
1494941312, 1, 36, 225, 48, 0, 3.25%, 0, 0, 1, 140.94
1494941318, 1, 37, 225, 48, 0, 3.25%, 0, 0, 1, 138.14
1494941323, 1, 38, 225, 48, 0, 3.25%, 0, 0, 1, 158.39
1494941328, 1, 40, 225, 48, 0, 3.25%, 0, 0, 1, 147.84
1494941343, 1, 42, 225, 48, 0, 3.25%, 0, 0, 1, 149.99
1494941348, 1, 44, 225, 48, 0, 3.25%, 0, 0, 1, 159.65
1494941353, 1, 45, 225, 48, 0, 3.25%, 0, 0, 1, 155.57
1494941364, 1, 46, 225, 48, 0, 3.25%, 0, 0, 1, 161.41
1494941369, 1, 47, 225, 48, 0, 3.25%, 0, 0, 1, 154.86
1494941384, 1, 49, 225, 48, 0, 3.25%, 0, 0, 1, 155.77
1494941399, 1, 50, 225, 48, 0, 3.25%, 0, 0, 1, 149.13
1494941415, 1, 52, 225, 48, 0, 3.25%, 0, 0, 1, 147.00
1494941420, 1, 54, 225, 48, 0, 3.25%, 0, 0, 1, 152.71
1494941435, 1, 55, 225, 48, 0, 3.25%, 0, 0, 1, 127.39
1494941440, 1, 56, 225, 48, 0, 3.25%, 0, 0, 1, 136.89
1494941456, 1, 59, 225, 48, 0, 3.25%, 0, 0, 1, 142.75
1494941461, 1, 60, 225, 47, 0, 3.25%, 0, 0, 1, 141.45
1494941476, 1, 61, 225, 47, 0, 3.25%, 0, 0, 1, 140.36
1494941481, 1, 63, 225, 47, 0, 3.25%, 0, 0, 1, 147.50
1494941497, 1, 65, 225, 47, 0, 3.25%, 0, 0, 1, 126.90
1494941512, 1, 67, 225, 47, 0, 3.25%, 0, 0, 1, 127.45
1494941527, 1, 69, 225, 47, 0, 3.25%, 0, 0, 1, 128.78
1494941543, 1, 71, 225, 47, 0, 3.25%, 0, 0, 1, 125.74
1494941548, 1, 72, 225, 46, 0, 3.25%, 0, 0, 1, 120.80
1494941559, 1, 74, 225, 46, 0, 3.25%, 0, 0, 1, 123.54
1494941574, 1, 75, 225, 46, 0, 3.25%, 0, 0, 1, 132.60
1494941579, 1, 76, 225, 46, 0, 3.25%, 0, 0, 1, 137.47
1494941595, 1, 78, 225, 46, 0, 3.25%, 0, 0, 1, 142.97
1494941615, 1, 80, 225, 46, 0, 3.25%, 0, 0, 1, 126.29
1494941630, 1, 84, 225, 46, 0, 3.25%, 0, 0, 1, 131.47
1494941646, 1, 85, 225, 46, 0, 3.25%, 0, 0, 1, 123.63
1494941651, 1, 87, 225, 46, 0, 3.25%, 0, 0, 1, 130.21
1494941666, 1, 88, 225, 46, 0, 3.25%, 0, 0, 1, 130.87
1494941671, 1, 89, 225, 46, 0, 3.25%, 0, 0, 1, 129.21
1494941681, 1, 90, 225, 46, 0, 3.25%, 0, 0, 1, 117.60
1494941687, 1, 91, 225, 46, 0, 3.25%, 0, 0, 1, 129.13
1494941697, 1, 92, 225, 45, 0, 3.25%, 0, 0, 1, 120.82
1494941702, 1, 93, 225, 45, 0, 3.25%, 0, 0, 1, 121.33
1494941717, 1, 94, 225, 45, 0, 3.25%, 0, 0, 1, 129.25
1494941722, 1, 95, 225, 45, 0, 3.25%, 0, 0, 1, 120.75
1494941738, 1, 97, 225, 45, 0, 3.25%, 0, 0, 1, 142.17
1494941748, 1, 99, 225, 45, 0, 3.25%, 0, 0, 1, 142.67
1494941763, 1, 101, 225, 45, 0, 3.25%, 0, 0, 1, 151.37
1494941779, 1, 102, 225, 45, 0, 3.25%, 0, 0, 1, 152.48
1494941784, 1, 103, 225, 45, 0, 3.25%, 0, 0, 1, 157.12
1494941794, 1, 104, 225, 45, 0, 3.25%, 0, 0, 1, 153.59
1494941799, 1, 105, 225, 45, 0, 3.25%, 0, 0, 1, 156.00
1494941810, 1, 106, 225, 45, 0, 3.25%, 0, 0, 1, 142.35
1494941815, 1, 109, 225, 45, 0, 3.25%, 0, 0, 1, 149.87
1494941830, 1, 110, 225, 45, 0, 3.25%, 0, 0, 1, 146.30
1494941835, 1, 111, 225, 45, 0, 3.25%, 0, 0, 1, 134.03
1494941851, 1, 113, 225, 45, 0, 3.25%, 0, 0, 1, 140.19
1494941856, 1, 114, 225, 45, 0, 3.25%, 0, 0, 1, 143.66
1494941871, 1, 115, 225, 45, 0, 3.25%, 0, 0, 1, 149.86
1494941876, 1, 117, 225, 45, 0, 3.25%, 0, 0, 1, 146.66
1494941881, 1, 118, 225, 45, 0, 3.25%, 0, 0, 1, 141.78
1494941886, 1, 119, 225, 45, 0, 3.25%, 0, 0, 1, 155.84
1494941897, 1, 120, 225, 45, 0, 3.25%, 0, 0, 1, 142.69
1494941912, 1, 122, 225, 45, 0, 3.25%, 0, 0, 1, 147.44
1494941928, 1, 123, 225, 45, 0, 3.25%, 0, 0, 1, 152.20
1494941933, 1, 124, 225, 45, 0, 3.25%, 0, 0, 1, 141.55
1494941943, 1, 125, 225, 45, 0, 3.25%, 0, 0, 1, 155.34
1494941948, 1, 126, 225, 45, 0, 3.25%, 0, 0, 1, 148.72
1494941964, 1, 127, 225, 45, 0, 3.25%, 0, 0, 1, 136.83
1494941969, 1, 128, 225, 44, 0, 3.25%, 0, 0, 1, 128.39
1494941989, 1, 131, 225, 44, 0, 3.25%, 0, 0, 1, 119.75
1494942010, 1, 132, 225, 44, 0, 3.25%, 0, 0, 1, 126.45
1494942025, 1, 134, 225, 44, 0, 3.25%, 0, 0, 1, 132.67
1494942046, 1, 137, 225, 44, 0, 3.25%, 0, 0, 1, 126.24
1494942056, 1, 139, 225, 44, 0, 3.25%, 0, 0, 1, 140.45
1494942071, 1, 140, 225, 44, 0, 3.25%, 0, 0, 1, 131.04
1494942076, 1, 141, 225, 44, 0, 3.25%, 0, 0, 1, 126.50
1494942092, 1, 142, 225, 44, 0, 3.25%, 0, 0, 1, 125.94
1494942097, 1, 143, 225, 44, 0, 3.25%, 0, 0, 1, 129.60
1494942112, 1, 144, 225, 44, 0, 3.25%, 0, 0, 1, 129.56
1494942117, 1, 145, 225, 44, 0, 3.25%, 0, 0, 1, 133.87
1494942133, 1, 148, 225, 44, 0, 3.25%, 0, 0, 1, 135.10
1494942138, 1, 149, 225, 44, 0, 3.25%, 0, 0, 1, 137.30
1494942143, 1, 150, 225, 44, 0, 3.25%, 0, 0, 1, 125.04
1494942164, 1, 152, 225, 43, 0, 3.25%, 0, 0, 1, 130.51
1494942179, 1, 154, 225, 43, 0, 3.25%, 0, 0, 1, 138.49
1494942184, 1, 155, 225, 43, 0, 3.25%, 0, 0, 1, 148.48
1494942189, 1, 156, 225, 43, 0, 3.25%, 0, 0, 1, 154.03
1494942199, 1, 157, 225, 43, 0, 3.25%, 0, 0, 1, 155.20
1494942205, 1, 158, 225, 43, 0, 3.25%, 0, 0, 1, 151.11
1494942220, 1, 159, 225, 43, 0, 3.25%, 0, 0, 1, 147.47
1494942230, 1, 161, 225, 43, 0, 3.25%, 0, 0, 1, 148.51
1494942256, 1, 163, 225, 43, 0, 3.25%, 0, 0, 1, 142.83
1494942271, 1, 164, 225, 43, 0, 3.25%, 0, 0, 1, 137.38
1494942276, 1, 166, 225, 42, 0, 3.25%, 0, 0, 1, 143.53
1494942291, 1, 167, 225, 42, 0, 3.25%, 0, 0, 1, 151.66
1494942297, 1, 168, 225, 42, 0, 3.25%, 0, 0, 1, 140.63
1494942312, 1, 170, 225, 42, 0, 3.25%, 0, 0, 1, 142.87
1494942322, 1, 171, 225, 42, 0, 3.25%, 0, 0, 1, 143.01
1494942327, 1, 172, 225, 42, 0, 3.25%, 0, 0, 1, 137.12
1494942338, 1, 173, 225, 42, 0, 3.25%, 0, 0, 1, 145.21
1494942343, 1, 174, 225, 42, 0, 3.25%, 0, 0, 1, 143.50
1494942348, 1, 175, 225, 42, 0, 3.25%, 0, 0, 1, 142.99
1494942364, 1, 177, 225, 42, 0, 3.25%, 0, 0, 1, 140.14
1494942369, 1, 178, 225, 42, 0, 3.25%, 0, 0, 1, 141.05
1494942384, 1, 180, 225, 42, 0, 3.25%, 0, 0, 1, 142.76
1494942389, 1, 181, 225, 42, 0, 3.25%, 0, 0, 1, 148.78
1494942394, 1, 182, 225, 42, 0, 3.25%, 0, 0, 1, 139.53
1494942409, 1, 184, 225, 42, 0, 3.25%, 0, 0, 1, 149.26
1494942424, 1, 185, 225, 42, 0, 3.25%, 0, 0, 1, 134.57
1494942430, 1, 186, 225, 42, 0, 3.25%, 0, 0, 1, 123.15
1494942445, 1, 188, 225, 42, 0, 3.25%, 0, 0, 1, 141.56
1494942455, 1, 189, 225, 42, 0, 3.25%, 0, 0, 1, 134.59
1494942460, 1, 190, 225, 42, 0, 3.25%, 0, 0, 1, 132.54
1494942476, 1, 192, 225, 42, 0, 3.25%, 0, 0, 1, 129.46
1494942491, 1, 193, 225, 42, 0, 3.25%, 0, 0, 1, 130.79
1494942496, 1, 194, 225, 41, 0, 3.25%, 0, 0, 1, 134.07
1494942512, 1, 195, 225, 41, 0, 3.25%, 0, 0, 1, 128.28
1494942517, 1, 196, 225, 41, 0, 3.25%, 0, 0, 1, 127.48
1494942542, 1, 198, 225, 41, 0, 3.25%, 0, 0, 1, 144.99
1494942558, 1, 199, 225, 41, 0, 3.25%, 0, 0, 1, 137.89
1494942563, 1, 201, 225, 41, 0, 3.25%, 0, 0, 1, 132.67
1494942578, 1, 202, 225, 41, 0, 3.25%, 0, 0, 1, 129.40
1494942583, 1, 203, 225, 41, 0, 3.25%, 0, 0, 1, 124.70
1494942598, 1, 204, 225, 41, 0, 3.25%, 0, 0, 1, 125.63
1494942604, 1, 205, 225, 41, 0, 3.25%, 0, 0, 1, 128.04
1494942619, 1, 206, 225, 41, 0, 3.25%, 0, 0, 1, 139.90
1494942634, 1, 207, 225, 41, 0, 3.25%, 0, 0, 1, 132.91
1494942649, 1, 208, 225, 41, 0, 3.25%, 0, 0, 1, 127.41
1494942654, 1, 209, 225, 41, 0, 3.25%, 0, 0, 1, 139.13
1494942670, 1, 210, 225, 41, 0, 3.25%, 0, 0, 1, 139.45
1494942675, 1, 211, 225, 41, 0, 3.25%, 0, 0, 1, 150.92
1494942690, 1, 213, 225, 40, 0, 3.25%, 0, 0, 1, 140.94
1494942706, 1, 215, 225, 40, 0, 3.25%, 0, 0, 1, 150.04
1494942721, 1, 218, 225, 40, 0, 3.25%, 0, 0, 1, 112.73
1494942742, 1, 219, 225, 40, 0, 3.25%, 0, 0, 1, 146.38
1494942747, 1, 221, 225, 39, 0, 3.25%, 0, 0, 1, 145.78
1494942752, 1, 222, 225, 38, 0, 3.25%, 0, 0, 1, 139.62
1494942757, 2, 0, 225, 38, 0, 3.25%, 0, 0, 1, 147.94
1494942762, 2, 1, 225, 38, 0, 3.25%, 0, 0, 1, 147.18
1494942767, 2, 3, 225, 38, 0, 3.25%, 0, 0, 1, 147.15
1494942783, 2, 5, 225, 38, 0, 3.25%, 0, 0, 1, 150.25
1494942788, 2, 6, 225, 38, 0, 3.25%, 0, 0, 1, 144.83
1494942793, 2, 9, 225, 38, 0, 3.25%, 0, 0, 1, 136.41
1494942798, 2, 12, 225, 38, 0, 3.25%, 0, 0, 1, 147.49
1494942808, 2, 13, 225, 38, 0, 3.25%, 0, 0, 1, 147.21
1494942814, 2, 14, 225, 38, 0, 3.25%, 0, 0, 1, 155.43
1494942819, 2, 16, 225, 38, 0, 3.25%, 0, 0, 1, 150.51
1494942824, 2, 18, 225, 38, 0, 3.25%, 0, 0, 1, 136.32
1494942829, 2, 20, 225, 38, 0, 3.25%, 0, 0, 1, 148.00
1494942834, 2, 21, 225, 38, 0, 3.25%, 0, 0, 1, 152.13
1494942839, 2, 23, 225, 38, 0, 3.25%, 0, 0, 1, 147.83
1494942855, 2, 25, 225, 38, 0, 3.25%, 0, 0, 1, 140.23
1494942860, 2, 26, 225, 38, 0, 3.25%, 0, 0, 1, 141.03
1494942865, 2, 29, 225, 38, 0, 3.25%, 0, 0, 1, 143.28
1494942870, 2, 30, 225, 38, 0, 3.25%, 0, 0, 1, 143.43
1494942875, 2, 31, 225, 38, 0, 3.25%, 0, 0, 1, 131.73
1494942880, 2, 32, 225, 38, 0, 3.25%, 0, 0, 1, 134.16
1494942885, 2, 33, 225, 38, 0, 3.25%, 0, 0, 1, 139.16
1494942896, 2, 35, 225, 38, 0, 3.25%, 0, 0, 1, 135.73
1494942911, 2, 36, 225, 38, 0, 3.25%, 0, 0, 1, 134.49
1494942916, 2, 37, 225, 38, 0, 3.25%, 0, 0, 1, 127.20
1494942921, 2, 38, 225, 38, 0, 3.25%, 0, 0, 1, 127.98
1494942926, 2, 40, 225, 38, 0, 3.25%, 0, 0, 1, 137.55
1494942942, 2, 41, 225, 38, 0, 3.25%, 0, 0, 1, 137.30
1494942947, 2, 42, 225, 38, 0, 3.25%, 0, 0, 1, 135.37
1494942952, 2, 44, 225, 38, 0, 3.25%, 0, 0, 1, 131.63
1494942962, 2, 45, 225, 38, 0, 3.25%, 0, 0, 1, 132.27
1494942973, 2, 46, 225, 38, 0, 3.25%, 0, 0, 1, 122.30
1494942978, 2, 47, 225, 38, 0, 3.25%, 0, 0, 1, 128.10
1494942993, 2, 48, 225, 38, 0, 3.25%, 0, 0, 1, 130.81
1494942998, 2, 49, 225, 38, 0, 3.25%, 0, 0, 1, 133.25
1494943014, 2, 50, 225, 38, 0, 3.25%, 0, 0, 1, 126.64
1494943029, 2, 51, 225, 38, 0, 3.25%, 0, 0, 1, 125.13
1494943034, 2, 52, 225, 38, 0, 3.25%, 0, 0, 1, 125.62
1494943039, 2, 54, 225, 38, 0, 3.25%, 0, 0, 1, 121.31
1494943054, 2, 55, 225, 38, 0, 3.25%, 0, 0, 1, 110.63
1494943059, 2, 56, 225, 38, 0, 3.25%, 0, 0, 1, 127.54
1494943075, 2, 57, 225, 38, 0, 3.25%, 0, 0, 1, 132.69
1494943080, 2, 60, 225, 38, 0, 3.25%, 0, 0, 1, 126.58
1494943095, 2, 61, 225, 38, 0, 3.25%, 0, 0, 1, 134.12
1494943100, 2, 62, 225, 38, 0, 3.25%, 0, 0, 1, 125.78
1494943106, 2, 63, 225, 37, 0, 3.25%, 0, 0, 1, 132.91
1494943121, 2, 65, 225, 37, 0, 3.25%, 0, 0, 1, 140.74
1494943136, 2, 67, 225, 37, 0, 3.25%, 0, 0, 1, 154.08
1494943147, 2, 69, 225, 37, 0, 3.25%, 0, 0, 1, 145.33
1494943162, 2, 72, 225, 36, 0, 3.25%, 0, 0, 1, 152.71
1494943172, 2, 74, 225, 36, 0, 3.25%, 0, 0, 1, 151.84
1494943187, 2, 75, 225, 36, 0, 3.25%, 0, 0, 1, 161.36
1494943192, 2, 76, 225, 36, 0, 3.25%, 0, 0, 1, 153.64
1494943203, 2, 77, 225, 36, 0, 3.25%, 0, 0, 1, 154.46
1494943208, 2, 78, 225, 36, 0, 3.25%, 0, 0, 1, 145.77
1494943223, 2, 80, 225, 36, 0, 3.25%, 0, 0, 1, 141.02
1494943234, 2, 81, 225, 36, 0, 3.25%, 0, 0, 1, 136.28
1494943239, 2, 83, 225, 36, 0, 3.25%, 0, 0, 1, 147.31
1494943254, 2, 84, 225, 35, 0, 3.25%, 0, 0, 1, 148.21
1494943270, 2, 86, 225, 35, 0, 3.25%, 0, 0, 1, 148.75
1494943275, 2, 87, 225, 34, 0, 3.25%, 0, 0, 1, 140.25
1494943290, 2, 89, 225, 34, 0, 3.25%, 0, 0, 1, 140.72
1494943306, 2, 90, 225, 34, 0, 3.25%, 0, 0, 1, 152.66
1494943311, 2, 92, 225, 34, 0, 3.25%, 0, 0, 1, 155.63
1494943316, 2, 93, 225, 34, 0, 3.25%, 0, 0, 1, 141.44
1494943331, 2, 95, 225, 34, 0, 3.25%, 0, 0, 1, 147.36
1494943346, 2, 97, 225, 34, 0, 3.25%, 0, 0, 1, 134.28
1494943362, 2, 99, 225, 34, 0, 3.25%, 0, 0, 1, 127.31
1494943377, 2, 100, 225, 34, 0, 3.25%, 0, 0, 1, 121.32
1494943382, 2, 101, 225, 34, 0, 3.25%, 0, 0, 1, 130.10
1494943398, 2, 102, 225, 34, 0, 3.25%, 0, 0, 1, 132.64
1494943403, 2, 103, 225, 34, 0, 3.25%, 0, 0, 1, 129.05
1494943418, 2, 104, 225, 34, 0, 3.25%, 0, 0, 1, 122.55
1494943424, 2, 105, 225, 34, 0, 3.25%, 0, 0, 1, 123.45
1494943439, 2, 106, 225, 34, 0, 3.25%, 0, 0, 1, 124.69
1494943444, 2, 108, 225, 34, 0, 3.25%, 0, 0, 1, 136.24
1494943454, 2, 109, 225, 33, 0, 3.25%, 0, 0, 1, 128.86
1494943470, 2, 110, 225, 33, 0, 3.25%, 0, 0, 1, 130.25
1494943475, 2, 111, 225, 33, 0, 3.25%, 0, 0, 1, 124.62
1494943490, 2, 113, 225, 33, 0, 3.25%, 0, 0, 1, 123.07
1494943500, 2, 114, 225, 33, 0, 3.25%, 0, 0, 1, 127.77
1494943515, 2, 115, 225, 33, 0, 3.25%, 0, 0, 1, 133.37
1494943521, 2, 117, 225, 33, 0, 3.25%, 0, 0, 1, 129.95
1494943526, 2, 118, 225, 33, 0, 3.25%, 0, 0, 1, 129.14
1494943531, 2, 119, 225, 33, 0, 3.25%, 0, 0, 1, 114.72
1494943546, 2, 120, 225, 33, 0, 3.25%, 0, 0, 1, 136.26
1494943561, 2, 121, 225, 33, 0, 3.25%, 0, 0, 1, 123.18
1494943567, 2, 122, 225, 33, 0, 3.25%, 0, 0, 1, 128.97
1494943582, 2, 123, 225, 33, 0, 3.25%, 0, 0, 1, 135.26
1494943587, 2, 124, 225, 33, 0, 3.25%, 0, 0, 1, 139.51
1494943602, 2, 126, 225, 33, 0, 3.25%, 0, 0, 1, 164.09
1494943618, 2, 128, 225, 33, 0, 3.25%, 0, 0, 1, 135.04
1494943643, 2, 131, 225, 33, 0, 3.25%, 0, 0, 1, 151.39
1494943653, 2, 132, 225, 33, 0, 3.25%, 0, 0, 1, 148.10
1494943669, 2, 133, 225, 33, 0, 3.25%, 0, 0, 1, 140.94
1494943674, 2, 134, 225, 33, 0, 3.25%, 0, 0, 1, 149.42
1494943689, 2, 136, 225, 32, 0, 3.25%, 0, 0, 1, 143.26
1494943695, 2, 137, 225, 32, 0, 3.25%, 0, 0, 1, 144.23
1494943700, 2, 139, 225, 32, 0, 3.25%, 0, 0, 1, 148.25
1494943715, 2, 140, 225, 32, 0, 3.25%, 0, 0, 1, 134.75
1494943720, 2, 141, 225, 32, 0, 3.25%, 0, 0, 1, 141.21
1494943736, 2, 142, 225, 32, 0, 3.25%, 0, 0, 1, 131.72
1494943741, 2, 143, 225, 32, 0, 3.25%, 0, 0, 1, 133.61
1494943756, 2, 145, 225, 32, 0, 3.25%, 0, 0, 1, 142.02
1494943771, 2, 148, 225, 32, 0, 3.25%, 0, 0, 1, 148.11
1494943782, 2, 149, 225, 32, 0, 3.25%, 0, 0, 1, 140.19
1494943787, 2, 152, 225, 32, 0, 3.25%, 0, 0, 1, 151.12
1494943797, 2, 153, 225, 32, 0, 3.25%, 0, 0, 1, 132.57
1494943802, 2, 154, 225, 32, 0, 3.25%, 0, 0, 1, 127.40
1494943807, 2, 155, 225, 32, 0, 3.25%, 0, 0, 1, 128.41
1494943812, 2, 156, 225, 32, 0, 3.25%, 0, 0, 1, 135.66
1494943828, 2, 158, 225, 32, 0, 3.25%, 0, 0, 1, 133.68
1494943843, 2, 159, 225, 32, 0, 3.25%, 0, 0, 1, 128.54
1494943864, 2, 161, 225, 32, 0, 3.25%, 0, 0, 1, 121.91
1494943884, 2, 162, 225, 32, 0, 3.25%, 0, 0, 1, 129.15
1494943889, 2, 163, 225, 32, 0, 3.25%, 0, 0, 1, 128.48
1494943905, 2, 165, 225, 32, 0, 3.25%, 0, 0, 1, 128.89
1494943910, 2, 166, 225, 32, 0, 3.25%, 0, 0, 1, 121.43
1494943925, 2, 167, 225, 32, 0, 3.25%, 0, 0, 1, 129.21
1494943930, 2, 168, 225, 32, 0, 3.25%, 0, 0, 1, 125.06
1494943945, 2, 170, 225, 32, 0, 3.25%, 0, 0, 1, 137.80
1494943961, 2, 172, 225, 32, 0, 3.25%, 0, 0, 1, 138.34
1494943976, 2, 173, 225, 32, 0, 3.25%, 0, 0, 1, 131.06
1494943981, 2, 174, 225, 32, 0, 3.25%, 0, 0, 1, 138.35
1494943986, 2, 175, 225, 32, 0, 3.25%, 0, 0, 1, 125.99
1494944002, 2, 177, 225, 32, 0, 3.25%, 0, 0, 1, 136.66
1494944007, 2, 178, 225, 32, 0, 3.25%, 0, 0, 1, 128.82
1494944027, 2, 181, 225, 32, 0, 3.25%, 0, 0, 1, 145.38
1494944032, 2, 182, 225, 32, 0, 3.25%, 0, 0, 1, 142.86
1494944048, 2, 183, 225, 32, 0, 3.25%, 0, 0, 1, 154.45
1494944053, 2, 184, 225, 32, 0, 3.25%, 0, 0, 1, 146.18
1494944063, 2, 185, 225, 32, 0, 3.25%, 0, 0, 1, 144.45
1494944068, 2, 186, 225, 32, 0, 3.25%, 0, 0, 1, 145.80
1494944084, 2, 188, 225, 31, 0, 3.25%, 0, 0, 1, 140.47
1494944099, 2, 189, 225, 31, 0, 3.25%, 0, 0, 1, 135.01
1494944104, 2, 190, 225, 31, 0, 3.25%, 0, 0, 1, 140.58
1494944119, 2, 192, 225, 31, 0, 3.25%, 0, 0, 1, 153.20
1494944135, 2, 194, 225, 31, 0, 3.25%, 0, 0, 1, 152.55
1494944145, 2, 195, 225, 31, 0, 3.25%, 0, 0, 1, 150.75
1494944150, 2, 196, 225, 31, 0, 3.25%, 0, 0, 1, 143.86
1494944171, 2, 198, 225, 31, 0, 3.25%, 0, 0, 1, 177.46
1494944186, 2, 199, 225, 31, 0, 3.25%, 0, 0, 1, 147.81
1494944191, 2, 200, 225, 31, 0, 3.25%, 0, 0, 1, 145.74
1494944196, 2, 201, 225, 30, 0, 3.25%, 0, 0, 1, 148.26
1494944206, 2, 202, 225, 30, 0, 3.25%, 0, 0, 1, 147.12
1494944212, 2, 203, 225, 30, 0, 3.25%, 0, 0, 1, 150.78
1494944227, 2, 204, 225, 30, 0, 3.25%, 0, 0, 1, 150.66
1494944232, 2, 205, 225, 30, 0, 3.25%, 0, 0, 1, 149.47
1494944242, 2, 206, 225, 30, 0, 3.25%, 0, 0, 1, 146.56
1494944257, 2, 207, 225, 30, 0, 3.25%, 0, 0, 1, 136.81
1494944273, 2, 208, 225, 30, 0, 3.25%, 0, 0, 1, 131.44
1494944278, 2, 209, 225, 30, 0, 3.25%, 0, 0, 1, 129.23
1494944293, 2, 210, 225, 30, 0, 3.25%, 0, 0, 1, 125.52
1494944299, 2, 211, 225, 30, 0, 3.25%, 0, 0, 1, 140.71
1494944314, 2, 213, 225, 30, 0, 3.25%, 0, 0, 1, 127.35
1494944329, 2, 214, 225, 30, 0, 3.25%, 0, 0, 1, 130.50
1494944334, 2, 215, 225, 29, 0, 3.25%, 0, 0, 1, 127.70
1494944350, 2, 218, 225, 28, 0, 3.25%, 0, 0, 1, 138.64
1494944380, 2, 222, 225, 28, 0, 3.25%, 0, 0, 1, 143.10
1494944385, 3, 0, 225, 28, 0, 3.25%, 0, 0, 1, 134.40
1494944391, 3, 1, 225, 28, 0, 3.25%, 0, 0, 1, 131.66
1494944396, 3, 3, 225, 28, 0, 3.25%, 0, 0, 1, 136.22
1494944406, 3, 4, 225, 28, 0, 3.25%, 0, 0, 1, 127.45
1494944411, 3, 5, 225, 28, 0, 3.25%, 0, 0, 1, 132.93
1494944416, 3, 6, 225, 28, 0, 3.25%, 0, 0, 1, 128.90
1494944421, 3, 9, 225, 28, 0, 3.25%, 0, 0, 1, 123.08
1494944426, 3, 10, 225, 28, 0, 3.25%, 0, 0, 1, 124.59
1494944432, 3, 12, 225, 28, 0, 3.25%, 0, 0, 1, 124.21
1494944442, 3, 13, 225, 28, 0, 3.25%, 0, 0, 1, 123.04
1494944447, 3, 14, 225, 28, 0, 3.25%, 0, 0, 1, 118.95
1494944452, 3, 16, 225, 28, 0, 3.25%, 0, 0, 1, 135.26
1494944457, 3, 17, 225, 28, 0, 3.25%, 0, 0, 1, 141.35
1494944462, 3, 19, 225, 28, 0, 3.25%, 0, 0, 1, 130.68
1494944468, 3, 20, 225, 28, 0, 3.25%, 0, 0, 1, 128.89
1494944473, 3, 21, 225, 28, 0, 3.25%, 0, 0, 1, 125.78
1494944478, 3, 23, 225, 28, 0, 3.25%, 0, 0, 1, 127.99
1494944493, 3, 24, 225, 28, 0, 3.25%, 0, 0, 1, 138.02
1494944498, 3, 25, 225, 28, 0, 3.25%, 0, 0, 1, 142.62
1494944504, 3, 28, 225, 28, 0, 3.25%, 0, 0, 1, 130.72
1494944509, 3, 29, 225, 28, 0, 3.25%, 0, 0, 1, 138.96
1494944514, 3, 31, 225, 28, 0, 3.25%, 0, 0, 1, 149.01
1494944519, 3, 32, 225, 28, 0, 3.25%, 0, 0, 1, 142.41
1494944524, 3, 33, 225, 28, 0, 3.25%, 0, 0, 1, 136.00
1494944534, 3, 35, 225, 28, 0, 3.25%, 0, 0, 1, 148.50
1494944550, 3, 36, 225, 28, 0, 3.25%, 0, 0, 1, 145.54
1494944555, 3, 37, 225, 28, 0, 3.25%, 0, 0, 1, 137.12
1494944560, 3, 38, 225, 28, 0, 3.25%, 0, 0, 1, 135.94
1494944565, 3, 40, 225, 28, 0, 3.25%, 0, 0, 1, 151.18
1494944575, 3, 41, 225, 28, 0, 3.25%, 0, 0, 1, 160.36
1494944580, 3, 42, 225, 28, 0, 3.25%, 0, 0, 1, 151.61
1494944586, 3, 44, 225, 28, 0, 3.25%, 0, 0, 1, 139.40
1494944591, 3, 45, 225, 28, 0, 3.25%, 0, 0, 1, 152.11
1494944601, 3, 46, 225, 28, 0, 3.25%, 0, 0, 1, 150.49
1494944606, 3, 47, 225, 28, 0, 3.25%, 0, 0, 1, 154.47
1494944621, 3, 49, 225, 28, 0, 3.25%, 0, 0, 1, 143.80
1494944637, 3, 50, 225, 28, 0, 3.25%, 0, 0, 1, 148.64
1494944652, 3, 52, 225, 28, 0, 3.25%, 0, 0, 1, 162.60
1494944658, 3, 54, 225, 28, 0, 3.25%, 0, 0, 1, 143.21
1494944673, 3, 55, 225, 28, 0, 3.25%, 0, 0, 1, 121.12
1494944678, 3, 56, 225, 28, 0, 3.25%, 0, 0, 1, 142.45
1494944693, 3, 57, 225, 28, 0, 3.25%, 0, 0, 1, 140.08
1494944699, 3, 60, 225, 28, 0, 3.25%, 0, 0, 1, 138.81
1494944714, 3, 63, 225, 28, 0, 3.25%, 0, 0, 1, 142.98
1494944729, 3, 65, 225, 28, 0, 3.25%, 0, 0, 1, 132.45
1494944750, 3, 67, 225, 28, 0, 3.25%, 0, 0, 1, 125.78
1494944765, 3, 69, 225, 28, 0, 3.25%, 0, 0, 1, 129.39
1494944780, 3, 71, 225, 28, 0, 3.25%, 0, 0, 1, 123.38
1494944785, 3, 72, 225, 28, 0, 3.25%, 0, 0, 1, 129.89
1494944791, 3, 73, 225, 28, 0, 3.25%, 0, 0, 1, 126.97
1494944796, 3, 74, 225, 28, 0, 3.25%, 0, 0, 1, 155.31
1494944811, 3, 75, 225, 28, 0, 3.25%, 0, 0, 1, 130.75
1494944816, 3, 76, 225, 28, 0, 3.25%, 0, 0, 1, 133.17
1494944831, 3, 77, 225, 28, 0, 3.25%, 0, 0, 1, 133.09
1494944836, 3, 78, 225, 28, 0, 3.25%, 0, 0, 1, 131.14
1494944847, 3, 80, 225, 28, 0, 3.25%, 0, 0, 1, 139.20
1494944862, 3, 81, 225, 28, 0, 3.25%, 0, 0, 1, 133.49
1494944867, 3, 84, 225, 28, 0, 3.25%, 0, 0, 1, 124.88
1494944882, 3, 85, 225, 28, 0, 3.25%, 0, 0, 1, 129.60
1494944888, 3, 87, 225, 28, 0, 3.25%, 0, 0, 1, 126.19
1494944903, 3, 88, 225, 28, 0, 3.25%, 0, 0, 1, 127.28
1494944908, 3, 89, 225, 28, 0, 3.25%, 0, 0, 1, 122.56
1494944924, 3, 90, 225, 28, 0, 3.25%, 0, 0, 1, 134.47
1494944929, 3, 92, 225, 28, 0, 3.25%, 0, 0, 1, 131.84
1494944934, 3, 93, 225, 28, 0, 3.25%, 0, 0, 1, 133.20
1494944949, 3, 95, 225, 28, 0, 3.25%, 0, 0, 1, 148.58
1494944964, 3, 97, 225, 28, 0, 3.25%, 0, 0, 1, 142.90
1494944980, 3, 99, 225, 28, 0, 3.25%, 0, 0, 1, 141.42
1494944990, 3, 100, 225, 28, 0, 3.25%, 0, 0, 1, 148.45
1494944995, 3, 101, 225, 28, 0, 3.25%, 0, 0, 1, 138.13
1494945005, 3, 102, 225, 28, 0, 3.25%, 0, 0, 1, 147.33
1494945011, 3, 103, 225, 28, 0, 3.25%, 0, 0, 1, 151.01
1494945026, 3, 104, 225, 28, 0, 3.25%, 0, 0, 1, 146.04
1494945031, 3, 105, 225, 28, 0, 3.25%, 0, 0, 1, 142.95
1494945046, 3, 107, 225, 28, 0, 3.25%, 0, 0, 1, 141.57
1494945052, 3, 109, 225, 28, 0, 3.25%, 0, 0, 1, 145.56
1494945067, 3, 110, 225, 28, 0, 3.25%, 0, 0, 1, 136.95
1494945072, 3, 111, 225, 28, 0, 3.25%, 0, 0, 1, 143.36
1494945082, 3, 112, 225, 28, 0, 3.25%, 0, 0, 1, 136.38
1494945087, 3, 113, 225, 27, 0, 3.25%, 0, 0, 1, 134.90
1494945093, 3, 114, 225, 27, 0, 3.25%, 0, 0, 1, 144.14
1494945108, 3, 115, 225, 27, 0, 3.25%, 0, 0, 1, 134.89
1494945113, 3, 117, 225, 27, 0, 3.25%, 0, 0, 1, 143.65
1494945118, 3, 119, 225, 27, 0, 3.25%, 0, 0, 1, 148.47
1494945133, 3, 120, 225, 27, 0, 3.25%, 0, 0, 1, 148.86
1494945149, 3, 121, 225, 27, 0, 3.25%, 0, 0, 1, 150.60
1494945154, 3, 122, 225, 27, 0, 3.25%, 0, 0, 1, 146.62
1494945164, 3, 123, 225, 27, 0, 3.25%, 0, 0, 1, 137.02
1494945169, 3, 124, 225, 27, 0, 3.25%, 0, 0, 1, 158.80
1494945185, 3, 125, 225, 27, 0, 3.25%, 0, 0, 1, 129.48
1494945190, 3, 126, 225, 27, 0, 3.25%, 0, 0, 1, 129.73
1494945205, 3, 128, 225, 27, 0, 3.25%, 0, 0, 1, 131.55
1494945231, 3, 131, 225, 27, 0, 3.25%, 0, 0, 1, 116.28
1494945246, 3, 132, 225, 27, 0, 3.25%, 0, 0, 1, 126.61
1494945267, 3, 133, 225, 27, 0, 3.25%, 0, 0, 1, 124.07
1494945272, 3, 134, 225, 27, 0, 3.25%, 0, 0, 1, 132.15
1494945287, 3, 137, 225, 27, 0, 3.25%, 0, 0, 1, 129.22
1494945297, 3, 138, 225, 27, 0, 3.25%, 0, 0, 1, 125.23
1494945303, 3, 139, 225, 27, 0, 3.25%, 0, 0, 1, 125.61
1494945318, 3, 141, 225, 27, 0, 3.25%, 0, 0, 1, 123.33
1494945338, 3, 143, 225, 27, 0, 3.25%, 0, 0, 1, 131.60
1494945354, 3, 144, 225, 27, 0, 3.25%, 0, 0, 1, 118.58
1494945359, 3, 145, 225, 27, 0, 3.25%, 0, 0, 1, 127.27
1494945374, 3, 148, 225, 27, 0, 3.25%, 0, 0, 1, 128.14
1494945384, 3, 149, 225, 27, 0, 3.25%, 0, 0, 1, 135.70
1494945390, 3, 152, 225, 27, 0, 3.25%, 0, 0, 1, 141.72
1494945405, 3, 154, 225, 27, 0, 3.25%, 0, 0, 1, 143.85
1494945410, 3, 155, 225, 27, 0, 3.25%, 0, 0, 1, 142.38
1494945415, 3, 156, 225, 27, 0, 3.25%, 0, 0, 1, 138.22
1494945430, 3, 158, 225, 27, 0, 3.25%, 0, 0, 1, 145.08
1494945446, 3, 159, 225, 27, 0, 3.25%, 0, 0, 1, 151.38
1494945461, 3, 161, 225, 27, 0, 3.25%, 0, 0, 1, 151.50
1494945481, 3, 163, 225, 27, 0, 3.25%, 0, 0, 1, 149.06
1494945497, 3, 165, 225, 27, 0, 3.25%, 0, 0, 1, 156.95
1494945502, 3, 166, 225, 27, 0, 3.25%, 0, 0, 1, 151.58
1494945512, 3, 167, 225, 27, 0, 3.25%, 0, 0, 1, 151.13
1494945517, 3, 168, 225, 27, 0, 3.25%, 0, 0, 1, 147.99
1494945528, 3, 170, 225, 27, 0, 3.25%, 0, 0, 1, 147.40
1494945543, 3, 171, 225, 27, 0, 3.25%, 0, 0, 1, 141.87
1494945548, 3, 172, 225, 27, 0, 3.25%, 0, 0, 1, 133.45
1494945559, 3, 173, 225, 27, 0, 3.25%, 0, 0, 1, 147.73
1494945564, 3, 174, 225, 27, 0, 3.25%, 0, 0, 1, 144.01
1494945569, 3, 175, 225, 27, 0, 3.25%, 0, 0, 1, 154.72
1494945585, 3, 178, 225, 27, 0, 3.25%, 0, 0, 1, 155.15
1494945600, 3, 180, 225, 27, 0, 3.25%, 0, 0, 1, 150.37
1494945605, 3, 181, 225, 27, 0, 3.25%, 0, 0, 1, 152.95
1494945610, 3, 182, 225, 27, 0, 3.25%, 0, 0, 1, 150.47
1494945621, 3, 183, 225, 27, 0, 3.25%, 0, 0, 1, 148.94
1494945626, 3, 184, 225, 27, 0, 3.25%, 0, 0, 1, 155.31
1494945641, 3, 186, 225, 27, 0, 3.25%, 0, 0, 1, 122.30
1494945662, 3, 188, 225, 27, 0, 3.25%, 0, 0, 1, 127.33
1494945677, 3, 189, 225, 27, 0, 3.25%, 0, 0, 1, 136.94
1494945682, 3, 190, 225, 27, 0, 3.25%, 0, 0, 1, 131.18
1494945698, 3, 192, 225, 27, 0, 3.25%, 0, 0, 1, 127.96
1494945708, 3, 194, 225, 27, 0, 3.25%, 0, 0, 1, 133.83
1494945723, 3, 195, 225, 27, 0, 3.25%, 0, 0, 1, 131.41
1494945729, 3, 196, 225, 27, 0, 3.25%, 0, 0, 1, 126.37
1494945754, 3, 198, 225, 27, 0, 3.25%, 0, 0, 1, 136.28
1494945769, 3, 199, 225, 27, 0, 3.25%, 0, 0, 1, 129.71
1494945775, 3, 201, 225, 27, 0, 3.25%, 0, 0, 1, 147.06
1494945790, 3, 202, 225, 27, 0, 3.25%, 0, 0, 1, 127.62
1494945795, 3, 203, 225, 27, 0, 3.25%, 0, 0, 1, 124.38
1494945810, 3, 204, 225, 27, 0, 3.25%, 0, 0, 1, 127.74
1494945816, 3, 205, 225, 27, 0, 3.25%, 0, 0, 1, 120.34
1494945831, 3, 206, 225, 27, 0, 3.25%, 0, 0, 1, 121.62
1494945846, 3, 207, 225, 27, 0, 3.25%, 0, 0, 1, 133.55
1494945862, 3, 208, 225, 27, 0, 3.25%, 0, 0, 1, 116.75
1494945867, 3, 209, 225, 27, 0, 3.25%, 0, 0, 1, 128.77
1494945883, 3, 210, 225, 27, 0, 3.25%, 0, 0, 1, 143.62
1494945888, 3, 211, 225, 27, 0, 3.25%, 0, 0, 1, 136.04
1494945903, 3, 213, 225, 27, 0, 3.25%, 0, 0, 1, 139.67
1494945918, 3, 215, 225, 27, 0, 3.25%, 0, 0, 1, 145.93
1494945928, 3, 217, 225, 27, 0, 3.25%, 0, 0, 1, 152.50
1494945949, 3, 218, 225, 26, 0, 3.25%, 0, 0, 1, 114.95
1494945970, 3, 222, 225, 26, 0, 3.25%, 0, 0, 1, 142.10
1494945975, 3, 223, 225, 26, 0, 3.25%, 0, 0, 1, 140.57
1494945990, 4, 0, 225, 25, 0, 3.25%, 0, 0, 1, 135.57
1494945995, 4, 1, 225, 25, 0, 3.25%, 0, 0, 1, 138.91
1494946000, 4, 3, 225, 25, 0, 3.25%, 0, 0, 1, 142.53
1494946011, 4, 4, 225, 25, 0, 3.25%, 0, 0, 1, 136.02
1494946016, 4, 5, 225, 25, 0, 3.25%, 0, 0, 1, 149.11
1494946021, 4, 8, 225, 25, 0, 3.25%, 0, 0, 1, 156.12
1494946026, 4, 10, 225, 25, 0, 3.25%, 0, 0, 1, 145.23
1494946031, 4, 12, 225, 25, 0, 3.25%, 0, 0, 1, 149.45
1494946042, 4, 14, 225, 25, 0, 3.25%, 0, 0, 1, 139.40
1494946047, 4, 15, 225, 25, 0, 3.25%, 0, 0, 1, 142.61
1494946052, 4, 16, 225, 25, 0, 3.25%, 0, 0, 1, 143.20
1494946057, 4, 18, 225, 25, 0, 3.25%, 0, 0, 1, 146.90
1494946062, 4, 20, 225, 25, 0, 3.25%, 0, 0, 1, 151.85
1494946067, 4, 21, 225, 25, 0, 3.25%, 0, 0, 1, 137.02
1494946072, 4, 23, 225, 25, 0, 3.25%, 0, 0, 1, 141.87
1494946087, 4, 25, 225, 25, 0, 3.25%, 0, 0, 1, 143.92
1494946093, 4, 26, 225, 25, 0, 3.25%, 0, 0, 1, 132.50
1494946098, 4, 29, 225, 25, 0, 3.25%, 0, 0, 1, 130.84
1494946103, 4, 30, 225, 25, 0, 3.25%, 0, 0, 1, 130.45
1494946108, 4, 31, 225, 25, 0, 3.25%, 0, 0, 1, 127.22
1494946113, 4, 32, 225, 25, 0, 3.25%, 0, 0, 1, 126.76
1494946118, 4, 33, 225, 25, 0, 3.25%, 0, 0, 1, 122.42
1494946128, 4, 35, 225, 25, 0, 3.25%, 0, 0, 1, 129.53
1494946149, 4, 36, 225, 25, 0, 3.25%, 0, 0, 1, 126.45
1494946154, 4, 37, 225, 25, 0, 3.25%, 0, 0, 1, 134.00
1494946159, 4, 38, 225, 25, 0, 3.25%, 0, 0, 1, 125.30
1494946164, 4, 40, 225, 25, 0, 3.25%, 0, 0, 1, 132.01
1494946179, 4, 41, 225, 25, 0, 3.25%, 0, 0, 1, 124.95
1494946185, 4, 42, 225, 25, 0, 3.25%, 0, 0, 1, 128.35
1494946190, 4, 44, 225, 25, 0, 3.25%, 0, 0, 1, 126.14
1494946195, 4, 45, 225, 25, 0, 3.25%, 0, 0, 1, 117.91
1494946210, 4, 46, 225, 25, 0, 3.25%, 0, 0, 1, 123.36
1494946215, 4, 47, 225, 25, 0, 3.25%, 0, 0, 1, 140.02
1494946231, 4, 49, 225, 25, 0, 3.25%, 0, 0, 1, 149.64
1494946246, 4, 50, 225, 25, 0, 3.25%, 0, 0, 1, 131.16
1494946266, 4, 52, 225, 25, 0, 3.25%, 0, 0, 1, 140.93
1494946271, 4, 53, 225, 25, 0, 3.25%, 0, 0, 1, 140.97
1494946277, 4, 54, 225, 24, 0, 3.25%, 0, 0, 1, 129.62
1494946292, 4, 55, 225, 24, 0, 3.25%, 0, 0, 1, 126.82
1494946297, 4, 56, 225, 24, 0, 3.25%, 0, 0, 1, 127.47
1494946317, 4, 60, 225, 24, 0, 3.25%, 0, 0, 1, 133.13
1494946333, 4, 61, 225, 24, 0, 3.25%, 0, 0, 1, 157.77
1494946338, 4, 63, 225, 24, 0, 3.25%, 0, 0, 1, 145.71
1494946353, 4, 65, 225, 23, 0, 3.25%, 0, 0, 1, 151.96
1494946369, 4, 67, 225, 23, 0, 3.25%, 0, 0, 1, 139.51
1494946384, 4, 69, 225, 23, 0, 3.25%, 0, 0, 1, 146.01
1494946399, 4, 72, 225, 23, 0, 3.25%, 0, 0, 1, 151.42
1494946404, 4, 73, 225, 23, 0, 3.25%, 0, 0, 1, 151.95
1494946410, 4, 74, 225, 23, 0, 3.25%, 0, 0, 1, 155.57
1494946425, 4, 75, 225, 23, 0, 3.25%, 0, 0, 1, 147.27
1494946430, 4, 76, 225, 23, 0, 3.25%, 0, 0, 1, 137.81
1494946445, 4, 78, 225, 23, 0, 3.25%, 0, 0, 1, 133.64
1494946461, 4, 79, 225, 23, 0, 3.25%, 0, 0, 1, 143.26
1494946466, 4, 80, 225, 22, 0, 3.25%, 0, 0, 1, 141.87
1494946476, 4, 81, 225, 22, 0, 3.25%, 0, 0, 1, 153.13
1494946481, 4, 84, 225, 22, 0, 3.25%, 0, 0, 1, 151.58
1494946497, 4, 87, 225, 22, 0, 3.25%, 0, 0, 1, 152.07
1494946512, 4, 89, 225, 22, 0, 3.25%, 0, 0, 1, 156.23
1494946527, 4, 90, 225, 22, 0, 3.25%, 0, 0, 1, 143.32
1494946532, 4, 91, 225, 22, 0, 3.25%, 0, 0, 1, 150.19
1494946537, 4, 92, 225, 22, 0, 3.25%, 0, 0, 1, 139.12
1494946543, 4, 93, 225, 22, 0, 3.25%, 0, 0, 1, 146.48
1494946558, 4, 94, 225, 22, 0, 3.25%, 0, 0, 1, 136.43
1494946563, 4, 95, 225, 22, 0, 3.25%, 0, 0, 1, 123.37
1494946579, 4, 97, 225, 22, 0, 3.25%, 0, 0, 1, 131.15
1494946594, 4, 99, 225, 22, 0, 3.25%, 0, 0, 1, 132.65
1494946609, 4, 100, 225, 22, 0, 3.25%, 0, 0, 1, 127.89
1494946614, 4, 101, 225, 22, 0, 3.25%, 0, 0, 1, 128.95
1494946630, 4, 102, 225, 22, 0, 3.25%, 0, 0, 1, 132.91
1494946635, 4, 103, 225, 22, 0, 3.25%, 0, 0, 1, 119.66
1494946650, 4, 104, 225, 22, 0, 3.25%, 0, 0, 1, 126.04
1494946655, 4, 105, 225, 22, 0, 3.25%, 0, 0, 1, 134.64
1494946671, 4, 106, 225, 22, 0, 3.25%, 0, 0, 1, 126.11
1494946676, 4, 109, 225, 22, 0, 3.25%, 0, 0, 1, 136.08
1494946696, 4, 111, 225, 22, 0, 3.25%, 0, 0, 1, 144.86
1494946712, 4, 113, 225, 22, 0, 3.25%, 0, 0, 1, 125.67
1494946722, 4, 114, 225, 22, 0, 3.25%, 0, 0, 1, 130.45
1494946737, 4, 115, 225, 22, 0, 3.25%, 0, 0, 1, 122.57
1494946742, 4, 117, 225, 22, 0, 3.25%, 0, 0, 1, 124.62
1494946747, 4, 118, 225, 22, 0, 3.25%, 0, 0, 1, 117.00
1494946752, 4, 119, 225, 22, 0, 3.25%, 0, 0, 1, 124.81
1494946768, 4, 120, 225, 22, 0, 3.25%, 0, 0, 1, 126.65
1494946783, 4, 121, 225, 22, 0, 3.25%, 0, 0, 1, 132.06
1494946788, 4, 122, 225, 22, 0, 3.25%, 0, 0, 1, 139.51
1494946799, 4, 123, 225, 22, 0, 3.25%, 0, 0, 1, 149.55
1494946804, 4, 124, 225, 22, 0, 3.25%, 0, 0, 1, 145.42
1494946819, 4, 125, 225, 22, 0, 3.25%, 0, 0, 1, 155.62
1494946824, 4, 126, 225, 22, 0, 3.25%, 0, 0, 1, 148.14
1494946834, 4, 128, 225, 22, 0, 3.25%, 0, 0, 1, 141.16
1494946860, 4, 131, 225, 21, 0, 3.25%, 0, 0, 1, 147.70
1494946875, 4, 132, 225, 21, 0, 3.25%, 0, 0, 1, 142.20
1494946890, 4, 133, 225, 21, 0, 3.25%, 0, 0, 1, 144.10
1494946896, 4, 134, 225, 21, 0, 3.25%, 0, 0, 1, 141.92
1494946906, 4, 136, 225, 21, 0, 3.25%, 0, 0, 1, 154.40
1494946911, 4, 137, 225, 21, 0, 3.25%, 0, 0, 1, 142.74
1494946916, 4, 138, 225, 21, 0, 3.25%, 0, 0, 1, 144.29
1494946921, 4, 139, 225, 21, 0, 3.25%, 0, 0, 1, 144.34
1494946932, 4, 140, 225, 21, 0, 3.25%, 0, 0, 1, 156.63
1494946937, 4, 141, 225, 21, 0, 3.25%, 0, 0, 1, 156.45
1494946952, 4, 143, 225, 21, 0, 3.25%, 0, 0, 1, 146.64
1494946967, 4, 144, 225, 21, 0, 3.25%, 0, 0, 1, 146.89
1494946973, 4, 145, 225, 21, 0, 3.25%, 0, 0, 1, 148.62
1494946988, 4, 148, 225, 21, 0, 3.25%, 0, 0, 1, 140.31
1494946998, 4, 149, 225, 21, 0, 3.25%, 0, 0, 1, 138.15
1494947004, 4, 152, 225, 21, 0, 3.25%, 0, 0, 1, 135.50
1494947019, 4, 153, 225, 21, 0, 3.25%, 0, 0, 1, 125.73
1494947024, 4, 155, 225, 21, 0, 3.25%, 0, 0, 1, 133.61
1494947029, 4, 156, 225, 21, 0, 3.25%, 0, 0, 1, 122.91
1494947045, 4, 157, 225, 21, 0, 3.25%, 0, 0, 1, 117.53
1494947050, 4, 158, 225, 21, 0, 3.25%, 0, 0, 1, 116.96
1494947070, 4, 159, 225, 21, 0, 3.25%, 0, 0, 1, 119.17
1494947086, 4, 160, 225, 21, 0, 3.25%, 0, 0, 1, 123.64
1494947091, 4, 161, 225, 20, 0, 3.25%, 0, 0, 1, 127.95
1494947116, 4, 162, 225, 20, 0, 3.25%, 0, 0, 1, 105.14
1494947121, 4, 163, 225, 20, 0, 3.25%, 0, 0, 1, 122.73
1494947136, 4, 165, 225, 20, 0, 3.25%, 0, 0, 1, 125.50
1494947141, 4, 166, 225, 20, 0, 3.25%, 0, 0, 1, 131.37
1494947157, 4, 167, 225, 20, 0, 3.25%, 0, 0, 1, 127.08
1494947162, 4, 168, 225, 20, 0, 3.25%, 0, 0, 1, 121.63
1494947178, 4, 169, 225, 20, 0, 3.25%, 0, 0, 1, 127.27
1494947183, 4, 170, 225, 19, 0, 3.25%, 0, 0, 1, 130.50
1494947198, 4, 171, 225, 19, 0, 3.25%, 0, 0, 1, 128.40
1494947203, 4, 172, 225, 19, 0, 3.25%, 0, 0, 1, 137.79
1494947219, 4, 173, 225, 19, 0, 3.25%, 0, 0, 1, 125.33
1494947224, 4, 174, 225, 19, 0, 3.25%, 0, 0, 1, 126.67
1494947229, 4, 175, 225, 19, 0, 3.25%, 0, 0, 1, 130.39
1494947250, 4, 178, 225, 19, 0, 3.25%, 0, 0, 1, 135.14
1494947265, 4, 180, 225, 19, 0, 3.25%, 0, 0, 1, 147.24
1494947270, 4, 181, 225, 19, 0, 3.25%, 0, 0, 1, 149.78
1494947275, 4, 182, 225, 19, 0, 3.25%, 0, 0, 1, 148.88
1494947285, 4, 183, 225, 19, 0, 3.25%, 0, 0, 1, 148.66
1494947291, 4, 184, 225, 19, 0, 3.25%, 0, 0, 1, 140.96
1494947306, 4, 185, 225, 19, 0, 3.25%, 0, 0, 1, 140.52
1494947311, 4, 186, 225, 19, 0, 3.25%, 0, 0, 1, 152.48
1494947326, 4, 188, 225, 19, 0, 3.25%, 0, 0, 1, 146.26
1494947337, 4, 189, 225, 19, 0, 3.25%, 0, 0, 1, 146.79
1494947342, 4, 190, 225, 19, 0, 3.25%, 0, 0, 1, 151.97
1494947357, 4, 192, 225, 19, 0, 3.25%, 0, 0, 1, 147.26
1494947368, 4, 194, 225, 19, 0, 3.25%, 0, 0, 1, 152.46
1494947383, 4, 195, 225, 19, 0, 3.25%, 0, 0, 1, 145.21
1494947388, 4, 196, 225, 19, 0, 3.25%, 0, 0, 1, 145.46
1494947409, 4, 197, 225, 19, 0, 3.25%, 0, 0, 1, 139.30
1494947414, 4, 198, 225, 18, 0, 3.25%, 0, 0, 1, 134.85
1494947424, 4, 199, 225, 18, 0, 3.25%, 0, 0, 1, 144.12
1494947429, 4, 201, 225, 18, 0, 3.25%, 0, 0, 1, 146.47
1494947445, 4, 202, 225, 18, 0, 3.25%, 0, 0, 1, 142.16
1494947450, 4, 203, 225, 18, 0, 3.25%, 0, 0, 1, 140.74
1494947465, 4, 205, 225, 18, 0, 3.25%, 0, 0, 1, 143.51
1494947486, 4, 206, 225, 18, 0, 3.25%, 0, 0, 1, 123.72
1494947506, 4, 207, 225, 18, 0, 3.25%, 0, 0, 1, 123.44
1494947521, 4, 209, 225, 18, 0, 3.25%, 0, 0, 1, 121.82
1494947542, 4, 210, 225, 18, 0, 3.25%, 0, 0, 1, 119.22
1494947547, 4, 211, 225, 18, 0, 3.25%, 0, 0, 1, 136.82
1494947562, 4, 213, 225, 18, 0, 3.25%, 0, 0, 1, 129.51
1494947578, 4, 215, 225, 18, 0, 3.25%, 0, 0, 1, 136.99
1494947598, 4, 218, 225, 18, 0, 3.25%, 0, 0, 1, 103.69
1494947624, 4, 219, 225, 18, 0, 3.25%, 0, 0, 1, 127.22
1494947629, 4, 222, 225, 18, 0, 3.25%, 0, 0, 1, 130.31
1494947634, 5, 0, 225, 18, 0, 3.25%, 0, 0, 1, 122.82
1494947639, 5, 1, 225, 18, 0, 3.25%, 0, 0, 1, 131.47
1494947644, 5, 2, 225, 18, 0, 3.25%, 0, 0, 1, 114.88
1494947649, 5, 3, 225, 18, 0, 3.25%, 0, 0, 1, 129.64
1494947660, 5, 4, 225, 18, 0, 3.25%, 0, 0, 1, 133.42
1494947665, 5, 5, 225, 18, 0, 3.25%, 0, 0, 1, 127.39
1494947670, 5, 8, 225, 18, 0, 3.25%, 0, 0, 1, 127.55
1494947675, 5, 9, 225, 18, 0, 3.25%, 0, 0, 1, 121.01
1494947680, 5, 12, 225, 18, 0, 3.25%, 0, 0, 1, 121.78
1494947696, 5, 14, 225, 18, 0, 3.25%, 0, 0, 1, 125.67
1494947701, 5, 16, 225, 18, 0, 3.25%, 0, 0, 1, 143.72
1494947706, 5, 17, 225, 18, 0, 3.25%, 0, 0, 1, 140.85
1494947711, 5, 19, 225, 18, 0, 3.25%, 0, 0, 1, 151.32
1494947716, 5, 20, 225, 18, 0, 3.25%, 0, 0, 1, 163.09
1494947721, 5, 22, 225, 18, 0, 3.25%, 0, 0, 1, 142.03
1494947726, 5, 23, 225, 18, 0, 3.25%, 0, 0, 1, 149.43
1494947741, 5, 25, 225, 18, 0, 3.25%, 0, 0, 1, 149.93
1494947747, 5, 28, 225, 18, 0, 3.25%, 0, 0, 1, 154.82
1494947752, 5, 30, 225, 18, 0, 3.25%, 0, 0, 1, 145.82
1494947757, 5, 31, 225, 18, 0, 3.25%, 0, 0, 1, 137.28
1494947762, 5, 32, 225, 18, 0, 3.25%, 0, 0, 1, 140.02
1494947767, 5, 33, 225, 18, 0, 3.25%, 0, 0, 1, 141.84
1494947777, 5, 35, 225, 18, 0, 3.25%, 0, 0, 1, 150.63
1494947793, 5, 36, 225, 18, 0, 3.25%, 0, 0, 1, 139.51
1494947798, 5, 37, 225, 18, 0, 3.25%, 0, 0, 1, 135.36
1494947803, 5, 38, 225, 18, 0, 3.25%, 0, 0, 1, 143.55
1494947808, 5, 40, 225, 18, 0, 3.25%, 0, 0, 1, 150.18
1494947823, 5, 42, 225, 18, 0, 3.25%, 0, 0, 1, 142.74
1494947828, 5, 43, 225, 18, 0, 3.25%, 0, 0, 1, 142.30
1494947834, 5, 44, 225, 17, 0, 3.25%, 0, 0, 1, 135.34
1494947844, 5, 45, 225, 17, 0, 3.25%, 0, 0, 1, 138.54
1494947854, 5, 46, 225, 17, 0, 3.25%, 0, 0, 1, 145.87
1494947859, 5, 47, 225, 17, 0, 3.25%, 0, 0, 1, 134.37
1494947875, 5, 49, 225, 17, 0, 3.25%, 0, 0, 1, 143.43
1494947890, 5, 50, 225, 17, 0, 3.25%, 0, 0, 1, 139.68
1494947905, 5, 52, 225, 17, 0, 3.25%, 0, 0, 1, 145.82
1494947910, 5, 54, 225, 17, 0, 3.25%, 0, 0, 1, 134.68
1494947926, 5, 55, 225, 17, 0, 3.25%, 0, 0, 1, 116.77
1494947931, 5, 56, 225, 17, 0, 3.25%, 0, 0, 1, 127.84
1494947946, 5, 57, 225, 17, 0, 3.25%, 0, 0, 1, 117.15
1494947951, 5, 60, 225, 17, 0, 3.25%, 0, 0, 1, 126.94
1494947967, 5, 61, 225, 17, 0, 3.25%, 0, 0, 1, 130.66
1494947972, 5, 63, 225, 17, 0, 3.25%, 0, 0, 1, 135.19
1494947982, 5, 65, 225, 17, 0, 3.25%, 0, 0, 1, 134.70
1494948003, 5, 67, 225, 17, 0, 3.25%, 0, 0, 1, 134.27
1494948018, 5, 69, 225, 17, 0, 3.25%, 0, 0, 1, 120.79
1494948033, 5, 72, 225, 17, 0, 3.25%, 0, 0, 1, 125.13
1494948039, 5, 73, 225, 17, 0, 3.25%, 0, 0, 1, 118.82
1494948044, 5, 74, 225, 17, 0, 3.25%, 0, 0, 1, 120.57
1494948059, 5, 75, 225, 17, 0, 3.25%, 0, 0, 1, 133.73
1494948064, 5, 76, 225, 17, 0, 3.25%, 0, 0, 1, 143.47
1494948080, 5, 78, 225, 17, 0, 3.25%, 0, 0, 1, 132.15
1494948095, 5, 80, 225, 17, 0, 3.25%, 0, 0, 1, 126.80
1494948110, 5, 81, 225, 17, 0, 3.25%, 0, 0, 1, 121.78
1494948115, 5, 84, 225, 17, 0, 3.25%, 0, 0, 1, 120.85
1494948131, 5, 85, 225, 17, 0, 3.25%, 0, 0, 1, 134.35
1494948136, 5, 87, 225, 17, 0, 3.25%, 0, 0, 1, 133.14
1494948151, 5, 89, 225, 17, 0, 3.25%, 0, 0, 1, 129.20
1494948166, 5, 90, 225, 17, 0, 3.25%, 0, 0, 1, 151.14
1494948171, 5, 92, 225, 17, 0, 3.25%, 0, 0, 1, 144.46
1494948177, 5, 93, 225, 17, 0, 3.25%, 0, 0, 1, 142.63
1494948192, 5, 95, 225, 17, 0, 3.25%, 0, 0, 1, 147.18
1494948207, 5, 97, 225, 17, 0, 3.25%, 0, 0, 1, 149.81
1494948223, 5, 99, 225, 16, 0, 3.25%, 0, 0, 1, 133.64
1494948238, 5, 100, 225, 16, 0, 3.25%, 0, 0, 1, 137.02
1494948243, 5, 101, 225, 16, 0, 3.25%, 0, 0, 1, 154.49
1494948259, 5, 103, 225, 16, 0, 3.25%, 0, 0, 1, 140.57
1494948274, 5, 104, 225, 16, 0, 3.25%, 0, 0, 1, 129.74
1494948279, 5, 105, 225, 16, 0, 3.25%, 0, 0, 1, 142.11
1494948295, 5, 106, 225, 16, 0, 3.25%, 0, 0, 1, 148.20
1494948300, 5, 109, 225, 16, 0, 3.25%, 0, 0, 1, 157.01
1494948315, 5, 111, 225, 16, 0, 3.25%, 0, 0, 1, 153.87
1494948330, 5, 113, 225, 16, 0, 3.25%, 0, 0, 1, 141.43
1494948341, 5, 114, 225, 16, 0, 3.25%, 0, 0, 1, 138.21
1494948356, 5, 117, 225, 16, 0, 3.25%, 0, 0, 1, 145.68
1494948361, 5, 118, 225, 16, 0, 3.25%, 0, 0, 1, 154.66
1494948367, 5, 119, 225, 16, 0, 3.25%, 0, 0, 1, 151.52
1494948377, 5, 120, 225, 16, 0, 3.25%, 0, 0, 1, 155.77
1494948392, 5, 121, 225, 16, 0, 3.25%, 0, 0, 1, 135.34
1494948397, 5, 122, 225, 16, 0, 3.25%, 0, 0, 1, 132.64
1494948413, 5, 123, 225, 16, 0, 3.25%, 0, 0, 1, 125.75
1494948418, 5, 124, 225, 16, 0, 3.25%, 0, 0, 1, 140.03
1494948433, 5, 125, 225, 16, 0, 3.25%, 0, 0, 1, 126.45
1494948438, 5, 126, 225, 16, 0, 3.25%, 0, 0, 1, 132.01
1494948454, 5, 128, 225, 16, 0, 3.25%, 0, 0, 1, 135.98
1494948480, 5, 131, 225, 16, 0, 3.25%, 0, 0, 1, 122.57
1494948495, 5, 132, 225, 16, 0, 3.25%, 0, 0, 1, 130.60
1494948510, 5, 133, 225, 16, 0, 3.25%, 0, 0, 1, 128.32
1494948515, 5, 134, 225, 16, 0, 3.25%, 0, 0, 1, 132.48
1494948531, 5, 136, 225, 16, 0, 3.25%, 0, 0, 1, 123.76
1494948536, 5, 137, 225, 16, 0, 3.25%, 0, 0, 1, 137.30
1494948541, 5, 138, 225, 16, 0, 3.25%, 0, 0, 1, 121.63
1494948546, 5, 139, 225, 16, 0, 3.25%, 0, 0, 1, 127.57
1494948561, 5, 140, 225, 16, 0, 3.25%, 0, 0, 1, 126.09
1494948567, 5, 141, 225, 16, 0, 3.25%, 0, 0, 1, 128.42
1494948582, 5, 142, 225, 16, 0, 3.25%, 0, 0, 1, 133.23
1494948587, 5, 143, 225, 16, 0, 3.25%, 0, 0, 1, 143.34
1494948603, 5, 145, 225, 16, 0, 3.25%, 0, 0, 1, 131.77
1494948618, 5, 146, 225, 16, 0, 3.25%, 0, 0, 1, 138.30
1494948623, 5, 148, 225, 15, 0, 3.25%, 0, 0, 1, 142.13
1494948628, 5, 149, 225, 15, 0, 3.25%, 0, 0, 1, 149.90
1494948633, 5, 151, 225, 15, 0, 3.25%, 0, 0, 1, 156.71
1494948638, 5, 152, 225, 14, 0, 3.25%, 0, 0, 1, 137.77
1494948654, 5, 154, 225, 14, 0, 3.25%, 0, 0, 1, 141.20
1494948659, 5, 155, 225, 14, 0, 3.25%, 0, 0, 1, 134.24
1494948664, 5, 156, 225, 14, 0, 3.25%, 0, 0, 1, 134.41
1494948679, 5, 157, 225, 14, 0, 3.25%, 0, 0, 1, 149.43
1494948684, 5, 158, 225, 14, 0, 3.25%, 0, 0, 1, 139.16
1494948700, 5, 159, 225, 14, 0, 3.25%, 0, 0, 1, 146.09
1494948715, 5, 161, 225, 14, 0, 3.25%, 0, 0, 1, 144.63
1494948736, 5, 163, 225, 14, 0, 3.25%, 0, 0, 1, 150.65
1494948751, 5, 165, 225, 14, 0, 3.25%, 0, 0, 1, 144.93
1494948757, 5, 166, 225, 14, 0, 3.25%, 0, 0, 1, 143.78
1494948772, 5, 167, 225, 14, 0, 3.25%, 0, 0, 1, 148.43
1494948777, 5, 168, 225, 14, 0, 3.25%, 0, 0, 1, 144.20
1494948792, 5, 170, 225, 14, 0, 3.25%, 0, 0, 1, 145.65
1494948808, 5, 172, 225, 14, 0, 3.25%, 0, 0, 1, 146.20
1494948823, 5, 173, 225, 14, 0, 3.25%, 0, 0, 1, 141.40
1494948828, 5, 174, 225, 14, 0, 3.25%, 0, 0, 1, 151.52
1494948833, 5, 175, 225, 14, 0, 3.25%, 0, 0, 1, 138.19
1494948854, 5, 177, 225, 14, 0, 3.25%, 0, 0, 1, 119.51
1494948859, 5, 178, 225, 14, 0, 3.25%, 0, 0, 1, 121.44
1494948874, 5, 180, 225, 14, 0, 3.25%, 0, 0, 1, 133.87
1494948879, 5, 181, 225, 14, 0, 3.25%, 0, 0, 1, 139.36
1494948884, 5, 182, 225, 14, 0, 3.25%, 0, 0, 1, 129.74
1494948900, 5, 184, 225, 14, 0, 3.25%, 0, 0, 1, 133.02
1494948920, 5, 186, 225, 14, 0, 3.25%, 0, 0, 1, 117.21
1494948936, 5, 188, 225, 14, 0, 3.25%, 0, 0, 1, 119.67
1494948951, 5, 189, 225, 14, 0, 3.25%, 0, 0, 1, 123.44
1494948956, 5, 190, 225, 14, 0, 3.25%, 0, 0, 1, 123.30
1494948971, 5, 192, 225, 14, 0, 3.25%, 0, 0, 1, 120.11
1494948987, 5, 194, 225, 14, 0, 3.25%, 0, 0, 1, 125.51
1494949007, 5, 195, 225, 14, 0, 3.25%, 0, 0, 1, 130.54
1494949012, 5, 196, 225, 14, 0, 3.25%, 0, 0, 1, 132.14
1494949038, 5, 198, 225, 14, 0, 3.25%, 0, 0, 1, 134.41
1494949048, 5, 199, 225, 14, 0, 3.25%, 0, 0, 1, 119.03
1494949053, 5, 201, 225, 14, 0, 3.25%, 0, 0, 1, 119.75
1494949073, 5, 203, 225, 14, 0, 3.25%, 0, 0, 1, 144.61
1494949089, 5, 205, 225, 14, 0, 3.25%, 0, 0, 1, 147.22
1494949104, 5, 206, 225, 14, 0, 3.25%, 0, 0, 1, 139.88
1494949120, 5, 207, 225, 14, 0, 3.25%, 0, 0, 1, 147.86
1494949135, 5, 208, 225, 14, 0, 3.25%, 0, 0, 1, 146.35
1494949140, 5, 209, 225, 14, 0, 3.25%, 0, 0, 1, 151.58
1494949151, 5, 210, 225, 14, 0, 3.25%, 0, 0, 1, 151.28
1494949156, 5, 211, 225, 14, 0, 3.25%, 0, 0, 1, 145.90
1494949171, 5, 213, 225, 14, 0, 3.25%, 0, 0, 1, 138.47
1494949186, 5, 215, 225, 14, 0, 3.25%, 0, 0, 1, 151.23
1494949202, 5, 218, 225, 14, 0, 3.25%, 0, 0, 1, 118.73
1494949227, 5, 222, 225, 14, 0, 3.25%, 0, 0, 1, 147.66
1494949232, 6, 0, 225, 14, 0, 3.25%, 0, 0, 1, 140.95
1494949237, 6, 1, 225, 14, 0, 3.25%, 0, 0, 1, 141.79
1494949242, 6, 3, 225, 14, 0, 3.25%, 0, 0, 1, 148.63
1494949252, 6, 4, 225, 14, 0, 3.25%, 0, 0, 1, 148.56
1494949258, 6, 5, 225, 14, 0, 3.25%, 0, 0, 1, 147.93
1494949263, 6, 8, 225, 14, 0, 3.25%, 0, 0, 1, 143.52
1494949268, 6, 10, 225, 14, 0, 3.25%, 0, 0, 1, 154.44
1494949273, 6, 12, 225, 14, 0, 3.25%, 0, 0, 1, 150.51
1494949283, 6, 14, 225, 14, 0, 3.25%, 0, 0, 1, 141.87
1494949288, 6, 15, 225, 14, 0, 3.25%, 0, 0, 1, 154.23
1494949293, 6, 16, 225, 14, 0, 3.25%, 0, 0, 1, 145.73
1494949298, 6, 18, 225, 14, 0, 3.25%, 0, 0, 1, 121.82
1494949304, 6, 20, 225, 14, 0, 3.25%, 0, 0, 1, 133.76
1494949309, 6, 21, 225, 14, 0, 3.25%, 0, 0, 1, 127.48
1494949314, 6, 22, 225, 14, 0, 3.25%, 0, 0, 1, 126.43
1494949319, 6, 23, 225, 14, 0, 3.25%, 0, 0, 1, 130.13
1494949334, 6, 25, 225, 14, 0, 3.25%, 0, 0, 1, 121.14
1494949339, 6, 26, 225, 14, 0, 3.25%, 0, 0, 1, 127.80
1494949345, 6, 28, 225, 14, 0, 3.25%, 0, 0, 1, 123.84
1494949350, 6, 29, 225, 14, 0, 3.25%, 0, 0, 1, 126.02
1494949355, 6, 31, 225, 14, 0, 3.25%, 0, 0, 1, 118.13
1494949360, 6, 32, 225, 14, 0, 3.25%, 0, 0, 1, 126.56
1494949365, 6, 33, 225, 14, 0, 3.25%, 0, 0, 1, 124.03
1494949380, 6, 35, 225, 14, 0, 3.25%, 0, 0, 1, 125.33
1494949396, 6, 36, 225, 14, 0, 3.25%, 0, 0, 1, 128.28
1494949401, 6, 37, 225, 14, 0, 3.25%, 0, 0, 1, 128.20
1494949406, 6, 38, 225, 14, 0, 3.25%, 0, 0, 1, 126.86
1494949411, 6, 40, 225, 14, 0, 3.25%, 0, 0, 1, 120.44
1494949431, 6, 41, 225, 14, 0, 3.25%, 0, 0, 1, 127.43
1494949437, 6, 42, 225, 14, 0, 3.25%, 0, 0, 1, 133.07
1494949442, 6, 44, 225, 14, 0, 3.25%, 0, 0, 1, 130.66
1494949447, 6, 45, 225, 14, 0, 3.25%, 0, 0, 1, 128.07
1494949457, 6, 46, 225, 14, 0, 3.25%, 0, 0, 1, 134.58
1494949462, 6, 47, 225, 14, 0, 3.25%, 0, 0, 1, 129.26
1494949483, 6, 49, 225, 14, 0, 3.25%, 0, 0, 1, 127.05
1494949498, 6, 50, 225, 14, 0, 3.25%, 0, 0, 1, 130.57
1494949513, 6, 51, 225, 14, 0, 3.25%, 0, 0, 1, 131.66
1494949518, 6, 52, 225, 14, 0, 3.25%, 0, 0, 1, 142.14
1494949524, 6, 54, 225, 14, 0, 3.25%, 0, 0, 1, 144.88
1494949534, 6, 55, 225, 14, 0, 3.25%, 0, 0, 1, 142.16
1494949544, 6, 56, 225, 14, 0, 3.25%, 0, 0, 1, 149.77
1494949555, 6, 57, 225, 14, 0, 3.25%, 0, 0, 1, 155.24
1494949560, 6, 60, 225, 14, 0, 3.25%, 0, 0, 1, 151.07
1494949570, 6, 61, 225, 14, 0, 3.25%, 0, 0, 1, 152.41
1494949575, 6, 63, 225, 14, 0, 3.25%, 0, 0, 1, 154.02
1494949590, 6, 65, 225, 14, 0, 3.25%, 0, 0, 1, 144.84
1494949606, 6, 67, 225, 14, 0, 3.25%, 0, 0, 1, 149.46
1494949616, 6, 69, 225, 14, 0, 3.25%, 0, 0, 1, 146.59
1494949632, 6, 71, 225, 14, 0, 3.25%, 0, 0, 1, 140.34
1494949637, 6, 72, 225, 14, 0, 3.25%, 0, 0, 1, 147.15
1494949642, 6, 73, 225, 14, 0, 3.25%, 0, 0, 1, 139.50
1494949647, 6, 74, 225, 14, 0, 3.25%, 0, 0, 1, 138.84
1494949657, 6, 75, 225, 14, 0, 3.25%, 0, 0, 1, 145.99
1494949663, 6, 76, 225, 14, 0, 3.25%, 0, 0, 1, 148.14
1494949678, 6, 78, 225, 14, 0, 3.25%, 0, 0, 1, 133.70
1494949693, 6, 80, 225, 14, 0, 3.25%, 0, 0, 1, 145.03
1494949709, 6, 81, 225, 14, 0, 3.25%, 0, 0, 1, 135.37
1494949714, 6, 84, 225, 14, 0, 3.25%, 0, 0, 1, 137.30
1494949729, 6, 87, 225, 14, 0, 3.25%, 0, 0, 1, 153.75
1494949745, 6, 88, 225, 14, 0, 3.25%, 0, 0, 1, 133.88
1494949750, 6, 89, 225, 14, 0, 3.25%, 0, 0, 1, 126.66
1494949765, 6, 92, 225, 14, 0, 3.25%, 0, 0, 1, 135.93
1494949776, 6, 93, 225, 14, 0, 3.25%, 0, 0, 1, 119.12
1494949791, 6, 95, 225, 14, 0, 3.25%, 0, 0, 1, 126.31
1494949806, 6, 97, 225, 14, 0, 3.25%, 0, 0, 1, 133.44
1494949822, 6, 99, 225, 14, 0, 3.25%, 0, 0, 1, 132.47
1494949837, 6, 101, 225, 14, 0, 3.25%, 0, 0, 1, 128.05
1494949853, 6, 102, 225, 14, 0, 3.25%, 0, 0, 1, 123.60
1494949858, 6, 103, 225, 14, 0, 3.25%, 0, 0, 1, 118.61
1494949873, 6, 104, 225, 14, 0, 3.25%, 0, 0, 1, 133.98
1494949878, 6, 105, 225, 14, 0, 3.25%, 0, 0, 1, 127.47
1494949894, 6, 106, 225, 14, 0, 3.25%, 0, 0, 1, 131.46
1494949899, 6, 107, 225, 14, 0, 3.25%, 0, 0, 1, 129.42
1494949904, 6, 109, 225, 14, 0, 3.25%, 0, 0, 1, 127.66
1494949919, 6, 110, 225, 14, 0, 3.25%, 0, 0, 1, 127.18
1494949925, 6, 111, 225, 14, 0, 3.25%, 0, 0, 1, 122.69
1494949940, 6, 113, 225, 14, 0, 3.25%, 0, 0, 1, 140.41
1494949945, 6, 114, 225, 14, 0, 3.25%, 0, 0, 1, 130.53
1494949960, 6, 115, 225, 14, 0, 3.25%, 0, 0, 1, 125.32
1494949965, 6, 117, 225, 14, 0, 3.25%, 0, 0, 1, 130.88
1494949971, 6, 118, 225, 14, 0, 3.25%, 0, 0, 1, 131.85
1494949976, 6, 119, 225, 14, 0, 3.25%, 0, 0, 1, 137.99
1494949986, 6, 120, 225, 14, 0, 3.25%, 0, 0, 1, 138.17
1494950001, 6, 122, 225, 14, 0, 3.25%, 0, 0, 1, 153.18
1494950016, 6, 123, 225, 14, 0, 3.25%, 0, 0, 1, 146.30
1494950022, 6, 124, 225, 14, 0, 3.25%, 0, 0, 1, 160.29
1494950037, 6, 125, 225, 14, 0, 3.25%, 0, 0, 1, 147.40
1494950042, 6, 126, 225, 14, 0, 3.25%, 0, 0, 1, 156.18
1494950058, 6, 128, 225, 14, 0, 3.25%, 0, 0, 1, 143.90
1494950078, 6, 131, 225, 13, 0, 3.25%, 0, 0, 1, 145.55
1494950094, 6, 132, 225, 13, 0, 3.25%, 0, 0, 1, 156.33
1494950109, 6, 134, 225, 13, 0, 3.25%, 0, 0, 1, 153.25
1494950124, 6, 137, 225, 13, 0, 3.25%, 0, 0, 1, 151.45
1494950135, 6, 139, 225, 13, 0, 3.25%, 0, 0, 1, 149.62
1494950150, 6, 141, 225, 13, 0, 3.25%, 0, 0, 1, 155.47
1494950160, 6, 142, 225, 13, 0, 3.25%, 0, 0, 1, 148.89
1494950165, 6, 143, 225, 13, 0, 3.25%, 0, 0, 1, 154.42
1494950181, 6, 145, 225, 13, 0, 3.25%, 0, 0, 1, 142.34
1494950196, 6, 148, 225, 13, 0, 3.25%, 0, 0, 1, 146.66
1494950206, 6, 149, 225, 13, 0, 3.25%, 0, 0, 1, 137.16
1494950211, 6, 152, 225, 13, 0, 3.25%, 0, 0, 1, 131.73
1494950227, 6, 153, 225, 13, 0, 3.25%, 0, 0, 1, 129.80
1494950232, 6, 154, 225, 13, 0, 3.25%, 0, 0, 1, 130.57
1494950237, 6, 155, 225, 13, 0, 3.25%, 0, 0, 1, 122.77
1494950243, 6, 156, 225, 13, 0, 3.25%, 0, 0, 1, 140.00
1494950258, 6, 157, 225, 13, 0, 3.25%, 0, 0, 1, 126.62
1494950263, 6, 158, 225, 13, 0, 3.25%, 0, 0, 1, 122.65
1494950278, 6, 159, 225, 13, 0, 3.25%, 0, 0, 1, 124.51
1494950294, 6, 161, 225, 13, 0, 3.25%, 0, 0, 1, 131.56
1494950320, 6, 163, 225, 13, 0, 3.25%, 0, 0, 1, 124.50
1494950335, 6, 165, 225, 13, 0, 3.25%, 0, 0, 1, 125.19
1494950340, 6, 166, 225, 13, 0, 3.25%, 0, 0, 1, 138.40
1494950356, 6, 167, 225, 13, 0, 3.25%, 0, 0, 1, 130.21
1494950361, 6, 168, 225, 13, 0, 3.25%, 0, 0, 1, 124.01
1494950376, 6, 170, 225, 13, 0, 3.25%, 0, 0, 1, 116.89
1494950391, 6, 171, 225, 13, 0, 3.25%, 0, 0, 1, 126.84
