# unix_time, cycles_done, cur_path, paths_total, pending_total, pending_favs, map_size, unique_crashes, unique_hangs, max_depth, execs_per_sec
1495004690, 0, 0, 224, 224, 175, 3.25%, 0, 0, 1, 213.68
1495004695, 0, 0, 225, 224, 174, 3.25%, 0, 0, 1, 221.03
1495004741, 0, 2, 225, 223, 173, 3.25%, 0, 0, 1, 133.07
1495004746, 0, 3, 225, 222, 172, 3.25%, 0, 0, 1, 144.38
1495004751, 0, 4, 225, 221, 171, 3.25%, 0, 0, 1, 136.20
1495004756, 0, 5, 225, 220, 170, 3.25%, 0, 0, 1, 145.48
1495004762, 0, 6, 225, 219, 169, 3.25%, 0, 0, 1, 143.24
1495004767, 0, 7, 225, 218, 168, 3.25%, 0, 0, 1, 147.06
1495004777, 0, 9, 225, 216, 166, 3.25%, 0, 0, 1, 152.87
1495004782, 0, 12, 225, 214, 164, 3.25%, 0, 0, 1, 152.47
1495004792, 0, 13, 225, 213, 163, 3.25%, 0, 0, 1, 154.22
1495004797, 0, 14, 225, 212, 162, 3.25%, 0, 0, 1, 152.33
1495004802, 0, 15, 225, 211, 161, 3.25%, 0, 0, 1, 150.05
1495004808, 0, 18, 225, 208, 158, 3.25%, 0, 0, 1, 154.49
1495004813, 0, 20, 225, 206, 156, 3.25%, 0, 0, 1, 150.09
1495004818, 0, 21, 225, 205, 155, 3.25%, 0, 0, 1, 156.12
1495004823, 0, 22, 225, 204, 154, 3.25%, 0, 0, 1, 158.76
1495004828, 0, 24, 225, 202, 152, 3.25%, 0, 0, 1, 149.57
1495004833, 0, 25, 225, 201, 151, 3.25%, 0, 0, 1, 143.86
1495004838, 0, 26, 225, 200, 150, 3.25%, 0, 0, 1, 143.20
1495004844, 0, 29, 225, 197, 147, 3.25%, 0, 0, 1, 146.94
1495004849, 0, 30, 225, 196, 146, 3.25%, 0, 0, 1, 146.86
1495004854, 0, 31, 225, 195, 145, 3.25%, 0, 0, 1, 146.02
1495004859, 0, 32, 225, 194, 144, 3.25%, 0, 0, 1, 154.27
1495004864, 0, 33, 225, 193, 143, 3.25%, 0, 0, 1, 141.96
1495004874, 0, 36, 225, 192, 142, 3.25%, 0, 0, 1, 138.43
1495004879, 0, 37, 225, 191, 141, 3.25%, 0, 0, 1, 140.70
1495004885, 0, 38, 225, 190, 140, 3.25%, 0, 0, 1, 149.29
1495004890, 0, 40, 225, 189, 139, 3.25%, 0, 0, 1, 154.84
1495004895, 0, 41, 225, 188, 138, 3.25%, 0, 0, 1, 156.08
1495004905, 0, 42, 225, 187, 137, 3.25%, 0, 0, 1, 158.39
1495004910, 0, 44, 225, 186, 136, 3.25%, 0, 0, 1, 160.71
1495004915, 0, 45, 225, 185, 135, 3.25%, 0, 0, 1, 151.84
1495004925, 0, 46, 225, 184, 134, 3.25%, 0, 0, 1, 146.72
1495004930, 0, 47, 225, 183, 133, 3.25%, 0, 0, 1, 143.03
1495004946, 0, 48, 225, 182, 132, 3.25%, 0, 0, 1, 156.70
1495004951, 0, 49, 225, 181, 131, 3.25%, 0, 0, 1, 154.73
1495004966, 0, 50, 225, 180, 130, 3.25%, 0, 0, 1, 132.19
1495004971, 0, 51, 225, 179, 129, 3.25%, 0, 0, 1, 125.60
1495004976, 0, 52, 225, 178, 128, 3.25%, 0, 0, 1, 124.13
1495004991, 0, 53, 225, 177, 127, 3.25%, 0, 0, 1, 133.91
1495004996, 0, 54, 225, 176, 126, 3.25%, 0, 0, 1, 132.10
1495005001, 0, 55, 225, 175, 125, 3.25%, 0, 0, 1, 130.20
1495005006, 0, 55, 225, 175, 125, 3.25%, 0, 1, 1, 64.03
1495005017, 0, 56, 225, 174, 124, 3.25%, 0, 1, 1, 121.78
1495005022, 0, 57, 225, 173, 123, 3.25%, 0, 1, 1, 138.39
1495005027, 0, 60, 225, 172, 122, 3.25%, 0, 1, 1, 137.49
1495005042, 0, 61, 225, 171, 121, 3.25%, 0, 1, 1, 121.60
1495005057, 0, 63, 225, 170, 120, 3.25%, 0, 1, 1, 137.49
1495005063, 0, 64, 225, 169, 119, 3.25%, 0, 1, 1, 126.65
1495005068, 0, 67, 225, 168, 118, 3.25%, 0, 1, 1, 126.89
1495005083, 0, 69, 225, 167, 117, 3.25%, 0, 1, 1, 129.80
1495005088, 0, 70, 225, 166, 116, 3.25%, 0, 1, 1, 138.87
1495005103, 0, 73, 225, 164, 114, 3.25%, 0, 1, 1, 134.09
1495005119, 0, 74, 225, 163, 113, 3.25%, 0, 1, 1, 125.53
1495005124, 0, 75, 225, 162, 112, 3.25%, 0, 1, 1, 128.96
1495005139, 0, 76, 225, 161, 111, 3.25%, 0, 1, 1, 138.44
1495005145, 0, 77, 225, 160, 110, 3.25%, 0, 1, 1, 130.24
1495005160, 0, 78, 225, 159, 109, 3.25%, 0, 1, 1, 128.11
1495005165, 0, 79, 225, 158, 108, 3.25%, 0, 1, 1, 129.51
1495005175, 0, 80, 225, 157, 107, 3.25%, 0, 1, 1, 128.40
1495005180, 0, 81, 225, 156, 106, 3.25%, 0, 1, 1, 135.28
1495005196, 0, 84, 225, 155, 105, 3.25%, 0, 1, 1, 130.66
1495005201, 0, 85, 225, 154, 104, 3.25%, 0, 1, 1, 128.14
1495005211, 0, 87, 225, 153, 103, 3.25%, 0, 1, 1, 150.45
1495005216, 0, 88, 225, 152, 102, 3.25%, 0, 1, 1, 146.76
1495005221, 0, 89, 225, 151, 101, 3.25%, 0, 1, 1, 148.66
1495005237, 0, 90, 225, 150, 100, 3.25%, 0, 1, 1, 148.98
1495005242, 0, 93, 225, 148, 98, 3.25%, 0, 1, 1, 152.02
1495005257, 0, 94, 225, 147, 97, 3.25%, 0, 1, 1, 129.01
1495005263, 0, 95, 225, 146, 96, 3.25%, 0, 1, 1, 146.53
1495005278, 0, 97, 225, 145, 95, 3.25%, 0, 1, 1, 155.22
1495005288, 0, 99, 225, 144, 94, 3.25%, 0, 1, 1, 139.53
1495005304, 0, 100, 225, 143, 93, 3.25%, 0, 1, 1, 159.02
1495005309, 0, 101, 225, 142, 92, 3.25%, 0, 1, 1, 146.61
1495005324, 0, 103, 225, 140, 90, 3.25%, 0, 1, 1, 157.18
1495005329, 0, 104, 225, 139, 89, 3.25%, 0, 1, 1, 155.56
1495005335, 0, 105, 225, 138, 88, 3.25%, 0, 1, 1, 149.03
1495005350, 0, 106, 225, 137, 87, 3.25%, 0, 1, 1, 150.81
1495005355, 0, 107, 225, 136, 86, 3.25%, 0, 1, 1, 152.12
1495005365, 0, 109, 225, 135, 85, 3.25%, 0, 1, 1, 154.34
1495005381, 0, 110, 225, 134, 84, 3.25%, 0, 1, 1, 144.20
1495005386, 0, 111, 225, 133, 83, 3.25%, 0, 1, 1, 152.63
1495005396, 0, 113, 225, 132, 82, 3.25%, 0, 1, 1, 153.22
1495005406, 0, 115, 225, 130, 80, 3.25%, 0, 1, 1, 153.63
1495005422, 0, 117, 225, 128, 78, 3.25%, 0, 1, 1, 158.80
1495005427, 0, 119, 225, 126, 76, 3.25%, 0, 1, 1, 155.13
1495005442, 0, 120, 225, 125, 75, 3.25%, 0, 1, 1, 154.75
1495005458, 0, 121, 225, 124, 74, 3.25%, 0, 1, 1, 125.78
1495005468, 0, 122, 225, 123, 73, 3.25%, 0, 1, 1, 135.76
1495005473, 0, 124, 225, 122, 72, 3.25%, 0, 1, 1, 137.89
1495005488, 0, 125, 225, 121, 71, 3.25%, 0, 1, 1, 143.06
1495005503, 0, 128, 225, 120, 70, 3.25%, 0, 1, 1, 129.19
1495005529, 0, 133, 225, 118, 68, 3.25%, 0, 1, 1, 128.18
1495005539, 0, 134, 225, 117, 67, 3.25%, 0, 1, 1, 124.27
1495005550, 0, 137, 225, 115, 65, 3.25%, 0, 1, 1, 136.45
1495005575, 0, 138, 225, 114, 64, 3.25%, 0, 1, 1, 127.59
1495005580, 0, 140, 225, 112, 62, 3.25%, 0, 1, 1, 131.67
1495005585, 0, 141, 225, 111, 61, 3.25%, 0, 1, 1, 132.53
1495005596, 0, 142, 225, 110, 60, 3.25%, 0, 1, 1, 132.54
1495005601, 0, 143, 225, 109, 59, 3.25%, 0, 1, 1, 125.50
1495005616, 0, 144, 225, 108, 58, 3.25%, 0, 1, 1, 132.66
1495005621, 0, 145, 225, 107, 57, 3.25%, 0, 1, 1, 126.76
1495005637, 0, 147, 225, 106, 56, 3.25%, 0, 1, 1, 127.27
1495005657, 0, 149, 225, 105, 55, 3.25%, 0, 1, 1, 131.04
1495005683, 0, 152, 225, 104, 54, 3.25%, 0, 1, 1, 126.18
1495005698, 0, 154, 225, 102, 52, 3.25%, 0, 1, 1, 131.04
1495005704, 0, 155, 225, 101, 51, 3.25%, 0, 1, 1, 146.99
1495005719, 0, 157, 225, 99, 49, 3.25%, 0, 1, 1, 140.17
1495005734, 0, 158, 225, 98, 48, 3.25%, 0, 1, 1, 146.65
1495005739, 0, 159, 225, 97, 47, 3.25%, 0, 1, 1, 152.30
1495005750, 0, 162, 225, 96, 46, 3.25%, 0, 1, 1, 146.18
1495005755, 0, 163, 225, 95, 45, 3.25%, 0, 1, 1, 157.55
1495005770, 0, 165, 225, 94, 44, 3.25%, 0, 1, 1, 148.10
1495005786, 0, 167, 225, 92, 42, 3.25%, 0, 1, 1, 138.68
1495005801, 0, 168, 225, 91, 41, 3.25%, 0, 1, 1, 161.75
1495005806, 0, 171, 225, 89, 39, 3.25%, 0, 1, 1, 147.43
1495005821, 0, 173, 225, 87, 37, 3.25%, 0, 1, 1, 148.78
1495005837, 0, 174, 225, 86, 36, 3.25%, 0, 1, 1, 146.10
1495005842, 0, 175, 225, 85, 35, 3.25%, 0, 1, 1, 140.67
1495005857, 0, 177, 225, 84, 34, 3.25%, 0, 1, 1, 143.86
1495005862, 0, 178, 225, 83, 33, 3.25%, 0, 1, 1, 140.59
1495005878, 0, 181, 225, 81, 31, 3.25%, 0, 1, 1, 137.43
1495005883, 0, 182, 225, 80, 30, 3.25%, 0, 1, 1, 143.38
1495005898, 0, 183, 225, 79, 29, 3.25%, 0, 1, 1, 142.95
1495005903, 0, 184, 225, 78, 28, 3.25%, 0, 1, 1, 151.49
1495005914, 0, 185, 225, 77, 27, 3.25%, 0, 1, 1, 153.35
1495005919, 0, 186, 225, 76, 26, 3.25%, 0, 1, 1, 132.27
1495005934, 0, 188, 225, 75, 25, 3.25%, 0, 1, 1, 158.51
1495005949, 0, 190, 225, 73, 23, 3.25%, 0, 1, 1, 124.03
1495005965, 0, 192, 225, 72, 22, 3.25%, 0, 1, 1, 144.13
1495005980, 0, 195, 225, 71, 21, 3.25%, 0, 1, 1, 146.19
1495006006, 0, 197, 225, 69, 19, 3.25%, 0, 1, 1, 124.42
1495006026, 0, 199, 225, 67, 17, 3.25%, 0, 1, 1, 141.73
1495006041, 0, 201, 225, 66, 16, 3.25%, 0, 1, 1, 128.65
1495006057, 0, 202, 225, 65, 15, 3.25%, 0, 1, 1, 133.02
1495006062, 0, 204, 225, 63, 13, 3.25%, 0, 1, 1, 133.13
1495006082, 0, 206, 225, 61, 11, 3.25%, 0, 1, 1, 127.93
1495006103, 0, 208, 225, 59, 9, 3.25%, 0, 1, 1, 126.80
1495006108, 0, 209, 225, 58, 8, 3.25%, 0, 1, 1, 123.49
1495006123, 0, 210, 225, 57, 7, 3.25%, 0, 1, 1, 124.67
1495006128, 0, 211, 225, 56, 6, 3.25%, 0, 1, 1, 133.82
1495006144, 0, 213, 225, 55, 5, 3.25%, 0, 1, 1, 123.63
1495006159, 0, 215, 225, 54, 4, 3.25%, 0, 1, 1, 129.37
1495006174, 0, 217, 225, 53, 3, 3.25%, 0, 1, 1, 132.21
1495006195, 0, 221, 225, 52, 2, 3.25%, 0, 1, 1, 130.97
1495006220, 0, 224, 225, 51, 1, 3.25%, 0, 1, 1, 143.15
1495006226, 1, 0, 225, 50, 0, 3.25%, 0, 1, 1, 148.98
1495006231, 1, 1, 225, 50, 0, 3.25%, 0, 1, 1, 150.46
1495006236, 1, 2, 225, 50, 0, 3.25%, 0, 1, 1, 148.96
1495006241, 1, 4, 225, 50, 0, 3.25%, 0, 1, 1, 145.02
1495006246, 1, 5, 225, 50, 0, 3.25%, 0, 1, 1, 146.46
1495006256, 1, 7, 225, 50, 0, 3.25%, 0, 1, 1, 142.98
1495006266, 1, 9, 225, 50, 0, 3.25%, 0, 1, 1, 146.66
1495006271, 1, 10, 225, 50, 0, 3.25%, 0, 1, 1, 151.33
1495006277, 1, 12, 225, 50, 0, 3.25%, 0, 1, 1, 144.63
1495006287, 1, 13, 225, 50, 0, 3.25%, 0, 1, 1, 153.73
1495006292, 1, 15, 225, 50, 0, 3.25%, 0, 1, 1, 150.25
1495006297, 1, 16, 225, 50, 0, 3.25%, 0, 1, 1, 150.00
1495006302, 1, 18, 225, 50, 0, 3.25%, 0, 1, 1, 147.10
1495006307, 1, 20, 225, 50, 0, 3.25%, 0, 1, 1, 155.62
1495006313, 1, 22, 225, 50, 0, 3.25%, 0, 1, 1, 145.29
1495006318, 1, 23, 225, 50, 0, 3.25%, 0, 1, 1, 151.97
1495006323, 1, 24, 225, 50, 0, 3.25%, 0, 1, 1, 153.41
1495006328, 1, 26, 225, 50, 0, 3.25%, 0, 1, 1, 153.32
1495006333, 1, 28, 225, 50, 0, 3.25%, 0, 1, 1, 146.86
1495006338, 1, 30, 225, 50, 0, 3.25%, 0, 1, 1, 154.51
1495006343, 1, 31, 225, 50, 0, 3.25%, 0, 1, 1, 151.17
1495006348, 1, 32, 225, 50, 0, 3.25%, 0, 1, 1, 143.53
1495006354, 1, 33, 225, 50, 0, 3.25%, 0, 1, 1, 147.36
1495006364, 1, 36, 225, 50, 0, 3.25%, 0, 1, 1, 146.41
1495006374, 1, 37, 225, 50, 0, 3.25%, 0, 1, 1, 146.90
1495006379, 1, 38, 225, 50, 0, 3.25%, 0, 1, 1, 154.82
1495006384, 1, 39, 225, 50, 0, 3.25%, 0, 1, 1, 152.24
1495006394, 1, 40, 225, 49, 0, 3.25%, 0, 1, 1, 153.72
1495006400, 1, 41, 225, 49, 0, 3.25%, 0, 1, 1, 166.90
1495006410, 1, 42, 225, 49, 0, 3.25%, 0, 1, 1, 161.37
1495006415, 1, 44, 225, 49, 0, 3.25%, 0, 1, 1, 149.30
1495006420, 1, 45, 225, 49, 0, 3.25%, 0, 1, 1, 157.02
1495006430, 1, 46, 225, 49, 0, 3.25%, 0, 1, 1, 146.97
1495006435, 1, 47, 225, 49, 0, 3.25%, 0, 1, 1, 154.52
1495006451, 1, 48, 225, 49, 0, 3.25%, 0, 1, 1, 128.94
1495006456, 1, 49, 225, 49, 0, 3.25%, 0, 1, 1, 127.04
1495006471, 1, 50, 225, 49, 0, 3.25%, 0, 1, 1, 127.05
1495006477, 1, 51, 225, 49, 0, 3.25%, 0, 1, 1, 137.12
1495006482, 1, 52, 225, 49, 0, 3.25%, 0, 1, 1, 124.00
1495006502, 1, 53, 225, 49, 0, 3.25%, 0, 1, 1, 132.91
1495006507, 1, 54, 225, 49, 0, 3.25%, 0, 1, 1, 138.48
1495006512, 1, 55, 225, 49, 0, 3.25%, 0, 1, 1, 111.61
1495006522, 1, 57, 225, 49, 0, 3.25%, 0, 1, 1, 127.86
1495006528, 1, 60, 225, 49, 0, 3.25%, 0, 1, 1, 133.75
1495006543, 1, 61, 225, 49, 0, 3.25%, 0, 1, 1, 136.85
1495006563, 1, 63, 225, 49, 0, 3.25%, 0, 1, 1, 120.86
1495006568, 1, 64, 225, 49, 0, 3.25%, 0, 1, 1, 124.68
1495006573, 1, 67, 225, 49, 0, 3.25%, 0, 1, 1, 127.85
1495006594, 1, 68, 225, 49, 0, 3.25%, 0, 1, 1, 131.43
1495006599, 1, 69, 225, 48, 0, 3.25%, 0, 1, 1, 126.84
1495006604, 1, 70, 225, 48, 0, 3.25%, 0, 1, 1, 133.68
1495006614, 1, 72, 225, 48, 0, 3.25%, 0, 1, 1, 133.17
1495006619, 1, 73, 225, 48, 0, 3.25%, 0, 1, 1, 128.72
1495006635, 1, 74, 225, 48, 0, 3.25%, 0, 1, 1, 141.83
1495006640, 1, 75, 225, 48, 0, 3.25%, 0, 1, 1, 139.20
1495006655, 1, 76, 225, 48, 0, 3.25%, 0, 1, 1, 127.22
1495006660, 1, 77, 225, 48, 0, 3.25%, 0, 1, 1, 120.70
1495006676, 1, 79, 225, 48, 0, 3.25%, 0, 1, 1, 136.49
1495006691, 1, 80, 225, 48, 0, 3.25%, 0, 1, 1, 139.10
1495006697, 1, 81, 225, 48, 0, 3.25%, 0, 1, 1, 144.59
1495006707, 1, 83, 225, 48, 0, 3.25%, 0, 1, 1, 150.61
1495006722, 1, 84, 225, 47, 0, 3.25%, 0, 1, 1, 144.12
1495006727, 1, 85, 225, 47, 0, 3.25%, 0, 1, 1, 151.73
1495006743, 1, 88, 225, 47, 0, 3.25%, 0, 1, 1, 151.23
1495006748, 1, 89, 225, 47, 0, 3.25%, 0, 1, 1, 143.78
1495006763, 1, 90, 225, 47, 0, 3.25%, 0, 1, 1, 141.27
1495006768, 1, 91, 225, 47, 0, 3.25%, 0, 1, 1, 132.27
1495006773, 1, 92, 225, 46, 0, 3.25%, 0, 1, 1, 149.82
1495006778, 1, 93, 225, 46, 0, 3.25%, 0, 1, 1, 137.27
1495006794, 1, 94, 225, 46, 0, 3.25%, 0, 1, 1, 154.26
1495006799, 1, 95, 225, 46, 0, 3.25%, 0, 1, 1, 148.98
1495006809, 1, 96, 225, 46, 0, 3.25%, 0, 1, 1, 150.81
1495006814, 1, 97, 225, 45, 0, 3.25%, 0, 1, 1, 140.60
1495006824, 1, 99, 225, 45, 0, 3.25%, 0, 1, 1, 143.56
1495006840, 1, 100, 225, 45, 0, 3.25%, 0, 1, 1, 147.27
1495006845, 1, 101, 225, 45, 0, 3.25%, 0, 1, 1, 149.39
1495006860, 1, 103, 225, 45, 0, 3.25%, 0, 1, 1, 144.05
1495006865, 1, 104, 225, 45, 0, 3.25%, 0, 1, 1, 143.90
1495006871, 1, 105, 225, 45, 0, 3.25%, 0, 1, 1, 144.02
1495006886, 1, 107, 225, 45, 0, 3.25%, 0, 1, 1, 134.97
1495006902, 1, 109, 225, 45, 0, 3.25%, 0, 1, 1, 139.25
1495006917, 1, 110, 225, 45, 0, 3.25%, 0, 1, 1, 130.07
1495006922, 1, 111, 225, 45, 0, 3.25%, 0, 1, 1, 141.37
1495006938, 1, 113, 225, 45, 0, 3.25%, 0, 1, 1, 126.45
1495006943, 1, 114, 225, 45, 0, 3.25%, 0, 1, 1, 138.83
1495006948, 1, 115, 225, 45, 0, 3.25%, 0, 1, 1, 130.64
1495006963, 1, 116, 225, 45, 0, 3.25%, 0, 1, 1, 128.82
1495006968, 1, 117, 225, 45, 0, 3.25%, 0, 1, 1, 124.55
1495006973, 1, 119, 225, 45, 0, 3.25%, 0, 1, 1, 135.24
1495006989, 1, 120, 225, 45, 0, 3.25%, 0, 1, 1, 131.59
1495007009, 1, 121, 225, 45, 0, 3.25%, 0, 1, 1, 126.32
1495007024, 1, 124, 225, 45, 0, 3.25%, 0, 1, 1, 123.10
1495007045, 1, 125, 225, 45, 0, 3.25%, 0, 1, 1, 137.06
1495007060, 1, 128, 225, 44, 0, 3.25%, 0, 1, 1, 117.48
1495007086, 1, 129, 225, 44, 0, 3.25%, 0, 1, 1, 121.02
1495007091, 1, 133, 225, 43, 0, 3.25%, 0, 1, 1, 125.03
1495007096, 1, 134, 225, 43, 0, 3.25%, 0, 1, 1, 120.35
1495007111, 1, 137, 225, 43, 0, 3.25%, 0, 1, 1, 123.97
1495007137, 1, 138, 225, 43, 0, 3.25%, 0, 1, 1, 127.34
1495007142, 1, 140, 225, 43, 0, 3.25%, 0, 1, 1, 130.21
1495007147, 1, 141, 225, 43, 0, 3.25%, 0, 1, 1, 136.65
1495007162, 1, 142, 225, 43, 0, 3.25%, 0, 1, 1, 127.05
1495007167, 1, 143, 225, 43, 0, 3.25%, 0, 1, 1, 126.96
1495007183, 1, 145, 225, 43, 0, 3.25%, 0, 1, 1, 141.51
1495007198, 1, 147, 225, 43, 0, 3.25%, 0, 1, 1, 144.52
1495007219, 1, 149, 225, 43, 0, 3.25%, 0, 1, 1, 139.90
1495007239, 1, 152, 225, 43, 0, 3.25%, 0, 1, 1, 142.64
1495007255, 1, 154, 225, 43, 0, 3.25%, 0, 1, 1, 148.55
1495007260, 1, 155, 225, 43, 0, 3.25%, 0, 1, 1, 141.01
1495007275, 1, 157, 225, 43, 0, 3.25%, 0, 1, 1, 143.06
1495007296, 1, 159, 225, 43, 0, 3.25%, 0, 1, 1, 153.34
1495007311, 1, 162, 225, 43, 0, 3.25%, 0, 1, 1, 151.89
1495007316, 1, 163, 225, 43, 0, 3.25%, 0, 1, 1, 150.96
1495007326, 1, 165, 225, 43, 0, 3.25%, 0, 1, 1, 147.72
1495007342, 1, 166, 225, 43, 0, 3.25%, 0, 1, 1, 138.42
1495007347, 1, 167, 225, 43, 0, 3.25%, 0, 1, 1, 142.11
1495007362, 1, 168, 225, 43, 0, 3.25%, 0, 1, 1, 138.12
1495007367, 1, 169, 225, 43, 0, 3.25%, 0, 1, 1, 148.05
1495007377, 1, 170, 225, 42, 0, 3.25%, 0, 1, 1, 150.31
1495007382, 1, 171, 225, 42, 0, 3.25%, 0, 1, 1, 142.01
1495007398, 1, 173, 225, 42, 0, 3.25%, 0, 1, 1, 143.10
1495007413, 1, 174, 225, 42, 0, 3.25%, 0, 1, 1, 146.95
1495007418, 1, 175, 225, 42, 0, 3.25%, 0, 1, 1, 136.54
1495007433, 1, 177, 225, 42, 0, 3.25%, 0, 1, 1, 124.20
1495007439, 1, 178, 225, 42, 0, 3.25%, 0, 1, 1, 128.86
1495007454, 1, 179, 225, 42, 0, 3.25%, 0, 1, 1, 133.32
1495007469, 1, 180, 225, 41, 0, 3.25%, 0, 1, 1, 127.95
1495007474, 1, 181, 225, 41, 0, 3.25%, 0, 1, 1, 123.61
1495007480, 1, 182, 225, 41, 0, 3.25%, 0, 1, 1, 128.38
1495007490, 1, 183, 225, 41, 0, 3.25%, 0, 1, 1, 131.34
1495007495, 1, 184, 225, 41, 0, 3.25%, 0, 1, 1, 125.74
1495007510, 1, 185, 225, 41, 0, 3.25%, 0, 1, 1, 130.12
1495007515, 1, 186, 225, 41, 0, 3.25%, 0, 1, 1, 124.25
1495007530, 1, 188, 225, 41, 0, 3.25%, 0, 1, 1, 130.20
1495007546, 1, 189, 225, 41, 0, 3.25%, 0, 1, 1, 129.19
1495007551, 1, 190, 225, 41, 0, 3.25%, 0, 1, 1, 126.78
1495007566, 1, 191, 225, 41, 0, 3.25%, 0, 1, 1, 125.71
1495007571, 1, 192, 225, 40, 0, 3.25%, 0, 1, 1, 126.34
1495007586, 1, 195, 225, 39, 0, 3.25%, 0, 1, 1, 122.03
1495007612, 1, 196, 225, 39, 0, 3.25%, 0, 1, 1, 118.18
1495007617, 1, 197, 225, 39, 0, 3.25%, 0, 1, 1, 132.95
1495007633, 1, 199, 225, 39, 0, 3.25%, 0, 1, 1, 125.14
1495007648, 1, 201, 225, 39, 0, 3.25%, 0, 1, 1, 137.41
1495007663, 1, 202, 225, 39, 0, 3.25%, 0, 1, 1, 144.85
1495007669, 1, 204, 225, 39, 0, 3.25%, 0, 1, 1, 137.91
1495007684, 1, 205, 225, 39, 0, 3.25%, 0, 1, 1, 150.50
1495007689, 1, 206, 225, 39, 0, 3.25%, 0, 1, 1, 144.92
1495007699, 1, 207, 225, 39, 0, 3.25%, 0, 1, 1, 152.32
1495007705, 1, 208, 225, 39, 0, 3.25%, 0, 1, 1, 154.65
1495007710, 1, 209, 225, 39, 0, 3.25%, 0, 1, 1, 146.50
1495007720, 1, 210, 225, 39, 0, 3.25%, 0, 1, 1, 139.20
1495007725, 1, 211, 225, 39, 0, 3.25%, 0, 1, 1, 146.18
1495007740, 1, 213, 225, 39, 0, 3.25%, 0, 1, 1, 134.31
1495007751, 1, 215, 225, 39, 0, 3.25%, 0, 1, 1, 167.54
1495007766, 1, 217, 225, 39, 0, 3.25%, 0, 1, 1, 174.97
1495007776, 1, 221, 225, 39, 0, 3.25%, 0, 1, 1, 150.42
1495007797, 1, 222, 225, 39, 0, 3.25%, 0, 1, 1, 150.05
1495007802, 1, 224, 225, 38, 0, 3.25%, 0, 1, 1, 144.45
1495007807, 2, 0, 225, 38, 0, 3.25%, 0, 1, 1, 159.86
1495007812, 2, 2, 225, 38, 0, 3.25%, 0, 1, 1, 153.87
1495007817, 2, 3, 225, 38, 0, 3.25%, 0, 1, 1, 143.83
1495007823, 2, 4, 225, 38, 0, 3.25%, 0, 1, 1, 140.76
1495007828, 2, 5, 225, 38, 0, 3.25%, 0, 1, 1, 144.61
1495007833, 2, 7, 225, 38, 0, 3.25%, 0, 1, 1, 152.58
1495007843, 2, 8, 225, 38, 0, 3.25%, 0, 1, 1, 150.02
1495007848, 2, 9, 225, 38, 0, 3.25%, 0, 1, 1, 149.39
1495007853, 2, 11, 225, 38, 0, 3.25%, 0, 1, 1, 150.99
1495007858, 2, 12, 225, 37, 0, 3.25%, 0, 1, 1, 146.20
1495007869, 2, 13, 225, 37, 0, 3.25%, 0, 1, 1, 146.13
1495007874, 2, 14, 225, 37, 0, 3.25%, 0, 1, 1, 143.69
1495007879, 2, 15, 225, 37, 0, 3.25%, 0, 1, 1, 140.99
1495007884, 2, 18, 225, 37, 0, 3.25%, 0, 1, 1, 142.82
1495007889, 2, 20, 225, 37, 0, 3.25%, 0, 1, 1, 140.81
1495007894, 2, 21, 225, 37, 0, 3.25%, 0, 1, 1, 145.43
1495007900, 2, 22, 225, 37, 0, 3.25%, 0, 1, 1, 150.83
1495007905, 2, 23, 225, 37, 0, 3.25%, 0, 1, 1, 146.41
1495007910, 2, 24, 225, 37, 0, 3.25%, 0, 1, 1, 137.06
1495007915, 2, 26, 225, 37, 0, 3.25%, 0, 1, 1, 133.25
1495007920, 2, 28, 225, 37, 0, 3.25%, 0, 1, 1, 139.77
1495007925, 2, 29, 225, 37, 0, 3.25%, 0, 1, 1, 133.32
1495007930, 2, 31, 225, 37, 0, 3.25%, 0, 1, 1, 130.29
1495007936, 2, 32, 225, 37, 0, 3.25%, 0, 1, 1, 133.46
1495007941, 2, 33, 225, 37, 0, 3.25%, 0, 1, 1, 144.14
1495007956, 2, 35, 225, 37, 0, 3.25%, 0, 1, 1, 127.66
1495007972, 2, 36, 225, 36, 0, 3.25%, 0, 1, 1, 131.68
1495007977, 2, 37, 225, 36, 0, 3.25%, 0, 1, 1, 125.42
1495007987, 2, 38, 225, 36, 0, 3.25%, 0, 1, 1, 131.14
1495007992, 2, 40, 225, 36, 0, 3.25%, 0, 1, 1, 127.56
1495007997, 2, 41, 225, 36, 0, 3.25%, 0, 1, 1, 139.47
1495008007, 2, 42, 225, 36, 0, 3.25%, 0, 1, 1, 132.94
1495008013, 2, 44, 225, 36, 0, 3.25%, 0, 1, 1, 125.58
1495008018, 2, 45, 225, 36, 0, 3.25%, 0, 1, 1, 125.65
1495008033, 2, 46, 225, 36, 0, 3.25%, 0, 1, 1, 123.48
1495008038, 2, 47, 225, 36, 0, 3.25%, 0, 1, 1, 129.60
1495008053, 2, 48, 225, 36, 0, 3.25%, 0, 1, 1, 127.46
1495008058, 2, 49, 225, 36, 0, 3.25%, 0, 1, 1, 127.19
1495008074, 2, 50, 225, 36, 0, 3.25%, 0, 1, 1, 125.84
1495008079, 2, 51, 225, 36, 0, 3.25%, 0, 1, 1, 130.44
1495008084, 2, 52, 225, 36, 0, 3.25%, 0, 1, 1, 129.72
1495008099, 2, 53, 225, 36, 0, 3.25%, 0, 1, 1, 126.04
1495008104, 2, 54, 225, 36, 0, 3.25%, 0, 1, 1, 129.05
1495008109, 2, 55, 225, 36, 0, 3.25%, 0, 1, 1, 117.85
1495008119, 2, 56, 225, 36, 0, 3.25%, 0, 1, 1, 125.69
1495008125, 2, 57, 225, 36, 0, 3.25%, 0, 1, 1, 123.28
1495008130, 2, 58, 225, 36, 0, 3.25%, 0, 1, 1, 133.80
1495008155, 2, 60, 225, 35, 0, 3.25%, 0, 1, 1, 134.80
1495008171, 2, 61, 225, 35, 0, 3.25%, 0, 1, 1, 158.24
1495008181, 2, 63, 225, 35, 0, 3.25%, 0, 1, 1, 150.42
1495008186, 2, 64, 225, 35, 0, 3.25%, 0, 1, 1, 150.30
1495008196, 2, 67, 225, 35, 0, 3.25%, 0, 1, 1, 150.37
1495008207, 2, 69, 225, 35, 0, 3.25%, 0, 1, 1, 142.39
1495008212, 2, 70, 225, 35, 0, 3.25%, 0, 1, 1, 144.96
1495008227, 2, 72, 225, 35, 0, 3.25%, 0, 1, 1, 135.69
1495008232, 2, 73, 225, 35, 0, 3.25%, 0, 1, 1, 144.04
1495008242, 2, 74, 225, 35, 0, 3.25%, 0, 1, 1, 144.65
1495008247, 2, 75, 225, 35, 0, 3.25%, 0, 1, 1, 144.67
1495008263, 2, 76, 225, 35, 0, 3.25%, 0, 1, 1, 144.73
1495008268, 2, 77, 225, 35, 0, 3.25%, 0, 1, 1, 153.29
1495008278, 2, 78, 225, 35, 0, 3.25%, 0, 1, 1, 134.92
1495008283, 2, 79, 225, 35, 0, 3.25%, 0, 1, 1, 140.26
1495008293, 2, 80, 225, 35, 0, 3.25%, 0, 1, 1, 157.66
1495008298, 2, 81, 225, 35, 0, 3.25%, 0, 1, 1, 141.39
1495008309, 2, 84, 225, 35, 0, 3.25%, 0, 1, 1, 147.65
1495008314, 2, 85, 225, 35, 0, 3.25%, 0, 1, 1, 140.54
1495008329, 2, 88, 225, 35, 0, 3.25%, 0, 1, 1, 150.19
1495008334, 2, 89, 225, 35, 0, 3.25%, 0, 1, 1, 140.07
1495008350, 2, 90, 225, 35, 0, 3.25%, 0, 1, 1, 140.72
1495008355, 2, 92, 225, 35, 0, 3.25%, 0, 1, 1, 135.17
1495008360, 2, 93, 225, 35, 0, 3.25%, 0, 1, 1, 145.46
1495008375, 2, 94, 225, 35, 0, 3.25%, 0, 1, 1, 151.41
1495008381, 2, 95, 225, 35, 0, 3.25%, 0, 1, 1, 153.59
1495008391, 2, 97, 225, 35, 0, 3.25%, 0, 1, 1, 141.60
1495008406, 2, 99, 225, 35, 0, 3.25%, 0, 1, 1, 132.29
1495008422, 2, 100, 225, 35, 0, 3.25%, 0, 1, 1, 126.19
1495008427, 2, 101, 225, 35, 0, 3.25%, 0, 1, 1, 124.69
1495008442, 2, 102, 225, 35, 0, 3.25%, 0, 1, 1, 124.94
1495008447, 2, 103, 225, 35, 0, 3.25%, 0, 1, 1, 128.03
1495008453, 2, 104, 225, 35, 0, 3.25%, 0, 1, 1, 122.91
1495008458, 2, 105, 225, 35, 0, 3.25%, 0, 1, 1, 129.12
1495008473, 2, 106, 225, 35, 0, 3.25%, 0, 1, 1, 119.34
1495008478, 2, 107, 225, 35, 0, 3.25%, 0, 1, 1, 121.55
1495008494, 2, 108, 225, 35, 0, 3.25%, 0, 1, 1, 128.91
1495008499, 2, 109, 225, 34, 0, 3.25%, 0, 1, 1, 128.03
1495008514, 2, 111, 225, 34, 0, 3.25%, 0, 1, 1, 131.25
1495008535, 2, 113, 225, 33, 0, 3.25%, 0, 1, 1, 128.26
1495008545, 2, 114, 225, 33, 0, 3.25%, 0, 1, 1, 125.80
1495008550, 2, 115, 225, 33, 0, 3.25%, 0, 1, 1, 132.20
1495008566, 2, 117, 225, 33, 0, 3.25%, 0, 1, 1, 131.02
1495008571, 2, 118, 225, 33, 0, 3.25%, 0, 1, 1, 140.75
1495008576, 2, 119, 225, 33, 0, 3.25%, 0, 1, 1, 133.52
1495008591, 2, 120, 225, 33, 0, 3.25%, 0, 1, 1, 135.26
1495008606, 2, 121, 225, 33, 0, 3.25%, 0, 1, 1, 123.63
1495008622, 2, 122, 225, 33, 0, 3.25%, 0, 1, 1, 133.87
1495008627, 2, 124, 225, 33, 0, 3.25%, 0, 1, 1, 129.85
1495008642, 2, 125, 225, 33, 0, 3.25%, 0, 1, 1, 125.08
1495008658, 2, 128, 225, 32, 0, 3.25%, 0, 1, 1, 142.65
1495008679, 2, 130, 225, 32, 0, 3.25%, 0, 1, 1, 141.83
1495008684, 2, 132, 225, 31, 0, 3.25%, 0, 1, 1, 156.17
1495008689, 2, 133, 225, 31, 0, 3.25%, 0, 1, 1, 149.45
1495008694, 2, 134, 225, 31, 0, 3.25%, 0, 1, 1, 158.17
1495008704, 2, 137, 225, 31, 0, 3.25%, 0, 1, 1, 139.38
1495008725, 2, 139, 225, 31, 0, 3.25%, 0, 1, 1, 149.69
1495008730, 2, 141, 225, 31, 0, 3.25%, 0, 1, 1, 136.33
1495008746, 2, 143, 225, 31, 0, 3.25%, 0, 1, 1, 160.42
1495008761, 2, 144, 225, 31, 0, 3.25%, 0, 1, 1, 158.59
1495008766, 2, 145, 225, 31, 0, 3.25%, 0, 1, 1, 147.14
1495008776, 2, 146, 225, 31, 0, 3.25%, 0, 1, 1, 159.00
1495008782, 2, 147, 225, 30, 0, 3.25%, 0, 1, 1, 152.17
1495008807, 2, 149, 225, 30, 0, 3.25%, 0, 1, 1, 148.28
1495008828, 2, 152, 225, 30, 0, 3.25%, 0, 1, 1, 147.99
1495008838, 2, 153, 225, 30, 0, 3.25%, 0, 1, 1, 148.99
1495008843, 2, 154, 225, 30, 0, 3.25%, 0, 1, 1, 143.17
1495008848, 2, 155, 225, 30, 0, 3.25%, 0, 1, 1, 142.40
1495008864, 2, 157, 225, 30, 0, 3.25%, 0, 1, 1, 143.74
1495008879, 2, 158, 225, 30, 0, 3.25%, 0, 1, 1, 133.38
1495008884, 2, 159, 225, 30, 0, 3.25%, 0, 1, 1, 140.19
1495008894, 2, 162, 225, 30, 0, 3.25%, 0, 1, 1, 149.44
1495008900, 2, 163, 225, 30, 0, 3.25%, 0, 1, 1, 138.64
1495008920, 2, 165, 225, 30, 0, 3.25%, 0, 1, 1, 124.93
1495008935, 2, 166, 225, 30, 0, 3.25%, 0, 1, 1, 122.17
1495008940, 2, 167, 225, 30, 0, 3.25%, 0, 1, 1, 118.65
1495008956, 2, 168, 225, 30, 0, 3.25%, 0, 1, 1, 135.61
1495008961, 2, 171, 225, 30, 0, 3.25%, 0, 1, 1, 133.71
1495008976, 2, 172, 225, 30, 0, 3.25%, 0, 1, 1, 128.87
1495008981, 2, 173, 225, 30, 0, 3.25%, 0, 1, 1, 125.15
1495008997, 2, 174, 225, 30, 0, 3.25%, 0, 1, 1, 125.40
1495009002, 2, 175, 225, 30, 0, 3.25%, 0, 1, 1, 130.49
1495009017, 2, 176, 225, 30, 0, 3.25%, 0, 1, 1, 125.97
1495009022, 2, 177, 225, 29, 0, 3.25%, 0, 1, 1, 125.93
1495009028, 2, 178, 225, 29, 0, 3.25%, 0, 1, 1, 132.80
1495009043, 2, 180, 225, 29, 0, 3.25%, 0, 1, 1, 132.28
1495009048, 2, 182, 225, 29, 0, 3.25%, 0, 1, 1, 131.00
1495009063, 2, 183, 225, 29, 0, 3.25%, 0, 1, 1, 126.51
1495009069, 2, 184, 225, 29, 0, 3.25%, 0, 1, 1, 126.36
1495009084, 2, 186, 225, 29, 0, 3.25%, 0, 1, 1, 134.55
1495009099, 2, 188, 225, 29, 0, 3.25%, 0, 1, 1, 128.98
1495009120, 2, 190, 225, 29, 0, 3.25%, 0, 1, 1, 120.54
1495009135, 2, 192, 225, 29, 0, 3.25%, 0, 1, 1, 135.52
1495009150, 2, 195, 225, 28, 0, 3.25%, 0, 1, 1, 152.06
1495009176, 2, 197, 225, 28, 0, 3.25%, 0, 1, 1, 144.83
1495009191, 2, 198, 225, 28, 0, 3.25%, 0, 1, 1, 140.52
1495009196, 2, 199, 225, 28, 0, 3.25%, 0, 1, 1, 141.27
1495009211, 2, 201, 225, 28, 0, 3.25%, 0, 1, 1, 148.82
1495009222, 2, 202, 225, 28, 0, 3.25%, 0, 1, 1, 145.04
1495009227, 2, 203, 225, 28, 0, 3.25%, 0, 1, 1, 139.66
1495009232, 2, 204, 225, 28, 0, 3.25%, 0, 1, 1, 135.35
1495009242, 2, 205, 225, 28, 0, 3.25%, 0, 1, 1, 151.02
1495009247, 2, 206, 225, 28, 0, 3.25%, 0, 1, 1, 144.45
1495009262, 2, 207, 225, 28, 0, 3.25%, 0, 1, 1, 149.29
1495009267, 2, 209, 225, 28, 0, 3.25%, 0, 1, 1, 136.71
1495009283, 2, 210, 225, 28, 0, 3.25%, 0, 1, 1, 144.96
1495009288, 2, 211, 225, 28, 0, 3.25%, 0, 1, 1, 160.39
1495009303, 2, 213, 225, 28, 0, 3.25%, 0, 1, 1, 153.71
1495009314, 2, 215, 225, 28, 0, 3.25%, 0, 1, 1, 152.33
1495009329, 2, 217, 225, 28, 0, 3.25%, 0, 1, 1, 126.32
1495009334, 2, 220, 225, 28, 0, 3.25%, 0, 1, 1, 132.62
1495009339, 2, 221, 225, 27, 0, 3.25%, 0, 1, 1, 143.96
1495009360, 2, 224, 225, 27, 0, 3.25%, 0, 1, 1, 142.52
1495009370, 3, 0, 225, 27, 0, 3.25%, 0, 1, 1, 139.66
1495009375, 3, 1, 225, 27, 0, 3.25%, 0, 1, 1, 148.16
1495009381, 3, 2, 225, 27, 0, 3.25%, 0, 1, 1, 143.93
1495009386, 3, 4, 225, 27, 0, 3.25%, 0, 1, 1, 137.07
1495009391, 3, 5, 225, 27, 0, 3.25%, 0, 1, 1, 146.21
1495009396, 3, 6, 225, 27, 0, 3.25%, 0, 1, 1, 142.41
1495009401, 3, 7, 225, 27, 0, 3.25%, 0, 1, 1, 129.76
1495009411, 3, 9, 225, 27, 0, 3.25%, 0, 1, 1, 138.31
1495009416, 3, 10, 225, 27, 0, 3.25%, 0, 1, 1, 139.39
1495009422, 3, 12, 225, 27, 0, 3.25%, 0, 1, 1, 137.20
1495009432, 3, 13, 225, 27, 0, 3.25%, 0, 1, 1, 130.43
1495009437, 3, 14, 225, 27, 0, 3.25%, 0, 1, 1, 124.52
1495009442, 3, 15, 225, 27, 0, 3.25%, 0, 1, 1, 133.41
1495009447, 3, 17, 225, 27, 0, 3.25%, 0, 1, 1, 122.29
1495009452, 3, 18, 225, 27, 0, 3.25%, 0, 1, 1, 131.43
1495009457, 3, 20, 225, 27, 0, 3.25%, 0, 1, 1, 130.79
1495009463, 3, 22, 225, 27, 0, 3.25%, 0, 1, 1, 128.18
1495009468, 3, 23, 225, 27, 0, 3.25%, 0, 1, 1, 132.35
1495009473, 3, 24, 225, 27, 0, 3.25%, 0, 1, 1, 130.14
1495009478, 3, 25, 225, 27, 0, 3.25%, 0, 1, 1, 128.13
1495009483, 3, 26, 225, 27, 0, 3.25%, 0, 1, 1, 131.20
1495009488, 3, 28, 225, 27, 0, 3.25%, 0, 1, 1, 126.53
1495009493, 3, 29, 225, 27, 0, 3.25%, 0, 1, 1, 127.15
1495009499, 3, 31, 225, 27, 0, 3.25%, 0, 1, 1, 142.15
1495009504, 3, 32, 225, 27, 0, 3.25%, 0, 1, 1, 127.46
1495009509, 3, 33, 225, 27, 0, 3.25%, 0, 1, 1, 123.05
1495009524, 3, 35, 225, 27, 0, 3.25%, 0, 1, 1, 134.66
1495009539, 3, 36, 225, 27, 0, 3.25%, 0, 1, 1, 124.44
1495009545, 3, 37, 225, 27, 0, 3.25%, 0, 1, 1, 133.41
1495009550, 3, 38, 225, 27, 0, 3.25%, 0, 1, 1, 129.36
1495009560, 3, 40, 225, 27, 0, 3.25%, 0, 1, 1, 123.73
1495009565, 3, 41, 225, 27, 0, 3.25%, 0, 1, 1, 136.35
1495009576, 3, 42, 225, 27, 0, 3.25%, 0, 1, 1, 136.69
1495009581, 3, 44, 225, 26, 0, 3.25%, 0, 1, 1, 134.68
1495009591, 3, 45, 225, 26, 0, 3.25%, 0, 1, 1, 131.62
1495009601, 3, 46, 225, 26, 0, 3.25%, 0, 1, 1, 141.23
1495009607, 3, 47, 225, 26, 0, 3.25%, 0, 1, 1, 132.40
1495009622, 3, 48, 225, 26, 0, 3.25%, 0, 1, 1, 133.43
1495009627, 3, 49, 225, 26, 0, 3.25%, 0, 1, 1, 134.50
1495009648, 3, 51, 225, 26, 0, 3.25%, 0, 1, 1, 143.21
1495009653, 3, 52, 225, 26, 0, 3.25%, 0, 1, 1, 138.92
1495009668, 3, 53, 225, 26, 0, 3.25%, 0, 1, 1, 149.84
1495009673, 3, 54, 225, 26, 0, 3.25%, 0, 1, 1, 143.58
1495009678, 3, 55, 225, 26, 0, 3.25%, 0, 1, 1, 136.59
1495009683, 3, 56, 225, 26, 0, 3.25%, 0, 1, 1, 143.13
1495009688, 3, 57, 225, 26, 0, 3.25%, 0, 1, 1, 158.10
1495009694, 3, 59, 225, 26, 0, 3.25%, 0, 1, 1, 145.61
1495009699, 3, 60, 225, 25, 0, 3.25%, 0, 1, 1, 149.20
1495009714, 3, 61, 225, 25, 0, 3.25%, 0, 1, 1, 140.65
1495009729, 3, 62, 225, 25, 0, 3.25%, 0, 1, 1, 139.43
1495009735, 3, 63, 225, 24, 0, 3.25%, 0, 1, 1, 144.32
1495009740, 3, 64, 225, 24, 0, 3.25%, 0, 1, 1, 145.23
1495009750, 3, 67, 225, 24, 0, 3.25%, 0, 1, 1, 140.63
1495009760, 3, 69, 225, 24, 0, 3.25%, 0, 1, 1, 142.77
1495009765, 3, 70, 225, 24, 0, 3.25%, 0, 1, 1, 135.60
1495009781, 3, 71, 225, 24, 0, 3.25%, 0, 1, 1, 156.91
1495009786, 3, 73, 225, 23, 0, 3.25%, 0, 1, 1, 169.45
1495009801, 3, 74, 225, 23, 0, 3.25%, 0, 1, 1, 148.15
1495009807, 3, 75, 225, 23, 0, 3.25%, 0, 1, 1, 153.93
1495009817, 3, 76, 225, 23, 0, 3.25%, 0, 1, 1, 159.05
1495009822, 3, 77, 225, 23, 0, 3.25%, 0, 1, 1, 147.14
1495009837, 3, 79, 225, 23, 0, 3.25%, 0, 1, 1, 152.48
1495009853, 3, 80, 225, 23, 0, 3.25%, 0, 1, 1, 149.19
1495009858, 3, 81, 225, 23, 0, 3.25%, 0, 1, 1, 146.23
1495009868, 3, 82, 225, 23, 0, 3.25%, 0, 1, 1, 152.75
1495009873, 3, 85, 225, 22, 0, 3.25%, 0, 1, 1, 156.64
1495009888, 3, 87, 225, 22, 0, 3.25%, 0, 1, 1, 124.91
1495009893, 3, 88, 225, 22, 0, 3.25%, 0, 1, 1, 127.96
1495009903, 3, 89, 225, 22, 0, 3.25%, 0, 1, 1, 129.57
1495009919, 3, 90, 225, 22, 0, 3.25%, 0, 1, 1, 131.65
1495009924, 3, 93, 225, 22, 0, 3.25%, 0, 1, 1, 127.95
1495009939, 3, 94, 225, 22, 0, 3.25%, 0, 1, 1, 128.01
1495009944, 3, 95, 225, 22, 0, 3.25%, 0, 1, 1, 129.55
1495009960, 3, 96, 225, 22, 0, 3.25%, 0, 1, 1, 120.21
1495009965, 3, 97, 225, 22, 0, 3.25%, 0, 1, 1, 122.58
1495009980, 3, 99, 225, 22, 0, 3.25%, 0, 1, 1, 128.37
1495009996, 3, 100, 225, 22, 0, 3.25%, 0, 1, 1, 132.75
1495010001, 3, 101, 225, 22, 0, 3.25%, 0, 1, 1, 134.63
1495010016, 3, 102, 225, 22, 0, 3.25%, 0, 1, 1, 134.35
1495010021, 3, 103, 225, 22, 0, 3.25%, 0, 1, 1, 129.68
1495010026, 3, 104, 225, 22, 0, 3.25%, 0, 1, 1, 134.84
1495010031, 3, 105, 225, 22, 0, 3.25%, 0, 1, 1, 131.52
1495010047, 3, 106, 225, 22, 0, 3.25%, 0, 1, 1, 129.28
1495010052, 3, 107, 225, 22, 0, 3.25%, 0, 1, 1, 128.36
1495010062, 3, 109, 225, 22, 0, 3.25%, 0, 1, 1, 123.07
1495010078, 3, 110, 225, 22, 0, 3.25%, 0, 1, 1, 123.30
1495010083, 3, 111, 225, 22, 0, 3.25%, 0, 1, 1, 137.84
1495010098, 3, 112, 225, 22, 0, 3.25%, 0, 1, 1, 132.84
1495010103, 3, 113, 225, 22, 0, 3.25%, 0, 1, 1, 140.10
1495010108, 3, 114, 225, 22, 0, 3.25%, 0, 1, 1, 143.66
1495010113, 3, 115, 225, 22, 0, 3.25%, 0, 1, 1, 129.67
1495010129, 3, 117, 225, 22, 0, 3.25%, 0, 1, 1, 151.13
1495010134, 3, 119, 225, 22, 0, 3.25%, 0, 1, 1, 146.38
1495010149, 3, 120, 225, 22, 0, 3.25%, 0, 1, 1, 140.46
1495010165, 3, 121, 225, 22, 0, 3.25%, 0, 1, 1, 142.15
1495010180, 3, 122, 225, 22, 0, 3.25%, 0, 1, 1, 147.56
1495010185, 3, 124, 225, 21, 0, 3.25%, 0, 1, 1, 148.96
1495010201, 3, 125, 225, 21, 0, 3.25%, 0, 1, 1, 147.11
1495010216, 3, 128, 225, 21, 0, 3.25%, 0, 1, 1, 140.05
1495010237, 3, 131, 225, 21, 0, 3.25%, 0, 1, 1, 141.55
1495010252, 3, 132, 225, 20, 0, 3.25%, 0, 1, 1, 140.31
1495010258, 3, 133, 225, 20, 0, 3.25%, 0, 1, 1, 143.84
1495010263, 3, 134, 225, 20, 0, 3.25%, 0, 1, 1, 145.71
1495010273, 3, 137, 225, 20, 0, 3.25%, 0, 1, 1, 139.40
1495010293, 3, 138, 225, 20, 0, 3.25%, 0, 1, 1, 143.40
1495010298, 3, 140, 225, 20, 0, 3.25%, 0, 1, 1, 132.71
1495010303, 3, 141, 225, 20, 0, 3.25%, 0, 1, 1, 142.34
1495010319, 3, 143, 225, 20, 0, 3.25%, 0, 1, 1, 146.07
1495010334, 3, 144, 225, 20, 0, 3.25%, 0, 1, 1, 144.94
1495010339, 3, 145, 225, 20, 0, 3.25%, 0, 1, 1, 135.50
1495010355, 3, 147, 225, 20, 0, 3.25%, 0, 1, 1, 141.72
1495010375, 3, 149, 225, 20, 0, 3.25%, 0, 1, 1, 124.63
1495010401, 3, 152, 225, 20, 0, 3.25%, 0, 1, 1, 126.69
1495010416, 3, 154, 225, 20, 0, 3.25%, 0, 1, 1, 138.00
1495010421, 3, 155, 225, 20, 0, 3.25%, 0, 1, 1, 129.04
1495010436, 3, 156, 225, 20, 0, 3.25%, 0, 1, 1, 126.09
1495010441, 3, 157, 225, 20, 0, 3.25%, 0, 1, 1, 129.49
1495010457, 3, 158, 225, 20, 0, 3.25%, 0, 1, 1, 126.01
1495010462, 3, 159, 225, 20, 0, 3.25%, 0, 1, 1, 134.57
1495010477, 3, 163, 225, 20, 0, 3.25%, 0, 1, 1, 123.93
1495010497, 3, 165, 225, 20, 0, 3.25%, 0, 1, 1, 124.71
1495010513, 3, 166, 225, 20, 0, 3.25%, 0, 1, 1, 130.24
1495010518, 3, 167, 225, 20, 0, 3.25%, 0, 1, 1, 136.31
1495010533, 3, 170, 225, 20, 0, 3.25%, 0, 1, 1, 127.02
1495010538, 3, 171, 225, 20, 0, 3.25%, 0, 1, 1, 130.89
1495010554, 3, 172, 225, 20, 0, 3.25%, 0, 1, 1, 135.52
1495010559, 3, 173, 225, 20, 0, 3.25%, 0, 1, 1, 128.37
1495010574, 3, 174, 225, 20, 0, 3.25%, 0, 1, 1, 124.63
1495010580, 3, 175, 225, 20, 0, 3.25%, 0, 1, 1, 125.62
1495010600, 3, 178, 225, 20, 0, 3.25%, 0, 1, 1, 131.33
1495010616, 3, 180, 225, 20, 0, 3.25%, 0, 1, 1, 148.90
1495010621, 3, 181, 225, 20, 0, 3.25%, 0, 1, 1, 147.76
1495010626, 3, 182, 225, 20, 0, 3.25%, 0, 1, 1, 145.86
1495010641, 3, 184, 225, 20, 0, 3.25%, 0, 1, 1, 136.28
1495010657, 3, 186, 225, 20, 0, 3.25%, 0, 1, 1, 151.49
1495010672, 3, 188, 225, 20, 0, 3.25%, 0, 1, 1, 154.44
1495010688, 3, 189, 225, 20, 0, 3.25%, 0, 1, 1, 145.80
1495010693, 3, 190, 225, 20, 0, 3.25%, 0, 1, 1, 144.68
1495010703, 3, 192, 225, 20, 0, 3.25%, 0, 1, 1, 139.38
1495010718, 3, 193, 225, 20, 0, 3.25%, 0, 1, 1, 140.43
1495010723, 3, 195, 225, 20, 0, 3.25%, 0, 1, 1, 145.08
1495010739, 3, 196, 225, 20, 0, 3.25%, 0, 1, 1, 147.09
1495010744, 3, 197, 225, 20, 0, 3.25%, 0, 1, 1, 145.90
1495010759, 3, 199, 225, 20, 0, 3.25%, 0, 1, 1, 152.07
1495010774, 3, 200, 225, 20, 0, 3.25%, 0, 1, 1, 146.33
1495010779, 3, 201, 225, 19, 0, 3.25%, 0, 1, 1, 148.17
1495010795, 3, 203, 225, 19, 0, 3.25%, 0, 1, 1, 155.08
1495010800, 3, 204, 225, 19, 0, 3.25%, 0, 1, 1, 141.98
1495010815, 3, 205, 225, 19, 0, 3.25%, 0, 1, 1, 152.70
1495010820, 3, 206, 225, 19, 0, 3.25%, 0, 1, 1, 148.89
1495010831, 3, 207, 225, 19, 0, 3.25%, 0, 1, 1, 145.15
1495010836, 3, 208, 225, 19, 0, 3.25%, 0, 1, 1, 139.79
1495010841, 3, 209, 225, 19, 0, 3.25%, 0, 1, 1, 139.83
1495010856, 3, 211, 225, 19, 0, 3.25%, 0, 1, 1, 152.33
1495010871, 3, 213, 225, 19, 0, 3.25%, 0, 1, 1, 126.46
1495010887, 3, 215, 225, 19, 0, 3.25%, 0, 1, 1, 134.35
1495010902, 3, 217, 225, 19, 0, 3.25%, 0, 1, 1, 108.61
1495010907, 3, 221, 225, 19, 0, 3.25%, 0, 1, 1, 121.23
1495010933, 3, 224, 225, 19, 0, 3.25%, 0, 1, 1, 128.95
1495010943, 4, 0, 225, 19, 0, 3.25%, 0, 1, 1, 135.88
1495010948, 4, 1, 225, 19, 0, 3.25%, 0, 1, 1, 131.88
1495010953, 4, 2, 225, 19, 0, 3.25%, 0, 1, 1, 131.61
1495010958, 4, 3, 225, 19, 0, 3.25%, 0, 1, 1, 135.76
1495010963, 4, 4, 225, 19, 0, 3.25%, 0, 1, 1, 132.32
1495010968, 4, 5, 225, 19, 0, 3.25%, 0, 1, 1, 126.06
1495010974, 4, 7, 225, 19, 0, 3.25%, 0, 1, 1, 129.75
1495010989, 4, 9, 225, 19, 0, 3.25%, 0, 1, 1, 126.27
1495010994, 4, 10, 225, 19, 0, 3.25%, 0, 1, 1, 124.24
1495010999, 4, 12, 225, 19, 0, 3.25%, 0, 1, 1, 123.80
1495011009, 4, 13, 225, 19, 0, 3.25%, 0, 1, 1, 124.94
1495011014, 4, 14, 225, 19, 0, 3.25%, 0, 1, 1, 134.04
1495011019, 4, 15, 225, 19, 0, 3.25%, 0, 1, 1, 127.49
1495011025, 4, 17, 225, 19, 0, 3.25%, 0, 1, 1, 133.30
1495011030, 4, 19, 225, 19, 0, 3.25%, 0, 1, 1, 128.88
1495011035, 4, 20, 225, 19, 0, 3.25%, 0, 1, 1, 125.37
1495011040, 4, 22, 225, 19, 0, 3.25%, 0, 1, 1, 135.74
1495011045, 4, 23, 225, 19, 0, 3.25%, 0, 1, 1, 137.70
1495011050, 4, 24, 225, 19, 0, 3.25%, 0, 1, 1, 139.78
1495011056, 4, 25, 225, 19, 0, 3.25%, 0, 1, 1, 138.02
1495011061, 4, 26, 225, 19, 0, 3.25%, 0, 1, 1, 138.16
1495011066, 4, 29, 225, 19, 0, 3.25%, 0, 1, 1, 134.84
1495011071, 4, 30, 225, 19, 0, 3.25%, 0, 1, 1, 134.73
1495011076, 4, 31, 225, 19, 0, 3.25%, 0, 1, 1, 135.19
1495011081, 4, 32, 225, 19, 0, 3.25%, 0, 1, 1, 131.59
1495011086, 4, 33, 225, 19, 0, 3.25%, 0, 1, 1, 128.68
1495011096, 4, 34, 225, 19, 0, 3.25%, 0, 1, 1, 131.74
1495011102, 4, 36, 225, 18, 0, 3.25%, 0, 1, 1, 135.96
1495011112, 4, 37, 225, 18, 0, 3.25%, 0, 1, 1, 143.72
1495011117, 4, 38, 225, 18, 0, 3.25%, 0, 1, 1, 138.31
1495011122, 4, 40, 225, 18, 0, 3.25%, 0, 1, 1, 138.87
1495011127, 4, 41, 225, 18, 0, 3.25%, 0, 1, 1, 150.74
1495011137, 4, 42, 225, 18, 0, 3.25%, 0, 1, 1, 147.33
1495011143, 4, 44, 225, 18, 0, 3.25%, 0, 1, 1, 147.17
1495011148, 4, 45, 225, 18, 0, 3.25%, 0, 1, 1, 145.07
1495011158, 4, 46, 225, 18, 0, 3.25%, 0, 1, 1, 143.92
1495011163, 4, 47, 225, 18, 0, 3.25%, 0, 1, 1, 142.64
1495011178, 4, 48, 225, 18, 0, 3.25%, 0, 1, 1, 149.47
1495011184, 4, 49, 225, 18, 0, 3.25%, 0, 1, 1, 169.29
1495011199, 4, 50, 225, 18, 0, 3.25%, 0, 1, 1, 144.87
1495011204, 4, 51, 225, 18, 0, 3.25%, 0, 1, 1, 137.03
1495011209, 4, 52, 225, 18, 0, 3.25%, 0, 1, 1, 133.13
1495011225, 4, 53, 225, 18, 0, 3.25%, 0, 1, 1, 145.85
1495011230, 4, 54, 225, 18, 0, 3.25%, 0, 1, 1, 146.51
1495011235, 4, 55, 225, 18, 0, 3.25%, 0, 1, 1, 132.60
1495011240, 4, 56, 225, 18, 0, 3.25%, 0, 1, 1, 147.24
1495011245, 4, 57, 225, 18, 0, 3.25%, 0, 1, 1, 149.91
1495011250, 4, 60, 225, 18, 0, 3.25%, 0, 1, 1, 154.87
1495011266, 4, 61, 225, 18, 0, 3.25%, 0, 1, 1, 144.54
1495011276, 4, 63, 225, 18, 0, 3.25%, 0, 1, 1, 148.10
1495011281, 4, 64, 225, 18, 0, 3.25%, 0, 1, 1, 139.59
1495011286, 4, 67, 225, 18, 0, 3.25%, 0, 1, 1, 161.09
1495011302, 4, 69, 225, 18, 0, 3.25%, 0, 1, 1, 142.36
1495011307, 4, 70, 225, 18, 0, 3.25%, 0, 1, 1, 146.45
1495011322, 4, 73, 225, 18, 0, 3.25%, 0, 1, 1, 148.43
1495011338, 4, 74, 225, 18, 0, 3.25%, 0, 1, 1, 146.72
1495011343, 4, 75, 225, 18, 0, 3.25%, 0, 1, 1, 141.06
1495011358, 4, 77, 225, 18, 0, 3.25%, 0, 1, 1, 140.37
1495011374, 4, 78, 225, 18, 0, 3.25%, 0, 1, 1, 135.83
1495011379, 4, 79, 225, 18, 0, 3.25%, 0, 1, 1, 132.33
1495011389, 4, 80, 225, 18, 0, 3.25%, 0, 1, 1, 135.98
1495011394, 4, 81, 225, 18, 0, 3.25%, 0, 1, 1, 129.87
1495011410, 4, 84, 225, 18, 0, 3.25%, 0, 1, 1, 127.65
1495011415, 4, 85, 225, 18, 0, 3.25%, 0, 1, 1, 121.42
1495011430, 4, 87, 225, 18, 0, 3.25%, 0, 1, 1, 134.40
1495011435, 4, 88, 225, 18, 0, 3.25%, 0, 1, 1, 131.08
1495011440, 4, 89, 225, 18, 0, 3.25%, 0, 1, 1, 124.62
1495011461, 4, 90, 225, 18, 0, 3.25%, 0, 1, 1, 122.98
1495011466, 4, 93, 225, 18, 0, 3.25%, 0, 1, 1, 125.97
1495011482, 4, 94, 225, 18, 0, 3.25%, 0, 1, 1, 121.46
1495011487, 4, 95, 225, 18, 0, 3.25%, 0, 1, 1, 123.21
1495011507, 4, 97, 225, 18, 0, 3.25%, 0, 1, 1, 130.75
1495011522, 4, 99, 225, 18, 0, 3.25%, 0, 1, 1, 129.78
1495011537, 4, 100, 225, 18, 0, 3.25%, 0, 1, 1, 138.43
1495011543, 4, 101, 225, 18, 0, 3.25%, 0, 1, 1, 139.59
1495011558, 4, 103, 225, 18, 0, 3.25%, 0, 1, 1, 127.84
1495011563, 4, 104, 225, 18, 0, 3.25%, 0, 1, 1, 127.14
1495011568, 4, 105, 225, 18, 0, 3.25%, 0, 1, 1, 124.19
1495011584, 4, 106, 225, 18, 0, 3.25%, 0, 1, 1, 125.98
1495011589, 4, 107, 225, 18, 0, 3.25%, 0, 1, 1, 126.85
1495011604, 4, 109, 225, 18, 0, 3.25%, 0, 1, 1, 143.75
1495011619, 4, 111, 225, 18, 0, 3.25%, 0, 1, 1, 142.66
1495011635, 4, 113, 225, 18, 0, 3.25%, 0, 1, 1, 146.85
1495011640, 4, 114, 225, 18, 0, 3.25%, 0, 1, 1, 141.20
1495011645, 4, 115, 225, 18, 0, 3.25%, 0, 1, 1, 143.07
1495011660, 4, 117, 225, 18, 0, 3.25%, 0, 1, 1, 157.14
1495011665, 4, 118, 225, 18, 0, 3.25%, 0, 1, 1, 146.63
1495011670, 4, 119, 225, 18, 0, 3.25%, 0, 1, 1, 145.95
1495011686, 4, 120, 225, 18, 0, 3.25%, 0, 1, 1, 148.60
1495011696, 4, 121, 225, 18, 0, 3.25%, 0, 1, 1, 144.38
1495011711, 4, 122, 225, 18, 0, 3.25%, 0, 1, 1, 142.36
1495011716, 4, 124, 225, 18, 0, 3.25%, 0, 1, 1, 146.53
1495011727, 4, 125, 225, 18, 0, 3.25%, 0, 1, 1, 149.71
1495011747, 4, 128, 225, 18, 0, 3.25%, 0, 1, 1, 143.84
1495011768, 4, 133, 225, 18, 0, 3.25%, 0, 1, 1, 144.88
1495011773, 4, 134, 225, 18, 0, 3.25%, 0, 1, 1, 150.35
1495011783, 4, 137, 225, 18, 0, 3.25%, 0, 1, 1, 139.37
1495011804, 4, 138, 225, 18, 0, 3.25%, 0, 1, 1, 152.61
1495011809, 4, 140, 225, 18, 0, 3.25%, 0, 1, 1, 141.27
1495011814, 4, 141, 225, 18, 0, 3.25%, 0, 1, 1, 148.89
1495011829, 4, 143, 225, 18, 0, 3.25%, 0, 1, 1, 139.18
1495011844, 4, 144, 225, 18, 0, 3.25%, 0, 1, 1, 137.49
1495011849, 4, 145, 225, 18, 0, 3.25%, 0, 1, 1, 143.06
1495011870, 4, 147, 225, 18, 0, 3.25%, 0, 1, 1, 120.15
1495011895, 4, 149, 225, 18, 0, 3.25%, 0, 1, 1, 122.29
1495011921, 4, 151, 225, 18, 0, 3.25%, 0, 1, 1, 122.40
1495011936, 4, 152, 225, 17, 0, 3.25%, 0, 1, 1, 128.50
1495011952, 4, 153, 225, 17, 0, 3.25%, 0, 1, 1, 122.96
1495011957, 4, 154, 225, 17, 0, 3.25%, 0, 1, 1, 130.95
1495011962, 4, 155, 225, 17, 0, 3.25%, 0, 1, 1, 136.22
1495011977, 4, 156, 225, 17, 0, 3.25%, 0, 1, 1, 129.00
1495011982, 4, 157, 225, 17, 0, 3.25%, 0, 1, 1, 128.41
1495011998, 4, 159, 225, 17, 0, 3.25%, 0, 1, 1, 128.56
1495012018, 4, 162, 225, 16, 0, 3.25%, 0, 1, 1, 120.13
1495012024, 4, 163, 225, 16, 0, 3.25%, 0, 1, 1, 127.93
1495012039, 4, 164, 225, 16, 0, 3.25%, 0, 1, 1, 130.24
1495012044, 4, 165, 225, 15, 0, 3.25%, 0, 1, 1, 136.18
1495012059, 4, 166, 225, 15, 0, 3.25%, 0, 1, 1, 124.94
1495012065, 4, 167, 225, 15, 0, 3.25%, 0, 1, 1, 133.56
1495012085, 4, 170, 225, 15, 0, 3.25%, 0, 1, 1, 137.33
1495012090, 4, 171, 225, 15, 0, 3.25%, 0, 1, 1, 140.95
1495012101, 4, 172, 225, 15, 0, 3.25%, 0, 1, 1, 142.19
1495012106, 4, 173, 225, 15, 0, 3.25%, 0, 1, 1, 141.75
1495012121, 4, 174, 225, 15, 0, 3.25%, 0, 1, 1, 152.06
1495012126, 4, 175, 225, 15, 0, 3.25%, 0, 1, 1, 146.56
1495012136, 4, 177, 225, 15, 0, 3.25%, 0, 1, 1, 149.95
1495012142, 4, 178, 225, 15, 0, 3.25%, 0, 1, 1, 134.15
1495012157, 4, 180, 225, 15, 0, 3.25%, 0, 1, 1, 145.48
1495012162, 4, 182, 225, 15, 0, 3.25%, 0, 1, 1, 148.46
1495012177, 4, 183, 225, 15, 0, 3.25%, 0, 1, 1, 146.91
1495012183, 4, 184, 225, 15, 0, 3.25%, 0, 1, 1, 150.22
1495012198, 4, 186, 225, 15, 0, 3.25%, 0, 1, 1, 141.86
1495012213, 4, 188, 225, 15, 0, 3.25%, 0, 1, 1, 147.51
1495012229, 4, 190, 225, 15, 0, 3.25%, 0, 1, 1, 147.71
1495012244, 4, 192, 225, 15, 0, 3.25%, 0, 1, 1, 146.40
1495012254, 4, 195, 225, 15, 0, 3.25%, 0, 1, 1, 143.49
1495012275, 4, 196, 225, 15, 0, 3.25%, 0, 1, 1, 155.66
1495012280, 4, 197, 225, 15, 0, 3.25%, 0, 1, 1, 153.76
1495012295, 4, 199, 225, 15, 0, 3.25%, 0, 1, 1, 155.42
1495012310, 4, 201, 225, 15, 0, 3.25%, 0, 1, 1, 147.77
1495012326, 4, 203, 225, 15, 0, 3.25%, 0, 1, 1, 139.09
1495012331, 4, 204, 225, 15, 0, 3.25%, 0, 1, 1, 148.15
1495012346, 4, 205, 225, 15, 0, 3.25%, 0, 1, 1, 138.95
1495012351, 4, 206, 225, 15, 0, 3.25%, 0, 1, 1, 134.24
1495012367, 4, 208, 225, 15, 0, 3.25%, 0, 1, 1, 136.74
1495012372, 4, 209, 225, 15, 0, 3.25%, 0, 1, 1, 138.85
1495012387, 4, 210, 225, 15, 0, 3.25%, 0, 1, 1, 144.43
1495012392, 4, 211, 225, 15, 0, 3.25%, 0, 1, 1, 135.59
1495012408, 4, 213, 225, 15, 0, 3.25%, 0, 1, 1, 126.48
1495012423, 4, 215, 225, 15, 0, 3.25%, 0, 1, 1, 132.99
1495012438, 4, 217, 225, 15, 0, 3.25%, 0, 1, 1, 106.97
1495012443, 4, 219, 225, 15, 0, 3.25%, 0, 1, 1, 113.71
1495012448, 4, 221, 225, 14, 0, 3.25%, 0, 1, 1, 123.00
1495012474, 4, 224, 225, 14, 0, 3.25%, 0, 1, 1, 125.88
1495012479, 5, 0, 225, 14, 0, 3.25%, 0, 1, 1, 131.25
1495012489, 5, 2, 225, 14, 0, 3.25%, 0, 1, 1, 137.00
1495012494, 5, 3, 225, 14, 0, 3.25%, 0, 1, 1, 129.21
1495012499, 5, 4, 225, 14, 0, 3.25%, 0, 1, 1, 135.60
1495012505, 5, 5, 225, 14, 0, 3.25%, 0, 1, 1, 130.92
1495012510, 5, 6, 225, 14, 0, 3.25%, 0, 1, 1, 136.56
1495012515, 5, 7, 225, 14, 0, 3.25%, 0, 1, 1, 133.95
1495012525, 5, 9, 225, 14, 0, 3.25%, 0, 1, 1, 128.91
1495012530, 5, 10, 225, 14, 0, 3.25%, 0, 1, 1, 136.41
1495012535, 5, 12, 225, 14, 0, 3.25%, 0, 1, 1, 137.12
1495012545, 5, 13, 225, 14, 0, 3.25%, 0, 1, 1, 140.07
1495012550, 5, 14, 225, 14, 0, 3.25%, 0, 1, 1, 136.08
1495012556, 5, 15, 225, 14, 0, 3.25%, 0, 1, 1, 124.97
1495012561, 5, 17, 225, 14, 0, 3.25%, 0, 1, 1, 125.68
1495012566, 5, 18, 225, 14, 0, 3.25%, 0, 1, 1, 130.26
1495012571, 5, 20, 225, 14, 0, 3.25%, 0, 1, 1, 137.09
1495012576, 5, 22, 225, 14, 0, 3.25%, 0, 1, 1, 138.64
1495012581, 5, 23, 225, 14, 0, 3.25%, 0, 1, 1, 135.71
1495012587, 5, 24, 225, 14, 0, 3.25%, 0, 1, 1, 141.77
1495012592, 5, 26, 225, 14, 0, 3.25%, 0, 1, 1, 149.92
1495012597, 5, 27, 225, 14, 0, 3.25%, 0, 1, 1, 153.63
1495012602, 5, 29, 225, 14, 0, 3.25%, 0, 1, 1, 158.30
1495012607, 5, 31, 225, 14, 0, 3.25%, 0, 1, 1, 155.30
1495012612, 5, 32, 225, 14, 0, 3.25%, 0, 1, 1, 145.86
1495012618, 5, 33, 225, 14, 0, 3.25%, 0, 1, 1, 148.72
1495012628, 5, 36, 225, 14, 0, 3.25%, 0, 1, 1, 141.11
1495012638, 5, 37, 225, 14, 0, 3.25%, 0, 1, 1, 157.40
1495012644, 5, 38, 225, 14, 0, 3.25%, 0, 1, 1, 148.93
1495012649, 5, 41, 225, 14, 0, 3.25%, 0, 1, 1, 153.82
1495012659, 5, 42, 225, 14, 0, 3.25%, 0, 1, 1, 159.15
1495012664, 5, 44, 225, 14, 0, 3.25%, 0, 1, 1, 141.94
1495012674, 5, 45, 225, 14, 0, 3.25%, 0, 1, 1, 145.20
1495012684, 5, 46, 225, 14, 0, 3.25%, 0, 1, 1, 151.91
1495012689, 5, 47, 225, 14, 0, 3.25%, 0, 1, 1, 150.25
1495012705, 5, 49, 225, 14, 0, 3.25%, 0, 1, 1, 157.63
1495012720, 5, 50, 225, 14, 0, 3.25%, 0, 1, 1, 161.21
1495012725, 5, 51, 225, 14, 0, 3.25%, 0, 1, 1, 149.55
1495012730, 5, 52, 225, 14, 0, 3.25%, 0, 1, 1, 156.56
1495012741, 5, 53, 225, 14, 0, 3.25%, 0, 1, 1, 155.59
1495012746, 5, 54, 225, 14, 0, 3.25%, 0, 1, 1, 155.03
1495012751, 5, 55, 225, 14, 0, 3.25%, 0, 1, 1, 136.47
1495012761, 5, 57, 225, 14, 0, 3.25%, 0, 1, 1, 144.36
1495012766, 5, 60, 225, 14, 0, 3.25%, 0, 1, 1, 148.84
1495012782, 5, 61, 225, 14, 0, 3.25%, 0, 1, 1, 158.85
1495012797, 5, 63, 225, 14, 0, 3.25%, 0, 1, 1, 150.46
1495012802, 5, 64, 225, 14, 0, 3.25%, 0, 1, 1, 150.02
1495012807, 5, 67, 225, 14, 0, 3.25%, 0, 1, 1, 150.90
1495012822, 5, 69, 225, 14, 0, 3.25%, 0, 1, 1, 152.26
1495012827, 5, 70, 225, 14, 0, 3.25%, 0, 1, 1, 159.84
1495012843, 5, 73, 225, 14, 0, 3.25%, 0, 1, 1, 133.24
1495012858, 5, 74, 225, 14, 0, 3.25%, 0, 1, 1, 131.72
1495012863, 5, 75, 225, 14, 0, 3.25%, 0, 1, 1, 128.69
1495012884, 5, 77, 225, 14, 0, 3.25%, 0, 1, 1, 131.59
1495012899, 5, 78, 225, 14, 0, 3.25%, 0, 1, 1, 130.93
1495012904, 5, 79, 225, 14, 0, 3.25%, 0, 1, 1, 135.88
1495012919, 5, 81, 225, 14, 0, 3.25%, 0, 1, 1, 133.40
1495012935, 5, 84, 225, 14, 0, 3.25%, 0, 1, 1, 126.77
1495012940, 5, 85, 225, 14, 0, 3.25%, 0, 1, 1, 124.91
1495012955, 5, 87, 225, 14, 0, 3.25%, 0, 1, 1, 128.30
1495012961, 5, 88, 225, 14, 0, 3.25%, 0, 1, 1, 125.50
1495012966, 5, 89, 225, 14, 0, 3.25%, 0, 1, 1, 127.61
1495012981, 5, 90, 225, 14, 0, 3.25%, 0, 1, 1, 128.78
1495012986, 5, 92, 225, 14, 0, 3.25%, 0, 1, 1, 129.36
1495012991, 5, 93, 225, 14, 0, 3.25%, 0, 1, 1, 129.39
1495013007, 5, 94, 225, 14, 0, 3.25%, 0, 1, 1, 130.71
1495013012, 5, 95, 225, 14, 0, 3.25%, 0, 1, 1, 135.35
1495013028, 5, 97, 225, 14, 0, 3.25%, 0, 1, 1, 129.51
1495013043, 5, 99, 225, 14, 0, 3.25%, 0, 1, 1, 134.04
1495013058, 5, 100, 225, 14, 0, 3.25%, 0, 1, 1, 129.01
1495013064, 5, 101, 225, 14, 0, 3.25%, 0, 1, 1, 133.71
1495013079, 5, 102, 225, 14, 0, 3.25%, 0, 1, 1, 117.72
1495013084, 5, 103, 225, 14, 0, 3.25%, 0, 1, 1, 127.84
1495013089, 5, 104, 225, 14, 0, 3.25%, 0, 1, 1, 125.54
1495013094, 5, 105, 225, 14, 0, 3.25%, 0, 1, 1, 137.49
1495013104, 5, 106, 225, 14, 0, 3.25%, 0, 1, 1, 149.47
1495013109, 5, 107, 225, 14, 0, 3.25%, 0, 1, 1, 152.22
1495013125, 5, 109, 225, 14, 0, 3.25%, 0, 1, 1, 145.19
1495013135, 5, 110, 225, 14, 0, 3.25%, 0, 1, 1, 147.27
1495013140, 5, 111, 225, 14, 0, 3.25%, 0, 1, 1, 153.30
1495013150, 5, 112, 225, 14, 0, 3.25%, 0, 1, 1, 144.48
1495013156, 5, 113, 225, 14, 0, 3.25%, 0, 1, 1, 147.73
1495013161, 5, 115, 225, 14, 0, 3.25%, 0, 1, 1, 145.18
1495013176, 5, 117, 225, 14, 0, 3.25%, 0, 1, 1, 162.97
1495013181, 5, 118, 225, 14, 0, 3.25%, 0, 1, 1, 152.37
1495013186, 5, 119, 225, 14, 0, 3.25%, 0, 1, 1, 150.34
1495013197, 5, 120, 225, 14, 0, 3.25%, 0, 1, 1, 139.17
1495013212, 5, 121, 225, 14, 0, 3.25%, 0, 1, 1, 148.52
1495013227, 5, 124, 225, 14, 0, 3.25%, 0, 1, 1, 154.91
1495013242, 5, 125, 225, 14, 0, 3.25%, 0, 1, 1, 144.59
1495013258, 5, 128, 225, 14, 0, 3.25%, 0, 1, 1, 145.68
1495013273, 5, 132, 225, 14, 0, 3.25%, 0, 1, 1, 154.47
1495013278, 5, 133, 225, 14, 0, 3.25%, 0, 1, 1, 162.51
1495013284, 5, 134, 225, 14, 0, 3.25%, 0, 1, 1, 151.50
1495013294, 5, 136, 225, 13, 0, 3.25%, 0, 1, 1, 135.58
1495013299, 5, 137, 225, 13, 0, 3.25%, 0, 1, 1, 138.06
1495013320, 5, 138, 225, 13, 0, 3.25%, 0, 1, 1, 139.59
1495013325, 5, 140, 225, 13, 0, 3.25%, 0, 1, 1, 144.23
1495013330, 5, 141, 225, 13, 0, 3.25%, 0, 1, 1, 152.84
1495013345, 5, 143, 225, 13, 0, 3.25%, 0, 1, 1, 137.60
1495013360, 5, 144, 225, 13, 0, 3.25%, 0, 1, 1, 127.44
1495013365, 5, 145, 225, 13, 0, 3.25%, 0, 1, 1, 131.36
1495013381, 5, 146, 225, 13, 0, 3.25%, 0, 1, 1, 131.30
1495013386, 5, 147, 225, 13, 0, 3.25%, 0, 1, 1, 129.56
1495013411, 5, 149, 225, 13, 0, 3.25%, 0, 1, 1, 129.49
1495013432, 5, 150, 225, 13, 0, 3.25%, 0, 1, 1, 121.13
1495013437, 5, 152, 225, 12, 0, 3.25%, 0, 1, 1, 123.26
1495013452, 5, 153, 225, 12, 0, 3.25%, 0, 1, 1, 129.74
1495013457, 5, 155, 225, 12, 0, 3.25%, 0, 1, 1, 132.74
1495013472, 5, 156, 225, 12, 0, 3.25%, 0, 1, 1, 123.48
1495013477, 5, 157, 225, 12, 0, 3.25%, 0, 1, 1, 128.84
1495013493, 5, 159, 225, 12, 0, 3.25%, 0, 1, 1, 136.45
1495013514, 5, 163, 225, 12, 0, 3.25%, 0, 1, 1, 138.51
1495013529, 5, 165, 225, 12, 0, 3.25%, 0, 1, 1, 129.96
1495013549, 5, 167, 225, 12, 0, 3.25%, 0, 1, 1, 125.63
1495013570, 5, 168, 225, 12, 0, 3.25%, 0, 1, 1, 127.87
1495013575, 5, 171, 225, 12, 0, 3.25%, 0, 1, 1, 124.34
1495013590, 5, 172, 225, 12, 0, 3.25%, 0, 1, 1, 139.72
1495013595, 5, 173, 225, 12, 0, 3.25%, 0, 1, 1, 133.62
1495013606, 5, 174, 225, 12, 0, 3.25%, 0, 1, 1, 136.98
1495013611, 5, 175, 225, 12, 0, 3.25%, 0, 1, 1, 146.28
1495013626, 5, 177, 225, 12, 0, 3.25%, 0, 1, 1, 137.25
1495013631, 5, 178, 225, 12, 0, 3.25%, 0, 1, 1, 154.48
1495013641, 5, 180, 225, 12, 0, 3.25%, 0, 1, 1, 139.62
1495013646, 5, 181, 225, 12, 0, 3.25%, 0, 1, 1, 142.21
1495013651, 5, 182, 225, 12, 0, 3.25%, 0, 1, 1, 154.33
1495013667, 5, 184, 225, 12, 0, 3.25%, 0, 1, 1, 146.79
1495013682, 5, 185, 225, 12, 0, 3.25%, 0, 1, 1, 146.23
1495013688, 5, 186, 225, 12, 0, 3.25%, 0, 1, 1, 146.23
1495013698, 5, 188, 225, 12, 0, 3.25%, 0, 1, 1, 153.14
1495013713, 5, 190, 225, 12, 0, 3.25%, 0, 1, 1, 136.48
1495013729, 5, 192, 225, 12, 0, 3.25%, 0, 1, 1, 144.42
1495013744, 5, 195, 225, 12, 0, 3.25%, 0, 1, 1, 138.75
1495013765, 5, 196, 225, 12, 0, 3.25%, 0, 1, 1, 146.79
1495013770, 5, 197, 225, 12, 0, 3.25%, 0, 1, 1, 151.71
1495013785, 5, 199, 225, 12, 0, 3.25%, 0, 1, 1, 153.79
1495013800, 5, 201, 225, 12, 0, 3.25%, 0, 1, 1, 143.98
1495013816, 5, 203, 225, 12, 0, 3.25%, 0, 1, 1, 153.78
1495013821, 5, 204, 225, 12, 0, 3.25%, 0, 1, 1, 146.80
1495013836, 5, 205, 225, 12, 0, 3.25%, 0, 1, 1, 135.98
1495013841, 5, 206, 225, 12, 0, 3.25%, 0, 1, 1, 132.08
1495013857, 5, 207, 225, 12, 0, 3.25%, 0, 1, 1, 121.79
1495013862, 5, 208, 225, 12, 0, 3.25%, 0, 1, 1, 126.60
1495013867, 5, 209, 225, 12, 0, 3.25%, 0, 1, 1, 125.82
1495013882, 5, 211, 225, 12, 0, 3.25%, 0, 1, 1, 137.92
1495013898, 5, 212, 225, 12, 0, 3.25%, 0, 1, 1, 136.10
1495013903, 5, 213, 225, 11, 0, 3.25%, 0, 1, 1, 136.77
1495013918, 5, 215, 225, 11, 0, 3.25%, 0, 1, 1, 129.88
1495013933, 5, 216, 225, 11, 0, 3.25%, 0, 1, 1, 125.52
1495013949, 5, 217, 225, 10, 0, 3.25%, 0, 1, 1, 116.03
1495013954, 5, 221, 225, 10, 0, 3.25%, 0, 1, 1, 123.30
1495013979, 5, 223, 225, 10, 0, 3.25%, 0, 1, 1, 131.57
1495013985, 5, 224, 225, 9, 0, 3.25%, 0, 1, 1, 130.24
1495013990, 6, 0, 225, 9, 0, 3.25%, 0, 1, 1, 122.18
1495013995, 6, 1, 225, 9, 0, 3.25%, 0, 1, 1, 140.91
1495014000, 6, 2, 225, 9, 0, 3.25%, 0, 1, 1, 146.13
1495014005, 6, 3, 225, 9, 0, 3.25%, 0, 1, 1, 137.41
1495014010, 6, 4, 225, 9, 0, 3.25%, 0, 1, 1, 138.24
1495014015, 6, 5, 225, 9, 0, 3.25%, 0, 1, 1, 135.12
1495014021, 6, 7, 225, 9, 0, 3.25%, 0, 1, 1, 129.62
1495014036, 6, 9, 225, 9, 0, 3.25%, 0, 1, 1, 138.54
1495014041, 6, 10, 225, 9, 0, 3.25%, 0, 1, 1, 133.28
1495014046, 6, 12, 225, 9, 0, 3.25%, 0, 1, 1, 143.85
1495014056, 6, 13, 225, 9, 0, 3.25%, 0, 1, 1, 141.82
1495014061, 6, 14, 225, 9, 0, 3.25%, 0, 1, 1, 143.96
1495014067, 6, 15, 225, 9, 0, 3.25%, 0, 1, 1, 149.30
1495014072, 6, 18, 225, 9, 0, 3.25%, 0, 1, 1, 151.07
1495014077, 6, 20, 225, 9, 0, 3.25%, 0, 1, 1, 143.61
1495014082, 6, 21, 225, 9, 0, 3.25%, 0, 1, 1, 145.09
1495014087, 6, 22, 225, 9, 0, 3.25%, 0, 1, 1, 146.33
1495014092, 6, 23, 225, 9, 0, 3.25%, 0, 1, 1, 152.63
1495014097, 6, 25, 225, 9, 0, 3.25%, 0, 1, 1, 149.87
1495014103, 6, 26, 225, 9, 0, 3.25%, 0, 1, 1, 148.73
1495014108, 6, 29, 225, 9, 0, 3.25%, 0, 1, 1, 154.01
1495014113, 6, 30, 225, 9, 0, 3.25%, 0, 1, 1, 144.16
1495014118, 6, 31, 225, 9, 0, 3.25%, 0, 1, 1, 141.44
1495014123, 6, 32, 225, 9, 0, 3.25%, 0, 1, 1, 152.14
1495014128, 6, 33, 225, 9, 0, 3.25%, 0, 1, 1, 147.01
1495014138, 6, 36, 225, 9, 0, 3.25%, 0, 1, 1, 139.37
1495014144, 6, 37, 225, 9, 0, 3.25%, 0, 1, 1, 146.70
1495014149, 6, 38, 225, 9, 0, 3.25%, 0, 1, 1, 148.89
1495014154, 6, 40, 225, 9, 0, 3.25%, 0, 1, 1, 141.90
1495014159, 6, 41, 225, 9, 0, 3.25%, 0, 1, 1, 141.32
1495014169, 6, 42, 225, 9, 0, 3.25%, 0, 1, 1, 150.38
1495014174, 6, 44, 225, 9, 0, 3.25%, 0, 1, 1, 143.62
1495014185, 6, 45, 225, 9, 0, 3.25%, 0, 1, 1, 143.33
1495014195, 6, 46, 225, 9, 0, 3.25%, 0, 1, 1, 146.45
1495014200, 6, 47, 225, 9, 0, 3.25%, 0, 1, 1, 139.18
1495014210, 6, 48, 225, 9, 0, 3.25%, 0, 1, 1, 153.53
1495014215, 6, 49, 225, 9, 0, 3.25%, 0, 1, 1, 147.96
1495014231, 6, 50, 225, 9, 0, 3.25%, 0, 1, 1, 146.25
1495014236, 6, 51, 225, 9, 0, 3.25%, 0, 1, 1, 146.63
1495014241, 6, 52, 225, 9, 0, 3.25%, 0, 1, 1, 154.16
1495014256, 6, 53, 225, 9, 0, 3.25%, 0, 1, 1, 144.28
1495014261, 6, 55, 225, 9, 0, 3.25%, 0, 1, 1, 135.86
1495014272, 6, 56, 225, 9, 0, 3.25%, 0, 1, 1, 142.75
1495014277, 6, 57, 225, 9, 0, 3.25%, 0, 1, 1, 147.13
1495014282, 6, 60, 225, 9, 0, 3.25%, 0, 1, 1, 152.12
1495014297, 6, 61, 225, 9, 0, 3.25%, 0, 1, 1, 139.72
1495014308, 6, 63, 225, 9, 0, 3.25%, 0, 1, 1, 138.29
1495014318, 6, 64, 225, 9, 0, 3.25%, 0, 1, 1, 124.88
1495014323, 6, 66, 225, 9, 0, 3.25%, 0, 1, 1, 126.55
1495014328, 6, 67, 225, 8, 0, 3.25%, 0, 1, 1, 130.09
1495014344, 6, 69, 225, 8, 0, 3.25%, 0, 1, 1, 125.66
1495014349, 6, 70, 225, 8, 0, 3.25%, 0, 1, 1, 134.60
1495014364, 6, 72, 225, 8, 0, 3.25%, 0, 1, 1, 133.94
1495014369, 6, 73, 225, 8, 0, 3.25%, 0, 1, 1, 126.57
1495014385, 6, 74, 225, 8, 0, 3.25%, 0, 1, 1, 125.83
1495014390, 6, 75, 225, 8, 0, 3.25%, 0, 1, 1, 130.38
1495014405, 6, 76, 225, 8, 0, 3.25%, 0, 1, 1, 130.88
1495014410, 6, 77, 225, 8, 0, 3.25%, 0, 1, 1, 125.79
1495014426, 6, 78, 225, 8, 0, 3.25%, 0, 1, 1, 136.35
1495014431, 6, 79, 225, 8, 0, 3.25%, 0, 1, 1, 135.11
1495014441, 6, 80, 225, 8, 0, 3.25%, 0, 1, 1, 124.77
1495014446, 6, 81, 225, 8, 0, 3.25%, 0, 1, 1, 125.22
1495014461, 6, 84, 225, 8, 0, 3.25%, 0, 1, 1, 133.51
1495014466, 6, 85, 225, 8, 0, 3.25%, 0, 1, 1, 140.48
1495014482, 6, 87, 225, 8, 0, 3.25%, 0, 1, 1, 132.12
1495014487, 6, 88, 225, 8, 0, 3.25%, 0, 1, 1, 128.96
1495014492, 6, 89, 225, 8, 0, 3.25%, 0, 1, 1, 136.82
1495014508, 6, 90, 225, 8, 0, 3.25%, 0, 1, 1, 132.50
1495014513, 6, 92, 225, 8, 0, 3.25%, 0, 1, 1, 125.47
1495014518, 6, 93, 225, 8, 0, 3.25%, 0, 1, 1, 131.44
1495014533, 6, 94, 225, 8, 0, 3.25%, 0, 1, 1, 134.01
1495014538, 6, 95, 225, 8, 0, 3.25%, 0, 1, 1, 129.26
1495014553, 6, 97, 225, 8, 0, 3.25%, 0, 1, 1, 148.35
1495014569, 6, 99, 225, 8, 0, 3.25%, 0, 1, 1, 152.27
1495014584, 6, 100, 225, 8, 0, 3.25%, 0, 1, 1, 142.55
1495014589, 6, 101, 225, 8, 0, 3.25%, 0, 1, 1, 141.85
1495014600, 6, 102, 225, 8, 0, 3.25%, 0, 1, 1, 158.56
1495014605, 6, 103, 225, 8, 0, 3.25%, 0, 1, 1, 153.37
1495014610, 6, 104, 225, 8, 0, 3.25%, 0, 1, 1, 137.17
1495014615, 6, 105, 225, 8, 0, 3.25%, 0, 1, 1, 139.45
1495014630, 6, 107, 225, 8, 0, 3.25%, 0, 1, 1, 143.86
1495014646, 6, 109, 225, 8, 0, 3.25%, 0, 1, 1, 145.06
1495014661, 6, 111, 225, 8, 0, 3.25%, 0, 1, 1, 149.58
1495014677, 6, 113, 225, 8, 0, 3.25%, 0, 1, 1, 148.78
1495014682, 6, 114, 225, 8, 0, 3.25%, 0, 1, 1, 153.22
1495014687, 6, 115, 225, 8, 0, 3.25%, 0, 1, 1, 144.56
1495014702, 6, 117, 225, 8, 0, 3.25%, 0, 1, 1, 147.97
1495014707, 6, 119, 225, 8, 0, 3.25%, 0, 1, 1, 150.76
1495014723, 6, 120, 225, 8, 0, 3.25%, 0, 1, 1, 140.81
1495014738, 6, 121, 225, 8, 0, 3.25%, 0, 1, 1, 147.28
1495014748, 6, 122, 225, 8, 0, 3.25%, 0, 1, 1, 148.06
1495014753, 6, 124, 225, 8, 0, 3.25%, 0, 1, 1, 147.04
1495014768, 6, 125, 225, 8, 0, 3.25%, 0, 1, 1, 159.28
1495014779, 6, 128, 225, 8, 0, 3.25%, 0, 1, 1, 145.68
1495014799, 6, 132, 225, 8, 0, 3.25%, 0, 1, 1, 122.73
1495014804, 6, 133, 225, 8, 0, 3.25%, 0, 1, 1, 130.03
1495014809, 6, 134, 225, 8, 0, 3.25%, 0, 1, 1, 121.40
1495014820, 6, 136, 225, 8, 0, 3.25%, 0, 1, 1, 133.62
1495014825, 6, 137, 225, 8, 0, 3.25%, 0, 1, 1, 128.81
1495014845, 6, 139, 225, 8, 0, 3.25%, 0, 1, 1, 127.13
1495014850, 6, 140, 225, 8, 0, 3.25%, 0, 1, 1, 127.59
1495014855, 6, 141, 225, 8, 0, 3.25%, 0, 1, 1, 129.79
1495014871, 6, 143, 225, 8, 0, 3.25%, 0, 1, 1, 120.96
1495014886, 6, 144, 225, 8, 0, 3.25%, 0, 1, 1, 131.58
1495014891, 6, 145, 225, 8, 0, 3.25%, 0, 1, 1, 128.14
1495014907, 6, 147, 225, 8, 0, 3.25%, 0, 1, 1, 130.69
1495014932, 6, 149, 225, 8, 0, 3.25%, 0, 1, 1, 126.88
1495014958, 6, 151, 225, 8, 0, 3.25%, 0, 1, 1, 126.30
1495014973, 6, 152, 225, 8, 0, 3.25%, 0, 1, 1, 132.47
1495014989, 6, 153, 225, 8, 0, 3.25%, 0, 1, 1, 134.77
1495014994, 6, 155, 225, 8, 0, 3.25%, 0, 1, 1, 137.43
1495015009, 6, 156, 225, 8, 0, 3.25%, 0, 1, 1, 133.63
1495015015, 6, 157, 225, 8, 0, 3.25%, 0, 1, 1, 137.95
1495015030, 6, 158, 225, 8, 0, 3.25%, 0, 1, 1, 131.03
1495015035, 6, 159, 225, 8, 0, 3.25%, 0, 1, 1, 138.62
1495015045, 6, 162, 225, 8, 0, 3.25%, 0, 1, 1, 148.15
1495015050, 6, 163, 225, 8, 0, 3.25%, 0, 1, 1, 151.21
1495015066, 6, 165, 225, 8, 0, 3.25%, 0, 1, 1, 147.54
1495015081, 6, 167, 225, 8, 0, 3.25%, 0, 1, 1, 141.41
1495015097, 6, 168, 225, 8, 0, 3.25%, 0, 1, 1, 151.93
1495015102, 6, 171, 225, 8, 0, 3.25%, 0, 1, 1, 145.80
1495015117, 6, 173, 225, 8, 0, 3.25%, 0, 1, 1, 155.01
1495015133, 6, 174, 225, 8, 0, 3.25%, 0, 1, 1, 152.75
1495015138, 6, 175, 225, 8, 0, 3.25%, 0, 1, 1, 152.68
1495015148, 6, 177, 225, 8, 0, 3.25%, 0, 1, 1, 153.23
1495015153, 6, 178, 225, 8, 0, 3.25%, 0, 1, 1, 150.58
1495015168, 6, 180, 225, 8, 0, 3.25%, 0, 1, 1, 150.47
1495015173, 6, 182, 225, 8, 0, 3.25%, 0, 1, 1, 146.89
1495015189, 6, 183, 225, 8, 0, 3.25%, 0, 1, 1, 144.01
1495015194, 6, 184, 225, 8, 0, 3.25%, 0, 1, 1, 153.47
1495015204, 6, 185, 225, 8, 0, 3.25%, 0, 1, 1, 155.97
1495015209, 6, 186, 225, 8, 0, 3.25%, 0, 1, 1, 147.11
1495015219, 6, 187, 225, 8, 0, 3.25%, 0, 1, 1, 146.74
1495015225, 6, 188, 225, 7, 0, 3.25%, 0, 1, 1, 143.24
1495015240, 6, 189, 225, 7, 0, 3.25%, 0, 1, 1, 146.78
1495015245, 6, 190, 225, 7, 0, 3.25%, 0, 1, 1, 146.86
1495015260, 6, 192, 225, 7, 0, 3.25%, 0, 1, 1, 140.94
1495015271, 6, 195, 225, 7, 0, 3.25%, 0, 1, 1, 146.23
1495015296, 6, 196, 225, 7, 0, 3.25%, 0, 1, 1, 123.06
1495015302, 6, 197, 225, 7, 0, 3.25%, 0, 1, 1, 127.17
1495015317, 6, 198, 225, 7, 0, 3.25%, 0, 1, 1, 130.32
1495015322, 6, 199, 225, 7, 0, 3.25%, 0, 1, 1, 128.54
1495015338, 6, 201, 225, 7, 0, 3.25%, 0, 1, 1, 130.03
1495015353, 6, 202, 225, 7, 0, 3.25%, 0, 1, 1, 134.00
1495015358, 6, 204, 225, 7, 0, 3.25%, 0, 1, 1, 130.37
1495015373, 6, 205, 225, 7, 0, 3.25%, 0, 1, 1, 136.37
1495015378, 6, 206, 225, 7, 0, 3.25%, 0, 1, 1, 137.13
1495015399, 6, 208, 225, 7, 0, 3.25%, 0, 1, 1, 131.39
1495015404, 6, 209, 225, 7, 0, 3.25%, 0, 1, 1, 128.69
1495015419, 6, 210, 225, 7, 0, 3.25%, 0, 1, 1, 124.53
1495015424, 6, 211, 225, 7, 0, 3.25%, 0, 1, 1, 133.27
1495015440, 6, 213, 225, 7, 0, 3.25%, 0, 1, 1, 135.98
1495015455, 6, 215, 225, 7, 0, 3.25%, 0, 1, 1, 129.54
1495015471, 6, 217, 225, 7, 0, 3.25%, 0, 1, 1, 113.01
1495015476, 6, 221, 225, 7, 0, 3.25%, 0, 1, 1, 128.30
1495015496, 6, 224, 225, 7, 0, 3.25%, 0, 1, 1, 136.69
1495015501, 7, 0, 225, 7, 0, 3.25%, 0, 1, 1, 132.59
1495015512, 7, 2, 225, 7, 0, 3.25%, 0, 1, 1, 129.72
1495015517, 7, 3, 225, 7, 0, 3.25%, 0, 1, 1, 139.44
1495015522, 7, 4, 225, 7, 0, 3.25%, 0, 1, 1, 146.37
1495015527, 7, 5, 225, 7, 0, 3.25%, 0, 1, 1, 155.69
1495015533, 7, 7, 225, 7, 0, 3.25%, 0, 1, 1, 151.91
1495015543, 7, 8, 225, 7, 0, 3.25%, 0, 1, 1, 151.94
1495015548, 7, 9, 225, 7, 0, 3.25%, 0, 1, 1, 140.36
1495015553, 7, 12, 225, 7, 0, 3.25%, 0, 1, 1, 144.81
1495015564, 7, 13, 225, 7, 0, 3.25%, 0, 1, 1, 146.81
1495015569, 7, 14, 225, 7, 0, 3.25%, 0, 1, 1, 154.67
