# unix_time, cycles_done, cur_path, paths_total, pending_total, pending_favs, map_size, unique_crashes, unique_hangs, max_depth, execs_per_sec
1494124195, 0, 0, 510, 510, 171, 4.16%, 0, 0, 2, 64.65
1494124206, 0, 0, 510, 509, 170, 4.16%, 0, 0, 2, 69.20
1494124231, 0, 0, 511, 510, 170, 4.16%, 0, 0, 2, 65.22
1494124395, 0, 2, 511, 509, 169, 4.16%, 0, 0, 2, 107.39
1494124406, 0, 4, 511, 507, 167, 4.16%, 0, 0, 2, 162.39
1494124411, 0, 7, 511, 505, 165, 4.16%, 0, 0, 2, 141.25
1494124416, 0, 11, 511, 503, 163, 4.16%, 0, 0, 2, 160.45
1494124421, 0, 13, 511, 502, 162, 4.16%, 0, 0, 2, 137.17
1494124426, 0, 14, 511, 501, 161, 4.16%, 0, 0, 2, 103.27
1494124436, 0, 17, 511, 499, 159, 4.16%, 0, 0, 2, 135.17
1494124441, 0, 20, 511, 498, 158, 4.16%, 0, 0, 2, 148.08
1494124446, 0, 21, 511, 497, 157, 4.16%, 0, 0, 2, 128.71
1494124451, 0, 23, 511, 496, 156, 4.16%, 0, 0, 2, 130.38
1494124456, 0, 29, 511, 493, 153, 4.16%, 0, 0, 2, 150.69
1494124467, 0, 30, 511, 492, 152, 4.16%, 0, 0, 2, 119.65
1494124472, 0, 34, 511, 490, 150, 4.16%, 0, 0, 2, 130.48
1494124477, 0, 39, 511, 489, 149, 4.16%, 0, 0, 2, 175.05
1494124482, 0, 41, 511, 488, 148, 4.16%, 0, 0, 2, 145.76
1494124487, 0, 43, 511, 487, 147, 4.16%, 0, 0, 2, 70.00
1494124497, 0, 44, 511, 486, 146, 4.16%, 0, 0, 2, 109.77
1494124502, 0, 46, 511, 484, 144, 4.16%, 0, 0, 2, 135.41
1494124507, 0, 47, 511, 483, 143, 4.16%, 0, 0, 2, 121.46
1494124512, 0, 49, 511, 482, 142, 4.16%, 0, 0, 2, 105.65
1494124522, 0, 53, 511, 480, 140, 4.16%, 0, 0, 2, 158.23
1494124528, 0, 55, 511, 479, 139, 4.16%, 0, 0, 2, 184.41
1494124533, 0, 58, 511, 478, 138, 4.16%, 0, 0, 2, 101.38
1494124538, 0, 59, 511, 477, 137, 4.16%, 0, 0, 2, 146.55
1494124543, 0, 60, 511, 476, 136, 4.16%, 0, 0, 2, 166.94
1494124553, 0, 61, 511, 475, 135, 4.16%, 0, 0, 2, 119.56
1494124558, 0, 62, 511, 474, 134, 4.16%, 0, 0, 2, 108.44
1494124563, 0, 63, 511, 473, 133, 4.16%, 0, 0, 2, 127.46
1494124568, 0, 65, 511, 472, 132, 4.16%, 0, 0, 2, 43.15
1494124573, 0, 67, 511, 471, 131, 4.16%, 0, 0, 2, 136.67
1494124579, 0, 69, 511, 470, 130, 4.16%, 0, 0, 2, 117.13
1494124584, 0, 71, 511, 469, 129, 4.16%, 0, 0, 2, 89.37
1494124594, 0, 72, 511, 468, 128, 4.16%, 0, 0, 2, 109.66
1494124599, 0, 74, 511, 467, 127, 4.16%, 0, 0, 2, 88.72
1494124604, 0, 77, 511, 465, 125, 4.16%, 0, 0, 2, 133.45
1494124609, 0, 79, 511, 464, 124, 4.16%, 0, 0, 2, 112.31
1494124614, 0, 80, 511, 463, 123, 4.16%, 0, 0, 2, 144.28
1494124619, 0, 81, 511, 462, 122, 4.16%, 0, 0, 2, 117.42
1494124624, 0, 85, 511, 461, 121, 4.16%, 0, 0, 2, 133.20
1494124629, 0, 88, 511, 460, 120, 4.16%, 0, 0, 2, 122.86
1494124635, 0, 89, 511, 459, 119, 4.16%, 0, 0, 2, 121.05
1494124645, 0, 96, 511, 456, 116, 4.16%, 0, 0, 2, 132.54
1494124650, 0, 97, 511, 455, 115, 4.16%, 0, 0, 2, 111.42
1494124660, 0, 98, 511, 454, 114, 4.16%, 0, 0, 2, 157.11
1494124665, 0, 99, 511, 453, 113, 4.16%, 0, 0, 2, 126.55
1494124670, 0, 105, 511, 451, 111, 4.16%, 0, 0, 2, 64.41
1494124675, 0, 106, 511, 450, 110, 4.16%, 0, 0, 2, 88.55
1494124686, 0, 107, 511, 449, 109, 4.16%, 0, 0, 2, 78.09
1494124696, 0, 108, 511, 448, 108, 4.16%, 0, 0, 2, 47.90
1494124701, 0, 114, 511, 447, 107, 4.16%, 0, 0, 2, 125.94
1494124711, 0, 119, 511, 445, 105, 4.16%, 0, 0, 2, 166.31
1494124716, 0, 123, 511, 444, 104, 4.16%, 0, 0, 2, 153.38
1494124726, 0, 125, 511, 443, 103, 4.16%, 0, 0, 2, 160.69
1494124737, 0, 128, 511, 442, 102, 4.16%, 0, 0, 2, 83.29
1494124747, 0, 130, 511, 441, 101, 4.16%, 0, 0, 2, 167.40
1494124752, 0, 136, 511, 440, 100, 4.16%, 0, 0, 2, 158.94
1494124757, 0, 137, 511, 439, 99, 4.16%, 0, 0, 2, 14.08
1494124763, 0, 139, 511, 438, 98, 4.16%, 0, 0, 2, 86.45
1494124773, 0, 143, 511, 437, 97, 4.16%, 0, 0, 2, 143.14
1494124778, 0, 144, 511, 436, 96, 4.16%, 0, 0, 2, 72.57
1494124783, 0, 150, 511, 435, 95, 4.16%, 0, 0, 2, 146.33
1494124788, 0, 153, 511, 434, 94, 4.16%, 0, 0, 2, 178.07
1494124793, 0, 162, 511, 433, 93, 4.16%, 0, 0, 2, 175.28
1494124803, 0, 167, 511, 432, 92, 4.16%, 0, 0, 2, 17.17
1494124813, 0, 170, 511, 430, 90, 4.16%, 0, 0, 2, 121.22
1494124819, 0, 172, 511, 429, 89, 4.16%, 0, 0, 2, 131.42
1494124824, 0, 176, 511, 428, 88, 4.16%, 0, 0, 2, 164.48
1494124829, 0, 179, 511, 427, 87, 4.16%, 0, 0, 2, 157.58
1494124834, 0, 183, 511, 426, 87, 4.16%, 0, 0, 2, 162.15
1494124839, 0, 186, 511, 425, 86, 4.16%, 0, 0, 2, 169.35
1494124844, 0, 191, 511, 424, 85, 4.16%, 0, 0, 2, 162.26
1494124850, 0, 193, 511, 423, 84, 4.16%, 0, 0, 2, 167.63
1494124860, 0, 194, 511, 422, 83, 4.16%, 0, 0, 2, 152.34
1494124865, 0, 196, 511, 421, 82, 4.16%, 0, 0, 2, 158.51
1494124870, 0, 197, 511, 420, 81, 4.16%, 0, 0, 2, 97.05
1494124875, 0, 201, 511, 419, 80, 4.16%, 0, 0, 2, 105.50
1494124885, 0, 203, 511, 418, 79, 4.16%, 0, 0, 2, 157.06
1494124896, 0, 209, 511, 417, 78, 4.16%, 0, 0, 2, 177.45
1494124901, 0, 213, 511, 416, 77, 4.16%, 0, 0, 2, 170.23
1494124906, 0, 215, 511, 415, 76, 4.16%, 0, 0, 2, 103.60
1494124916, 0, 217, 511, 414, 75, 4.16%, 0, 0, 2, 80.66
1494124921, 0, 218, 511, 413, 74, 4.16%, 0, 0, 2, 76.84
1494124952, 0, 220, 511, 412, 73, 4.16%, 0, 0, 2, 103.06
1494124962, 0, 222, 511, 411, 72, 4.16%, 0, 0, 2, 131.63
1494124967, 0, 227, 511, 410, 71, 4.16%, 0, 0, 2, 167.59
1494124972, 0, 230, 511, 409, 70, 4.16%, 0, 0, 2, 172.35
1494124977, 0, 231, 511, 408, 69, 4.16%, 0, 0, 2, 146.73
1494124988, 0, 236, 511, 407, 68, 4.16%, 0, 0, 2, 155.34
1494124993, 0, 238, 511, 406, 67, 4.16%, 0, 0, 2, 175.07
1494125003, 0, 252, 511, 404, 65, 4.16%, 0, 0, 2, 177.25
1494125008, 0, 254, 511, 403, 64, 4.16%, 0, 0, 2, 175.43
1494125013, 0, 258, 511, 402, 63, 4.16%, 0, 0, 2, 147.09
1494125018, 0, 260, 511, 401, 62, 4.16%, 0, 0, 2, 158.12
1494125023, 0, 261, 511, 400, 61, 4.16%, 0, 0, 2, 138.85
1494125028, 0, 262, 511, 399, 60, 4.16%, 0, 0, 2, 157.04
1494125039, 0, 267, 511, 398, 59, 4.16%, 0, 0, 2, 116.59
1494125044, 0, 269, 511, 396, 57, 4.16%, 0, 0, 2, 140.29
1494125054, 0, 271, 511, 395, 56, 4.16%, 0, 0, 2, 143.33
1494125059, 0, 279, 511, 394, 55, 4.16%, 0, 0, 2, 450.28
1494125064, 0, 283, 511, 393, 54, 4.16%, 0, 0, 2, 249.79
1494125069, 0, 286, 511, 392, 53, 4.16%, 0, 0, 2, 160.96
1494125085, 0, 288, 511, 391, 52, 4.16%, 0, 0, 2, 88.70
1494125090, 0, 292, 511, 390, 51, 4.16%, 0, 0, 2, 142.40
1494125095, 0, 293, 511, 389, 50, 4.16%, 0, 0, 2, 132.26
1494125100, 0, 296, 511, 388, 49, 4.16%, 0, 0, 2, 103.22
1494125120, 0, 300, 511, 387, 48, 4.16%, 0, 0, 2, 111.98
1494125131, 0, 323, 511, 386, 47, 4.16%, 0, 0, 2, 34.77
1494125161, 0, 325, 511, 385, 46, 4.16%, 0, 0, 2, 116.88
1494125166, 0, 339, 511, 384, 45, 4.16%, 0, 0, 2, 11.86
1494125253, 0, 352, 511, 383, 44, 4.16%, 0, 0, 2, 25.13
1494125284, 0, 366, 511, 381, 42, 4.16%, 0, 0, 2, 163.83
1494125294, 0, 367, 511, 380, 41, 4.16%, 0, 0, 2, 170.91
1494125299, 0, 369, 511, 379, 40, 4.16%, 0, 0, 2, 67.63
1494125304, 0, 375, 511, 378, 39, 4.16%, 0, 0, 2, 128.75
1494125309, 0, 377, 511, 377, 38, 4.16%, 0, 0, 2, 97.93
1494125314, 0, 378, 511, 376, 37, 4.16%, 0, 0, 2, 94.06
1494125392, 0, 383, 511, 375, 36, 4.16%, 0, 0, 2, 70.30
1494125397, 0, 384, 511, 374, 35, 4.16%, 0, 0, 2, 93.73
1494125407, 0, 389, 511, 373, 34, 4.16%, 0, 0, 2, 63.05
1494125412, 0, 394, 511, 372, 33, 4.16%, 0, 0, 2, 64.22
1494125484, 0, 399, 511, 371, 32, 4.16%, 0, 0, 2, 73.39
1494125489, 0, 402, 511, 370, 31, 4.16%, 0, 0, 2, 109.24
1494125494, 0, 407, 511, 369, 31, 4.16%, 0, 0, 2, 127.76
1494125504, 0, 418, 511, 367, 29, 4.16%, 0, 0, 2, 140.78
1494125510, 0, 420, 511, 366, 28, 4.16%, 0, 0, 2, 78.62
1494125515, 0, 426, 511, 365, 27, 4.16%, 0, 0, 2, 128.28
1494125525, 0, 427, 511, 364, 26, 4.16%, 0, 0, 2, 112.36
1494125530, 0, 428, 511, 363, 25, 4.16%, 0, 0, 2, 101.41
1494125535, 0, 430, 511, 362, 24, 4.16%, 0, 0, 2, 109.12
1494125546, 0, 431, 511, 361, 23, 4.16%, 0, 0, 2, 154.25
1494125551, 0, 433, 511, 360, 22, 4.16%, 0, 0, 2, 117.09
1494125556, 0, 437, 511, 359, 21, 4.16%, 0, 0, 2, 125.62
1494125561, 0, 438, 511, 358, 20, 4.16%, 0, 0, 2, 20.03
1494125623, 0, 439, 511, 357, 19, 4.16%, 0, 0, 2, 171.56
1494125628, 0, 447, 511, 356, 18, 4.16%, 0, 0, 2, 67.95
1494125633, 0, 450, 511, 355, 17, 4.16%, 0, 0, 2, 41.86
1494125638, 0, 452, 511, 354, 16, 4.16%, 0, 0, 2, 93.04
1494125664, 0, 456, 511, 352, 14, 4.16%, 0, 0, 2, 119.17
1494125669, 0, 457, 511, 351, 13, 4.16%, 0, 0, 2, 160.79
1494125674, 0, 459, 511, 350, 12, 4.16%, 0, 0, 2, 144.63
1494125679, 0, 466, 511, 349, 11, 4.16%, 0, 0, 2, 149.82
1494125684, 0, 467, 511, 348, 10, 4.16%, 0, 0, 2, 17.67
1494125772, 0, 476, 511, 347, 9, 4.16%, 0, 0, 2, 65.00
1494125782, 0, 479, 511, 346, 8, 4.16%, 0, 0, 2, 126.97
1494125787, 0, 482, 511, 345, 7, 4.16%, 0, 0, 2, 81.86
1494125792, 0, 486, 511, 344, 6, 4.16%, 0, 0, 2, 84.60
1494125797, 0, 492, 511, 343, 5, 4.16%, 0, 0, 2, 116.53
1494125807, 0, 493, 511, 342, 4, 4.16%, 0, 0, 2, 71.33
1494125818, 0, 494, 511, 341, 3, 4.16%, 0, 0, 2, 77.68
1494125823, 0, 504, 511, 340, 2, 4.16%, 0, 0, 2, 20.10
1494125910, 0, 505, 511, 339, 2, 4.16%, 0, 0, 2, 96.79
1494125915, 0, 506, 511, 338, 1, 4.16%, 0, 0, 2, 30.02
1494125925, 1, 1, 511, 337, 0, 4.16%, 0, 0, 2, 116.63
1494125930, 1, 2, 511, 337, 0, 4.16%, 0, 0, 2, 137.54
1494125935, 1, 4, 511, 337, 0, 4.16%, 0, 0, 2, 179.67
1494125940, 1, 6, 511, 337, 0, 4.16%, 0, 0, 2, 217.24
1494125945, 1, 8, 511, 336, 0, 4.16%, 0, 0, 2, 177.96
1494125950, 1, 13, 511, 336, 0, 4.16%, 0, 0, 2, 167.99
1494125956, 1, 15, 511, 336, 0, 4.16%, 0, 0, 2, 146.97
1494125961, 1, 17, 511, 336, 0, 4.16%, 0, 0, 2, 153.78
1494125966, 1, 21, 511, 336, 0, 4.16%, 0, 0, 2, 174.64
1494125971, 1, 26, 511, 336, 0, 4.16%, 0, 0, 2, 170.70
1494125976, 1, 29, 511, 336, 0, 4.16%, 0, 0, 2, 166.69
1494125981, 1, 31, 511, 336, 0, 4.16%, 0, 0, 2, 130.78
1494125986, 1, 34, 511, 335, 0, 4.16%, 0, 0, 2, 158.95
1494125992, 1, 39, 511, 334, 0, 4.16%, 0, 0, 2, 174.71
1494125997, 1, 41, 511, 334, 0, 4.16%, 0, 0, 2, 178.79
1494126002, 1, 43, 511, 334, 0, 4.16%, 0, 0, 2, 140.20
1494126007, 1, 45, 511, 334, 0, 4.16%, 0, 0, 2, 158.00
1494126012, 1, 47, 511, 334, 0, 4.16%, 0, 0, 2, 157.53
1494126017, 1, 49, 511, 334, 0, 4.16%, 0, 0, 2, 124.70
1494126022, 1, 53, 511, 334, 0, 4.16%, 0, 0, 2, 174.66
1494126027, 1, 55, 511, 334, 0, 4.16%, 0, 0, 2, 185.30
1494126032, 1, 58, 511, 333, 0, 4.16%, 0, 0, 2, 160.64
1494126038, 1, 59, 511, 333, 0, 4.16%, 0, 0, 2, 152.42
1494126043, 1, 60, 511, 333, 0, 4.16%, 0, 0, 2, 151.70
1494126048, 1, 61, 511, 333, 0, 4.16%, 0, 0, 2, 175.14
1494126053, 1, 63, 511, 333, 0, 4.16%, 0, 0, 2, 158.11
1494126058, 1, 65, 511, 332, 0, 4.16%, 0, 0, 2, 168.18
1494126063, 1, 69, 511, 332, 0, 4.16%, 0, 0, 2, 174.69
1494126068, 1, 71, 511, 332, 0, 4.16%, 0, 0, 2, 138.37
1494126074, 1, 73, 511, 332, 0, 4.16%, 0, 0, 2, 156.51
1494126079, 1, 77, 511, 331, 0, 4.16%, 0, 0, 2, 168.13
1494126084, 1, 80, 511, 331, 0, 4.16%, 0, 0, 2, 154.12
1494126089, 1, 81, 511, 331, 0, 4.16%, 0, 0, 2, 160.23
1494126094, 1, 85, 511, 330, 0, 4.16%, 0, 0, 2, 156.04
1494126099, 1, 89, 511, 330, 0, 4.16%, 0, 0, 2, 141.56
1494126104, 1, 92, 511, 330, 0, 4.16%, 0, 0, 2, 132.65
1494126110, 1, 97, 511, 330, 0, 4.16%, 0, 0, 2, 143.52
1494126115, 1, 98, 511, 330, 0, 4.16%, 0, 0, 2, 163.98
1494126120, 1, 101, 511, 330, 0, 4.16%, 0, 0, 2, 156.18
1494126125, 1, 106, 511, 329, 0, 4.16%, 0, 0, 2, 153.94
1494126130, 1, 107, 511, 329, 0, 4.16%, 0, 0, 2, 146.59
1494126135, 1, 114, 511, 329, 0, 4.16%, 0, 0, 2, 157.85
1494126145, 1, 118, 511, 329, 0, 4.16%, 0, 0, 2, 167.30
1494126151, 1, 119, 511, 328, 0, 4.16%, 0, 0, 2, 179.54
1494126156, 1, 121, 511, 328, 0, 4.16%, 0, 0, 2, 184.10
1494126161, 1, 122, 511, 327, 0, 4.16%, 0, 0, 2, 150.91
1494126166, 1, 123, 511, 326, 0, 4.16%, 0, 0, 2, 162.63
1494126171, 1, 125, 511, 325, 0, 4.16%, 0, 0, 2, 156.48
1494126176, 1, 130, 511, 325, 0, 4.16%, 0, 0, 2, 137.52
1494126186, 1, 133, 511, 325, 0, 4.16%, 0, 0, 2, 165.96
1494126191, 1, 136, 511, 324, 0, 4.16%, 0, 0, 2, 178.48
1494126197, 1, 137, 511, 324, 0, 4.16%, 0, 0, 2, 146.11
1494126202, 1, 139, 511, 324, 0, 4.16%, 0, 0, 2, 137.73
1494126207, 1, 144, 511, 323, 0, 4.16%, 0, 0, 2, 149.98
1494126212, 1, 147, 511, 323, 0, 4.16%, 0, 0, 2, 161.27
1494126217, 1, 148, 511, 322, 0, 4.16%, 0, 0, 2, 164.56
1494126222, 1, 150, 511, 321, 0, 4.16%, 0, 0, 2, 175.85
1494126227, 1, 153, 511, 321, 0, 4.16%, 0, 0, 2, 183.34
1494126232, 1, 154, 511, 321, 0, 4.16%, 0, 0, 2, 175.03
1494126238, 1, 158, 511, 319, 0, 4.16%, 0, 0, 2, 144.16
1494126243, 1, 162, 511, 318, 0, 4.16%, 0, 0, 2, 192.84
1494126248, 1, 167, 511, 318, 0, 4.16%, 0, 0, 2, 156.92
1494126253, 1, 170, 511, 318, 0, 4.16%, 0, 0, 2, 159.03
1494126258, 1, 176, 511, 318, 0, 4.16%, 0, 0, 2, 156.39
1494126268, 1, 177, 511, 318, 0, 4.16%, 0, 0, 2, 112.39
1494126284, 1, 183, 511, 317, 0, 4.16%, 0, 0, 2, 152.21
1494126289, 1, 186, 511, 317, 0, 4.16%, 0, 0, 2, 164.86
1494126294, 1, 190, 511, 317, 0, 4.16%, 0, 0, 2, 145.15
1494126299, 1, 191, 511, 316, 0, 4.16%, 0, 0, 2, 157.19
1494126304, 1, 194, 511, 316, 0, 4.16%, 0, 0, 2, 167.32
1494126314, 1, 197, 511, 316, 0, 4.16%, 0, 0, 2, 147.98
1494126319, 1, 201, 511, 315, 0, 4.16%, 0, 0, 2, 155.06
1494126324, 1, 203, 511, 315, 0, 4.16%, 0, 0, 2, 162.49
1494126329, 1, 208, 511, 315, 0, 4.16%, 0, 0, 2, 157.12
1494126334, 1, 209, 511, 314, 0, 4.16%, 0, 0, 2, 167.37
1494126339, 1, 212, 511, 314, 0, 4.16%, 0, 0, 2, 170.80
1494126345, 1, 213, 511, 313, 0, 4.16%, 0, 0, 2, 172.83
1494126350, 1, 214, 511, 313, 0, 4.16%, 0, 0, 2, 153.20
1494126360, 1, 217, 511, 312, 0, 4.16%, 0, 0, 2, 126.82
1494126365, 1, 220, 511, 312, 0, 4.16%, 0, 0, 2, 126.48
1494126376, 1, 224, 511, 312, 0, 4.16%, 0, 0, 2, 169.31
1494126381, 1, 225, 511, 311, 0, 4.16%, 0, 0, 2, 35.16
1494126386, 1, 226, 511, 310, 0, 4.16%, 0, 0, 2, 91.64
1494126391, 1, 227, 511, 309, 0, 4.16%, 0, 0, 2, 165.01
1494126396, 1, 228, 511, 309, 0, 4.16%, 0, 0, 2, 168.70
1494126401, 1, 230, 511, 308, 0, 4.16%, 0, 0, 2, 174.34
1494126406, 1, 232, 511, 308, 0, 4.16%, 0, 0, 2, 160.75
1494126416, 1, 236, 511, 306, 0, 4.16%, 0, 0, 2, 192.16
1494126426, 1, 238, 511, 306, 0, 4.16%, 0, 0, 2, 171.43
1494126432, 1, 251, 511, 306, 0, 4.16%, 0, 0, 2, 181.94
1494126437, 1, 252, 511, 305, 0, 4.16%, 0, 0, 2, 171.98
1494126442, 1, 254, 511, 305, 0, 4.16%, 0, 0, 2, 157.11
1494126447, 1, 260, 511, 305, 0, 4.16%, 0, 0, 2, 162.12
1494126457, 1, 262, 511, 305, 0, 4.16%, 0, 0, 2, 171.78
1494126462, 1, 266, 511, 305, 0, 4.16%, 0, 0, 2, 148.06
1494126467, 1, 267, 511, 304, 0, 4.16%, 0, 0, 2, 22.99
1494126472, 1, 269, 511, 304, 0, 4.16%, 0, 0, 2, 158.41
1494126478, 1, 271, 511, 304, 0, 4.16%, 0, 0, 2, 161.21
1494126483, 1, 279, 511, 303, 0, 4.16%, 0, 0, 2, 155.07
1494126488, 1, 280, 511, 303, 0, 4.16%, 0, 0, 2, 22.90
1494126519, 1, 281, 511, 302, 0, 4.16%, 0, 0, 2, 178.06
1494126524, 1, 283, 511, 301, 0, 4.16%, 0, 0, 2, 178.12
1494126529, 1, 284, 511, 301, 0, 4.16%, 0, 0, 2, 177.66
1494126534, 1, 287, 511, 300, 0, 4.16%, 0, 0, 2, 153.60
1494126539, 1, 288, 511, 299, 0, 4.16%, 0, 0, 2, 144.09
1494126544, 1, 292, 511, 299, 0, 4.16%, 0, 0, 2, 149.71
1494126550, 1, 296, 511, 299, 0, 4.16%, 0, 0, 2, 132.52
1494126555, 1, 299, 511, 298, 0, 4.16%, 0, 0, 2, 152.37
1494126560, 1, 300, 511, 297, 0, 4.16%, 0, 0, 2, 178.81
1494126565, 1, 304, 511, 297, 0, 4.16%, 0, 0, 2, 165.17
1494126585, 1, 309, 511, 296, 0, 4.16%, 0, 0, 2, 134.06
1494126596, 1, 312, 511, 295, 0, 4.16%, 0, 0, 2, 128.50
1494126636, 1, 319, 511, 294, 0, 4.16%, 0, 0, 2, 122.41
1494126651, 1, 321, 511, 293, 0, 4.16%, 0, 0, 2, 164.32
1494126657, 1, 323, 511, 292, 0, 4.16%, 0, 0, 2, 15.20
1494126662, 1, 325, 511, 292, 0, 4.16%, 0, 0, 2, 123.64
1494126667, 1, 331, 511, 292, 0, 4.16%, 0, 0, 2, 15.42
1494126729, 1, 336, 511, 290, 0, 4.16%, 0, 0, 2, 111.21
1494126765, 1, 339, 511, 289, 0, 4.16%, 0, 0, 2, 94.26
1494126770, 1, 340, 511, 289, 0, 4.16%, 0, 0, 2, 85.28
1494126796, 1, 342, 511, 288, 0, 4.16%, 0, 0, 2, 146.56
1494126801, 1, 346, 511, 287, 0, 4.16%, 0, 0, 2, 136.15
1494126811, 1, 349, 511, 286, 0, 4.16%, 0, 0, 2, 118.62
1494126836, 1, 352, 511, 285, 0, 4.16%, 0, 0, 2, 106.11
1494126841, 1, 354, 511, 285, 0, 4.16%, 0, 0, 2, 86.11
1494126867, 1, 360, 511, 284, 0, 4.16%, 0, 0, 2, 17.09
1494126933, 1, 361, 511, 283, 0, 4.16%, 0, 0, 2, 82.79
1494126954, 1, 362, 511, 282, 0, 4.16%, 0, 0, 2, 169.98
1494126959, 1, 367, 511, 282, 0, 4.16%, 0, 0, 2, 172.32
1494126964, 1, 368, 511, 282, 0, 4.16%, 0, 0, 2, 107.32
1494126980, 1, 369, 511, 281, 0, 4.16%, 0, 0, 2, 160.57
1494126985, 1, 373, 511, 281, 0, 4.16%, 0, 0, 2, 180.05
1494126990, 1, 377, 511, 280, 0, 4.16%, 0, 0, 2, 162.60
1494126995, 1, 381, 511, 280, 0, 4.16%, 0, 0, 2, 74.62
1494127005, 1, 384, 511, 279, 0, 4.16%, 0, 0, 2, 144.68
1494127010, 1, 385, 511, 279, 0, 4.16%, 0, 0, 2, 27.56
1494127036, 1, 386, 511, 278, 0, 4.16%, 0, 0, 2, 568.97
1494127046, 1, 387, 511, 277, 0, 4.16%, 0, 0, 2, 67.92
1494127061, 1, 389, 511, 276, 0, 4.16%, 0, 0, 2, 121.92
1494127066, 1, 394, 511, 276, 0, 4.16%, 0, 0, 2, 111.18
1494127072, 1, 407, 511, 276, 0, 4.16%, 0, 0, 2, 174.79
1494127077, 1, 413, 511, 276, 0, 4.16%, 0, 0, 2, 16.21
1494127133, 1, 414, 511, 275, 0, 4.16%, 0, 0, 2, 224.83
1494127138, 1, 420, 511, 274, 0, 4.16%, 0, 0, 2, 79.33
1494127144, 1, 426, 511, 274, 0, 4.16%, 0, 0, 2, 127.30
1494127149, 1, 428, 511, 274, 0, 4.16%, 0, 0, 2, 152.62
1494127154, 1, 429, 511, 274, 0, 4.16%, 0, 0, 2, 122.35
1494127159, 1, 430, 511, 273, 0, 4.16%, 0, 0, 2, 132.44
1494127164, 1, 431, 511, 273, 0, 4.16%, 0, 0, 2, 160.29
1494127169, 1, 433, 511, 273, 0, 4.16%, 0, 0, 2, 166.04
1494127174, 1, 435, 511, 273, 0, 4.16%, 0, 0, 2, 76.25
1494127195, 1, 438, 511, 272, 0, 4.16%, 0, 0, 2, 106.02
1494127200, 1, 439, 511, 272, 0, 4.16%, 0, 0, 2, 125.66
1494127205, 1, 450, 511, 272, 0, 4.16%, 0, 0, 2, 140.59
1494127210, 1, 453, 511, 272, 0, 4.16%, 0, 0, 2, 150.38
1494127225, 1, 456, 511, 271, 0, 4.16%, 0, 0, 2, 176.58
1494127231, 1, 457, 511, 271, 0, 4.16%, 0, 0, 2, 152.91
1494127236, 1, 459, 511, 271, 0, 4.16%, 0, 0, 2, 166.13
1494127241, 1, 461, 511, 271, 0, 4.16%, 0, 0, 2, 106.24
1494127246, 1, 464, 511, 270, 0, 4.16%, 0, 0, 2, 93.54
1494127271, 1, 467, 511, 269, 0, 4.16%, 0, 0, 2, 85.34
1494127277, 1, 469, 511, 269, 0, 4.16%, 0, 0, 2, 23.43
1494127318, 1, 476, 511, 268, 0, 4.16%, 0, 0, 2, 100.24
1494127323, 1, 477, 511, 268, 0, 4.16%, 0, 0, 2, 29.45
1494127348, 1, 480, 511, 267, 0, 4.16%, 0, 0, 2, 113.09
1494127359, 1, 482, 511, 266, 0, 4.16%, 0, 0, 2, 114.46
1494127364, 1, 484, 511, 266, 0, 4.16%, 0, 0, 2, 19.39
1494127415, 1, 486, 511, 265, 0, 4.16%, 0, 0, 2, 91.75
1494127420, 1, 489, 511, 265, 0, 4.16%, 0, 0, 2, 60.17
1494127431, 1, 492, 511, 264, 0, 4.16%, 0, 0, 2, 96.59
1494127436, 1, 493, 511, 264, 0, 4.16%, 0, 0, 2, 130.78
1494127441, 1, 494, 511, 264, 0, 4.16%, 0, 0, 2, 131.42
1494127446, 1, 495, 511, 264, 0, 4.16%, 0, 0, 2, 105.33
1494127456, 1, 496, 511, 263, 0, 4.16%, 0, 0, 2, 91.69
1494127461, 1, 498, 511, 262, 0, 4.16%, 0, 0, 2, 106.09
1494127487, 1, 506, 511, 261, 0, 4.16%, 0, 0, 2, 143.89
1494127492, 1, 509, 511, 261, 0, 4.16%, 0, 0, 2, 96.68
1494127518, 1, 510, 511, 260, 0, 4.16%, 0, 0, 2, 88.10
1494127523, 2, 0, 511, 259, 0, 4.16%, 0, 0, 2, 117.93
1494127528, 2, 2, 511, 259, 0, 4.16%, 0, 0, 2, 156.95
1494127533, 2, 4, 511, 259, 0, 4.16%, 0, 0, 2, 160.91
1494127538, 2, 7, 511, 259, 0, 4.16%, 0, 0, 2, 174.27
1494127544, 2, 11, 511, 259, 0, 4.16%, 0, 0, 2, 166.73
1494127549, 2, 14, 511, 259, 0, 4.16%, 0, 0, 2, 151.97
1494127554, 2, 15, 511, 259, 0, 4.16%, 0, 0, 2, 165.96
1494127559, 2, 20, 511, 259, 0, 4.16%, 0, 0, 2, 211.70
1494127564, 2, 21, 511, 259, 0, 4.16%, 0, 0, 2, 172.14
1494127569, 2, 25, 511, 259, 0, 4.16%, 0, 0, 2, 145.80
1494127574, 2, 29, 511, 258, 0, 4.16%, 0, 0, 2, 172.03
1494127579, 2, 30, 511, 258, 0, 4.16%, 0, 0, 2, 145.67
1494127584, 2, 33, 511, 257, 0, 4.16%, 0, 0, 2, 124.87
1494127589, 2, 39, 511, 257, 0, 4.16%, 0, 0, 2, 162.42
1494127595, 2, 40, 511, 257, 0, 4.16%, 0, 0, 2, 177.80
1494127600, 2, 41, 511, 256, 0, 4.16%, 0, 0, 2, 159.47
1494127605, 2, 43, 511, 255, 0, 4.16%, 0, 0, 2, 148.13
1494127610, 2, 44, 511, 255, 0, 4.16%, 0, 0, 2, 130.15
1494127615, 2, 46, 511, 255, 0, 4.16%, 0, 0, 2, 157.49
1494127620, 2, 48, 511, 255, 0, 4.16%, 0, 0, 2, 152.90
1494127625, 2, 50, 511, 254, 0, 4.16%, 0, 0, 2, 166.22
1494127630, 2, 51, 511, 254, 0, 4.16%, 0, 0, 2, 177.00
1494127635, 2, 54, 511, 253, 0, 4.16%, 0, 0, 2, 182.82
1494127641, 2, 58, 511, 252, 0, 4.16%, 0, 0, 2, 165.84
1494127646, 2, 59, 511, 252, 0, 4.16%, 0, 0, 2, 116.66
1494127651, 2, 60, 511, 252, 0, 4.16%, 0, 0, 2, 145.98
1494127656, 2, 62, 511, 252, 0, 4.16%, 0, 0, 2, 149.21
1494127661, 2, 63, 511, 252, 0, 4.16%, 0, 0, 2, 146.39
1494127666, 2, 67, 511, 252, 0, 4.16%, 0, 0, 2, 144.47
1494127671, 2, 69, 511, 251, 0, 4.16%, 0, 0, 2, 173.94
1494127676, 2, 71, 511, 251, 0, 4.16%, 0, 0, 2, 152.49
1494127682, 2, 74, 511, 251, 0, 4.16%, 0, 0, 2, 140.92
1494127687, 2, 76, 511, 251, 0, 4.16%, 0, 0, 2, 158.42
1494127692, 2, 78, 511, 250, 0, 4.16%, 0, 0, 2, 156.27
1494127697, 2, 79, 511, 249, 0, 4.16%, 0, 0, 2, 95.19
1494127702, 2, 80, 511, 249, 0, 4.16%, 0, 0, 2, 144.85
1494127707, 2, 85, 511, 249, 0, 4.16%, 0, 0, 2, 150.04
1494127712, 2, 86, 511, 249, 0, 4.16%, 0, 0, 2, 162.53
1494127717, 2, 89, 511, 248, 0, 4.16%, 0, 0, 2, 166.83
1494127723, 2, 92, 511, 248, 0, 4.16%, 0, 0, 2, 173.77
1494127728, 2, 96, 511, 247, 0, 4.16%, 0, 0, 2, 59.99
1494127733, 2, 98, 511, 247, 0, 4.16%, 0, 0, 2, 117.66
1494127738, 2, 99, 511, 247, 0, 4.16%, 0, 0, 2, 154.02
1494127743, 2, 105, 511, 247, 0, 4.16%, 0, 0, 2, 149.09
1494127748, 2, 107, 511, 247, 0, 4.16%, 0, 0, 2, 129.74
1494127753, 2, 111, 511, 247, 0, 4.16%, 0, 0, 2, 139.30
1494127758, 2, 114, 511, 246, 0, 4.16%, 0, 0, 2, 170.27
1494127763, 2, 115, 511, 246, 0, 4.16%, 0, 0, 2, 162.64
1494127769, 2, 119, 511, 244, 0, 4.16%, 0, 0, 2, 170.27
1494127779, 2, 123, 511, 244, 0, 4.16%, 0, 0, 2, 181.18
1494127784, 2, 126, 511, 244, 0, 4.16%, 0, 0, 2, 158.26
1494127789, 2, 128, 511, 242, 0, 4.16%, 0, 0, 2, 151.53
1494127794, 2, 130, 511, 241, 0, 4.16%, 0, 0, 2, 154.16
1494127804, 2, 136, 511, 240, 0, 4.16%, 0, 0, 2, 175.68
1494127810, 2, 137, 511, 240, 0, 4.16%, 0, 0, 2, 159.41
1494127815, 2, 138, 511, 240, 0, 4.16%, 0, 0, 2, 159.96
1494127820, 2, 141, 511, 239, 0, 4.16%, 0, 0, 2, 157.42
1494127825, 2, 144, 511, 238, 0, 4.16%, 0, 0, 2, 156.29
1494127830, 2, 150, 511, 237, 0, 4.16%, 0, 0, 2, 171.56
1494127835, 2, 152, 511, 237, 0, 4.16%, 0, 0, 2, 178.89
1494127840, 2, 153, 511, 236, 0, 4.16%, 0, 0, 2, 191.88
1494127846, 2, 157, 511, 236, 0, 4.16%, 0, 0, 2, 132.51
1494127851, 2, 162, 511, 235, 0, 4.16%, 0, 0, 2, 166.91
1494127856, 2, 164, 511, 235, 0, 4.16%, 0, 0, 2, 184.28
1494127861, 2, 165, 511, 234, 0, 4.16%, 0, 0, 2, 172.10
1494127866, 2, 166, 511, 233, 0, 4.16%, 0, 0, 2, 178.69
1494127871, 2, 170, 511, 232, 0, 4.16%, 0, 0, 2, 161.79
1494127877, 2, 173, 511, 232, 0, 4.16%, 0, 0, 2, 148.15
1494127887, 2, 174, 511, 231, 0, 4.16%, 0, 0, 2, 154.17
1494127892, 2, 176, 511, 230, 0, 4.16%, 0, 0, 2, 165.65
1494127897, 2, 177, 511, 230, 0, 4.16%, 0, 0, 2, 159.14
1494127902, 2, 178, 511, 230, 0, 4.16%, 0, 0, 2, 126.35
1494127918, 2, 180, 511, 229, 0, 4.16%, 0, 0, 2, 26.10
1494127994, 2, 182, 511, 228, 0, 4.16%, 0, 0, 2, 170.50
1494128000, 2, 183, 511, 227, 0, 4.16%, 0, 0, 2, 166.23
1494128005, 2, 186, 511, 227, 0, 4.16%, 0, 0, 2, 173.64
1494128010, 2, 191, 511, 226, 0, 4.16%, 0, 0, 2, 175.92
1494128015, 2, 194, 511, 226, 0, 4.16%, 0, 0, 2, 168.34
1494128020, 2, 196, 511, 226, 0, 4.16%, 0, 0, 2, 173.32
1494128025, 2, 199, 511, 226, 0, 4.16%, 0, 0, 2, 138.63
1494128030, 2, 201, 511, 225, 0, 4.16%, 0, 0, 2, 145.20
1494128035, 2, 203, 511, 225, 0, 4.16%, 0, 0, 2, 160.37
1494128040, 2, 205, 511, 225, 0, 4.16%, 0, 0, 2, 149.07
1494128050, 2, 209, 511, 224, 0, 4.16%, 0, 0, 2, 159.21
1494128055, 2, 213, 511, 223, 0, 4.16%, 0, 0, 2, 186.95
1494128061, 2, 215, 511, 223, 0, 4.16%, 0, 0, 2, 177.32
1494128066, 2, 218, 511, 223, 0, 4.16%, 0, 0, 2, 159.52
1494128071, 2, 220, 511, 223, 0, 4.16%, 0, 0, 2, 164.60
1494128076, 2, 221, 511, 223, 0, 4.16%, 0, 0, 2, 153.61
1494128081, 2, 222, 511, 222, 0, 4.16%, 0, 0, 2, 20.64
1494128086, 2, 227, 511, 222, 0, 4.16%, 0, 0, 2, 178.89
1494128092, 2, 230, 511, 222, 0, 4.16%, 0, 0, 2, 170.48
1494128097, 2, 236, 511, 222, 0, 4.16%, 0, 0, 2, 165.74
1494128107, 2, 238, 511, 222, 0, 4.16%, 0, 0, 2, 181.16
1494128112, 2, 247, 511, 221, 0, 4.16%, 0, 0, 2, 163.90
1494128118, 2, 254, 511, 221, 0, 4.16%, 0, 0, 2, 162.21
1494128128, 2, 257, 511, 221, 0, 4.16%, 0, 0, 2, 166.29
1494128133, 2, 260, 511, 220, 0, 4.16%, 0, 0, 2, 171.40
1494128138, 2, 261, 511, 220, 0, 4.16%, 0, 0, 2, 165.38
1494128143, 2, 262, 511, 220, 0, 4.16%, 0, 0, 2, 164.34
1494128148, 2, 264, 511, 220, 0, 4.16%, 0, 0, 2, 174.42
1494128153, 2, 265, 511, 219, 0, 4.16%, 0, 0, 2, 167.25
1494128158, 2, 269, 511, 218, 0, 4.16%, 0, 0, 2, 176.11
1494128169, 2, 270, 511, 218, 0, 4.16%, 0, 0, 2, 95.68
1494128210, 2, 272, 511, 217, 0, 4.16%, 0, 0, 2, 109.84
1494128230, 2, 278, 511, 216, 0, 4.16%, 0, 0, 2, 179.08
1494128245, 2, 279, 511, 215, 0, 4.16%, 0, 0, 2, 176.14
1494128250, 2, 283, 511, 215, 0, 4.16%, 0, 0, 2, 172.71
1494128256, 2, 286, 511, 215, 0, 4.16%, 0, 0, 2, 162.29
1494128261, 2, 291, 511, 215, 0, 4.16%, 0, 0, 2, 138.14
1494128281, 2, 293, 511, 214, 0, 4.16%, 0, 0, 2, 155.80
1494128286, 2, 300, 511, 214, 0, 4.16%, 0, 0, 2, 144.28
1494128296, 2, 307, 511, 214, 0, 4.16%, 0, 0, 2, 26.12
1494128373, 2, 315, 511, 213, 0, 4.16%, 0, 0, 2, 11.85
1494128434, 2, 318, 511, 212, 0, 4.16%, 0, 0, 2, 147.14
1494128444, 2, 325, 511, 211, 0, 4.16%, 0, 0, 2, 184.44
1494128450, 2, 326, 511, 211, 0, 4.16%, 0, 0, 2, 109.49
1494128475, 2, 336, 511, 209, 0, 4.16%, 0, 0, 2, 155.28
1494128480, 2, 338, 511, 209, 0, 4.16%, 0, 0, 2, 90.78
1494128485, 2, 339, 511, 208, 0, 4.16%, 0, 0, 2, 85.26
1494128490, 2, 343, 511, 208, 0, 4.16%, 0, 0, 2, 109.28
1494128506, 2, 345, 511, 207, 0, 4.16%, 0, 0, 2, 31.77
1494128567, 2, 347, 511, 206, 0, 4.16%, 0, 0, 2, 64.72
1494128598, 2, 352, 512, 206, 0, 4.16%, 0, 0, 2, 94.24
1494128603, 2, 353, 512, 206, 0, 4.16%, 0, 0, 2, 114.76
1494128624, 2, 357, 512, 205, 0, 4.16%, 0, 0, 2, 47.16
1494128644, 2, 362, 512, 204, 0, 4.16%, 0, 0, 2, 129.70
1494128649, 2, 363, 512, 204, 0, 4.16%, 0, 0, 2, 140.79
1494128664, 2, 367, 512, 203, 0, 4.16%, 0, 0, 2, 164.40
1494128669, 2, 369, 512, 203, 0, 4.16%, 0, 0, 2, 165.24
1494128674, 2, 371, 512, 203, 0, 4.16%, 0, 0, 2, 134.96
1494128684, 2, 377, 512, 202, 0, 4.16%, 0, 0, 2, 134.82
1494128690, 2, 378, 512, 202, 0, 4.16%, 0, 0, 2, 114.32
1494128695, 2, 384, 512, 202, 0, 4.16%, 0, 0, 2, 141.43
1494128700, 2, 389, 512, 202, 0, 4.16%, 0, 0, 2, 140.88
1494128705, 2, 392, 512, 202, 0, 4.16%, 0, 0, 2, 102.85
1494128720, 2, 394, 512, 201, 0, 4.16%, 0, 0, 2, 98.89
1494128725, 2, 395, 512, 201, 0, 4.16%, 0, 0, 2, 22.76
1494128782, 2, 396, 512, 200, 0, 4.16%, 0, 0, 2, 187.03
1494128792, 2, 399, 512, 199, 0, 4.16%, 0, 0, 2, 153.70
1494128797, 2, 406, 512, 199, 0, 4.16%, 0, 0, 2, 138.09
1494128802, 2, 408, 512, 198, 0, 4.16%, 0, 0, 2, 141.34
1494128807, 2, 409, 512, 197, 0, 4.16%, 0, 0, 2, 155.57
1494128817, 2, 419, 512, 196, 0, 4.16%, 0, 0, 2, 132.30
1494128842, 2, 420, 512, 195, 0, 4.16%, 0, 0, 2, 96.40
1494128848, 2, 422, 512, 195, 0, 4.16%, 0, 0, 2, 123.89
1494128863, 2, 426, 512, 194, 0, 4.16%, 0, 0, 2, 147.22
1494128868, 2, 428, 512, 194, 0, 4.16%, 0, 0, 2, 139.67
1494128873, 2, 430, 512, 194, 0, 4.16%, 0, 0, 2, 150.89
1494128878, 2, 431, 512, 194, 0, 4.16%, 0, 0, 2, 175.15
1494128883, 2, 437, 512, 194, 0, 4.16%, 0, 0, 2, 148.26
1494128889, 2, 438, 512, 194, 0, 4.16%, 0, 0, 2, 121.97
1494128894, 2, 440, 512, 194, 0, 4.16%, 0, 0, 2, 31.84
1494128935, 2, 441, 512, 193, 0, 4.16%, 0, 0, 2, 90.10
1494128950, 2, 443, 512, 192, 0, 4.16%, 0, 0, 2, 123.84
1494128965, 2, 448, 512, 191, 0, 4.16%, 0, 0, 2, 131.61
1494128970, 2, 450, 512, 190, 0, 4.16%, 0, 0, 2, 145.59
1494128976, 2, 454, 512, 190, 0, 4.16%, 0, 0, 2, 37.79
1494128986, 2, 456, 512, 189, 0, 4.16%, 0, 0, 2, 129.27
1494128991, 2, 457, 512, 189, 0, 4.16%, 0, 0, 2, 157.10
1494128996, 2, 459, 512, 189, 0, 4.16%, 0, 0, 2, 158.53
1494129001, 2, 462, 512, 189, 0, 4.16%, 0, 0, 2, 144.06
1494129011, 2, 467, 512, 188, 0, 4.16%, 0, 0, 2, 111.16
1494129016, 2, 468, 512, 188, 0, 4.16%, 0, 0, 2, 88.28
1494129021, 2, 475, 512, 187, 0, 4.16%, 0, 0, 2, 97.49
1494129032, 2, 476, 512, 186, 0, 4.16%, 0, 0, 2, 127.85
1494129037, 2, 481, 512, 186, 0, 4.16%, 0, 0, 2, 18.48
1494129058, 2, 486, 512, 185, 0, 4.16%, 0, 0, 2, 112.57
1494129063, 2, 487, 512, 185, 0, 4.16%, 0, 0, 2, 15.76
1494129140, 2, 492, 512, 184, 0, 4.16%, 0, 0, 2, 121.02
1494129145, 2, 493, 512, 184, 0, 4.16%, 0, 0, 2, 162.89
1494129150, 2, 494, 512, 184, 0, 4.16%, 0, 0, 2, 157.76
1494129156, 2, 497, 512, 184, 0, 4.16%, 0, 0, 2, 99.07
1494129166, 2, 506, 512, 183, 0, 4.16%, 0, 0, 2, 137.72
1494129171, 2, 508, 512, 183, 0, 4.16%, 0, 0, 2, 95.61
1494129181, 3, 1, 512, 182, 0, 4.16%, 0, 0, 2, 137.20
1494129186, 3, 2, 512, 182, 0, 4.16%, 0, 0, 2, 151.57
1494129192, 3, 4, 512, 182, 0, 4.16%, 0, 0, 2, 168.07
1494129197, 3, 8, 512, 182, 0, 4.16%, 0, 0, 2, 175.78
1494129202, 3, 12, 512, 182, 0, 4.16%, 0, 0, 2, 142.61
1494129207, 3, 13, 512, 181, 0, 4.16%, 0, 0, 2, 147.91
1494129212, 3, 15, 512, 181, 0, 4.16%, 0, 0, 2, 159.30
1494129217, 3, 19, 512, 181, 0, 4.16%, 0, 0, 2, 145.09
1494129222, 3, 20, 512, 180, 0, 4.16%, 0, 0, 2, 152.07
1494129227, 3, 21, 512, 180, 0, 4.16%, 0, 0, 2, 151.22
1494129233, 3, 26, 512, 180, 0, 4.16%, 0, 0, 2, 163.32
1494129238, 3, 30, 512, 180, 0, 4.16%, 0, 0, 2, 153.89
1494129243, 3, 34, 512, 180, 0, 4.16%, 0, 0, 2, 157.58
1494129248, 3, 36, 512, 180, 0, 4.16%, 0, 0, 2, 165.52
1494129253, 3, 39, 512, 178, 0, 4.16%, 0, 0, 2, 168.94
1494129258, 3, 41, 512, 178, 0, 4.16%, 0, 0, 2, 167.64
1494129263, 3, 43, 512, 178, 0, 4.16%, 0, 0, 2, 146.54
1494129268, 3, 45, 512, 178, 0, 4.16%, 0, 0, 2, 165.65
1494129274, 3, 47, 512, 178, 0, 4.16%, 0, 0, 2, 144.67
1494129279, 3, 50, 512, 178, 0, 4.16%, 0, 0, 2, 145.24
1494129284, 3, 53, 512, 178, 0, 4.16%, 0, 0, 2, 158.93
1494129289, 3, 55, 512, 178, 0, 4.16%, 0, 0, 2, 177.40
1494129294, 3, 59, 512, 178, 0, 4.16%, 0, 0, 2, 163.59
1494129305, 3, 61, 512, 178, 0, 4.16%, 0, 0, 2, 146.31
1494129310, 3, 63, 512, 178, 0, 4.16%, 0, 0, 2, 151.03
1494129315, 3, 65, 512, 178, 0, 4.16%, 0, 0, 2, 140.23
1494129320, 3, 69, 512, 178, 0, 4.16%, 0, 0, 2, 165.28
1494129325, 3, 72, 512, 178, 0, 4.16%, 0, 0, 2, 148.98
1494129330, 3, 75, 512, 178, 0, 4.16%, 0, 0, 2, 151.27
1494129335, 3, 79, 512, 178, 0, 4.16%, 0, 0, 2, 149.97
1494129340, 3, 80, 512, 178, 0, 4.16%, 0, 0, 2, 166.11
1494129345, 3, 85, 512, 178, 0, 4.16%, 0, 0, 2, 160.15
1494129351, 3, 89, 512, 178, 0, 4.16%, 0, 0, 2, 143.64
1494129356, 3, 92, 512, 178, 0, 4.16%, 0, 0, 2, 158.32
1494129361, 3, 96, 512, 177, 0, 4.16%, 0, 0, 2, 154.36
1494129366, 3, 98, 512, 177, 0, 4.16%, 0, 0, 2, 149.08
1494129371, 3, 99, 512, 177, 0, 4.16%, 0, 0, 2, 158.88
1494129377, 3, 106, 512, 177, 0, 4.16%, 0, 0, 2, 149.17
1494129382, 3, 107, 512, 177, 0, 4.16%, 0, 0, 2, 134.81
1494129387, 3, 112, 512, 177, 0, 4.16%, 0, 0, 2, 145.88
1494129392, 3, 114, 512, 176, 0, 4.16%, 0, 0, 2, 161.46
1494129397, 3, 118, 512, 176, 0, 4.16%, 0, 0, 2, 166.03
1494129402, 3, 119, 512, 176, 0, 4.16%, 0, 0, 2, 175.80
1494129407, 3, 123, 512, 176, 0, 4.16%, 0, 0, 2, 187.08
1494129412, 3, 125, 512, 176, 0, 4.16%, 0, 0, 2, 177.90
1494129417, 3, 130, 512, 176, 0, 4.16%, 0, 0, 2, 119.53
1494129428, 3, 134, 512, 175, 0, 4.16%, 0, 0, 2, 158.26
1494129433, 3, 137, 512, 175, 0, 4.16%, 0, 0, 2, 166.68
1494129438, 3, 139, 512, 175, 0, 4.16%, 0, 0, 2, 151.14
1494129443, 3, 142, 512, 175, 0, 4.16%, 0, 0, 2, 165.05
1494129448, 3, 143, 512, 174, 0, 4.16%, 0, 0, 2, 171.52
1494129453, 3, 148, 512, 174, 0, 4.16%, 0, 0, 2, 116.39
1494129458, 3, 150, 512, 174, 0, 4.16%, 0, 0, 2, 173.63
1494129463, 3, 153, 512, 174, 0, 4.16%, 0, 0, 2, 182.82
1494129474, 3, 162, 512, 174, 0, 4.16%, 0, 0, 2, 180.37
1494129479, 3, 168, 512, 174, 0, 4.16%, 0, 0, 2, 153.88
1494129484, 3, 172, 512, 174, 0, 4.16%, 0, 0, 2, 164.33
1494129489, 3, 176, 512, 173, 0, 4.16%, 0, 0, 2, 162.65
1494129499, 3, 178, 512, 173, 0, 4.16%, 0, 0, 2, 171.28
1494129504, 3, 183, 512, 173, 0, 4.16%, 0, 0, 2, 174.08
1494129510, 3, 186, 512, 173, 0, 4.16%, 0, 0, 2, 178.02
1494129515, 3, 192, 512, 173, 0, 4.16%, 0, 0, 2, 176.57
1494129520, 3, 194, 512, 172, 0, 4.16%, 0, 0, 2, 161.44
1494129530, 3, 197, 512, 172, 0, 4.16%, 0, 0, 2, 141.51
1494129535, 3, 203, 512, 172, 0, 4.16%, 0, 0, 2, 160.53
1494129540, 3, 209, 512, 172, 0, 4.16%, 0, 0, 2, 180.19
1494129546, 3, 213, 512, 172, 0, 4.16%, 0, 0, 2, 188.34
1494129556, 3, 215, 512, 172, 0, 4.16%, 0, 0, 2, 160.39
1494129561, 3, 218, 512, 172, 0, 4.16%, 0, 0, 2, 124.22
1494129566, 3, 220, 512, 172, 0, 4.16%, 0, 0, 2, 166.76
1494129571, 3, 227, 512, 172, 0, 4.16%, 0, 0, 2, 160.51
1494129581, 3, 230, 512, 172, 0, 4.16%, 0, 0, 2, 166.05
1494129587, 3, 231, 512, 172, 0, 4.16%, 0, 0, 2, 140.69
1494129592, 3, 236, 512, 171, 0, 4.16%, 0, 0, 2, 159.84
1494129597, 3, 237, 512, 171, 0, 4.16%, 0, 0, 2, 163.47
1494129607, 3, 238, 512, 170, 0, 4.16%, 0, 0, 2, 177.78
1494129612, 3, 244, 512, 169, 0, 4.16%, 0, 0, 2, 175.82
1494129617, 3, 252, 512, 168, 0, 4.16%, 0, 0, 2, 182.25
1494129622, 3, 254, 512, 168, 0, 4.16%, 0, 0, 2, 174.47
1494129628, 3, 258, 512, 168, 0, 4.16%, 0, 0, 2, 168.57
1494129633, 3, 260, 512, 168, 0, 4.16%, 0, 0, 2, 109.36
1494129638, 3, 261, 512, 168, 0, 4.16%, 0, 0, 2, 148.53
1494129643, 3, 262, 512, 168, 0, 4.16%, 0, 0, 2, 143.43
1494129648, 3, 268, 512, 168, 0, 4.16%, 0, 0, 2, 155.61
1494129653, 3, 269, 512, 168, 0, 4.16%, 0, 0, 2, 171.64
1494129658, 3, 271, 512, 168, 0, 4.16%, 0, 0, 2, 165.32
1494129664, 3, 283, 512, 168, 0, 4.16%, 0, 0, 2, 168.70
1494129669, 3, 285, 512, 168, 0, 4.16%, 0, 0, 2, 168.93
1494129674, 3, 288, 512, 167, 0, 4.16%, 0, 0, 2, 161.33
1494129679, 3, 293, 512, 167, 0, 4.16%, 0, 0, 2, 155.77
1494129684, 3, 296, 512, 167, 0, 4.16%, 0, 0, 2, 124.46
1494129689, 3, 300, 512, 167, 0, 4.16%, 0, 0, 2, 171.64
1494129694, 3, 303, 512, 167, 0, 4.16%, 0, 0, 2, 98.53
1494129710, 3, 306, 512, 166, 0, 4.16%, 0, 0, 2, 108.29
1494129730, 3, 310, 512, 165, 0, 4.16%, 0, 0, 2, 78.44
1494129766, 3, 313, 512, 164, 0, 4.16%, 0, 0, 2, 85.81
1494129786, 3, 316, 512, 163, 0, 4.16%, 0, 0, 2, 115.49
1494129797, 3, 322, 512, 162, 0, 4.16%, 0, 0, 2, 157.36
1494129802, 3, 323, 512, 161, 0, 4.16%, 0, 0, 2, 174.01
1494129807, 3, 325, 512, 161, 0, 4.16%, 0, 0, 2, 159.78
1494129812, 3, 339, 512, 161, 0, 4.16%, 0, 0, 2, 119.65
1494129817, 3, 355, 512, 161, 0, 4.16%, 0, 0, 2, 134.89
1494129822, 3, 358, 512, 160, 0, 4.16%, 0, 0, 2, 140.83
1494129827, 3, 362, 512, 159, 0, 4.16%, 0, 0, 2, 164.07
1494129833, 3, 367, 512, 159, 0, 4.16%, 0, 0, 2, 161.94
1494129838, 3, 369, 512, 159, 0, 4.16%, 0, 0, 2, 164.34
1494129843, 3, 375, 512, 158, 0, 4.16%, 0, 0, 2, 149.39
1494129848, 3, 377, 512, 158, 0, 4.16%, 0, 0, 2, 152.09
1494129853, 3, 383, 512, 158, 0, 4.16%, 0, 0, 2, 123.92
1494129858, 3, 384, 512, 158, 0, 4.16%, 0, 0, 2, 143.76
1494129863, 3, 391, 512, 158, 0, 4.16%, 0, 0, 2, 108.93
1494129884, 3, 394, 512, 157, 0, 4.16%, 0, 0, 2, 82.56
1494129889, 3, 397, 512, 157, 0, 4.16%, 0, 0, 2, 108.64
1494129899, 3, 399, 512, 156, 0, 4.16%, 0, 0, 2, 150.24
1494129905, 3, 414, 512, 156, 0, 4.16%, 0, 0, 2, 144.73
1494129910, 3, 420, 512, 156, 0, 4.16%, 0, 0, 2, 156.86
1494129915, 3, 425, 512, 156, 0, 4.16%, 0, 0, 2, 110.12
1494129925, 3, 426, 512, 155, 0, 4.16%, 0, 0, 2, 137.94
1494129930, 3, 428, 512, 155, 0, 4.16%, 0, 0, 2, 150.50
1494129935, 3, 429, 512, 155, 0, 4.16%, 0, 0, 2, 132.44
1494129940, 3, 431, 512, 155, 0, 4.16%, 0, 0, 2, 159.09
1494129950, 3, 436, 512, 155, 0, 4.16%, 0, 0, 2, 37.88
1494129976, 3, 437, 512, 154, 0, 4.16%, 0, 0, 2, 115.39
1494129981, 3, 439, 512, 154, 0, 4.16%, 0, 0, 2, 103.04
1494129986, 3, 442, 512, 154, 0, 4.16%, 0, 0, 2, 99.70
1494129997, 3, 445, 512, 153, 0, 4.16%, 0, 0, 2, 107.73
1494130012, 3, 446, 512, 152, 0, 4.16%, 0, 0, 2, 28.21
1494130053, 3, 449, 512, 151, 0, 4.16%, 0, 0, 2, 14.81
1494130150, 3, 451, 512, 150, 0, 4.16%, 0, 0, 2, 16.47
1494130201, 3, 452, 512, 149, 0, 4.16%, 0, 0, 2, 117.54
1494130206, 3, 456, 512, 149, 0, 4.16%, 0, 0, 2, 136.94
1494130212, 3, 457, 512, 149, 0, 4.16%, 0, 0, 2, 164.14
1494130217, 3, 459, 512, 149, 0, 4.16%, 0, 0, 2, 159.99
1494130222, 3, 463, 512, 149, 0, 4.16%, 0, 0, 2, 71.47
1494130268, 3, 466, 512, 148, 0, 4.16%, 0, 0, 2, 97.02
1494130273, 3, 467, 512, 148, 0, 4.16%, 0, 0, 2, 81.51
1494130279, 3, 472, 512, 148, 0, 4.16%, 0, 0, 2, 74.63
1494130284, 3, 476, 512, 147, 0, 4.16%, 0, 0, 2, 117.58
1494130289, 3, 482, 512, 147, 0, 4.16%, 0, 0, 2, 135.62
1494130294, 3, 485, 512, 147, 0, 4.16%, 0, 0, 2, 25.02
1494130346, 3, 486, 512, 146, 0, 4.16%, 0, 0, 2, 143.08
1494130351, 3, 492, 512, 146, 0, 4.16%, 0, 0, 2, 140.05
1494130356, 3, 493, 512, 146, 0, 4.16%, 0, 0, 2, 138.72
1494130361, 3, 502, 512, 146, 0, 4.16%, 0, 0, 2, 19.57
1494130438, 3, 505, 512, 145, 0, 4.16%, 0, 0, 2, 160.87
1494130443, 3, 507, 512, 145, 0, 4.16%, 0, 0, 2, 19.70
1494130448, 4, 0, 512, 144, 0, 4.16%, 0, 0, 2, 150.15
1494130453, 4, 2, 512, 144, 0, 4.16%, 0, 0, 2, 154.81
1494130458, 4, 4, 512, 144, 0, 4.16%, 0, 0, 2, 182.11
1494130463, 4, 7, 512, 144, 0, 4.16%, 0, 0, 2, 177.36
1494130469, 4, 11, 512, 144, 0, 4.16%, 0, 0, 2, 185.04
1494130474, 4, 14, 512, 144, 0, 4.16%, 0, 0, 2, 149.19
1494130479, 4, 16, 512, 144, 0, 4.16%, 0, 0, 2, 176.69
1494130484, 4, 18, 512, 143, 0, 4.16%, 0, 0, 2, 179.22
1494130489, 4, 20, 512, 142, 0, 4.16%, 0, 0, 2, 184.03
1494130494, 4, 22, 512, 142, 0, 4.16%, 0, 0, 2, 188.17
1494130499, 4, 26, 512, 141, 0, 4.16%, 0, 0, 2, 183.17
1494130504, 4, 28, 512, 141, 0, 4.16%, 0, 0, 2, 163.64
1494130510, 4, 30, 512, 140, 0, 4.16%, 0, 0, 2, 157.76
1494130515, 4, 34, 512, 140, 0, 4.16%, 0, 0, 2, 178.91
1494130520, 4, 39, 512, 140, 0, 4.16%, 0, 0, 2, 185.00
1494130525, 4, 43, 512, 140, 0, 4.16%, 0, 0, 2, 141.99
1494130530, 4, 45, 512, 140, 0, 4.16%, 0, 0, 2, 168.98
1494130535, 4, 47, 512, 140, 0, 4.16%, 0, 0, 2, 164.07
1494130540, 4, 50, 512, 140, 0, 4.16%, 0, 0, 2, 240.85
1494130545, 4, 53, 512, 140, 0, 4.16%, 0, 0, 2, 190.07
1494130551, 4, 58, 512, 140, 0, 4.16%, 0, 0, 2, 182.31
1494130556, 4, 59, 512, 140, 0, 4.16%, 0, 0, 2, 170.50
1494130566, 4, 62, 512, 140, 0, 4.16%, 0, 0, 2, 158.39
1494130571, 4, 63, 512, 140, 0, 4.16%, 0, 0, 2, 150.64
1494130576, 4, 66, 512, 140, 0, 4.16%, 0, 0, 2, 142.58
1494130581, 4, 67, 512, 139, 0, 4.16%, 0, 0, 2, 166.57
1494130586, 4, 71, 512, 139, 0, 4.16%, 0, 0, 2, 160.46
1494130591, 4, 74, 512, 139, 0, 4.16%, 0, 0, 2, 163.07
1494130597, 4, 77, 512, 139, 0, 4.16%, 0, 0, 2, 160.41
1494130602, 4, 80, 512, 139, 0, 4.16%, 0, 0, 2, 176.51
1494130607, 4, 81, 512, 139, 0, 4.16%, 0, 0, 2, 173.04
1494130612, 4, 82, 512, 139, 0, 4.16%, 0, 0, 2, 162.84
1494130617, 4, 85, 512, 137, 0, 4.16%, 0, 0, 2, 157.90
1494130622, 4, 89, 512, 137, 0, 4.16%, 0, 0, 2, 153.96
1494130627, 4, 95, 512, 137, 0, 4.16%, 0, 0, 2, 175.88
1494130632, 4, 97, 512, 137, 0, 4.16%, 0, 0, 2, 149.48
1494130637, 4, 99, 512, 137, 0, 4.16%, 0, 0, 2, 163.23
1494130643, 4, 105, 512, 137, 0, 4.16%, 0, 0, 2, 159.73
1494130648, 4, 107, 512, 137, 0, 4.16%, 0, 0, 2, 144.19
1494130653, 4, 108, 512, 137, 0, 4.16%, 0, 0, 2, 113.66
1494130658, 4, 110, 512, 137, 0, 4.16%, 0, 0, 2, 159.67
1494130663, 4, 114, 512, 136, 0, 4.16%, 0, 0, 2, 186.95
1494130668, 4, 119, 512, 136, 0, 4.16%, 0, 0, 2, 190.99
1494130673, 4, 123, 512, 136, 0, 4.16%, 0, 0, 2, 176.84
1494130679, 4, 125, 512, 136, 0, 4.16%, 0, 0, 2, 168.54
1494130684, 4, 130, 512, 136, 0, 4.16%, 0, 0, 2, 176.79
1494130694, 4, 137, 512, 136, 0, 4.16%, 0, 0, 2, 184.99
1494130699, 4, 139, 512, 136, 0, 4.16%, 0, 0, 2, 154.63
1494130704, 4, 144, 512, 136, 0, 4.16%, 0, 0, 2, 161.38
1494130709, 4, 150, 512, 136, 0, 4.16%, 0, 0, 2, 182.99
1494130714, 4, 153, 512, 136, 0, 4.16%, 0, 0, 2, 189.09
1494130725, 4, 162, 512, 135, 0, 4.16%, 0, 0, 2, 182.56
1494130730, 4, 167, 512, 135, 0, 4.16%, 0, 0, 2, 179.95
1494130735, 4, 170, 512, 135, 0, 4.16%, 0, 0, 2, 175.73
1494130740, 4, 176, 512, 135, 0, 4.16%, 0, 0, 2, 178.10
1494130750, 4, 183, 512, 135, 0, 4.16%, 0, 0, 2, 166.15
1494130755, 4, 191, 512, 135, 0, 4.16%, 0, 0, 2, 172.04
1494130760, 4, 194, 512, 135, 0, 4.16%, 0, 0, 2, 172.37
1494130766, 4, 196, 512, 135, 0, 4.16%, 0, 0, 2, 171.61
1494130771, 4, 201, 512, 135, 0, 4.16%, 0, 0, 2, 161.86
1494130776, 4, 203, 512, 135, 0, 4.16%, 0, 0, 2, 160.86
1494130781, 4, 209, 512, 135, 0, 4.16%, 0, 0, 2, 178.81
1494130786, 4, 211, 512, 135, 0, 4.16%, 0, 0, 2, 183.04
1494130791, 4, 213, 512, 134, 0, 4.16%, 0, 0, 2, 185.35
1494130796, 4, 215, 512, 134, 0, 4.16%, 0, 0, 2, 165.54
1494130802, 4, 218, 512, 134, 0, 4.16%, 0, 0, 2, 127.12
1494130807, 4, 220, 512, 134, 0, 4.16%, 0, 0, 2, 25.91
1494130812, 4, 302, 513, 135, 1, 4.17%, 0, 0, 2, 152.99
1494130822, 4, 512, 513, 134, 1, 4.17%, 0, 0, 2, 144.19
1494130838, 5, 0, 513, 133, 0, 4.17%, 0, 0, 2, 157.56
1494130843, 5, 2, 513, 133, 0, 4.17%, 0, 0, 2, 163.92
1494130848, 5, 4, 513, 133, 0, 4.17%, 0, 0, 2, 181.17
1494130853, 5, 7, 513, 133, 0, 4.17%, 0, 0, 2, 184.93
1494130858, 5, 11, 513, 133, 0, 4.17%, 0, 0, 2, 173.66
1494130863, 5, 14, 513, 133, 0, 4.17%, 0, 0, 2, 152.97
1494130869, 5, 17, 513, 133, 0, 4.17%, 0, 0, 2, 174.76
1494130874, 5, 20, 513, 133, 0, 4.17%, 0, 0, 2, 170.40
1494130879, 5, 23, 513, 133, 0, 4.17%, 0, 0, 2, 174.59
1494130884, 5, 29, 513, 133, 0, 4.17%, 0, 0, 2, 166.30
1494130889, 5, 33, 513, 133, 0, 4.17%, 0, 0, 2, 163.13
1494130894, 5, 39, 513, 133, 0, 4.17%, 0, 0, 2, 178.62
1494130900, 5, 41, 513, 133, 0, 4.17%, 0, 0, 2, 164.67
1494130905, 5, 43, 513, 133, 0, 4.17%, 0, 0, 2, 149.85
1494130910, 5, 45, 513, 133, 0, 4.17%, 0, 0, 2, 179.49
1494130915, 5, 47, 513, 133, 0, 4.17%, 0, 0, 2, 163.42
1494130920, 5, 50, 513, 133, 0, 4.17%, 0, 0, 2, 178.07
1494130925, 5, 55, 513, 133, 0, 4.17%, 0, 0, 2, 199.22
1494130930, 5, 58, 513, 133, 0, 4.17%, 0, 0, 2, 169.26
1494130936, 5, 59, 513, 133, 0, 4.17%, 0, 0, 2, 176.65
1494130941, 5, 60, 513, 133, 0, 4.17%, 0, 0, 2, 45.99
1494130946, 5, 62, 513, 133, 0, 4.17%, 0, 0, 2, 114.69
1494130951, 5, 65, 513, 133, 0, 4.17%, 0, 0, 2, 141.15
1494130956, 5, 67, 513, 133, 0, 4.17%, 0, 0, 2, 165.67
1494130961, 5, 70, 513, 133, 0, 4.17%, 0, 0, 2, 167.05
1494130966, 5, 72, 513, 132, 0, 4.17%, 0, 0, 2, 163.60
1494130971, 5, 75, 513, 132, 0, 4.17%, 0, 0, 2, 173.13
1494130977, 5, 79, 513, 132, 0, 4.17%, 0, 0, 2, 160.79
1494130982, 5, 80, 513, 132, 0, 4.17%, 0, 0, 2, 151.91
1494130987, 5, 85, 513, 132, 0, 4.17%, 0, 0, 2, 150.35
1494130992, 5, 89, 513, 132, 0, 4.17%, 0, 0, 2, 145.82
1494130997, 5, 91, 513, 131, 0, 4.17%, 0, 0, 2, 183.68
1494131002, 5, 97, 513, 131, 0, 4.17%, 0, 0, 2, 164.57
1494131007, 5, 98, 513, 131, 0, 4.17%, 0, 0, 2, 177.45
1494131012, 5, 99, 513, 131, 0, 4.17%, 0, 0, 2, 163.80
1494131017, 5, 106, 513, 131, 0, 4.17%, 0, 0, 2, 164.51
1494131022, 5, 107, 513, 131, 0, 4.17%, 0, 0, 2, 155.15
1494131027, 5, 111, 513, 131, 0, 4.17%, 0, 0, 2, 176.16
1494131032, 5, 114, 513, 130, 0, 4.17%, 0, 0, 2, 168.87
1494131043, 5, 119, 513, 130, 0, 4.17%, 0, 0, 2, 183.31
1494131053, 5, 125, 513, 130, 0, 4.17%, 0, 0, 2, 176.33
1494131058, 5, 128, 513, 130, 0, 4.17%, 0, 0, 2, 156.21
1494131063, 5, 130, 513, 130, 0, 4.17%, 0, 0, 2, 177.28
1494131068, 5, 136, 513, 130, 0, 4.17%, 0, 0, 2, 186.15
1494131073, 5, 137, 513, 130, 0, 4.17%, 0, 0, 2, 164.43
1494131078, 5, 143, 513, 130, 0, 4.17%, 0, 0, 2, 164.94
1494131083, 5, 150, 513, 130, 0, 4.17%, 0, 0, 2, 170.79
1494131093, 5, 153, 513, 130, 0, 4.17%, 0, 0, 2, 186.37
1494131099, 5, 160, 513, 130, 0, 4.17%, 0, 0, 2, 123.81
1494131104, 5, 162, 513, 129, 0, 4.17%, 0, 0, 2, 166.49
1494131109, 5, 168, 513, 129, 0, 4.17%, 0, 0, 2, 161.81
1494131114, 5, 172, 513, 129, 0, 4.17%, 0, 0, 2, 162.69
1494131119, 5, 176, 513, 129, 0, 4.17%, 0, 0, 2, 183.98
1494131124, 5, 183, 513, 129, 0, 4.17%, 0, 0, 2, 141.24
1494131129, 5, 186, 513, 129, 0, 4.17%, 0, 0, 2, 170.36
1494131134, 5, 191, 513, 129, 0, 4.17%, 0, 0, 2, 181.00
1494131140, 5, 194, 513, 129, 0, 4.17%, 0, 0, 2, 182.46
1494131145, 5, 196, 513, 129, 0, 4.17%, 0, 0, 2, 166.68
1494131150, 5, 200, 513, 129, 0, 4.17%, 0, 0, 2, 100.78
1494131155, 5, 201, 513, 128, 0, 4.17%, 0, 0, 2, 146.34
1494131160, 5, 203, 513, 128, 0, 4.17%, 0, 0, 2, 165.14
1494131165, 5, 207, 513, 128, 0, 4.17%, 0, 0, 2, 183.43
1494131171, 5, 209, 513, 127, 0, 4.17%, 0, 0, 2, 185.89
1494131176, 5, 213, 513, 127, 0, 4.17%, 0, 0, 2, 185.11
1494131181, 5, 215, 513, 127, 0, 4.17%, 0, 0, 2, 179.75
1494131186, 5, 217, 513, 127, 0, 4.17%, 0, 0, 2, 153.15
1494131191, 5, 220, 513, 127, 0, 4.17%, 0, 0, 2, 160.76
1494131196, 5, 222, 513, 127, 0, 4.17%, 0, 0, 2, 173.05
1494131201, 5, 227, 513, 127, 0, 4.17%, 0, 0, 2, 177.87
1494131206, 5, 230, 513, 127, 0, 4.17%, 0, 0, 2, 197.73
1494131211, 5, 231, 513, 127, 0, 4.17%, 0, 0, 2, 168.06
1494131216, 5, 236, 513, 127, 0, 4.17%, 0, 0, 2, 182.64
1494131222, 5, 238, 513, 127, 0, 4.17%, 0, 0, 2, 198.37
1494131227, 5, 243, 513, 126, 0, 4.17%, 0, 0, 2, 177.82
1494131232, 5, 247, 513, 125, 0, 4.17%, 0, 0, 2, 188.98
1494131237, 5, 249, 513, 125, 0, 4.17%, 0, 0, 2, 136.30
1494131247, 5, 252, 513, 124, 0, 4.17%, 0, 0, 2, 158.47
1494131252, 5, 254, 513, 124, 0, 4.17%, 0, 0, 2, 171.93
1494131257, 5, 256, 513, 124, 0, 4.17%, 0, 0, 2, 169.60
1494131263, 5, 260, 513, 122, 0, 4.17%, 0, 0, 2, 168.31
1494131273, 5, 262, 513, 122, 0, 4.17%, 0, 0, 2, 174.92
1494131278, 5, 267, 513, 122, 0, 4.17%, 0, 0, 2, 177.26
1494131283, 5, 269, 513, 122, 0, 4.17%, 0, 0, 2, 178.58
1494131288, 5, 271, 513, 122, 0, 4.17%, 0, 0, 2, 175.80
1494131293, 5, 275, 513, 121, 0, 4.17%, 0, 0, 2, 163.51
1494131298, 5, 276, 513, 120, 0, 4.17%, 0, 0, 2, 156.12
1494131304, 5, 283, 513, 119, 0, 4.17%, 0, 0, 2, 166.80
1494131309, 5, 286, 513, 119, 0, 4.17%, 0, 0, 2, 178.80
1494131314, 5, 289, 513, 119, 0, 4.17%, 0, 0, 2, 136.90
1494131345, 5, 293, 513, 118, 0, 4.17%, 0, 0, 2, 135.60
1494131350, 5, 296, 513, 117, 0, 4.17%, 0, 0, 2, 141.12
1494131355, 5, 300, 513, 117, 0, 4.17%, 0, 0, 2, 176.34
1494131361, 5, 305, 513, 117, 0, 4.17%, 0, 0, 2, 188.18
1494131366, 5, 310, 513, 116, 0, 4.17%, 0, 0, 2, 170.46
1494131371, 5, 311, 513, 116, 0, 4.17%, 0, 0, 2, 161.13
1494131376, 5, 319, 513, 115, 0, 4.17%, 0, 0, 2, 194.02
1494131381, 5, 323, 513, 115, 0, 4.17%, 0, 0, 2, 205.83
1494131386, 5, 324, 513, 115, 0, 4.17%, 0, 0, 2, 171.20
1494131391, 5, 325, 513, 114, 0, 4.17%, 0, 0, 2, 177.96
1494131396, 5, 330, 513, 114, 0, 4.17%, 0, 0, 2, 83.45
1494131412, 5, 334, 513, 113, 0, 4.17%, 0, 0, 2, 137.34
1494131422, 5, 339, 513, 112, 0, 4.17%, 0, 0, 2, 40.89
1494131427, 5, 352, 513, 111, 0, 4.17%, 0, 0, 2, 127.34
1494131432, 5, 356, 513, 111, 0, 4.17%, 0, 0, 2, 125.87
1494131448, 5, 362, 513, 110, 0, 4.17%, 0, 0, 2, 188.33
1494131453, 5, 364, 513, 110, 0, 4.17%, 0, 0, 2, 157.47
1494131468, 5, 367, 513, 109, 0, 4.17%, 0, 0, 2, 167.17
1494131473, 5, 369, 513, 109, 0, 4.17%, 0, 0, 2, 164.27
1494131478, 5, 370, 513, 109, 0, 4.17%, 0, 0, 2, 175.92
1494131483, 5, 377, 513, 108, 0, 4.17%, 0, 0, 2, 151.18
1494131488, 5, 380, 513, 108, 0, 4.17%, 0, 0, 2, 137.86
1494131504, 5, 384, 513, 107, 0, 4.17%, 0, 0, 2, 177.73
1494131509, 5, 389, 513, 107, 0, 4.17%, 0, 0, 2, 174.50
1494131514, 5, 393, 513, 107, 0, 4.17%, 0, 0, 2, 187.67
1494131519, 5, 394, 513, 106, 0, 4.17%, 0, 0, 2, 123.96
1494131524, 5, 398, 513, 106, 0, 4.17%, 0, 0, 2, 114.03
1494131540, 5, 403, 513, 105, 0, 4.17%, 0, 0, 2, 144.67
1494131550, 5, 404, 513, 104, 0, 4.17%, 0, 0, 2, 88.61
1494131565, 5, 412, 513, 103, 0, 4.17%, 0, 0, 2, 113.95
1494131586, 5, 414, 513, 102, 0, 4.17%, 0, 0, 2, 128.10
1494131591, 5, 426, 513, 102, 0, 4.17%, 0, 0, 2, 155.74
1494131596, 5, 427, 513, 102, 0, 4.17%, 0, 0, 2, 162.12
1494131601, 5, 430, 513, 102, 0, 4.17%, 0, 0, 2, 157.17
1494131606, 5, 431, 513, 102, 0, 4.17%, 0, 0, 2, 164.25
1494131611, 5, 433, 513, 102, 0, 4.17%, 0, 0, 2, 172.10
1494131616, 5, 434, 513, 102, 0, 4.17%, 0, 0, 2, 93.15
1494131621, 5, 437, 513, 101, 0, 4.17%, 0, 0, 2, 148.31
1494131627, 5, 439, 513, 101, 0, 4.17%, 0, 0, 2, 137.66
1494131632, 5, 450, 513, 101, 0, 4.17%, 0, 0, 2, 180.15
1494131637, 5, 452, 513, 101, 0, 4.17%, 0, 0, 2, 147.32
1494131642, 5, 456, 513, 101, 0, 4.17%, 0, 0, 2, 149.87
1494131647, 5, 457, 513, 101, 0, 4.17%, 0, 0, 2, 177.57
1494131652, 5, 462, 513, 101, 0, 4.17%, 0, 0, 2, 168.72
1494131657, 5, 465, 513, 101, 0, 4.17%, 0, 0, 2, 38.46
1494131714, 5, 467, 513, 100, 0, 4.17%, 0, 0, 2, 96.88
1494131719, 5, 474, 513, 100, 0, 4.17%, 0, 0, 2, 87.32
1494131724, 5, 476, 513, 99, 0, 4.17%, 0, 0, 2, 131.91
1494131729, 5, 478, 513, 99, 0, 4.17%, 0, 0, 2, 113.03
1494131734, 5, 482, 513, 98, 0, 4.17%, 0, 0, 2, 143.42
1494131739, 5, 492, 513, 98, 0, 4.17%, 0, 0, 2, 149.36
1494131744, 5, 493, 513, 98, 0, 4.17%, 0, 0, 2, 152.20
1494131749, 5, 494, 513, 98, 0, 4.17%, 0, 0, 2, 128.43
1494131755, 5, 499, 513, 98, 0, 4.17%, 0, 0, 2, 103.89
1494131760, 5, 500, 513, 97, 0, 4.17%, 0, 0, 2, 119.74
1494131770, 5, 503, 513, 96, 0, 4.17%, 0, 0, 2, 130.97
1494131790, 5, 505, 513, 95, 0, 4.17%, 0, 0, 2, 140.93
1494131795, 5, 511, 513, 95, 0, 4.17%, 0, 0, 2, 131.41
1494131806, 5, 512, 513, 94, 0, 4.17%, 0, 0, 2, 128.18
1494131811, 6, 0, 513, 94, 0, 4.17%, 0, 0, 2, 154.09
1494131816, 6, 2, 513, 94, 0, 4.17%, 0, 0, 2, 153.61
1494131821, 6, 4, 513, 94, 0, 4.17%, 0, 0, 2, 176.43
1494131826, 6, 7, 513, 94, 0, 4.17%, 0, 0, 2, 166.31
1494131831, 6, 10, 513, 93, 0, 4.17%, 0, 0, 2, 180.18
1494131836, 6, 13, 513, 92, 0, 4.17%, 0, 0, 2, 179.04
1494131841, 6, 15, 513, 92, 0, 4.17%, 0, 0, 2, 171.38
1494131846, 6, 20, 513, 92, 0, 4.17%, 0, 0, 2, 171.94
1494131852, 6, 21, 513, 92, 0, 4.17%, 0, 0, 2, 165.76
1494131857, 6, 26, 513, 92, 0, 4.17%, 0, 0, 2, 176.59
1494131862, 6, 30, 513, 92, 0, 4.17%, 0, 0, 2, 161.52
1494131867, 6, 34, 513, 92, 0, 4.17%, 0, 0, 2, 170.72
1494131872, 6, 37, 513, 92, 0, 4.17%, 0, 0, 2, 179.27
1494131877, 6, 39, 513, 91, 0, 4.17%, 0, 0, 2, 169.19
1494131883, 6, 43, 513, 91, 0, 4.17%, 0, 0, 2, 160.96
1494131888, 6, 44, 513, 91, 0, 4.17%, 0, 0, 2, 142.79
1494131893, 6, 46, 513, 91, 0, 4.17%, 0, 0, 2, 160.14
1494131898, 6, 49, 513, 91, 0, 4.17%, 0, 0, 2, 152.94
1494131903, 6, 50, 513, 91, 0, 4.17%, 0, 0, 2, 180.53
1494131908, 6, 55, 513, 91, 0, 4.17%, 0, 0, 2, 202.93
1494131913, 6, 59, 513, 91, 0, 4.17%, 0, 0, 2, 181.77
1494131923, 6, 61, 513, 91, 0, 4.17%, 0, 0, 2, 82.06
1494131928, 6, 63, 513, 91, 0, 4.17%, 0, 0, 2, 137.90
1494131934, 6, 65, 513, 91, 0, 4.17%, 0, 0, 2, 139.74
1494131939, 6, 69, 513, 91, 0, 4.17%, 0, 0, 2, 152.20
1494131944, 6, 72, 513, 91, 0, 4.17%, 0, 0, 2, 155.30
1494131949, 6, 75, 513, 91, 0, 4.17%, 0, 0, 2, 161.33
1494131954, 6, 79, 513, 91, 0, 4.17%, 0, 0, 2, 16.06
1494131959, 6, 80, 513, 91, 0, 4.17%, 0, 0, 2, 157.47
1494131965, 6, 81, 513, 91, 0, 4.17%, 0, 0, 2, 163.07
1494131970, 6, 88, 513, 90, 0, 4.17%, 0, 0, 2, 171.73
1494131975, 6, 91, 513, 90, 0, 4.17%, 0, 0, 2, 151.55
1494131980, 6, 93, 513, 90, 0, 4.17%, 0, 0, 2, 176.00
1494131985, 6, 94, 513, 90, 0, 4.17%, 0, 0, 2, 188.26
1494131990, 6, 97, 513, 89, 0, 4.17%, 0, 0, 2, 152.63
1494131995, 6, 98, 513, 89, 0, 4.17%, 0, 0, 2, 171.13
1494132000, 6, 105, 513, 89, 0, 4.17%, 0, 0, 2, 167.40
1494132006, 6, 107, 513, 89, 0, 4.17%, 0, 0, 2, 147.15
1494132011, 6, 108, 513, 89, 0, 4.17%, 0, 0, 2, 154.58
1494132016, 6, 114, 513, 88, 0, 4.17%, 0, 0, 2, 160.33
1494132021, 6, 117, 513, 88, 0, 4.17%, 0, 0, 2, 181.78
1494132026, 6, 119, 513, 88, 0, 4.17%, 0, 0, 2, 184.50
1494132031, 6, 123, 513, 88, 0, 4.17%, 0, 0, 2, 177.88
1494132036, 6, 125, 513, 88, 0, 4.17%, 0, 0, 2, 173.34
1494132041, 6, 130, 513, 88, 0, 4.17%, 0, 0, 2, 177.01
1494132046, 6, 131, 513, 88, 0, 4.17%, 0, 0, 2, 186.45
1494132052, 6, 136, 513, 88, 0, 4.17%, 0, 0, 2, 176.38
1494132057, 6, 139, 513, 88, 0, 4.17%, 0, 0, 2, 153.06
1494132062, 6, 144, 513, 88, 0, 4.17%, 0, 0, 2, 166.09
1494132067, 6, 150, 513, 87, 0, 4.17%, 0, 0, 2, 184.70
1494132072, 6, 153, 513, 87, 0, 4.17%, 0, 0, 2, 168.12
1494132082, 6, 162, 513, 87, 0, 4.17%, 0, 0, 2, 193.62
1494132088, 6, 168, 513, 87, 0, 4.17%, 0, 0, 2, 172.20
1494132093, 6, 171, 513, 87, 0, 4.17%, 0, 0, 2, 160.23
1494132098, 6, 172, 513, 86, 0, 4.17%, 0, 0, 2, 157.24
1494132103, 6, 176, 513, 86, 0, 4.17%, 0, 0, 2, 179.39
1494132108, 6, 183, 513, 85, 0, 4.17%, 0, 0, 2, 169.18
1494132113, 6, 186, 513, 85, 0, 4.17%, 0, 0, 2, 190.21
1494132118, 6, 187, 513, 85, 0, 4.17%, 0, 0, 2, 177.19
1494132123, 6, 193, 513, 84, 0, 4.17%, 0, 0, 2, 167.91
1494132128, 6, 194, 513, 84, 0, 4.17%, 0, 0, 2, 175.23
1494132134, 6, 197, 513, 84, 0, 4.17%, 0, 0, 2, 166.08
1494132139, 6, 201, 513, 84, 0, 4.17%, 0, 0, 2, 144.86
1494132144, 6, 203, 513, 84, 0, 4.17%, 0, 0, 2, 172.50
1494132149, 6, 204, 513, 84, 0, 4.17%, 0, 0, 2, 119.77
1494132154, 6, 209, 513, 82, 0, 4.17%, 0, 0, 2, 160.63
1494132159, 6, 213, 513, 82, 0, 4.17%, 0, 0, 2, 183.71
1494132164, 6, 215, 513, 82, 0, 4.17%, 0, 0, 2, 176.10
1494132169, 6, 217, 513, 82, 0, 4.17%, 0, 0, 2, 152.91
1494132174, 6, 220, 513, 82, 0, 4.17%, 0, 0, 2, 161.66
1494132179, 6, 222, 513, 82, 0, 4.17%, 0, 0, 2, 174.85
1494132184, 6, 227, 513, 82, 0, 4.17%, 0, 0, 2, 187.96
1494132190, 6, 230, 513, 82, 0, 4.17%, 0, 0, 2, 196.70
1494132195, 6, 231, 513, 82, 0, 4.17%, 0, 0, 2, 166.40
1494132200, 6, 236, 513, 82, 0, 4.17%, 0, 0, 2, 177.12
1494132205, 6, 238, 513, 82, 0, 4.17%, 0, 0, 2, 179.60
1494132210, 6, 241, 513, 82, 0, 4.17%, 0, 0, 2, 181.18
1494132215, 6, 252, 513, 81, 0, 4.17%, 0, 0, 2, 141.82
1494132220, 6, 254, 513, 81, 0, 4.17%, 0, 0, 2, 159.39
1494132225, 6, 260, 513, 81, 0, 4.17%, 0, 0, 2, 164.83
1494132235, 6, 262, 513, 81, 0, 4.17%, 0, 0, 2, 175.27
1494132240, 6, 266, 513, 81, 0, 4.17%, 0, 0, 2, 185.87
1494132246, 6, 269, 513, 81, 0, 4.17%, 0, 0, 2, 172.47
1494132256, 6, 279, 513, 80, 0, 4.17%, 0, 0, 2, 168.36
1494132261, 6, 283, 513, 79, 0, 4.17%, 0, 0, 2, 163.21
1494132271, 6, 292, 513, 79, 0, 4.17%, 0, 0, 2, 170.58
1494132276, 6, 293, 513, 79, 0, 4.17%, 0, 0, 2, 167.38
1494132281, 6, 297, 513, 79, 0, 4.17%, 0, 0, 2, 145.26
1494132286, 6, 300, 513, 78, 0, 4.17%, 0, 0, 2, 186.64
1494132291, 6, 301, 513, 78, 0, 4.17%, 0, 0, 2, 141.28
1494132307, 6, 320, 513, 77, 0, 4.17%, 0, 0, 2, 126.21
1494132317, 6, 325, 513, 76, 0, 4.17%, 0, 0, 2, 163.78
1494132322, 6, 328, 513, 76, 0, 4.17%, 0, 0, 2, 152.05
1494132338, 6, 337, 513, 75, 0, 4.17%, 0, 0, 2, 25.74
1494132389, 6, 339, 513, 74, 0, 4.17%, 0, 0, 2, 128.14
1494132394, 6, 359, 513, 74, 0, 4.17%, 0, 0, 2, 139.59
1494132404, 6, 361, 513, 73, 0, 4.17%, 0, 0, 2, 112.58
1494132410, 6, 362, 513, 73, 0, 4.17%, 0, 0, 2, 196.82
1494132415, 6, 367, 513, 73, 0, 4.17%, 0, 0, 2, 186.57
1494132420, 6, 369, 513, 73, 0, 4.17%, 0, 0, 2, 146.02
1494132425, 6, 374, 513, 73, 0, 4.17%, 0, 0, 2, 12.76
1494132512, 6, 375, 513, 72, 0, 4.17%, 0, 0, 2, 75.78
1494132517, 6, 377, 513, 72, 0, 4.17%, 0, 0, 2, 136.56
1494132523, 6, 383, 513, 72, 0, 4.17%, 0, 0, 2, 124.46
1494132528, 6, 389, 513, 72, 0, 4.17%, 0, 0, 2, 135.95
1494132533, 6, 394, 513, 72, 0, 4.17%, 0, 0, 2, 40.95
1494132538, 6, 397, 513, 72, 0, 4.17%, 0, 0, 2, 149.26
1494132543, 6, 400, 513, 72, 0, 4.17%, 0, 0, 2, 169.16
1494132548, 6, 407, 513, 71, 0, 4.17%, 0, 0, 2, 149.44
1494132553, 6, 410, 513, 71, 0, 4.17%, 0, 0, 2, 125.90
1494132569, 6, 420, 513, 70, 0, 4.17%, 0, 0, 2, 163.43
1494132574, 6, 421, 513, 70, 0, 4.17%, 0, 0, 2, 96.39
1494132579, 6, 423, 513, 69, 0, 4.17%, 0, 0, 2, 135.38
1494132589, 6, 427, 513, 68, 0, 4.17%, 0, 0, 2, 161.44
1494132594, 6, 428, 513, 68, 0, 4.17%, 0, 0, 2, 156.58
1494132600, 6, 431, 513, 68, 0, 4.17%, 0, 0, 2, 28.71
1494132610, 6, 436, 513, 68, 0, 4.17%, 0, 0, 2, 147.66
1494132615, 6, 438, 513, 68, 0, 4.17%, 0, 0, 2, 109.07
1494132620, 6, 447, 513, 68, 0, 4.17%, 0, 0, 2, 131.69
1494132625, 6, 450, 513, 68, 0, 4.17%, 0, 0, 2, 135.99
1494132630, 6, 454, 513, 68, 0, 4.17%, 0, 0, 2, 134.79
1494132636, 6, 456, 513, 68, 0, 4.17%, 0, 0, 2, 152.32
1494132641, 6, 457, 513, 68, 0, 4.17%, 0, 0, 2, 180.42
1494132646, 6, 458, 513, 68, 0, 4.17%, 0, 0, 2, 116.36
1494132661, 6, 459, 513, 67, 0, 4.17%, 0, 0, 2, 135.94
1494132666, 6, 467, 513, 67, 0, 4.17%, 0, 0, 2, 111.88
1494132672, 6, 470, 513, 67, 0, 4.17%, 0, 0, 2, 77.51
1494132692, 6, 479, 513, 66, 0, 4.17%, 0, 0, 2, 133.94
1494132697, 6, 483, 513, 66, 0, 4.17%, 0, 0, 2, 23.84
1494132774, 6, 492, 513, 65, 0, 4.17%, 0, 0, 2, 136.27
1494132779, 6, 493, 513, 65, 0, 4.17%, 0, 0, 2, 152.38
1494132784, 6, 494, 513, 65, 0, 4.17%, 0, 0, 2, 131.70
1494132789, 6, 506, 513, 65, 0, 4.17%, 0, 0, 2, 128.50
1494132795, 6, 510, 513, 65, 0, 4.17%, 0, 0, 2, 138.22
1494132800, 7, 0, 513, 65, 0, 4.17%, 0, 0, 2, 147.25
1494132805, 7, 2, 513, 65, 0, 4.17%, 0, 0, 2, 162.72
1494132810, 7, 4, 513, 65, 0, 4.17%, 0, 0, 2, 190.64
1494132815, 7, 7, 513, 65, 0, 4.17%, 0, 0, 2, 178.83
1494132820, 7, 11, 513, 65, 0, 4.17%, 0, 0, 2, 182.74
1494132825, 7, 14, 513, 65, 0, 4.17%, 0, 0, 2, 156.79
1494132830, 7, 17, 513, 65, 0, 4.17%, 0, 0, 2, 165.02
1494132835, 7, 20, 513, 65, 0, 4.17%, 0, 0, 2, 170.75
1494132840, 7, 24, 513, 65, 0, 4.17%, 0, 0, 2, 164.63
1494132846, 7, 27, 513, 65, 0, 4.17%, 0, 0, 2, 157.75
1494132851, 7, 30, 513, 64, 0, 4.17%, 0, 0, 2, 155.62
1494132856, 7, 34, 513, 64, 0, 4.17%, 0, 0, 2, 169.58
1494132861, 7, 39, 513, 64, 0, 4.17%, 0, 0, 2, 178.08
1494132866, 7, 43, 513, 64, 0, 4.17%, 0, 0, 2, 121.95
1494132871, 7, 44, 513, 64, 0, 4.17%, 0, 0, 2, 146.64
1494132876, 7, 46, 513, 64, 0, 4.17%, 0, 0, 2, 165.19
1494132881, 7, 49, 513, 64, 0, 4.17%, 0, 0, 2, 152.08
1494132886, 7, 53, 513, 64, 0, 4.17%, 0, 0, 2, 183.79
1494132892, 7, 55, 513, 64, 0, 4.17%, 0, 0, 2, 191.71
1494132897, 7, 58, 513, 63, 0, 4.17%, 0, 0, 2, 158.42
1494132902, 7, 59, 513, 63, 0, 4.17%, 0, 0, 2, 176.01
1494132907, 7, 61, 513, 63, 0, 4.17%, 0, 0, 2, 178.55
1494132912, 7, 62, 513, 63, 0, 4.17%, 0, 0, 2, 171.82
1494132917, 7, 65, 513, 63, 0, 4.17%, 0, 0, 2, 155.92
1494132922, 7, 69, 513, 63, 0, 4.17%, 0, 0, 2, 163.90
1494132927, 7, 71, 513, 63, 0, 4.17%, 0, 0, 2, 160.19
1494132933, 7, 74, 513, 63, 0, 4.17%, 0, 0, 2, 142.46
1494132938, 7, 78, 513, 63, 0, 4.17%, 0, 0, 2, 166.21
1494132943, 7, 79, 513, 63, 0, 4.17%, 0, 0, 2, 146.22
1494132948, 7, 80, 513, 63, 0, 4.17%, 0, 0, 2, 146.04
1494132953, 7, 85, 513, 63, 0, 4.17%, 0, 0, 2, 165.33
1494132958, 7, 89, 513, 63, 0, 4.17%, 0, 0, 2, 150.08
1494132964, 7, 96, 513, 63, 0, 4.17%, 0, 0, 2, 173.68
1494132969, 7, 98, 513, 63, 0, 4.17%, 0, 0, 2, 156.49
1494132974, 7, 99, 513, 63, 0, 4.17%, 0, 0, 2, 163.22
1494132979, 7, 106, 513, 63, 0, 4.17%, 0, 0, 2, 32.62
1494132984, 7, 107, 513, 63, 0, 4.17%, 0, 0, 2, 115.34
1494132989, 7, 114, 513, 63, 0, 4.17%, 0, 0, 2, 163.55
1494132994, 7, 117, 513, 63, 0, 4.17%, 0, 0, 2, 183.93
1494132999, 7, 119, 513, 63, 0, 4.17%, 0, 0, 2, 23.90
1494133010, 7, 121, 513, 62, 0, 4.17%, 0, 0, 2, 180.59
1494133015, 7, 123, 513, 62, 0, 4.17%, 0, 0, 2, 180.84
1494133020, 7, 125, 513, 62, 0, 4.17%, 0, 0, 2, 167.51
1494133025, 7, 130, 513, 62, 0, 4.17%, 0, 0, 2, 149.59
1494133036, 7, 136, 513, 61, 0, 4.17%, 0, 0, 2, 193.77
1494133041, 7, 137, 513, 61, 0, 4.17%, 0, 0, 2, 179.07
1494133046, 7, 139, 513, 61, 0, 4.17%, 0, 0, 2, 138.61
1494133051, 7, 144, 513, 61, 0, 4.17%, 0, 0, 2, 144.91
1494133056, 7, 150, 513, 61, 0, 4.17%, 0, 0, 2, 159.03
1494133061, 7, 153, 513, 61, 0, 4.17%, 0, 0, 2, 199.24
1494133066, 7, 162, 513, 61, 0, 4.17%, 0, 0, 2, 176.48
1494133071, 7, 165, 513, 61, 0, 4.17%, 0, 0, 2, 173.45
1494133076, 7, 168, 513, 61, 0, 4.17%, 0, 0, 2, 165.99
1494133082, 7, 169, 513, 61, 0, 4.17%, 0, 0, 2, 89.85
1494133087, 7, 172, 513, 60, 0, 4.17%, 0, 0, 2, 151.42
1494133092, 7, 176, 513, 60, 0, 4.17%, 0, 0, 2, 171.32
1494133097, 7, 183, 513, 60, 0, 4.17%, 0, 0, 2, 184.00
1494133102, 7, 186, 513, 59, 0, 4.17%, 0, 0, 2, 178.72
1494133107, 7, 191, 513, 59, 0, 4.17%, 0, 0, 2, 179.28
1494133112, 7, 194, 513, 59, 0, 4.17%, 0, 0, 2, 177.05
1494133117, 7, 195, 513, 59, 0, 4.17%, 0, 0, 2, 98.22
1494133122, 7, 197, 513, 58, 0, 4.17%, 0, 0, 2, 145.54
1494133127, 7, 201, 513, 58, 0, 4.17%, 0, 0, 2, 144.37
1494133133, 7, 203, 513, 58, 0, 4.17%, 0, 0, 2, 174.62
1494133138, 7, 209, 513, 58, 0, 4.17%, 0, 0, 2, 195.65
1494133143, 7, 213, 513, 58, 0, 4.17%, 0, 0, 2, 181.92
1494133148, 7, 216, 513, 58, 0, 4.17%, 0, 0, 2, 167.82
1494133153, 7, 217, 513, 57, 0, 4.17%, 0, 0, 2, 147.65
1494133158, 7, 220, 513, 57, 0, 4.17%, 0, 0, 2, 202.61
1494133168, 7, 227, 513, 57, 0, 4.17%, 0, 0, 2, 169.50
1494133173, 7, 230, 513, 57, 0, 4.17%, 0, 0, 2, 204.71
1494133178, 7, 231, 513, 57, 0, 4.17%, 0, 0, 2, 181.44
1494133184, 7, 236, 513, 57, 0, 4.17%, 0, 0, 2, 179.21
1494133189, 7, 238, 513, 57, 0, 4.17%, 0, 0, 2, 191.75
1494133194, 7, 242, 513, 57, 0, 4.17%, 0, 0, 2, 178.31
1494133199, 7, 247, 513, 56, 0, 4.17%, 0, 0, 2, 191.46
1494133204, 7, 254, 513, 55, 0, 4.17%, 0, 0, 2, 171.33
1494133214, 7, 258, 513, 54, 0, 4.17%, 0, 0, 2, 166.27
1494133220, 7, 260, 513, 54, 0, 4.17%, 0, 0, 2, 176.29
1494133225, 7, 262, 513, 54, 0, 4.17%, 0, 0, 2, 179.46
1494133235, 7, 269, 513, 54, 0, 4.17%, 0, 0, 2, 163.06
1494133245, 7, 282, 513, 54, 0, 4.17%, 0, 0, 2, 158.79
1494133250, 7, 283, 513, 54, 0, 4.17%, 0, 0, 2, 182.28
1494133255, 7, 288, 513, 54, 0, 4.17%, 0, 0, 2, 170.13
1494133261, 7, 292, 513, 54, 0, 4.17%, 0, 0, 2, 153.09
1494133266, 7, 296, 513, 54, 0, 4.17%, 0, 0, 2, 152.02
1494133271, 7, 300, 513, 54, 0, 4.17%, 0, 0, 2, 189.15
1494133276, 7, 314, 513, 54, 0, 4.17%, 0, 0, 2, 143.61
1494133286, 7, 323, 513, 53, 0, 4.17%, 0, 0, 2, 156.02
1494133291, 7, 325, 513, 53, 0, 4.17%, 0, 0, 2, 176.02
1494133296, 7, 339, 513, 52, 0, 4.17%, 0, 0, 2, 126.35
1494133302, 7, 350, 513, 52, 0, 4.17%, 0, 0, 2, 51.42
1494133332, 7, 352, 513, 51, 0, 4.17%, 0, 0, 2, 117.41
1494133337, 7, 362, 513, 51, 0, 4.17%, 0, 0, 2, 159.72
1494133343, 7, 367, 513, 51, 0, 4.17%, 0, 0, 2, 165.45
1494133348, 7, 374, 513, 51, 0, 4.17%, 0, 0, 2, 21.84
1494133353, 7, 377, 513, 51, 0, 4.17%, 0, 0, 2, 170.10
1494133358, 7, 383, 513, 51, 0, 4.17%, 0, 0, 2, 143.36
1494133363, 7, 384, 513, 51, 0, 4.17%, 0, 0, 2, 153.39
1494133369, 7, 390, 513, 51, 0, 4.17%, 0, 0, 2, 127.15
1494133379, 7, 399, 513, 50, 0, 4.17%, 0, 0, 2, 115.47
1494133384, 7, 414, 513, 50, 0, 4.17%, 0, 0, 2, 154.64
1494133389, 7, 417, 513, 50, 0, 4.17%, 0, 0, 2, 124.23
1494133399, 7, 420, 513, 49, 0, 4.17%, 0, 0, 2, 147.57
1494133404, 7, 423, 513, 49, 0, 4.17%, 0, 0, 2, 136.94
1494133409, 7, 424, 513, 49, 0, 4.17%, 0, 0, 2, 145.68
1494133415, 7, 427, 513, 48, 0, 4.17%, 0, 0, 2, 146.94
1494133420, 7, 430, 513, 48, 0, 4.17%, 0, 0, 2, 163.60
1494133425, 7, 431, 513, 48, 0, 4.17%, 0, 0, 2, 171.30
1494133430, 7, 432, 513, 48, 0, 4.17%, 0, 0, 2, 156.79
1494133451, 7, 437, 513, 47, 0, 4.17%, 0, 0, 2, 149.80
1494133456, 7, 439, 513, 47, 0, 4.17%, 0, 0, 2, 122.49
1494133461, 7, 450, 513, 47, 0, 4.17%, 0, 0, 2, 138.91
1494133466, 7, 455, 513, 47, 0, 4.17%, 0, 0, 2, 158.21
1494133471, 7, 457, 513, 47, 0, 4.17%, 0, 0, 2, 161.09
1494133481, 7, 460, 513, 47, 0, 4.17%, 0, 0, 2, 115.24
1494133486, 7, 467, 513, 46, 0, 4.17%, 0, 0, 2, 107.55
1494133491, 7, 471, 513, 46, 0, 4.17%, 0, 0, 2, 116.79
1494133507, 7, 476, 513, 45, 0, 4.17%, 0, 0, 2, 153.15
1494133512, 7, 482, 513, 45, 0, 4.17%, 0, 0, 2, 156.12
1494133517, 7, 490, 513, 45, 0, 4.17%, 0, 0, 2, 18.40
1494133589, 7, 492, 513, 44, 0, 4.17%, 0, 0, 2, 169.54
1494133594, 7, 493, 513, 44, 0, 4.17%, 0, 0, 2, 155.79
1494133599, 7, 494, 513, 44, 0, 4.17%, 0, 0, 2, 144.71
1494133604, 7, 512, 513, 44, 0, 4.17%, 0, 0, 2, 151.87
1494133610, 8, 0, 513, 44, 0, 4.17%, 0, 0, 2, 148.92
1494133615, 8, 2, 513, 44, 0, 4.17%, 0, 0, 2, 154.09
1494133620, 8, 4, 513, 44, 0, 4.17%, 0, 0, 2, 182.24
1494133625, 8, 7, 513, 44, 0, 4.17%, 0, 0, 2, 175.88
1494133630, 8, 11, 513, 44, 0, 4.17%, 0, 0, 2, 183.74
1494133635, 8, 14, 513, 44, 0, 4.17%, 0, 0, 2, 150.97
1494133640, 8, 17, 513, 44, 0, 4.17%, 0, 0, 2, 170.70
1494133645, 8, 20, 513, 44, 0, 4.17%, 0, 0, 2, 162.81
1494133650, 8, 23, 513, 44, 0, 4.17%, 0, 0, 2, 156.98
1494133655, 8, 29, 513, 44, 0, 4.17%, 0, 0, 2, 174.64
1494133661, 8, 33, 513, 44, 0, 4.17%, 0, 0, 2, 158.21
1494133666, 8, 39, 513, 44, 0, 4.17%, 0, 0, 2, 181.44
1494133671, 8, 41, 513, 44, 0, 4.17%, 0, 0, 2, 176.66
1494133676, 8, 44, 513, 44, 0, 4.17%, 0, 0, 2, 166.89
1494133681, 8, 46, 513, 44, 0, 4.17%, 0, 0, 2, 180.71
1494133686, 8, 49, 513, 44, 0, 4.17%, 0, 0, 2, 159.47
1494133691, 8, 50, 513, 44, 0, 4.17%, 0, 0, 2, 182.08
1494133697, 8, 54, 513, 44, 0, 4.17%, 0, 0, 2, 182.73
1494133702, 8, 58, 513, 44, 0, 4.17%, 0, 0, 2, 173.32
1494133707, 8, 59, 513, 44, 0, 4.17%, 0, 0, 2, 178.37
1494133712, 8, 60, 513, 44, 0, 4.17%, 0, 0, 2, 176.28
1494133717, 8, 62, 513, 44, 0, 4.17%, 0, 0, 2, 163.29
1494133722, 8, 63, 513, 44, 0, 4.17%, 0, 0, 2, 176.71
1494133727, 8, 67, 513, 44, 0, 4.17%, 0, 0, 2, 172.06
1494133732, 8, 71, 513, 44, 0, 4.17%, 0, 0, 2, 161.28
1494133737, 8, 72, 513, 44, 0, 4.17%, 0, 0, 2, 161.78
1494133743, 8, 77, 513, 44, 0, 4.17%, 0, 0, 2, 174.14
1494133748, 8, 80, 513, 44, 0, 4.17%, 0, 0, 2, 169.96
1494133753, 8, 81, 513, 44, 0, 4.17%, 0, 0, 2, 148.15
1494133758, 8, 85, 513, 44, 0, 4.17%, 0, 0, 2, 162.19
1494133763, 8, 89, 513, 44, 0, 4.17%, 0, 0, 2, 154.92
1494133768, 8, 96, 513, 44, 0, 4.17%, 0, 0, 2, 170.01
1494133773, 8, 98, 513, 44, 0, 4.17%, 0, 0, 2, 164.17
1494133778, 8, 99, 513, 44, 0, 4.17%, 0, 0, 2, 168.48
1494133784, 8, 105, 513, 43, 0, 4.17%, 0, 0, 2, 171.33
1494133789, 8, 107, 513, 43, 0, 4.17%, 0, 0, 2, 153.82
1494133794, 8, 108, 513, 43, 0, 4.17%, 0, 0, 2, 88.48
1494133799, 8, 110, 513, 43, 0, 4.17%, 0, 0, 2, 154.52
1494133804, 8, 114, 513, 43, 0, 4.17%, 0, 0, 2, 169.91
1494133809, 8, 117, 513, 43, 0, 4.17%, 0, 0, 2, 173.73
1494133814, 8, 119, 513, 43, 0, 4.17%, 0, 0, 2, 176.06
1494133819, 8, 123, 513, 43, 0, 4.17%, 0, 0, 2, 176.95
1494133824, 8, 128, 513, 43, 0, 4.17%, 0, 0, 2, 168.77
1494133829, 8, 130, 513, 43, 0, 4.17%, 0, 0, 2, 123.15
1494133835, 8, 133, 513, 43, 0, 4.17%, 0, 0, 2, 179.17
1494133840, 8, 135, 513, 43, 0, 4.17%, 0, 0, 2, 182.33
1494133845, 8, 136, 513, 43, 0, 4.17%, 0, 0, 2, 189.49
1494133850, 8, 139, 513, 43, 0, 4.17%, 0, 0, 2, 164.96
1494133855, 8, 144, 513, 43, 0, 4.17%, 0, 0, 2, 167.88
1494133860, 8, 145, 513, 43, 0, 4.17%, 0, 0, 2, 179.10
1494133865, 8, 150, 513, 42, 0, 4.17%, 0, 0, 2, 194.27
1494133870, 8, 151, 513, 42, 0, 4.17%, 0, 0, 2, 179.33
1494133875, 8, 153, 513, 41, 0, 4.17%, 0, 0, 2, 178.16
1494133880, 8, 162, 513, 41, 0, 4.17%, 0, 0, 2, 187.33
1494133886, 8, 167, 513, 40, 0, 4.17%, 0, 0, 2, 173.41
1494133891, 8, 168, 513, 40, 0, 4.17%, 0, 0, 2, 153.05
1494133896, 8, 172, 513, 40, 0, 4.17%, 0, 0, 2, 160.72
1494133901, 8, 176, 513, 40, 0, 4.17%, 0, 0, 2, 180.30
1494133906, 8, 183, 513, 40, 0, 4.17%, 0, 0, 2, 173.69
1494133911, 8, 186, 513, 40, 0, 4.17%, 0, 0, 2, 178.75
1494133916, 8, 193, 513, 40, 0, 4.17%, 0, 0, 2, 164.13
1494133921, 8, 194, 513, 40, 0, 4.17%, 0, 0, 2, 181.58
1494133927, 8, 197, 513, 40, 0, 4.17%, 0, 0, 2, 160.51
1494133932, 8, 201, 513, 40, 0, 4.17%, 0, 0, 2, 154.36
1494133937, 8, 203, 513, 40, 0, 4.17%, 0, 0, 2, 159.94
1494133942, 8, 209, 513, 40, 0, 4.17%, 0, 0, 2, 167.04
1494133947, 8, 213, 513, 40, 0, 4.17%, 0, 0, 2, 185.43
1494133952, 8, 215, 513, 40, 0, 4.17%, 0, 0, 2, 115.64
1494133957, 8, 217, 513, 40, 0, 4.17%, 0, 0, 2, 151.66
1494133962, 8, 220, 513, 40, 0, 4.17%, 0, 0, 2, 154.17
1494133973, 8, 222, 513, 40, 0, 4.17%, 0, 0, 2, 176.52
1494133978, 8, 227, 513, 40, 0, 4.17%, 0, 0, 2, 178.47
1494133983, 8, 230, 513, 40, 0, 4.17%, 0, 0, 2, 186.96
1494133988, 8, 231, 513, 40, 0, 4.17%, 0, 0, 2, 176.98
1494133993, 8, 236, 513, 39, 0, 4.17%, 0, 0, 2, 166.67
1494134003, 8, 238, 513, 39, 0, 4.17%, 0, 0, 2, 176.53
1494134009, 8, 245, 513, 39, 0, 4.17%, 0, 0, 2, 176.38
1494134014, 8, 247, 513, 38, 0, 4.17%, 0, 0, 2, 190.22
1494134019, 8, 253, 513, 38, 0, 4.17%, 0, 0, 2, 155.66
1494134024, 8, 254, 513, 37, 0, 4.17%, 0, 0, 2, 158.34
1494134034, 8, 260, 513, 37, 0, 4.17%, 0, 0, 2, 182.14
1494134044, 8, 262, 513, 37, 0, 4.17%, 0, 0, 2, 150.29
1494134050, 8, 263, 513, 37, 0, 4.17%, 0, 0, 2, 169.77
1494134055, 8, 268, 513, 36, 0, 4.17%, 0, 0, 2, 168.18
1494134060, 8, 269, 513, 36, 0, 4.17%, 0, 0, 2, 182.45
1494134065, 8, 279, 513, 36, 0, 4.17%, 0, 0, 2, 167.63
1494134070, 8, 283, 513, 36, 0, 4.17%, 0, 0, 2, 175.53
1494134075, 8, 286, 513, 36, 0, 4.17%, 0, 0, 2, 171.30
1494134080, 8, 292, 513, 36, 0, 4.17%, 0, 0, 2, 161.49
1494134086, 8, 296, 513, 36, 0, 4.17%, 0, 0, 2, 138.32
1494134091, 8, 300, 513, 36, 0, 4.17%, 0, 0, 2, 185.55
1494134096, 8, 325, 513, 36, 0, 4.17%, 0, 0, 2, 168.80
1494134101, 8, 339, 513, 36, 0, 4.17%, 0, 0, 2, 134.76
1494134106, 8, 344, 513, 35, 0, 4.17%, 0, 0, 2, 149.33
1494134111, 8, 345, 513, 34, 0, 4.17%, 0, 0, 2, 123.78
1494134116, 8, 352, 513, 34, 0, 4.17%, 0, 0, 2, 130.78
1494134121, 8, 356, 513, 34, 0, 4.17%, 0, 0, 2, 171.90
1494134126, 8, 362, 513, 34, 0, 4.17%, 0, 0, 2, 180.94
1494134132, 8, 365, 513, 34, 0, 4.17%, 0, 0, 2, 94.72
1494134167, 8, 366, 513, 33, 0, 4.17%, 0, 0, 2, 195.82
1494134173, 8, 367, 513, 33, 0, 4.17%, 0, 0, 2, 196.16
1494134178, 8, 370, 513, 33, 0, 4.17%, 0, 0, 2, 163.11
1494134183, 8, 375, 513, 33, 0, 4.17%, 0, 0, 2, 180.34
1494134188, 8, 378, 513, 33, 0, 4.17%, 0, 0, 2, 133.93
1494134193, 8, 383, 513, 32, 0, 4.17%, 0, 0, 2, 159.33
1494134198, 8, 384, 513, 32, 0, 4.17%, 0, 0, 2, 138.44
1494134203, 8, 394, 513, 32, 0, 4.17%, 0, 0, 2, 113.79
1494134208, 8, 399, 513, 32, 0, 4.17%, 0, 0, 2, 175.22
1494134214, 8, 405, 513, 32, 0, 4.17%, 0, 0, 2, 93.40
1494134229, 8, 407, 513, 31, 0, 4.17%, 0, 0, 2, 76.90
1494134234, 8, 409, 513, 31, 0, 4.17%, 0, 0, 2, 159.13
1494134240, 8, 418, 513, 31, 0, 4.17%, 0, 0, 2, 180.13
1494134245, 8, 426, 513, 31, 0, 4.17%, 0, 0, 2, 165.00
1494134250, 8, 428, 513, 31, 0, 4.17%, 0, 0, 2, 145.67
1494134255, 8, 430, 513, 31, 0, 4.17%, 0, 0, 2, 140.96
1494134260, 8, 431, 513, 31, 0, 4.17%, 0, 0, 2, 175.15
1494134265, 8, 436, 513, 31, 0, 4.17%, 0, 0, 2, 30.55
1494134270, 8, 513, 514, 32, 1, 4.18%, 0, 0, 2, 78.20
1494134291, 9, 0, 514, 31, 0, 4.18%, 0, 0, 2, 158.27
1494134296, 9, 2, 514, 31, 0, 4.18%, 0, 0, 2, 156.29
1494134301, 9, 4, 514, 31, 0, 4.18%, 0, 0, 2, 169.40
1494134307, 9, 7, 514, 31, 0, 4.18%, 0, 0, 2, 169.85
1494134312, 9, 11, 514, 31, 0, 4.18%, 0, 0, 2, 174.81
1494134317, 9, 14, 514, 31, 0, 4.18%, 0, 0, 2, 158.28
1494134322, 9, 16, 514, 31, 0, 4.18%, 0, 0, 2, 175.62
1494134327, 9, 20, 514, 31, 0, 4.18%, 0, 0, 2, 119.78
1494134332, 9, 21, 514, 31, 0, 4.18%, 0, 0, 2, 154.36
1494134337, 9, 26, 514, 31, 0, 4.18%, 0, 0, 2, 150.14
1494134343, 9, 30, 514, 31, 0, 4.18%, 0, 0, 2, 154.05
1494134348, 9, 34, 514, 31, 0, 4.18%, 0, 0, 2, 160.54
1494134353, 9, 37, 514, 31, 0, 4.18%, 0, 0, 2, 188.52
1494134358, 9, 41, 514, 31, 0, 4.18%, 0, 0, 2, 194.73
1494134363, 9, 43, 514, 31, 0, 4.18%, 0, 0, 2, 145.84
1494134368, 9, 45, 514, 31, 0, 4.18%, 0, 0, 2, 172.14
1494134373, 9, 47, 514, 31, 0, 4.18%, 0, 0, 2, 158.66
1494134379, 9, 50, 514, 31, 0, 4.18%, 0, 0, 2, 160.11
1494134384, 9, 52, 514, 31, 0, 4.18%, 0, 0, 2, 157.43
1494134389, 9, 55, 514, 30, 0, 4.18%, 0, 0, 2, 170.57
1494134394, 9, 58, 514, 30, 0, 4.18%, 0, 0, 2, 155.09
1494134399, 9, 59, 514, 30, 0, 4.18%, 0, 0, 2, 171.48
1494134404, 9, 60, 514, 30, 0, 4.18%, 0, 0, 2, 167.00
1494134409, 9, 62, 514, 30, 0, 4.18%, 0, 0, 2, 160.93
1494134414, 9, 65, 514, 30, 0, 4.18%, 0, 0, 2, 159.21
1494134420, 9, 69, 514, 30, 0, 4.18%, 0, 0, 2, 173.41
1494134425, 9, 71, 514, 30, 0, 4.18%, 0, 0, 2, 161.45
1494134430, 9, 75, 514, 30, 0, 4.18%, 0, 0, 2, 167.30
1494134435, 9, 79, 514, 30, 0, 4.18%, 0, 0, 2, 175.21
1494134440, 9, 80, 514, 30, 0, 4.18%, 0, 0, 2, 138.48
1494134446, 9, 85, 514, 30, 0, 4.18%, 0, 0, 2, 159.13
1494134451, 9, 89, 514, 30, 0, 4.18%, 0, 0, 2, 157.51
1494134456, 9, 96, 514, 30, 0, 4.18%, 0, 0, 2, 168.23
1494134461, 9, 98, 514, 30, 0, 4.18%, 0, 0, 2, 172.94
1494134466, 9, 99, 514, 30, 0, 4.18%, 0, 0, 2, 173.46
1494134471, 9, 105, 514, 29, 0, 4.18%, 0, 0, 2, 168.18
1494134476, 9, 107, 514, 29, 0, 4.18%, 0, 0, 2, 157.15
1494134481, 9, 114, 514, 29, 0, 4.18%, 0, 0, 2, 160.76
1494134492, 9, 119, 514, 29, 0, 4.18%, 0, 0, 2, 178.05
1494134497, 9, 123, 514, 29, 0, 4.18%, 0, 0, 2, 184.47
1494134502, 9, 125, 514, 29, 0, 4.18%, 0, 0, 2, 178.52
1494134507, 9, 128, 514, 29, 0, 4.18%, 0, 0, 2, 159.82
1494134512, 9, 130, 514, 29, 0, 4.18%, 0, 0, 2, 164.39
1494134517, 9, 136, 514, 29, 0, 4.18%, 0, 0, 2, 182.68
1494134522, 9, 139, 514, 29, 0, 4.18%, 0, 0, 2, 168.14
1494134528, 9, 143, 514, 29, 0, 4.18%, 0, 0, 2, 173.19
1494134533, 9, 150, 514, 29, 0, 4.18%, 0, 0, 2, 178.95
1494134538, 9, 153, 514, 29, 0, 4.18%, 0, 0, 2, 194.89
1494134543, 9, 161, 514, 29, 0, 4.18%, 0, 0, 2, 192.86
1494134548, 9, 162, 514, 29, 0, 4.18%, 0, 0, 2, 182.05
1494134553, 9, 167, 514, 29, 0, 4.18%, 0, 0, 2, 172.51
1494134559, 9, 170, 514, 29, 0, 4.18%, 0, 0, 2, 168.85
1494134564, 9, 176, 514, 29, 0, 4.18%, 0, 0, 2, 182.51
1494134574, 9, 180, 514, 29, 0, 4.18%, 0, 0, 2, 194.54
1494134579, 9, 183, 514, 29, 0, 4.18%, 0, 0, 2, 185.34
1494134584, 9, 185, 514, 29, 0, 4.18%, 0, 0, 2, 109.91
1494134605, 9, 186, 514, 28, 0, 4.18%, 0, 0, 2, 136.35
1494134610, 9, 191, 514, 28, 0, 4.18%, 0, 0, 2, 169.74
1494134615, 9, 194, 514, 28, 0, 4.18%, 0, 0, 2, 173.83
1494134620, 9, 196, 514, 28, 0, 4.18%, 0, 0, 2, 181.44
1494134625, 9, 201, 514, 28, 0, 4.18%, 0, 0, 2, 158.01
1494134630, 9, 203, 514, 28, 0, 4.18%, 0, 0, 2, 172.04
1494134635, 9, 209, 514, 28, 0, 4.18%, 0, 0, 2, 194.41
1494134640, 9, 213, 514, 28, 0, 4.18%, 0, 0, 2, 189.10
1494134645, 9, 215, 514, 28, 0, 4.18%, 0, 0, 2, 159.01
1494134650, 9, 218, 514, 28, 0, 4.18%, 0, 0, 2, 130.23
1494134655, 9, 220, 514, 28, 0, 4.18%, 0, 0, 2, 171.91
1494134661, 9, 222, 514, 28, 0, 4.18%, 0, 0, 2, 144.80
1494134666, 9, 230, 514, 28, 0, 4.18%, 0, 0, 2, 186.36
1494134676, 9, 236, 514, 28, 0, 4.18%, 0, 0, 2, 156.83
1494134681, 9, 238, 514, 28, 0, 4.18%, 0, 0, 2, 203.54
1494134692, 9, 252, 514, 28, 0, 4.18%, 0, 0, 2, 174.85
1494134697, 9, 254, 514, 28, 0, 4.18%, 0, 0, 2, 185.57
1494134702, 9, 257, 514, 28, 0, 4.18%, 0, 0, 2, 171.79
1494134707, 9, 260, 514, 28, 0, 4.18%, 0, 0, 2, 176.22
1494134717, 9, 262, 514, 28, 0, 4.18%, 0, 0, 2, 177.44
1494134722, 9, 267, 514, 28, 0, 4.18%, 0, 0, 2, 178.19
1494134727, 9, 269, 514, 28, 0, 4.18%, 0, 0, 2, 185.95
1494134732, 9, 271, 514, 28, 0, 4.18%, 0, 0, 2, 178.93
1494134737, 9, 283, 514, 28, 0, 4.18%, 0, 0, 2, 187.34
1494134743, 9, 288, 514, 28, 0, 4.18%, 0, 0, 2, 179.13
1494134748, 9, 292, 514, 28, 0, 4.18%, 0, 0, 2, 159.53
1494134753, 9, 294, 514, 28, 0, 4.18%, 0, 0, 2, 150.18
1494134758, 9, 296, 514, 27, 0, 4.18%, 0, 0, 2, 152.51
1494134763, 9, 300, 514, 27, 0, 4.18%, 0, 0, 2, 176.89
1494134768, 9, 323, 514, 27, 0, 4.18%, 0, 0, 2, 158.01
1494134773, 9, 325, 514, 27, 0, 4.18%, 0, 0, 2, 174.53
1494134778, 9, 339, 514, 27, 0, 4.18%, 0, 0, 2, 117.14
1494134783, 9, 349, 514, 27, 0, 4.18%, 0, 0, 2, 119.74
1494134788, 9, 352, 514, 27, 0, 4.18%, 0, 0, 2, 110.66
1494134793, 9, 366, 514, 27, 0, 4.18%, 0, 0, 2, 164.61
1494134798, 9, 367, 514, 27, 0, 4.18%, 0, 0, 2, 182.59
1494134803, 9, 375, 514, 27, 0, 4.18%, 0, 0, 2, 155.68
1494134808, 9, 377, 514, 27, 0, 4.18%, 0, 0, 2, 143.29
1494134814, 9, 379, 514, 27, 0, 4.18%, 0, 0, 2, 132.33
1494134819, 9, 383, 514, 26, 0, 4.18%, 0, 0, 2, 149.37
1494134824, 9, 388, 514, 26, 0, 4.18%, 0, 0, 2, 145.31
1494134829, 9, 391, 514, 25, 0, 4.18%, 0, 0, 2, 143.01
1494134834, 9, 394, 514, 25, 0, 4.18%, 0, 0, 2, 103.80
1494134840, 9, 407, 514, 25, 0, 4.18%, 0, 0, 2, 136.42
1494134845, 9, 418, 514, 25, 0, 4.18%, 0, 0, 2, 157.24
1494134850, 9, 426, 514, 25, 0, 4.18%, 0, 0, 2, 150.65
1494134855, 9, 428, 514, 25, 0, 4.18%, 0, 0, 2, 154.89
1494134860, 9, 430, 514, 25, 0, 4.18%, 0, 0, 2, 152.60
1494134865, 9, 431, 514, 25, 0, 4.18%, 0, 0, 2, 173.68
1494134871, 9, 437, 514, 25, 0, 4.18%, 0, 0, 2, 162.90
1494134876, 9, 439, 514, 25, 0, 4.18%, 0, 0, 2, 140.26
1494134881, 9, 444, 514, 25, 0, 4.18%, 0, 0, 2, 93.52
1494134886, 9, 447, 514, 24, 0, 4.18%, 0, 0, 2, 122.55
1494134891, 9, 451, 514, 24, 0, 4.18%, 0, 0, 2, 140.99
1494134896, 9, 455, 514, 24, 0, 4.18%, 0, 0, 2, 142.47
1494134901, 9, 457, 514, 24, 0, 4.18%, 0, 0, 2, 174.11
1494134906, 9, 459, 514, 24, 0, 4.18%, 0, 0, 2, 173.62
1494134911, 9, 466, 514, 24, 0, 4.18%, 0, 0, 2, 153.15
1494134916, 9, 467, 514, 24, 0, 4.18%, 0, 0, 2, 158.34
1494134921, 9, 476, 514, 24, 0, 4.18%, 0, 0, 2, 153.49
1494134927, 9, 479, 514, 24, 0, 4.18%, 0, 0, 2, 165.84
1494134932, 9, 486, 514, 24, 0, 4.18%, 0, 0, 2, 144.25
1494134937, 9, 491, 514, 24, 0, 4.18%, 0, 0, 2, 110.17
1494134942, 9, 492, 514, 23, 0, 4.18%, 0, 0, 2, 147.60
1494134947, 9, 494, 514, 23, 0, 4.18%, 0, 0, 2, 147.36
1494134952, 9, 497, 514, 23, 0, 4.18%, 0, 0, 2, 144.96
1494134957, 9, 506, 514, 23, 0, 4.18%, 0, 0, 2, 141.04
1494134962, 9, 512, 514, 23, 0, 4.18%, 0, 0, 2, 159.81
1494134967, 9, 513, 514, 23, 0, 4.18%, 0, 0, 2, 153.90
1494134988, 10, 1, 514, 23, 0, 4.18%, 0, 0, 2, 147.68
1494134993, 10, 4, 514, 23, 0, 4.18%, 0, 0, 2, 164.34
1494134998, 10, 7, 514, 23, 0, 4.18%, 0, 0, 2, 191.76
1494135003, 10, 11, 514, 23, 0, 4.18%, 0, 0, 2, 185.49
1494135008, 10, 14, 514, 23, 0, 4.18%, 0, 0, 2, 162.12
1494135014, 10, 16, 514, 23, 0, 4.18%, 0, 0, 2, 158.44
