# unix_time, cycles_done, cur_path, paths_total, pending_total, pending_favs, map_size, unique_crashes, unique_hangs, max_depth, execs_per_sec
1494523578, 0, 0, 236, 236, 190, 3.48%, 0, 0, 1, 333.85
1494523584, 0, 0, 238, 237, 189, 3.48%, 0, 0, 1, 519.81
1494523594, 0, 3, 238, 235, 187, 3.48%, 0, 0, 1, 765.53
1494523599, 0, 7, 238, 231, 183, 3.48%, 0, 0, 1, 1106.02
1494523604, 0, 14, 238, 224, 176, 3.48%, 0, 0, 1, 535.52
1494523609, 0, 20, 238, 218, 170, 3.48%, 0, 0, 1, 997.30
1494523614, 0, 26, 238, 213, 165, 3.48%, 0, 0, 1, 1028.13
1494523619, 0, 31, 238, 208, 160, 3.48%, 0, 0, 1, 1135.58
1494523625, 0, 34, 238, 205, 157, 3.48%, 0, 0, 1, 992.92
1494523632, 0, 38, 238, 202, 154, 3.48%, 0, 0, 1, 71.10
1494523630, 0, 39, 238, 201, 153, 3.48%, 0, 0, 1, 0.00
1494523637, 0, 41, 238, 199, 151, 3.48%, 0, 0, 1, 14.23
1494523642, 0, 42, 238, 198, 150, 3.48%, 0, 0, 1, 21.78
1494523647, 0, 45, 238, 195, 147, 3.48%, 0, 0, 1, 23.07
1494523652, 0, 46, 238, 194, 146, 3.48%, 0, 0, 1, 136.87
1494523657, 0, 48, 238, 192, 144, 3.48%, 0, 0, 1, 4.96
1494523662, 0, 50, 238, 190, 142, 3.48%, 0, 0, 1, 21.33
1494523667, 0, 51, 238, 189, 141, 3.48%, 0, 0, 1, 32.11
1494523672, 0, 52, 238, 188, 140, 3.48%, 0, 0, 1, 27.28
1494523677, 0, 54, 238, 186, 138, 3.48%, 0, 0, 1, 86.36
1494523682, 0, 57, 238, 183, 135, 3.48%, 0, 0, 1, 48.48
1494523687, 0, 59, 238, 181, 133, 3.48%, 0, 0, 1, 47.31
1494523692, 0, 61, 238, 179, 131, 3.48%, 0, 0, 1, 59.41
1494523697, 0, 66, 238, 177, 129, 3.48%, 0, 0, 1, 59.31
1494523695, 0, 67, 238, 176, 128, 3.48%, 0, 0, 1, 0.00
1494523702, 0, 69, 238, 174, 126, 3.48%, 0, 0, 1, 103.37
1494523707, 0, 72, 238, 171, 123, 3.48%, 0, 0, 1, 28.56
1494523712, 0, 74, 238, 169, 121, 3.48%, 0, 0, 1, 59.49
1494523717, 0, 79, 238, 164, 116, 3.48%, 0, 0, 1, 4.97
1494523722, 0, 82, 238, 161, 113, 3.48%, 0, 0, 1, 80.13
1494523727, 0, 84, 238, 159, 111, 3.48%, 0, 0, 1, 16.94
1494523732, 0, 87, 238, 156, 108, 3.48%, 0, 0, 1, 63.24
1494523737, 0, 89, 238, 154, 106, 3.48%, 0, 0, 1, 34.38
1494523742, 0, 93, 238, 150, 102, 3.48%, 0, 0, 1, 31.79
1494523747, 0, 95, 238, 148, 100, 3.48%, 0, 0, 1, 41.18
1494523752, 0, 99, 238, 144, 96, 3.48%, 0, 0, 1, 75.37
1494523757, 0, 102, 238, 141, 93, 3.48%, 0, 0, 1, 63.84
1494523762, 0, 104, 238, 139, 91, 3.48%, 0, 0, 1, 53.60
1494523760, 0, 105, 238, 138, 90, 3.48%, 0, 0, 1, 0.00
1494523767, 0, 107, 238, 136, 88, 3.48%, 0, 0, 1, 24.81
1494523772, 0, 109, 238, 134, 86, 3.48%, 0, 0, 1, 21.31
1494523775, 0, 111, 238, 132, 84, 3.48%, 0, 0, 1, 951.50
1494523782, 0, 116, 238, 127, 79, 3.48%, 0, 0, 1, 37.28
