# unix_time, cycles_done, cur_path, paths_total, pending_total, pending_favs, map_size, unique_crashes, unique_hangs, max_depth, execs_per_sec
1495178013, 0, 0, 225, 225, 175, 3.25%, 0, 0, 1, 281.83
1495178018, 0, 0, 227, 226, 174, 3.25%, 0, 0, 1, 234.56
1495178074, 0, 3, 227, 224, 172, 3.25%, 0, 0, 1, 129.76
1495178085, 0, 4, 227, 223, 171, 3.25%, 0, 0, 1, 144.54
1495178095, 0, 5, 227, 222, 170, 3.25%, 0, 0, 1, 152.32
1495178100, 0, 7, 227, 220, 168, 3.25%, 0, 0, 1, 151.93
1495178116, 0, 10, 227, 217, 165, 3.25%, 0, 0, 1, 137.38
1495178126, 0, 12, 227, 216, 164, 3.25%, 0, 0, 1, 137.12
1495178136, 0, 14, 227, 214, 162, 3.25%, 0, 0, 1, 147.56
1495178141, 0, 15, 227, 213, 161, 3.25%, 0, 0, 1, 140.28
1495178146, 0, 16, 227, 212, 160, 3.25%, 0, 0, 1, 134.66
1495178151, 0, 18, 227, 210, 158, 3.25%, 0, 0, 1, 141.14
1495178156, 0, 20, 227, 208, 156, 3.25%, 0, 0, 1, 150.59
1495178161, 0, 22, 227, 206, 154, 3.25%, 0, 0, 1, 154.48
1495178167, 0, 23, 227, 205, 153, 3.25%, 0, 0, 1, 145.90
1495178172, 0, 25, 227, 203, 151, 3.25%, 0, 0, 1, 146.50
1495178177, 0, 26, 227, 202, 150, 3.25%, 0, 0, 1, 136.24
1495178182, 0, 28, 227, 200, 148, 3.25%, 0, 0, 1, 147.46
1495178187, 0, 30, 227, 198, 146, 3.25%, 0, 0, 1, 140.68
1495178197, 0, 31, 227, 197, 145, 3.25%, 0, 0, 1, 129.13
1495178202, 0, 32, 227, 196, 144, 3.25%, 0, 0, 1, 131.66
1495178218, 0, 33, 227, 195, 143, 3.25%, 0, 0, 1, 137.51
1495178228, 0, 34, 227, 194, 142, 3.25%, 0, 0, 1, 129.69
1495178244, 0, 37, 227, 193, 141, 3.25%, 0, 0, 1, 133.64
1495178249, 0, 38, 227, 192, 140, 3.25%, 0, 0, 1, 132.79
1495178264, 0, 40, 227, 191, 139, 3.25%, 0, 0, 1, 127.54
1495178269, 0, 41, 227, 190, 138, 3.25%, 0, 0, 1, 134.02
1495178280, 0, 42, 227, 189, 137, 3.25%, 0, 0, 1, 136.77
1495178285, 0, 44, 227, 188, 136, 3.25%, 0, 0, 1, 128.22
1495178310, 0, 46, 227, 186, 134, 3.25%, 0, 0, 1, 132.78
1495178326, 0, 47, 227, 185, 133, 3.25%, 0, 0, 1, 132.72
1495178336, 0, 48, 227, 184, 132, 3.25%, 0, 0, 1, 130.99
1495178351, 0, 49, 227, 183, 131, 3.25%, 0, 0, 1, 131.23
1495178357, 0, 50, 227, 182, 130, 3.25%, 0, 0, 1, 122.39
1495178372, 0, 51, 227, 181, 129, 3.25%, 0, 0, 1, 134.94
1495178377, 0, 54, 227, 180, 128, 3.25%, 0, 0, 1, 126.35
1495178382, 0, 55, 227, 179, 127, 3.25%, 0, 0, 1, 138.24
1495178398, 0, 56, 227, 178, 126, 3.25%, 0, 0, 1, 139.10
1495178413, 0, 57, 227, 177, 125, 3.25%, 0, 0, 1, 125.67
1495178418, 0, 61, 227, 175, 123, 3.25%, 0, 0, 1, 137.70
1495178423, 0, 62, 227, 174, 122, 3.25%, 0, 0, 1, 128.51
1495178449, 0, 63, 227, 173, 121, 3.25%, 0, 0, 1, 151.08
1495178454, 0, 64, 227, 172, 120, 3.25%, 0, 0, 1, 150.17
1495178459, 0, 66, 227, 171, 119, 3.25%, 0, 0, 1, 140.78
1495178475, 0, 67, 227, 170, 118, 3.25%, 0, 0, 1, 151.85
1495178480, 0, 69, 227, 169, 117, 3.25%, 0, 0, 1, 155.28
1495178485, 0, 70, 227, 168, 116, 3.25%, 0, 0, 1, 145.23
1495178500, 0, 72, 227, 167, 115, 3.25%, 0, 0, 1, 145.57
1495178505, 0, 73, 227, 166, 114, 3.25%, 0, 0, 1, 142.48
1495178510, 0, 74, 227, 165, 113, 3.25%, 0, 0, 1, 139.33
1495178526, 0, 75, 227, 164, 112, 3.25%, 0, 0, 1, 143.99
1495178531, 0, 76, 227, 163, 111, 3.25%, 0, 0, 1, 140.32
1495178546, 0, 77, 227, 162, 110, 3.25%, 0, 0, 1, 141.65
1495178551, 0, 78, 227, 161, 109, 3.25%, 0, 0, 1, 134.21
1495178567, 0, 79, 227, 160, 108, 3.25%, 0, 0, 1, 135.20
1495178577, 0, 80, 227, 159, 107, 3.25%, 0, 0, 1, 144.93
1495178582, 0, 81, 227, 158, 106, 3.25%, 0, 0, 1, 157.31
1495178587, 0, 82, 227, 157, 105, 3.25%, 0, 0, 1, 145.18
1495178603, 0, 85, 227, 155, 103, 3.25%, 0, 0, 1, 67.00
1495178618, 0, 87, 227, 154, 102, 3.25%, 0, 0, 1, 137.69
1495178633, 0, 88, 227, 153, 101, 3.25%, 0, 0, 1, 144.85
1495178638, 0, 89, 227, 152, 100, 3.25%, 0, 0, 1, 147.36
1495178654, 0, 90, 227, 151, 99, 3.25%, 0, 0, 1, 130.69
1495178659, 0, 91, 227, 150, 98, 3.25%, 0, 0, 1, 132.87
1495178669, 0, 93, 227, 148, 96, 3.25%, 0, 0, 1, 135.72
1495178690, 0, 94, 227, 147, 95, 3.25%, 0, 0, 1, 131.38
1495178695, 0, 95, 227, 146, 94, 3.25%, 0, 0, 1, 127.63
1495178705, 0, 97, 227, 145, 93, 3.25%, 0, 0, 1, 142.18
1495178726, 0, 99, 227, 144, 92, 3.25%, 0, 0, 1, 126.19
1495178741, 0, 100, 227, 143, 91, 3.25%, 0, 0, 1, 139.41
1495178746, 0, 101, 227, 142, 90, 3.25%, 0, 0, 1, 131.87
1495178762, 0, 103, 227, 140, 88, 3.25%, 0, 0, 1, 142.95
1495178783, 0, 104, 227, 139, 87, 3.25%, 0, 0, 1, 129.31
1495178798, 0, 106, 227, 137, 85, 3.25%, 0, 0, 1, 136.12
1495178803, 0, 107, 227, 136, 84, 3.25%, 0, 0, 1, 122.86
1495178824, 0, 109, 227, 135, 83, 3.25%, 0, 0, 1, 127.34
1495178829, 0, 110, 227, 134, 82, 3.25%, 0, 0, 1, 130.01
1495178844, 0, 111, 227, 133, 81, 3.25%, 0, 0, 1, 122.30
1495178850, 0, 112, 227, 132, 80, 3.25%, 0, 0, 1, 131.34
1495178865, 0, 114, 227, 130, 78, 3.25%, 0, 0, 1, 126.57
1495178870, 0, 115, 227, 129, 77, 3.25%, 0, 0, 1, 125.55
1495178885, 0, 116, 227, 128, 76, 3.25%, 0, 0, 1, 127.19
1495178891, 0, 118, 227, 126, 74, 3.25%, 0, 0, 1, 131.56
1495178906, 0, 119, 227, 125, 73, 3.25%, 0, 0, 1, 136.14
1495178921, 0, 120, 227, 124, 72, 3.25%, 0, 0, 1, 137.95
1495178926, 0, 121, 227, 123, 71, 3.25%, 0, 0, 1, 140.87
1495178942, 0, 125, 227, 121, 69, 3.25%, 0, 0, 1, 139.24
1495178947, 0, 127, 227, 120, 68, 3.25%, 0, 0, 1, 145.97
1495178952, 0, 129, 227, 119, 67, 3.25%, 0, 0, 1, 141.06
1495178957, 0, 131, 227, 118, 67, 3.25%, 0, 0, 1, 139.43
1495178962, 0, 132, 227, 117, 66, 3.25%, 0, 0, 1, 137.37
1495178983, 0, 133, 227, 116, 65, 3.25%, 0, 0, 1, 130.25
1495178988, 0, 134, 227, 115, 64, 3.25%, 0, 0, 1, 136.57
1495179008, 0, 135, 227, 114, 63, 3.25%, 0, 0, 1, 141.39
1495179013, 0, 137, 227, 113, 62, 3.25%, 0, 0, 1, 136.22
1495179024, 0, 138, 227, 112, 61, 3.25%, 0, 0, 1, 151.94
1495179029, 0, 139, 227, 111, 60, 3.25%, 0, 0, 1, 145.79
1495179044, 0, 140, 227, 110, 59, 3.25%, 0, 0, 1, 151.73
1495179049, 0, 141, 227, 109, 58, 3.25%, 0, 0, 1, 143.28
1495179059, 0, 142, 227, 108, 57, 3.25%, 0, 0, 1, 138.42
1495179065, 0, 143, 227, 107, 56, 3.25%, 0, 0, 1, 137.96
1495179075, 0, 145, 227, 106, 55, 3.25%, 0, 0, 1, 142.62
1495179080, 0, 146, 227, 105, 55, 3.25%, 0, 0, 1, 144.84
1495179105, 0, 150, 227, 103, 53, 3.25%, 0, 0, 1, 129.36
1495179110, 0, 151, 227, 102, 52, 3.25%, 0, 0, 1, 130.38
1495179126, 0, 152, 227, 101, 51, 3.25%, 0, 0, 1, 121.62
1495179131, 0, 153, 227, 100, 50, 3.25%, 0, 0, 1, 121.11
1495179146, 0, 155, 227, 98, 48, 3.25%, 0, 0, 1, 131.48
1495179167, 0, 156, 227, 97, 47, 3.25%, 0, 0, 1, 113.67
1495179172, 0, 157, 227, 96, 46, 3.25%, 0, 0, 1, 123.84
1495179187, 0, 159, 227, 95, 45, 3.25%, 0, 0, 1, 119.25
1495179213, 0, 161, 227, 93, 43, 3.25%, 0, 0, 1, 130.51
1495179228, 0, 163, 227, 92, 42, 3.25%, 0, 0, 1, 122.64
1495179248, 0, 165, 227, 90, 40, 3.25%, 0, 0, 1, 122.47
1495179264, 0, 166, 227, 89, 39, 3.25%, 0, 0, 1, 131.35
1495179269, 0, 169, 227, 87, 37, 3.25%, 0, 0, 1, 131.16
1495179285, 0, 170, 227, 86, 36, 3.25%, 0, 0, 1, 123.85
1495179290, 0, 171, 227, 85, 35, 3.25%, 0, 0, 1, 125.62
1495179305, 0, 172, 227, 84, 34, 3.25%, 0, 0, 1, 124.03
1495179310, 0, 173, 227, 83, 33, 3.25%, 0, 0, 1, 123.27
1495179326, 0, 175, 227, 82, 32, 3.25%, 0, 0, 1, 135.86
1495179331, 0, 176, 227, 81, 31, 3.25%, 0, 0, 1, 133.68
1495179346, 0, 178, 227, 80, 30, 3.25%, 0, 0, 1, 143.64
1495179367, 0, 180, 227, 79, 29, 3.25%, 0, 0, 1, 152.27
1495179377, 0, 181, 227, 78, 28, 3.25%, 0, 0, 1, 132.70
1495179383, 0, 182, 227, 77, 27, 3.25%, 0, 0, 1, 142.08
1495179393, 0, 183, 227, 76, 26, 3.25%, 0, 0, 1, 131.87
1495179398, 0, 184, 227, 75, 25, 3.25%, 0, 0, 1, 141.26
1495179403, 0, 187, 227, 73, 23, 3.25%, 0, 0, 1, 136.95
1495179418, 0, 188, 227, 72, 22, 3.25%, 0, 0, 1, 143.92
1495179423, 0, 190, 227, 71, 21, 3.25%, 0, 0, 1, 141.76
1495179433, 0, 193, 227, 70, 20, 3.25%, 0, 0, 1, 147.66
1495179439, 0, 194, 227, 69, 19, 3.25%, 0, 0, 1, 146.68
1495179464, 0, 196, 227, 68, 18, 3.25%, 0, 0, 1, 140.26
1495179474, 0, 197, 227, 67, 17, 3.25%, 0, 0, 1, 155.46
1495179480, 0, 200, 227, 65, 15, 3.25%, 0, 0, 1, 149.24
1495179495, 0, 201, 227, 64, 14, 3.25%, 0, 0, 1, 147.68
1495179500, 0, 202, 227, 63, 13, 3.25%, 0, 0, 1, 146.28
1495179510, 0, 203, 227, 62, 12, 3.25%, 0, 0, 1, 148.65
1495179515, 0, 204, 227, 61, 11, 3.25%, 0, 0, 1, 147.91
1495179531, 0, 206, 227, 59, 9, 3.25%, 0, 0, 1, 149.21
1495179546, 0, 207, 227, 58, 8, 3.25%, 0, 0, 1, 153.90
1495179551, 0, 208, 227, 57, 7, 3.25%, 0, 0, 1, 133.24
1495179561, 0, 209, 227, 56, 6, 3.25%, 0, 0, 1, 132.78
1495179582, 0, 211, 227, 55, 5, 3.25%, 0, 0, 1, 125.07
1495179597, 0, 215, 227, 54, 4, 3.25%, 0, 0, 1, 127.01
1495179643, 0, 218, 227, 53, 3, 3.25%, 0, 0, 1, 127.10
1495179669, 0, 219, 227, 52, 2, 3.25%, 0, 0, 1, 120.61
1495179674, 0, 221, 227, 51, 1, 3.25%, 0, 0, 1, 122.48
1495179679, 0, 224, 227, 50, 0, 3.25%, 0, 0, 1, 127.74
1495179684, 1, 0, 227, 49, 0, 3.25%, 0, 0, 1, 124.18
1495179689, 1, 3, 227, 49, 0, 3.25%, 0, 0, 1, 135.58
1495179705, 1, 4, 227, 49, 0, 3.25%, 0, 0, 1, 119.75
1495179720, 1, 6, 227, 49, 0, 3.25%, 0, 0, 1, 131.30
1495179725, 1, 7, 227, 49, 0, 3.25%, 0, 0, 1, 120.74
1495179741, 1, 10, 227, 49, 0, 3.25%, 0, 0, 1, 126.64
1495179751, 1, 11, 227, 49, 0, 3.25%, 0, 0, 1, 129.34
1495179756, 1, 12, 227, 48, 0, 3.25%, 0, 0, 1, 115.46
1495179771, 1, 14, 227, 48, 0, 3.25%, 0, 0, 1, 123.83
1495179777, 1, 16, 227, 48, 0, 3.25%, 0, 0, 1, 134.73
1495179787, 1, 18, 227, 48, 0, 3.25%, 0, 0, 1, 134.99
1495179792, 1, 20, 227, 48, 0, 3.25%, 0, 0, 1, 143.58
1495179797, 1, 22, 227, 48, 0, 3.25%, 0, 0, 1, 140.01
1495179802, 1, 23, 227, 48, 0, 3.25%, 0, 0, 1, 130.64
1495179807, 1, 24, 227, 48, 0, 3.25%, 0, 0, 1, 132.90
1495179812, 1, 25, 227, 48, 0, 3.25%, 0, 0, 1, 129.96
1495179817, 1, 28, 227, 48, 0, 3.25%, 0, 0, 1, 138.37
1495179823, 1, 29, 227, 48, 0, 3.25%, 0, 0, 1, 142.32
1495179828, 1, 30, 227, 48, 0, 3.25%, 0, 0, 1, 144.83
1495179838, 1, 32, 227, 48, 0, 3.25%, 0, 0, 1, 146.77
1495179853, 1, 33, 227, 48, 0, 3.25%, 0, 0, 1, 150.79
1495179864, 1, 34, 227, 48, 0, 3.25%, 0, 0, 1, 142.30
1495179879, 1, 36, 227, 48, 0, 3.25%, 0, 0, 1, 140.89
1495179884, 1, 37, 227, 47, 0, 3.25%, 0, 0, 1, 139.24
1495179889, 1, 38, 227, 47, 0, 3.25%, 0, 0, 1, 151.19
1495179899, 1, 40, 227, 47, 0, 3.25%, 0, 0, 1, 159.08
1495179904, 1, 41, 227, 47, 0, 3.25%, 0, 0, 1, 154.53
1495179910, 1, 42, 227, 47, 0, 3.25%, 0, 0, 1, 151.11
1495179915, 1, 44, 227, 47, 0, 3.25%, 0, 0, 1, 160.88
1495179935, 1, 45, 227, 47, 0, 3.25%, 0, 0, 1, 154.24
1495179940, 1, 46, 227, 47, 0, 3.25%, 0, 0, 1, 151.18
1495179956, 1, 48, 227, 47, 0, 3.25%, 0, 0, 1, 149.00
1495179971, 1, 49, 227, 47, 0, 3.25%, 0, 0, 1, 151.72
1495179976, 1, 50, 227, 47, 0, 3.25%, 0, 0, 1, 135.17
1495179991, 1, 51, 227, 47, 0, 3.25%, 0, 0, 1, 147.86
1495179996, 1, 53, 227, 47, 0, 3.25%, 0, 0, 1, 132.36
1495180012, 1, 54, 227, 46, 0, 3.25%, 0, 0, 1, 117.03
1495180022, 1, 55, 227, 46, 0, 3.25%, 0, 0, 1, 77.41
1495180032, 1, 56, 227, 46, 0, 3.25%, 0, 0, 1, 121.06
1495180048, 1, 57, 227, 46, 0, 3.25%, 0, 0, 1, 118.53
1495180053, 1, 59, 227, 46, 0, 3.25%, 0, 0, 1, 123.70
1495180068, 1, 60, 227, 45, 0, 3.25%, 0, 0, 1, 124.69
1495180073, 1, 61, 227, 45, 0, 3.25%, 0, 0, 1, 121.73
1495180079, 1, 62, 227, 45, 0, 3.25%, 0, 0, 1, 124.71
1495180104, 1, 63, 227, 45, 0, 3.25%, 0, 0, 1, 128.05
1495180109, 1, 64, 227, 45, 0, 3.25%, 0, 0, 1, 126.61
1495180114, 1, 66, 227, 45, 0, 3.25%, 0, 0, 1, 126.12
1495180129, 1, 67, 227, 45, 0, 3.25%, 0, 0, 1, 135.71
1495180135, 1, 69, 227, 45, 0, 3.25%, 0, 0, 1, 128.73
1495180145, 1, 70, 227, 45, 0, 3.25%, 0, 0, 1, 124.72
1495180165, 1, 72, 227, 45, 0, 3.25%, 0, 0, 1, 130.19
1495180170, 1, 73, 227, 45, 0, 3.25%, 0, 0, 1, 129.41
1495180175, 1, 74, 227, 45, 0, 3.25%, 0, 0, 1, 131.62
1495180191, 1, 75, 227, 45, 0, 3.25%, 0, 0, 1, 129.01
1495180196, 1, 76, 227, 45, 0, 3.25%, 0, 0, 1, 122.87
1495180216, 1, 77, 227, 45, 0, 3.25%, 0, 0, 1, 132.97
1495180221, 1, 78, 227, 45, 0, 3.25%, 0, 0, 1, 132.60
1495180237, 1, 79, 227, 45, 0, 3.25%, 0, 0, 1, 151.53
1495180247, 1, 80, 227, 45, 0, 3.25%, 0, 0, 1, 142.09
1495180252, 1, 81, 227, 45, 0, 3.25%, 0, 0, 1, 135.79
1495180257, 1, 82, 227, 45, 0, 3.25%, 0, 0, 1, 125.09
1495180273, 1, 84, 227, 45, 0, 3.25%, 0, 0, 1, 144.96
1495180278, 1, 85, 227, 45, 0, 3.25%, 0, 0, 1, 140.37
1495180288, 1, 86, 227, 45, 0, 3.25%, 0, 0, 1, 150.02
1495180299, 1, 87, 227, 44, 0, 3.25%, 0, 0, 1, 153.06
1495180309, 1, 88, 227, 44, 0, 3.25%, 0, 0, 1, 134.32
1495180314, 1, 89, 227, 44, 0, 3.25%, 0, 0, 1, 142.92
1495180329, 1, 90, 227, 44, 0, 3.25%, 0, 0, 1, 142.07
1495180340, 1, 91, 227, 44, 0, 3.25%, 0, 0, 1, 136.86
1495180345, 1, 92, 227, 44, 0, 3.25%, 0, 0, 1, 134.34
1495180350, 1, 93, 227, 44, 0, 3.25%, 0, 0, 1, 133.84
1495180365, 1, 95, 227, 44, 0, 3.25%, 0, 0, 1, 134.09
1495180381, 1, 97, 227, 44, 0, 3.25%, 0, 0, 1, 134.76
1495180396, 1, 99, 227, 44, 0, 3.25%, 0, 0, 1, 143.06
1495180411, 1, 100, 227, 44, 0, 3.25%, 0, 0, 1, 149.89
1495180416, 1, 101, 227, 44, 0, 3.25%, 0, 0, 1, 140.83
1495180432, 1, 102, 227, 44, 0, 3.25%, 0, 0, 1, 128.49
1495180437, 1, 103, 227, 44, 0, 3.25%, 0, 0, 1, 138.69
1495180452, 1, 104, 227, 44, 0, 3.25%, 0, 0, 1, 132.08
1495180468, 1, 105, 227, 44, 0, 3.25%, 0, 0, 1, 120.91
1495180473, 1, 106, 227, 44, 0, 3.25%, 0, 0, 1, 120.86
1495180478, 1, 107, 227, 44, 0, 3.25%, 0, 0, 1, 121.08
1495180493, 1, 109, 227, 44, 0, 3.25%, 0, 0, 1, 123.18
1495180498, 1, 110, 227, 44, 0, 3.25%, 0, 0, 1, 127.68
1495180514, 1, 111, 227, 44, 0, 3.25%, 0, 0, 1, 128.20
1495180519, 1, 112, 227, 44, 0, 3.25%, 0, 0, 1, 124.88
1495180534, 1, 113, 227, 44, 0, 3.25%, 0, 0, 1, 144.17
1495180539, 1, 114, 227, 44, 0, 3.25%, 0, 0, 1, 133.53
1495180544, 1, 115, 227, 44, 0, 3.25%, 0, 0, 1, 135.69
1495180560, 1, 117, 227, 44, 0, 3.25%, 0, 0, 1, 131.74
1495180565, 1, 118, 227, 44, 0, 3.25%, 0, 0, 1, 135.83
1495180580, 1, 119, 227, 44, 0, 3.25%, 0, 0, 1, 129.99
1495180595, 1, 121, 227, 44, 0, 3.25%, 0, 0, 1, 131.58
1495180616, 1, 122, 227, 44, 0, 3.25%, 0, 0, 1, 120.98
1495180621, 1, 124, 227, 44, 0, 3.25%, 0, 0, 1, 132.24
1495180636, 1, 127, 227, 43, 0, 3.25%, 0, 0, 1, 129.79
1495180646, 1, 132, 227, 43, 0, 3.25%, 0, 0, 1, 134.58
1495180672, 1, 133, 227, 43, 0, 3.25%, 0, 0, 1, 122.95
1495180677, 1, 134, 227, 43, 0, 3.25%, 0, 0, 1, 139.30
1495180697, 1, 135, 227, 43, 0, 3.25%, 0, 0, 1, 131.49
1495180703, 1, 137, 227, 43, 0, 3.25%, 0, 0, 1, 140.59
1495180718, 1, 139, 227, 43, 0, 3.25%, 0, 0, 1, 137.87
1495180738, 1, 141, 227, 43, 0, 3.25%, 0, 0, 1, 131.41
1495180754, 1, 142, 227, 43, 0, 3.25%, 0, 0, 1, 144.06
1495180759, 1, 143, 227, 43, 0, 3.25%, 0, 0, 1, 144.97
1495180774, 1, 146, 227, 43, 0, 3.25%, 0, 0, 1, 140.39
1495180795, 1, 147, 227, 43, 0, 3.25%, 0, 0, 1, 141.25
1495180800, 1, 150, 227, 43, 0, 3.25%, 0, 0, 1, 141.76
1495180805, 1, 151, 227, 43, 0, 3.25%, 0, 0, 1, 145.48
1495180820, 1, 153, 227, 43, 0, 3.25%, 0, 0, 1, 141.51
1495180835, 1, 154, 227, 43, 0, 3.25%, 0, 0, 1, 137.25
1495180841, 1, 155, 227, 43, 0, 3.25%, 0, 0, 1, 146.12
1495180856, 1, 156, 227, 43, 0, 3.25%, 0, 0, 1, 146.48
1495180861, 1, 157, 227, 43, 0, 3.25%, 0, 0, 1, 154.34
1495180871, 1, 159, 227, 43, 0, 3.25%, 0, 0, 1, 129.21
1495180896, 1, 161, 227, 43, 0, 3.25%, 0, 0, 1, 128.36
1495180912, 1, 163, 227, 43, 0, 3.25%, 0, 0, 1, 132.15
1495180927, 1, 164, 227, 43, 0, 3.25%, 0, 0, 1, 128.37
1495180932, 1, 165, 227, 43, 0, 3.25%, 0, 0, 1, 127.89
1495180947, 1, 166, 227, 43, 0, 3.25%, 0, 0, 1, 124.83
1495180952, 1, 169, 227, 43, 0, 3.25%, 0, 0, 1, 125.08
1495180973, 1, 171, 227, 43, 0, 3.25%, 0, 0, 1, 126.43
1495180988, 1, 172, 227, 43, 0, 3.25%, 0, 0, 1, 126.11
1495180993, 1, 173, 227, 43, 0, 3.25%, 0, 0, 1, 127.75
1495181009, 1, 175, 227, 43, 0, 3.25%, 0, 0, 1, 119.28
1495181014, 1, 176, 227, 43, 0, 3.25%, 0, 0, 1, 127.96
1495181029, 1, 178, 227, 43, 0, 3.25%, 0, 0, 1, 128.00
1495181055, 1, 180, 227, 43, 0, 3.25%, 0, 0, 1, 134.25
1495181070, 1, 181, 227, 43, 0, 3.25%, 0, 0, 1, 121.31
1495181075, 1, 182, 227, 43, 0, 3.25%, 0, 0, 1, 129.27
1495181091, 1, 183, 227, 43, 0, 3.25%, 0, 0, 1, 123.08
1495181096, 1, 184, 227, 43, 0, 3.25%, 0, 0, 1, 128.49
1495181101, 1, 187, 227, 43, 0, 3.25%, 0, 0, 1, 131.70
1495181122, 1, 190, 227, 43, 0, 3.25%, 0, 0, 1, 135.59
1495181132, 1, 193, 227, 43, 0, 3.25%, 0, 0, 1, 152.54
1495181137, 1, 194, 227, 43, 0, 3.25%, 0, 0, 1, 148.70
1495181163, 1, 196, 227, 42, 0, 3.25%, 0, 0, 1, 143.02
1495181178, 1, 197, 227, 42, 0, 3.25%, 0, 0, 1, 136.22
1495181183, 1, 200, 227, 42, 0, 3.25%, 0, 0, 1, 146.57
1495181198, 1, 202, 227, 42, 0, 3.25%, 0, 0, 1, 140.17
1495181214, 1, 203, 227, 42, 0, 3.25%, 0, 0, 1, 148.77
1495181219, 1, 204, 227, 42, 0, 3.25%, 0, 0, 1, 135.59
1495181234, 1, 206, 227, 42, 0, 3.25%, 0, 0, 1, 139.47
1495181250, 1, 207, 227, 42, 0, 3.25%, 0, 0, 1, 148.05
1495181255, 1, 208, 227, 42, 0, 3.25%, 0, 0, 1, 132.96
1495181265, 1, 209, 227, 42, 0, 3.25%, 0, 0, 1, 144.10
1495181280, 1, 211, 227, 42, 0, 3.25%, 0, 0, 1, 136.61
1495181296, 1, 213, 227, 42, 0, 3.25%, 0, 0, 1, 139.08
1495181311, 1, 215, 227, 41, 0, 3.25%, 0, 0, 1, 104.47
1495181337, 1, 217, 227, 41, 0, 3.25%, 0, 0, 1, 126.31
1495181342, 1, 218, 227, 40, 0, 3.25%, 0, 0, 1, 124.38
1495181368, 1, 219, 227, 40, 0, 3.25%, 0, 0, 1, 123.93
1495181373, 1, 223, 227, 40, 0, 3.25%, 0, 0, 1, 118.90
1495181378, 1, 225, 227, 39, 0, 3.25%, 0, 0, 1, 125.26
1495181383, 2, 0, 227, 38, 0, 3.25%, 0, 0, 1, 125.64
1495181388, 2, 1, 227, 38, 0, 3.25%, 0, 0, 1, 118.67
1495181393, 2, 3, 227, 38, 0, 3.25%, 0, 0, 1, 124.98
1495181409, 2, 4, 227, 38, 0, 3.25%, 0, 0, 1, 133.30
1495181419, 2, 6, 227, 38, 0, 3.25%, 0, 0, 1, 138.88
1495181424, 2, 7, 227, 38, 0, 3.25%, 0, 0, 1, 126.09
1495181440, 2, 9, 227, 38, 0, 3.25%, 0, 0, 1, 125.46
1495181445, 2, 10, 227, 38, 0, 3.25%, 0, 0, 1, 127.44
1495181450, 2, 12, 227, 38, 0, 3.25%, 0, 0, 1, 131.48
1495181460, 2, 13, 227, 38, 0, 3.25%, 0, 0, 1, 127.24
1495181465, 2, 14, 227, 38, 0, 3.25%, 0, 0, 1, 129.42
1495181470, 2, 16, 227, 38, 0, 3.25%, 0, 0, 1, 147.56
1495181475, 2, 18, 227, 38, 0, 3.25%, 0, 0, 1, 131.00
1495181481, 2, 19, 227, 38, 0, 3.25%, 0, 0, 1, 135.95
1495181486, 2, 20, 227, 38, 0, 3.25%, 0, 0, 1, 136.74
1495181491, 2, 22, 227, 38, 0, 3.25%, 0, 0, 1, 127.90
1495181496, 2, 23, 227, 38, 0, 3.25%, 0, 0, 1, 125.11
1495181501, 2, 25, 227, 38, 0, 3.25%, 0, 0, 1, 131.62
1495181506, 2, 26, 227, 38, 0, 3.25%, 0, 0, 1, 131.35
1495181511, 2, 28, 227, 38, 0, 3.25%, 0, 0, 1, 120.40
1495181516, 2, 29, 227, 38, 0, 3.25%, 0, 0, 1, 131.34
1495181521, 2, 30, 227, 38, 0, 3.25%, 0, 0, 1, 131.89
1495181532, 2, 32, 227, 38, 0, 3.25%, 0, 0, 1, 132.67
1495181552, 2, 33, 227, 38, 0, 3.25%, 0, 0, 1, 133.86
1495181563, 2, 34, 227, 38, 0, 3.25%, 0, 0, 1, 126.37
1495181578, 2, 37, 227, 38, 0, 3.25%, 0, 0, 1, 148.76
1495181583, 2, 38, 227, 38, 0, 3.25%, 0, 0, 1, 164.27
1495181593, 2, 40, 227, 38, 0, 3.25%, 0, 0, 1, 139.64
1495181598, 2, 41, 227, 38, 0, 3.25%, 0, 0, 1, 153.57
1495181608, 2, 42, 227, 38, 0, 3.25%, 0, 0, 1, 145.67
1495181614, 2, 44, 227, 38, 0, 3.25%, 0, 0, 1, 139.49
1495181634, 2, 45, 227, 38, 0, 3.25%, 0, 0, 1, 140.77
1495181639, 2, 46, 227, 38, 0, 3.25%, 0, 0, 1, 105.62
1495181655, 2, 47, 227, 38, 0, 3.25%, 0, 0, 1, 148.25
1495181660, 2, 48, 227, 38, 0, 3.25%, 0, 0, 1, 141.65
1495181670, 2, 49, 227, 38, 0, 3.25%, 0, 0, 1, 141.72
1495181675, 2, 50, 227, 38, 0, 3.25%, 0, 0, 1, 127.41
1495181691, 2, 51, 227, 38, 0, 3.25%, 0, 0, 1, 142.50
1495181696, 2, 54, 227, 38, 0, 3.25%, 0, 0, 1, 140.83
1495181706, 2, 55, 227, 38, 0, 3.25%, 0, 0, 1, 114.02
1495181716, 2, 56, 227, 38, 0, 3.25%, 0, 0, 1, 149.11
1495181726, 2, 57, 227, 38, 0, 3.25%, 0, 0, 1, 144.76
1495181731, 2, 60, 227, 38, 0, 3.25%, 0, 0, 1, 138.40
1495181736, 2, 61, 227, 38, 0, 3.25%, 0, 0, 1, 144.17
1495181742, 2, 62, 227, 38, 0, 3.25%, 0, 0, 1, 140.41
1495181762, 2, 63, 227, 38, 0, 3.25%, 0, 0, 1, 145.20
1495181767, 2, 64, 227, 38, 0, 3.25%, 0, 0, 1, 139.33
1495181778, 2, 66, 227, 38, 0, 3.25%, 0, 0, 1, 144.33
1495181793, 2, 67, 227, 38, 0, 3.25%, 0, 0, 1, 135.56
1495181798, 2, 69, 227, 38, 0, 3.25%, 0, 0, 1, 123.86
1495181808, 2, 70, 227, 38, 0, 3.25%, 0, 0, 1, 125.17
1495181824, 2, 72, 227, 38, 0, 3.25%, 0, 0, 1, 126.27
1495181829, 2, 73, 227, 38, 0, 3.25%, 0, 0, 1, 134.64
1495181834, 2, 74, 227, 38, 0, 3.25%, 0, 0, 1, 121.82
1495181849, 2, 75, 227, 38, 0, 3.25%, 0, 0, 1, 128.49
1495181854, 2, 76, 227, 38, 0, 3.25%, 0, 0, 1, 123.87
1495181870, 2, 77, 227, 38, 0, 3.25%, 0, 0, 1, 130.99
1495181875, 2, 78, 227, 38, 0, 3.25%, 0, 0, 1, 125.22
1495181890, 2, 79, 227, 38, 0, 3.25%, 0, 0, 1, 129.93
1495181911, 2, 80, 227, 38, 0, 3.25%, 0, 0, 1, 141.02
1495181916, 2, 82, 227, 38, 0, 3.25%, 0, 0, 1, 134.14
1495181936, 2, 84, 227, 38, 0, 3.25%, 0, 0, 1, 124.82
1495181942, 2, 85, 227, 38, 0, 3.25%, 0, 0, 1, 119.61
1495181957, 2, 87, 227, 38, 0, 3.25%, 0, 0, 1, 127.78
1495181972, 2, 88, 227, 38, 0, 3.25%, 0, 0, 1, 120.16
1495181977, 2, 89, 227, 38, 0, 3.25%, 0, 0, 1, 116.67
1495181998, 2, 90, 227, 38, 0, 3.25%, 0, 0, 1, 120.71
1495182003, 2, 91, 227, 38, 0, 3.25%, 0, 0, 1, 114.81
1495182013, 2, 93, 227, 38, 0, 3.25%, 0, 0, 1, 133.00
1495182028, 2, 94, 227, 38, 0, 3.25%, 0, 0, 1, 135.55
1495182033, 2, 95, 227, 38, 0, 3.25%, 0, 0, 1, 130.12
1495182049, 2, 97, 227, 38, 0, 3.25%, 0, 0, 1, 136.33
1495182064, 2, 99, 227, 38, 0, 3.25%, 0, 0, 1, 153.02
1495182079, 2, 100, 227, 38, 0, 3.25%, 0, 0, 1, 149.15
1495182084, 2, 101, 227, 38, 0, 3.25%, 0, 0, 1, 143.51
1495182099, 2, 103, 227, 38, 0, 3.25%, 0, 0, 1, 132.07
1495182115, 2, 104, 227, 38, 0, 3.25%, 0, 0, 1, 134.96
1495182130, 2, 105, 227, 38, 0, 3.25%, 0, 0, 1, 141.77
1495182135, 2, 107, 227, 38, 0, 3.25%, 0, 0, 1, 139.87
1495182151, 2, 109, 227, 38, 0, 3.25%, 0, 0, 1, 148.52
1495182156, 2, 110, 227, 38, 0, 3.25%, 0, 0, 1, 153.79
1495182171, 2, 111, 227, 38, 0, 3.25%, 0, 0, 1, 133.20
1495182176, 2, 112, 227, 38, 0, 3.25%, 0, 0, 1, 141.31
1495182192, 2, 114, 227, 38, 0, 3.25%, 0, 0, 1, 130.97
1495182197, 2, 115, 227, 38, 0, 3.25%, 0, 0, 1, 139.03
1495182212, 2, 117, 227, 38, 0, 3.25%, 0, 0, 1, 146.78
1495182217, 2, 118, 227, 38, 0, 3.25%, 0, 0, 1, 135.53
1495182227, 2, 119, 227, 38, 0, 3.25%, 0, 0, 1, 148.69
1495182248, 2, 121, 227, 38, 0, 3.25%, 0, 0, 1, 124.45
1495182268, 2, 125, 227, 38, 0, 3.25%, 0, 0, 1, 116.73
1495182273, 2, 126, 227, 38, 0, 3.25%, 0, 0, 1, 121.36
1495182278, 2, 127, 227, 37, 0, 3.25%, 0, 0, 1, 117.97
1495182289, 2, 129, 227, 37, 0, 3.25%, 0, 0, 1, 128.55
1495182294, 2, 132, 227, 37, 0, 3.25%, 0, 0, 1, 124.59
1495182319, 2, 133, 227, 37, 0, 3.25%, 0, 0, 1, 121.63
1495182324, 2, 134, 227, 37, 0, 3.25%, 0, 0, 1, 122.23
1495182350, 2, 135, 227, 37, 0, 3.25%, 0, 0, 1, 121.83
1495182355, 2, 137, 227, 37, 0, 3.25%, 0, 0, 1, 124.56
1495182371, 2, 138, 227, 37, 0, 3.25%, 0, 0, 1, 130.54
1495182376, 2, 139, 227, 37, 0, 3.25%, 0, 0, 1, 134.15
1495182392, 2, 140, 227, 37, 0, 3.25%, 0, 0, 1, 123.38
1495182397, 2, 141, 227, 37, 0, 3.25%, 0, 0, 1, 127.23
1495182412, 2, 143, 227, 37, 0, 3.25%, 0, 0, 1, 123.16
1495182432, 2, 146, 227, 37, 0, 3.25%, 0, 0, 1, 128.22
1495182458, 2, 150, 227, 37, 0, 3.25%, 0, 0, 1, 128.19
1495182463, 2, 151, 227, 37, 0, 3.25%, 0, 0, 1, 119.01
1495182478, 2, 153, 227, 37, 0, 3.25%, 0, 0, 1, 143.64
1495182494, 2, 154, 227, 37, 0, 3.25%, 0, 0, 1, 131.66
1495182499, 2, 155, 227, 37, 0, 3.25%, 0, 0, 1, 143.83
1495182514, 2, 157, 227, 37, 0, 3.25%, 0, 0, 1, 150.09
1495182530, 2, 159, 227, 37, 0, 3.25%, 0, 0, 1, 136.57
1495182555, 2, 161, 227, 37, 0, 3.25%, 0, 0, 1, 137.25
1495182571, 2, 162, 227, 37, 0, 3.25%, 0, 0, 1, 156.53
1495182576, 2, 163, 227, 36, 0, 3.25%, 0, 0, 1, 142.35
1495182591, 2, 165, 227, 36, 0, 3.25%, 0, 0, 1, 152.47
1495182607, 2, 166, 227, 36, 0, 3.25%, 0, 0, 1, 139.95
1495182612, 2, 169, 227, 36, 0, 3.25%, 0, 0, 1, 144.54
1495182627, 2, 171, 227, 36, 0, 3.25%, 0, 0, 1, 139.49
1495182643, 2, 172, 227, 36, 0, 3.25%, 0, 0, 1, 129.41
1495182648, 2, 173, 227, 36, 0, 3.25%, 0, 0, 1, 136.90
1495182664, 2, 176, 227, 36, 0, 3.25%, 0, 0, 1, 137.94
1495182679, 2, 178, 227, 36, 0, 3.25%, 0, 0, 1, 150.23
1495182704, 2, 180, 227, 36, 0, 3.25%, 0, 0, 1, 124.85
1495182720, 2, 181, 227, 36, 0, 3.25%, 0, 0, 1, 122.22
1495182725, 2, 182, 227, 36, 0, 3.25%, 0, 0, 1, 128.24
1495182740, 2, 183, 227, 36, 0, 3.25%, 0, 0, 1, 131.41
1495182745, 2, 184, 227, 36, 0, 3.25%, 0, 0, 1, 121.61
1495182750, 2, 187, 227, 36, 0, 3.25%, 0, 0, 1, 127.17
1495182770, 2, 190, 227, 36, 0, 3.25%, 0, 0, 1, 117.70
1495182791, 2, 193, 227, 36, 0, 3.25%, 0, 0, 1, 121.41
1495182796, 2, 194, 227, 36, 0, 3.25%, 0, 0, 1, 124.78
1495182817, 2, 196, 227, 36, 0, 3.25%, 0, 0, 1, 112.57
1495182832, 2, 197, 227, 36, 0, 3.25%, 0, 0, 1, 127.27
1495182838, 2, 200, 227, 36, 0, 3.25%, 0, 0, 1, 120.38
1495182858, 2, 202, 227, 36, 0, 3.25%, 0, 0, 1, 121.30
1495182873, 2, 203, 227, 36, 0, 3.25%, 0, 0, 1, 125.87
1495182878, 2, 204, 227, 36, 0, 3.25%, 0, 0, 1, 129.05
1495182893, 2, 205, 227, 36, 0, 3.25%, 0, 0, 1, 117.76
1495182898, 2, 206, 227, 36, 0, 3.25%, 0, 0, 1, 127.11
1495182914, 2, 207, 227, 36, 0, 3.25%, 0, 0, 1, 146.64
1495182919, 2, 208, 227, 36, 0, 3.25%, 0, 0, 1, 144.46
1495182934, 2, 209, 227, 36, 0, 3.25%, 0, 0, 1, 142.96
1495182944, 2, 211, 227, 36, 0, 3.25%, 0, 0, 1, 146.61
1495182960, 2, 214, 227, 35, 0, 3.25%, 0, 0, 1, 125.70
1495182975, 2, 215, 227, 34, 0, 3.25%, 0, 0, 1, 119.50
1495183006, 2, 218, 227, 34, 0, 3.25%, 0, 0, 1, 147.03
1495183026, 2, 219, 227, 34, 0, 3.25%, 0, 0, 1, 137.26
1495183031, 2, 226, 227, 34, 0, 3.25%, 0, 0, 1, 131.09
1495183042, 3, 1, 227, 33, 0, 3.25%, 0, 0, 1, 137.92
1495183047, 3, 3, 227, 33, 0, 3.25%, 0, 0, 1, 151.23
1495183057, 3, 4, 227, 33, 0, 3.25%, 0, 0, 1, 135.02
1495183068, 3, 5, 227, 33, 0, 3.25%, 0, 0, 1, 143.39
1495183073, 3, 6, 227, 33, 0, 3.25%, 0, 0, 1, 142.47
1495183078, 3, 7, 227, 33, 0, 3.25%, 0, 0, 1, 148.24
1495183088, 3, 9, 227, 33, 0, 3.25%, 0, 0, 1, 138.29
1495183093, 3, 10, 227, 33, 0, 3.25%, 0, 0, 1, 142.17
1495183099, 3, 12, 227, 33, 0, 3.25%, 0, 0, 1, 141.03
1495183109, 3, 13, 227, 33, 0, 3.25%, 0, 0, 1, 141.66
1495183114, 3, 14, 227, 33, 0, 3.25%, 0, 0, 1, 139.10
1495183119, 3, 16, 227, 33, 0, 3.25%, 0, 0, 1, 137.63
1495183124, 3, 18, 227, 33, 0, 3.25%, 0, 0, 1, 147.35
1495183130, 3, 19, 227, 33, 0, 3.25%, 0, 0, 1, 133.56
1495183135, 3, 20, 227, 33, 0, 3.25%, 0, 0, 1, 128.40
1495183140, 3, 22, 227, 33, 0, 3.25%, 0, 0, 1, 164.89
1495183145, 3, 23, 227, 33, 0, 3.25%, 0, 0, 1, 141.44
1495183150, 3, 25, 227, 33, 0, 3.25%, 0, 0, 1, 137.19
1495183155, 3, 26, 227, 33, 0, 3.25%, 0, 0, 1, 129.25
1495183160, 3, 28, 227, 33, 0, 3.25%, 0, 0, 1, 129.02
1495183165, 3, 29, 227, 33, 0, 3.25%, 0, 0, 1, 134.27
1495183170, 3, 30, 227, 33, 0, 3.25%, 0, 0, 1, 125.86
1495183181, 3, 32, 227, 33, 0, 3.25%, 0, 0, 1, 134.59
1495183196, 3, 33, 227, 33, 0, 3.25%, 0, 0, 1, 136.77
1495183211, 3, 34, 227, 33, 0, 3.25%, 0, 0, 1, 135.14
1495183222, 3, 37, 227, 33, 0, 3.25%, 0, 0, 1, 129.32
1495183227, 3, 38, 227, 33, 0, 3.25%, 0, 0, 1, 127.34
1495183242, 3, 41, 227, 33, 0, 3.25%, 0, 0, 1, 131.60
1495183252, 3, 42, 227, 33, 0, 3.25%, 0, 0, 1, 137.91
1495183257, 3, 44, 227, 33, 0, 3.25%, 0, 0, 1, 127.20
1495183283, 3, 46, 227, 33, 0, 3.25%, 0, 0, 1, 131.62
1495183298, 3, 47, 227, 33, 0, 3.25%, 0, 0, 1, 129.45
1495183304, 3, 48, 227, 33, 0, 3.25%, 0, 0, 1, 125.85
1495183319, 3, 49, 227, 33, 0, 3.25%, 0, 0, 1, 126.41
1495183324, 3, 50, 227, 33, 0, 3.25%, 0, 0, 1, 133.18
1495183345, 3, 51, 227, 33, 0, 3.25%, 0, 0, 1, 130.60
1495183350, 3, 54, 227, 33, 0, 3.25%, 0, 0, 1, 129.43
1495183355, 3, 55, 227, 33, 0, 3.25%, 0, 0, 1, 115.23
1495183365, 3, 56, 227, 33, 0, 3.25%, 0, 0, 1, 132.68
1495183381, 3, 57, 227, 33, 0, 3.25%, 0, 0, 1, 132.28
1495183386, 3, 60, 227, 33, 0, 3.25%, 0, 0, 1, 139.57
1495183391, 3, 61, 227, 33, 0, 3.25%, 0, 0, 1, 132.95
1495183396, 3, 62, 227, 33, 0, 3.25%, 0, 0, 1, 134.98
1495183417, 3, 63, 227, 33, 0, 3.25%, 0, 0, 1, 141.92
1495183422, 3, 64, 227, 33, 0, 3.25%, 0, 0, 1, 149.76
1495183432, 3, 66, 227, 33, 0, 3.25%, 0, 0, 1, 146.85
1495183442, 3, 67, 227, 33, 0, 3.25%, 0, 0, 1, 137.44
1495183448, 3, 69, 227, 33, 0, 3.25%, 0, 0, 1, 128.38
1495183453, 3, 70, 227, 33, 0, 3.25%, 0, 0, 1, 136.78
1495183468, 3, 72, 227, 33, 0, 3.25%, 0, 0, 1, 124.87
1495183478, 3, 73, 227, 33, 0, 3.25%, 0, 0, 1, 149.38
1495183484, 3, 74, 227, 33, 0, 3.25%, 0, 0, 1, 128.43
1495183499, 3, 75, 227, 33, 0, 3.25%, 0, 0, 1, 157.62
1495183504, 3, 76, 227, 33, 0, 3.25%, 0, 0, 1, 145.72
1495183514, 3, 77, 227, 33, 0, 3.25%, 0, 0, 1, 139.31
1495183525, 3, 78, 227, 33, 0, 3.25%, 0, 0, 1, 143.85
1495183540, 3, 79, 227, 33, 0, 3.25%, 0, 0, 1, 136.52
1495183550, 3, 80, 227, 33, 0, 3.25%, 0, 0, 1, 138.08
1495183555, 3, 81, 227, 33, 0, 3.25%, 0, 0, 1, 140.10
1495183560, 3, 82, 227, 33, 0, 3.25%, 0, 0, 1, 137.87
1495183576, 3, 84, 227, 33, 0, 3.25%, 0, 0, 1, 138.81
1495183581, 3, 85, 227, 33, 0, 3.25%, 0, 0, 1, 124.72
1495183596, 3, 87, 227, 33, 0, 3.25%, 0, 0, 1, 117.01
1495183612, 3, 88, 227, 33, 0, 3.25%, 0, 0, 1, 131.47
1495183617, 3, 89, 227, 33, 0, 3.25%, 0, 0, 1, 127.72
1495183632, 3, 90, 227, 33, 0, 3.25%, 0, 0, 1, 128.90
1495183637, 3, 91, 227, 33, 0, 3.25%, 0, 0, 1, 131.81
1495183648, 3, 93, 227, 33, 0, 3.25%, 0, 0, 1, 132.55
1495183668, 3, 95, 227, 33, 0, 3.25%, 0, 0, 1, 126.66
1495183688, 3, 96, 227, 33, 0, 3.25%, 0, 0, 1, 118.90
1495183693, 3, 97, 227, 32, 0, 3.25%, 0, 0, 1, 126.45
1495183709, 3, 99, 227, 32, 0, 3.25%, 0, 0, 1, 134.43
1495183724, 3, 100, 227, 32, 0, 3.25%, 0, 0, 1, 119.61
1495183729, 3, 101, 227, 32, 0, 3.25%, 0, 0, 1, 122.03
1495183745, 3, 102, 227, 32, 0, 3.25%, 0, 0, 1, 119.59
1495183750, 3, 103, 227, 32, 0, 3.25%, 0, 0, 1, 128.53
1495183765, 3, 104, 227, 32, 0, 3.25%, 0, 0, 1, 125.56
1495183785, 3, 105, 227, 32, 0, 3.25%, 0, 0, 1, 120.25
1495183790, 3, 106, 227, 32, 0, 3.25%, 0, 0, 1, 121.59
1495183796, 3, 107, 227, 32, 0, 3.25%, 0, 0, 1, 127.54
1495183811, 3, 109, 227, 32, 0, 3.25%, 0, 0, 1, 142.29
1495183816, 3, 110, 227, 32, 0, 3.25%, 0, 0, 1, 145.37
1495183826, 3, 111, 227, 32, 0, 3.25%, 0, 0, 1, 139.35
1495183831, 3, 112, 227, 32, 0, 3.25%, 0, 0, 1, 136.49
1495183847, 3, 114, 227, 32, 0, 3.25%, 0, 0, 1, 134.29
1495183852, 3, 115, 227, 32, 0, 3.25%, 0, 0, 1, 137.01
1495183867, 3, 117, 227, 32, 0, 3.25%, 0, 0, 1, 137.57
1495183872, 3, 118, 227, 32, 0, 3.25%, 0, 0, 1, 142.70
1495183887, 3, 119, 227, 32, 0, 3.25%, 0, 0, 1, 142.45
1495183903, 3, 120, 227, 32, 0, 3.25%, 0, 0, 1, 143.08
1495183908, 3, 121, 227, 32, 0, 3.25%, 0, 0, 1, 141.26
1495183918, 3, 122, 227, 32, 0, 3.25%, 0, 0, 1, 146.69
1495183924, 3, 126, 227, 32, 0, 3.25%, 0, 0, 1, 136.03
1495183929, 3, 127, 227, 32, 0, 3.25%, 0, 0, 1, 141.62
1495183939, 3, 128, 227, 32, 0, 3.25%, 0, 0, 1, 154.37
1495183944, 3, 132, 227, 31, 0, 3.25%, 0, 0, 1, 133.78
1495183964, 3, 133, 227, 31, 0, 3.25%, 0, 0, 1, 139.25
1495183969, 3, 134, 227, 31, 0, 3.25%, 0, 0, 1, 143.14
1495183990, 3, 135, 227, 31, 0, 3.25%, 0, 0, 1, 134.54
1495183995, 3, 137, 227, 31, 0, 3.25%, 0, 0, 1, 137.13
1495184011, 3, 138, 227, 31, 0, 3.25%, 0, 0, 1, 144.07
1495184016, 3, 139, 227, 31, 0, 3.25%, 0, 0, 1, 133.61
1495184031, 3, 140, 227, 31, 0, 3.25%, 0, 0, 1, 129.12
1495184036, 3, 141, 227, 31, 0, 3.25%, 0, 0, 1, 128.55
1495184051, 3, 143, 227, 31, 0, 3.25%, 0, 0, 1, 133.49
1495184067, 3, 146, 227, 31, 0, 3.25%, 0, 0, 1, 131.96
1495184092, 3, 147, 227, 31, 0, 3.25%, 0, 0, 1, 117.89
1495184097, 3, 150, 227, 31, 0, 3.25%, 0, 0, 1, 116.91
1495184103, 3, 151, 227, 31, 0, 3.25%, 0, 0, 1, 120.79
1495184118, 3, 153, 227, 31, 0, 3.25%, 0, 0, 1, 131.02
1495184133, 3, 154, 227, 31, 0, 3.25%, 0, 0, 1, 132.45
1495184138, 3, 155, 227, 31, 0, 3.25%, 0, 0, 1, 127.37
1495184153, 3, 156, 227, 31, 0, 3.25%, 0, 0, 1, 125.12
1495184159, 3, 157, 227, 31, 0, 3.25%, 0, 0, 1, 133.47
1495184174, 3, 159, 227, 31, 0, 3.25%, 0, 0, 1, 125.98
1495184200, 3, 161, 227, 31, 0, 3.25%, 0, 0, 1, 127.76
1495184215, 3, 162, 227, 31, 0, 3.25%, 0, 0, 1, 125.39
1495184220, 3, 163, 227, 31, 0, 3.25%, 0, 0, 1, 129.30
1495184241, 3, 165, 227, 31, 0, 3.25%, 0, 0, 1, 118.71
1495184256, 3, 166, 227, 31, 0, 3.25%, 0, 0, 1, 138.21
1495184261, 3, 169, 227, 31, 0, 3.25%, 0, 0, 1, 143.26
1495184277, 3, 171, 227, 31, 0, 3.25%, 0, 0, 1, 151.89
1495184292, 3, 172, 227, 31, 0, 3.25%, 0, 0, 1, 133.69
1495184297, 3, 173, 227, 31, 0, 3.25%, 0, 0, 1, 143.02
1495184313, 3, 176, 227, 31, 0, 3.25%, 0, 0, 1, 142.52
1495184328, 3, 178, 227, 31, 0, 3.25%, 0, 0, 1, 143.58
1495184349, 3, 180, 227, 31, 0, 3.25%, 0, 0, 1, 147.00
1495184364, 3, 182, 227, 31, 0, 3.25%, 0, 0, 1, 133.89
1495184379, 3, 184, 227, 31, 0, 3.25%, 0, 0, 1, 145.76
1495184384, 3, 185, 227, 31, 0, 3.25%, 0, 0, 1, 141.06
1495184400, 3, 186, 227, 30, 0, 3.25%, 0, 0, 1, 135.90
1495184405, 3, 187, 227, 30, 0, 3.25%, 0, 0, 1, 149.59
1495184420, 3, 190, 227, 30, 0, 3.25%, 0, 0, 1, 137.54
1495184435, 3, 193, 227, 30, 0, 3.25%, 0, 0, 1, 125.70
1495184440, 3, 194, 227, 30, 0, 3.25%, 0, 0, 1, 131.60
1495184461, 3, 196, 227, 30, 0, 3.25%, 0, 0, 1, 148.66
1495184481, 3, 199, 227, 30, 0, 3.25%, 0, 0, 1, 126.01
1495184486, 3, 200, 227, 30, 0, 3.25%, 0, 0, 1, 123.39
1495184501, 3, 201, 227, 30, 0, 3.25%, 0, 0, 1, 120.51
1495184507, 3, 202, 227, 30, 0, 3.25%, 0, 0, 1, 127.00
1495184522, 3, 203, 227, 30, 0, 3.25%, 0, 0, 1, 122.52
1495184527, 3, 204, 227, 30, 0, 3.25%, 0, 0, 1, 133.19
1495184542, 3, 206, 227, 30, 0, 3.25%, 0, 0, 1, 124.71
1495184563, 3, 208, 227, 30, 0, 3.25%, 0, 0, 1, 123.05
1495184579, 3, 209, 227, 30, 0, 3.25%, 0, 0, 1, 127.30
1495184594, 3, 211, 227, 30, 0, 3.25%, 0, 0, 1, 125.24
1495184614, 3, 215, 227, 30, 0, 3.25%, 0, 0, 1, 90.89
1495184645, 3, 218, 227, 29, 0, 3.25%, 0, 0, 1, 124.25
1495184671, 3, 219, 227, 29, 0, 3.25%, 0, 0, 1, 129.23
1495184676, 4, 0, 227, 29, 0, 3.25%, 0, 0, 1, 123.65
1495184686, 4, 2, 227, 29, 0, 3.25%, 0, 0, 1, 125.73
1495184691, 4, 3, 227, 29, 0, 3.25%, 0, 0, 1, 133.51
1495184701, 4, 4, 227, 29, 0, 3.25%, 0, 0, 1, 132.88
1495184712, 4, 6, 227, 29, 0, 3.25%, 0, 0, 1, 136.39
1495184717, 4, 7, 227, 29, 0, 3.25%, 0, 0, 1, 141.08
1495184727, 4, 8, 227, 29, 0, 3.25%, 0, 0, 1, 138.85
1495184732, 4, 10, 227, 29, 0, 3.25%, 0, 0, 1, 149.22
1495184738, 4, 12, 227, 29, 0, 3.25%, 0, 0, 1, 149.42
1495184748, 4, 13, 227, 29, 0, 3.25%, 0, 0, 1, 147.88
1495184753, 4, 15, 227, 29, 0, 3.25%, 0, 0, 1, 143.82
1495184758, 4, 16, 227, 29, 0, 3.25%, 0, 0, 1, 144.52
1495184763, 4, 18, 227, 29, 0, 3.25%, 0, 0, 1, 153.80
1495184768, 4, 20, 227, 29, 0, 3.25%, 0, 0, 1, 150.70
1495184774, 4, 22, 227, 29, 0, 3.25%, 0, 0, 1, 139.25
1495184779, 4, 23, 227, 29, 0, 3.25%, 0, 0, 1, 141.48
1495184784, 4, 25, 227, 29, 0, 3.25%, 0, 0, 1, 148.00
1495184789, 4, 26, 227, 29, 0, 3.25%, 0, 0, 1, 142.89
1495184794, 4, 28, 227, 29, 0, 3.25%, 0, 0, 1, 150.57
1495184799, 4, 30, 227, 29, 0, 3.25%, 0, 0, 1, 132.26
1495184815, 4, 32, 227, 29, 0, 3.25%, 0, 0, 1, 144.17
1495184830, 4, 33, 227, 29, 0, 3.25%, 0, 0, 1, 142.63
1495184840, 4, 34, 227, 29, 0, 3.25%, 0, 0, 1, 120.86
1495184856, 4, 36, 227, 29, 0, 3.25%, 0, 0, 1, 132.02
1495184861, 4, 37, 227, 29, 0, 3.25%, 0, 0, 1, 136.57
1495184866, 4, 38, 227, 29, 0, 3.25%, 0, 0, 1, 141.20
1495184881, 4, 39, 227, 29, 0, 3.25%, 0, 0, 1, 132.92
1495184896, 4, 41, 227, 28, 0, 3.25%, 0, 0, 1, 149.34
1495184906, 4, 42, 227, 28, 0, 3.25%, 0, 0, 1, 139.03
1495184912, 4, 44, 227, 28, 0, 3.25%, 0, 0, 1, 131.68
1495184932, 4, 45, 227, 28, 0, 3.25%, 0, 0, 1, 123.80
1495184937, 4, 46, 227, 28, 0, 3.25%, 0, 0, 1, 133.53
1495184952, 4, 47, 227, 28, 0, 3.25%, 0, 0, 1, 126.46
1495184957, 4, 48, 227, 28, 0, 3.25%, 0, 0, 1, 120.28
1495184973, 4, 49, 227, 28, 0, 3.25%, 0, 0, 1, 122.10
1495184983, 4, 50, 227, 28, 0, 3.25%, 0, 0, 1, 132.14
1495184994, 4, 51, 227, 28, 0, 3.25%, 0, 0, 1, 125.92
1495184999, 4, 54, 227, 28, 0, 3.25%, 0, 0, 1, 130.21
1495185009, 4, 55, 227, 28, 0, 3.25%, 0, 0, 1, 112.42
1495185019, 4, 56, 227, 28, 0, 3.25%, 0, 0, 1, 118.89
1495185034, 4, 57, 227, 28, 0, 3.25%, 0, 0, 1, 122.68
1495185045, 4, 58, 227, 28, 0, 3.25%, 0, 0, 1, 144.16
1495185050, 4, 60, 227, 27, 0, 3.25%, 0, 0, 1, 131.31
1495185055, 4, 61, 227, 27, 0, 3.25%, 0, 0, 1, 119.76
1495185060, 4, 62, 227, 27, 0, 3.25%, 0, 0, 1, 121.01
1495185086, 4, 63, 227, 27, 0, 3.25%, 0, 0, 1, 122.17
1495185091, 4, 64, 227, 27, 0, 3.25%, 0, 0, 1, 124.10
1495185101, 4, 66, 227, 27, 0, 3.25%, 0, 0, 1, 123.80
1495185112, 4, 67, 227, 27, 0, 3.25%, 0, 0, 1, 127.55
1495185117, 4, 68, 227, 27, 0, 3.25%, 0, 0, 1, 123.75
1495185143, 4, 69, 227, 26, 0, 3.25%, 0, 0, 1, 141.59
1495185148, 4, 70, 227, 26, 0, 3.25%, 0, 0, 1, 147.77
1495185163, 4, 72, 227, 26, 0, 3.25%, 0, 0, 1, 144.18
1495185168, 4, 73, 227, 26, 0, 3.25%, 0, 0, 1, 144.40
1495185173, 4, 74, 227, 26, 0, 3.25%, 0, 0, 1, 137.64
1495185188, 4, 75, 227, 26, 0, 3.25%, 0, 0, 1, 146.88
1495185194, 4, 76, 227, 26, 0, 3.25%, 0, 0, 1, 140.74
1495185209, 4, 77, 227, 26, 0, 3.25%, 0, 0, 1, 136.22
1495185214, 4, 78, 227, 26, 0, 3.25%, 0, 0, 1, 142.25
1495185229, 4, 79, 227, 26, 0, 3.25%, 0, 0, 1, 144.89
1495185240, 4, 80, 227, 26, 0, 3.25%, 0, 0, 1, 159.83
1495185245, 4, 81, 227, 26, 0, 3.25%, 0, 0, 1, 148.73
1495185250, 4, 82, 227, 26, 0, 3.25%, 0, 0, 1, 156.15
1495185260, 4, 84, 227, 26, 0, 3.25%, 0, 0, 1, 150.28
1495185265, 4, 85, 227, 26, 0, 3.25%, 0, 0, 1, 152.77
1495185280, 4, 87, 227, 26, 0, 3.25%, 0, 0, 1, 138.47
1495185296, 4, 88, 227, 26, 0, 3.25%, 0, 0, 1, 142.63
1495185301, 4, 89, 227, 26, 0, 3.25%, 0, 0, 1, 144.83
1495185316, 4, 90, 227, 26, 0, 3.25%, 0, 0, 1, 152.64
1495185322, 4, 91, 227, 26, 0, 3.25%, 0, 0, 1, 145.71
1495185327, 4, 92, 227, 26, 0, 3.25%, 0, 0, 1, 145.08
1495185332, 4, 93, 227, 26, 0, 3.25%, 0, 0, 1, 143.34
1495185347, 4, 95, 227, 26, 0, 3.25%, 0, 0, 1, 150.79
1495185363, 4, 97, 227, 26, 0, 3.25%, 0, 0, 1, 135.58
1495185383, 4, 99, 227, 26, 0, 3.25%, 0, 0, 1, 123.27
1495185399, 4, 101, 227, 26, 0, 3.25%, 0, 0, 1, 130.72
1495185414, 4, 102, 227, 26, 0, 3.25%, 0, 0, 1, 130.76
1495185419, 4, 103, 227, 26, 0, 3.25%, 0, 0, 1, 119.05
1495185440, 4, 104, 227, 26, 0, 3.25%, 0, 0, 1, 131.59
1495185455, 4, 105, 227, 26, 0, 3.25%, 0, 0, 1, 120.00
1495185461, 4, 106, 227, 26, 0, 3.25%, 0, 0, 1, 124.98
1495185466, 4, 107, 227, 26, 0, 3.25%, 0, 0, 1, 135.36
1495185481, 4, 108, 227, 26, 0, 3.25%, 0, 0, 1, 124.09
1495185486, 4, 109, 227, 25, 0, 3.25%, 0, 0, 1, 123.93
1495185491, 4, 110, 227, 25, 0, 3.25%, 0, 0, 1, 115.18
1495185507, 4, 111, 227, 25, 0, 3.25%, 0, 0, 1, 124.69
1495185512, 4, 112, 227, 25, 0, 3.25%, 0, 0, 1, 115.49
1495185527, 4, 113, 227, 25, 0, 3.25%, 0, 0, 1, 126.32
1495185532, 4, 114, 227, 25, 0, 3.25%, 0, 0, 1, 137.31
1495185537, 4, 115, 227, 25, 0, 3.25%, 0, 0, 1, 126.59
1495185553, 4, 116, 227, 25, 0, 3.25%, 0, 0, 1, 125.29
1495185558, 4, 118, 227, 25, 0, 3.25%, 0, 0, 1, 125.28
1495185578, 4, 119, 227, 25, 0, 3.25%, 0, 0, 1, 129.26
1495185594, 4, 121, 227, 25, 0, 3.25%, 0, 0, 1, 138.78
1495185609, 4, 122, 227, 25, 0, 3.25%, 0, 0, 1, 133.77
1495185614, 4, 127, 227, 25, 0, 3.25%, 0, 0, 1, 137.56
1495185625, 4, 132, 227, 25, 0, 3.25%, 0, 0, 1, 148.40
1495185645, 4, 133, 227, 25, 0, 3.25%, 0, 0, 1, 136.65
1495185650, 4, 134, 227, 25, 0, 3.25%, 0, 0, 1, 143.48
1495185671, 4, 135, 227, 25, 0, 3.25%, 0, 0, 1, 155.66
1495185676, 4, 137, 227, 25, 0, 3.25%, 0, 0, 1, 145.70
1495185691, 4, 138, 227, 25, 0, 3.25%, 0, 0, 1, 148.78
1495185696, 4, 139, 227, 25, 0, 3.25%, 0, 0, 1, 141.36
1495185712, 4, 141, 227, 25, 0, 3.25%, 0, 0, 1, 140.89
1495185727, 4, 143, 227, 25, 0, 3.25%, 0, 0, 1, 143.53
1495185748, 4, 146, 227, 25, 0, 3.25%, 0, 0, 1, 132.21
1495185768, 4, 147, 227, 25, 0, 3.25%, 0, 0, 1, 137.36
1495185773, 4, 151, 227, 25, 0, 3.25%, 0, 0, 1, 137.91
1495185788, 4, 152, 227, 25, 0, 3.25%, 0, 0, 1, 146.16
1495185793, 4, 153, 227, 25, 0, 3.25%, 0, 0, 1, 131.36
1495185809, 4, 155, 227, 25, 0, 3.25%, 0, 0, 1, 130.24
1495185824, 4, 156, 227, 25, 0, 3.25%, 0, 0, 1, 133.29
1495185829, 4, 157, 227, 25, 0, 3.25%, 0, 0, 1, 131.22
1495185845, 4, 159, 227, 25, 0, 3.25%, 0, 0, 1, 135.29
1495185865, 4, 160, 227, 25, 0, 3.25%, 0, 0, 1, 124.43
1495185870, 4, 161, 227, 25, 0, 3.25%, 0, 0, 1, 127.13
1495185886, 4, 163, 227, 25, 0, 3.25%, 0, 0, 1, 142.92
1495185901, 4, 164, 227, 25, 0, 3.25%, 0, 0, 1, 127.25
1495185906, 4, 165, 227, 25, 0, 3.25%, 0, 0, 1, 124.22
1495185921, 4, 166, 227, 25, 0, 3.25%, 0, 0, 1, 122.20
1495185926, 4, 167, 227, 25, 0, 3.25%, 0, 0, 1, 128.62
1495185942, 4, 169, 227, 24, 0, 3.25%, 0, 0, 1, 125.67
1495185962, 4, 171, 227, 24, 0, 3.25%, 0, 0, 1, 133.02
1495185978, 4, 172, 227, 24, 0, 3.25%, 0, 0, 1, 127.11
1495185983, 4, 173, 227, 24, 0, 3.25%, 0, 0, 1, 132.35
1495185998, 4, 175, 227, 23, 0, 3.25%, 0, 0, 1, 131.16
1495186003, 4, 176, 227, 23, 0, 3.25%, 0, 0, 1, 133.27
1495186024, 4, 178, 227, 23, 0, 3.25%, 0, 0, 1, 123.05
1495186045, 4, 179, 227, 23, 0, 3.25%, 0, 0, 1, 132.80
1495186050, 4, 180, 227, 22, 0, 3.25%, 0, 0, 1, 142.62
1495186065, 4, 182, 227, 22, 0, 3.25%, 0, 0, 1, 136.98
1495186080, 4, 184, 227, 22, 0, 3.25%, 0, 0, 1, 148.43
1495186085, 4, 186, 227, 22, 0, 3.25%, 0, 0, 1, 139.00
1495186090, 4, 187, 227, 22, 0, 3.25%, 0, 0, 1, 128.94
1495186106, 4, 190, 227, 22, 0, 3.25%, 0, 0, 1, 138.22
1495186122, 4, 192, 227, 22, 0, 3.25%, 0, 0, 1, 132.75
1495186137, 4, 193, 227, 21, 0, 3.25%, 0, 0, 1, 142.66
1495186142, 4, 194, 227, 21, 0, 3.25%, 0, 0, 1, 131.70
1495186168, 4, 196, 227, 21, 0, 3.25%, 0, 0, 1, 142.09
1495186183, 4, 199, 227, 21, 0, 3.25%, 0, 0, 1, 142.20
1495186188, 4, 200, 227, 21, 0, 3.25%, 0, 0, 1, 134.73
1495186204, 4, 202, 227, 21, 0, 3.25%, 0, 0, 1, 135.01
1495186219, 4, 204, 227, 21, 0, 3.25%, 0, 0, 1, 157.00
1495186234, 4, 205, 227, 21, 0, 3.25%, 0, 0, 1, 137.31
1495186239, 4, 206, 227, 21, 0, 3.25%, 0, 0, 1, 139.77
1495186255, 4, 208, 227, 21, 0, 3.25%, 0, 0, 1, 137.03
1495186270, 4, 209, 227, 21, 0, 3.25%, 0, 0, 1, 131.62
1495186290, 4, 210, 227, 21, 0, 3.25%, 0, 0, 1, 132.87
1495186295, 4, 211, 227, 20, 0, 3.25%, 0, 0, 1, 127.84
1495186311, 4, 215, 227, 20, 0, 3.25%, 0, 0, 1, 94.94
1495186341, 4, 218, 227, 20, 0, 3.25%, 0, 0, 1, 119.37
1495186367, 4, 221, 227, 20, 0, 3.25%, 0, 0, 1, 123.58
1495186372, 4, 222, 227, 20, 0, 3.25%, 0, 0, 1, 119.97
1495186387, 5, 0, 227, 19, 0, 3.25%, 0, 0, 1, 127.15
1495186393, 5, 1, 227, 19, 0, 3.25%, 0, 0, 1, 122.38
1495186398, 5, 3, 227, 19, 0, 3.25%, 0, 0, 1, 122.80
1495186408, 5, 4, 227, 19, 0, 3.25%, 0, 0, 1, 129.21
1495186423, 5, 6, 227, 19, 0, 3.25%, 0, 0, 1, 121.40
1495186428, 5, 7, 227, 19, 0, 3.25%, 0, 0, 1, 134.17
1495186443, 5, 10, 227, 19, 0, 3.25%, 0, 0, 1, 126.52
1495186454, 5, 12, 227, 19, 0, 3.25%, 0, 0, 1, 120.98
1495186469, 5, 14, 227, 19, 0, 3.25%, 0, 0, 1, 131.89
1495186474, 5, 16, 227, 19, 0, 3.25%, 0, 0, 1, 149.32
1495186479, 5, 17, 227, 19, 0, 3.25%, 0, 0, 1, 148.82
1495186484, 5, 19, 227, 19, 0, 3.25%, 0, 0, 1, 158.48
1495186490, 5, 21, 227, 19, 0, 3.25%, 0, 0, 1, 150.63
1495186495, 5, 22, 227, 19, 0, 3.25%, 0, 0, 1, 145.98
1495186500, 5, 24, 227, 19, 0, 3.25%, 0, 0, 1, 150.02
1495186505, 5, 25, 227, 19, 0, 3.25%, 0, 0, 1, 145.00
1495186510, 5, 28, 227, 19, 0, 3.25%, 0, 0, 1, 160.52
1495186515, 5, 29, 227, 19, 0, 3.25%, 0, 0, 1, 142.30
1495186520, 5, 30, 227, 19, 0, 3.25%, 0, 0, 1, 141.34
1495186531, 5, 32, 227, 19, 0, 3.25%, 0, 0, 1, 143.91
1495186546, 5, 33, 227, 19, 0, 3.25%, 0, 0, 1, 151.34
1495186562, 5, 34, 227, 19, 0, 3.25%, 0, 0, 1, 137.24
1495186572, 5, 37, 227, 19, 0, 3.25%, 0, 0, 1, 140.17
1495186577, 5, 38, 227, 19, 0, 3.25%, 0, 0, 1, 144.66
1495186592, 5, 40, 227, 19, 0, 3.25%, 0, 0, 1, 131.45
1495186597, 5, 41, 227, 19, 0, 3.25%, 0, 0, 1, 146.07
1495186602, 5, 42, 227, 19, 0, 3.25%, 0, 0, 1, 145.03
1495186607, 5, 44, 227, 19, 0, 3.25%, 0, 0, 1, 137.29
1495186633, 5, 46, 227, 19, 0, 3.25%, 0, 0, 1, 142.12
1495186648, 5, 47, 227, 19, 0, 3.25%, 0, 0, 1, 145.97
1495186653, 5, 48, 227, 19, 0, 3.25%, 0, 0, 1, 147.64
1495186669, 5, 49, 227, 19, 0, 3.25%, 0, 0, 1, 126.93
1495186674, 5, 50, 227, 19, 0, 3.25%, 0, 0, 1, 143.82
1495186689, 5, 51, 227, 19, 0, 3.25%, 0, 0, 1, 130.17
1495186694, 5, 54, 227, 19, 0, 3.25%, 0, 0, 1, 126.29
1495186705, 5, 55, 227, 19, 0, 3.25%, 0, 0, 1, 104.23
1495186715, 5, 56, 227, 19, 0, 3.25%, 0, 0, 1, 125.44
1495186735, 5, 57, 227, 19, 0, 3.25%, 0, 0, 1, 124.25
1495186740, 5, 58, 227, 19, 0, 3.25%, 0, 0, 1, 119.98
1495186745, 5, 60, 227, 19, 0, 3.25%, 0, 0, 1, 119.87
1495186751, 5, 61, 227, 19, 0, 3.25%, 0, 0, 1, 130.00
1495186756, 5, 62, 227, 19, 0, 3.25%, 0, 0, 1, 123.23
1495186782, 5, 63, 227, 19, 0, 3.25%, 0, 0, 1, 128.43
1495186787, 5, 64, 227, 19, 0, 3.25%, 0, 0, 1, 129.16
1495186797, 5, 66, 227, 19, 0, 3.25%, 0, 0, 1, 126.63
1495186812, 5, 67, 227, 19, 0, 3.25%, 0, 0, 1, 130.99
1495186817, 5, 69, 227, 19, 0, 3.25%, 0, 0, 1, 127.47
1495186827, 5, 70, 227, 19, 0, 3.25%, 0, 0, 1, 118.01
1495186843, 5, 72, 227, 19, 0, 3.25%, 0, 0, 1, 129.23
1495186853, 5, 73, 227, 19, 0, 3.25%, 0, 0, 1, 128.34
1495186858, 5, 74, 227, 19, 0, 3.25%, 0, 0, 1, 130.29
1495186873, 5, 75, 227, 19, 0, 3.25%, 0, 0, 1, 125.96
1495186879, 5, 76, 227, 19, 0, 3.25%, 0, 0, 1, 114.43
1495186894, 5, 77, 227, 19, 0, 3.25%, 0, 0, 1, 133.20
1495186899, 5, 78, 227, 19, 0, 3.25%, 0, 0, 1, 122.33
1495186920, 5, 79, 227, 19, 0, 3.25%, 0, 0, 1, 142.99
1495186935, 5, 80, 227, 19, 0, 3.25%, 0, 0, 1, 132.57
1495186940, 5, 82, 227, 19, 0, 3.25%, 0, 0, 1, 132.89
1495186956, 5, 84, 227, 19, 0, 3.25%, 0, 0, 1, 137.55
1495186961, 5, 85, 227, 19, 0, 3.25%, 0, 0, 1, 145.16
1495186976, 5, 87, 227, 19, 0, 3.25%, 0, 0, 1, 140.65
1495186991, 5, 88, 227, 19, 0, 3.25%, 0, 0, 1, 138.27
1495186997, 5, 89, 227, 19, 0, 3.25%, 0, 0, 1, 141.86
1495187012, 5, 90, 227, 19, 0, 3.25%, 0, 0, 1, 134.68
1495187017, 5, 91, 227, 19, 0, 3.25%, 0, 0, 1, 134.91
1495187028, 5, 93, 227, 19, 0, 3.25%, 0, 0, 1, 152.07
1495187043, 5, 94, 227, 19, 0, 3.25%, 0, 0, 1, 136.90
1495187048, 5, 95, 227, 19, 0, 3.25%, 0, 0, 1, 137.42
1495187064, 5, 97, 227, 19, 0, 3.25%, 0, 0, 1, 130.73
1495187079, 5, 99, 227, 18, 0, 3.25%, 0, 0, 1, 144.84
1495187094, 5, 100, 227, 18, 0, 3.25%, 0, 0, 1, 141.59
1495187099, 5, 101, 227, 18, 0, 3.25%, 0, 0, 1, 150.18
1495187115, 5, 103, 227, 18, 0, 3.25%, 0, 0, 1, 152.62
1495187130, 5, 104, 227, 18, 0, 3.25%, 0, 0, 1, 150.49
1495187145, 5, 105, 227, 18, 0, 3.25%, 0, 0, 1, 125.09
1495187151, 5, 106, 227, 18, 0, 3.25%, 0, 0, 1, 123.73
1495187156, 5, 107, 227, 18, 0, 3.25%, 0, 0, 1, 132.26
1495187171, 5, 109, 227, 18, 0, 3.25%, 0, 0, 1, 126.74
1495187176, 5, 110, 227, 18, 0, 3.25%, 0, 0, 1, 126.78
1495187192, 5, 111, 227, 18, 0, 3.25%, 0, 0, 1, 132.14
1495187197, 5, 112, 227, 18, 0, 3.25%, 0, 0, 1, 119.16
1495187212, 5, 114, 227, 18, 0, 3.25%, 0, 0, 1, 144.61
1495187217, 5, 115, 227, 18, 0, 3.25%, 0, 0, 1, 126.99
1495187233, 5, 116, 227, 18, 0, 3.25%, 0, 0, 1, 129.89
1495187238, 5, 118, 227, 18, 0, 3.25%, 0, 0, 1, 135.09
1495187253, 5, 119, 227, 18, 0, 3.25%, 0, 0, 1, 130.93
1495187269, 5, 120, 227, 18, 0, 3.25%, 0, 0, 1, 119.00
1495187274, 5, 121, 227, 18, 0, 3.25%, 0, 0, 1, 125.48
1495187289, 5, 122, 227, 18, 0, 3.25%, 0, 0, 1, 130.62
1495187294, 5, 125, 227, 18, 0, 3.25%, 0, 0, 1, 127.57
1495187300, 5, 127, 227, 18, 0, 3.25%, 0, 0, 1, 130.45
1495187305, 5, 131, 227, 18, 0, 3.25%, 0, 0, 1, 135.97
1495187310, 5, 132, 227, 18, 0, 3.25%, 0, 0, 1, 129.58
1495187335, 5, 133, 227, 18, 0, 3.25%, 0, 0, 1, 114.63
1495187340, 5, 134, 227, 18, 0, 3.25%, 0, 0, 1, 118.33
1495187366, 5, 135, 227, 18, 0, 3.25%, 0, 0, 1, 127.20
1495187371, 5, 136, 227, 18, 0, 3.25%, 0, 0, 1, 128.69
1495187376, 5, 137, 227, 17, 0, 3.25%, 0, 0, 1, 148.25
1495187391, 5, 138, 227, 17, 0, 3.25%, 0, 0, 1, 146.56
1495187396, 5, 139, 227, 17, 0, 3.25%, 0, 0, 1, 144.57
1495187407, 5, 140, 227, 17, 0, 3.25%, 0, 0, 1, 146.81
1495187412, 5, 141, 227, 17, 0, 3.25%, 0, 0, 1, 139.57
1495187427, 5, 143, 227, 17, 0, 3.25%, 0, 0, 1, 145.94
1495187443, 5, 146, 227, 17, 0, 3.25%, 0, 0, 1, 141.53
1495187468, 5, 147, 227, 17, 0, 3.25%, 0, 0, 1, 134.14
1495187473, 5, 149, 227, 17, 0, 3.25%, 0, 0, 1, 137.22
1495187488, 5, 151, 227, 16, 0, 3.25%, 0, 0, 1, 141.82
1495187504, 5, 152, 227, 16, 0, 3.25%, 0, 0, 1, 132.85
1495187509, 5, 153, 227, 16, 0, 3.25%, 0, 0, 1, 133.50
1495187519, 5, 154, 227, 16, 0, 3.25%, 0, 0, 1, 142.60
1495187524, 5, 155, 227, 16, 0, 3.25%, 0, 0, 1, 143.78
1495187539, 5, 157, 227, 16, 0, 3.25%, 0, 0, 1, 154.52
1495187560, 5, 159, 227, 15, 0, 3.25%, 0, 0, 1, 133.46
1495187585, 5, 161, 227, 15, 0, 3.25%, 0, 0, 1, 132.71
1495187601, 5, 163, 227, 15, 0, 3.25%, 0, 0, 1, 125.10
1495187622, 5, 165, 227, 15, 0, 3.25%, 0, 0, 1, 122.04
1495187637, 5, 166, 227, 15, 0, 3.25%, 0, 0, 1, 124.41
1495187642, 5, 169, 227, 15, 0, 3.25%, 0, 0, 1, 126.12
1495187662, 5, 171, 227, 15, 0, 3.25%, 0, 0, 1, 130.53
1495187678, 5, 172, 227, 15, 0, 3.25%, 0, 0, 1, 127.91
1495187683, 5, 173, 227, 15, 0, 3.25%, 0, 0, 1, 127.55
1495187698, 5, 175, 227, 15, 0, 3.25%, 0, 0, 1, 138.80
1495187703, 5, 176, 227, 15, 0, 3.25%, 0, 0, 1, 129.11
1495187719, 5, 177, 227, 15, 0, 3.25%, 0, 0, 1, 128.18
1495187724, 5, 178, 227, 14, 0, 3.25%, 0, 0, 1, 131.16
1495187744, 5, 180, 227, 14, 0, 3.25%, 0, 0, 1, 134.33
1495187765, 5, 182, 227, 14, 0, 3.25%, 0, 0, 1, 131.56
1495187780, 5, 183, 227, 14, 0, 3.25%, 0, 0, 1, 125.58
1495187785, 5, 184, 227, 14, 0, 3.25%, 0, 0, 1, 115.02
1495187790, 5, 187, 227, 14, 0, 3.25%, 0, 0, 1, 124.73
1495187806, 5, 188, 227, 14, 0, 3.25%, 0, 0, 1, 133.68
1495187811, 5, 190, 227, 14, 0, 3.25%, 0, 0, 1, 132.34
1495187826, 5, 193, 227, 14, 0, 3.25%, 0, 0, 1, 128.02
1495187831, 5, 194, 227, 14, 0, 3.25%, 0, 0, 1, 130.88
1495187852, 5, 196, 227, 14, 0, 3.25%, 0, 0, 1, 143.12
1495187867, 5, 197, 227, 14, 0, 3.25%, 0, 0, 1, 136.55
1495187873, 5, 200, 227, 14, 0, 3.25%, 0, 0, 1, 133.37
1495187888, 5, 202, 227, 14, 0, 3.25%, 0, 0, 1, 144.66
1495187904, 5, 203, 227, 14, 0, 3.25%, 0, 0, 1, 132.03
1495187909, 5, 204, 227, 14, 0, 3.25%, 0, 0, 1, 137.75
1495187924, 5, 206, 227, 14, 0, 3.25%, 0, 0, 1, 145.85
1495187939, 5, 207, 227, 14, 0, 3.25%, 0, 0, 1, 136.06
1495187945, 5, 208, 227, 14, 0, 3.25%, 0, 0, 1, 145.56
1495187955, 5, 209, 227, 14, 0, 3.25%, 0, 0, 1, 139.25
1495187970, 5, 211, 227, 14, 0, 3.25%, 0, 0, 1, 142.37
1495187985, 5, 215, 227, 14, 0, 3.25%, 0, 0, 1, 96.81
1495188011, 5, 216, 227, 14, 0, 3.25%, 0, 0, 1, 152.23
1495188016, 5, 218, 227, 14, 0, 3.25%, 0, 0, 1, 140.71
1495188036, 5, 219, 227, 14, 0, 3.25%, 0, 0, 1, 143.43
1495188041, 6, 0, 227, 14, 0, 3.25%, 0, 0, 1, 136.49
1495188052, 6, 3, 227, 14, 0, 3.25%, 0, 0, 1, 136.35
1495188067, 6, 4, 227, 14, 0, 3.25%, 0, 0, 1, 124.60
1495188077, 6, 6, 227, 14, 0, 3.25%, 0, 0, 1, 133.17
1495188087, 6, 7, 227, 14, 0, 3.25%, 0, 0, 1, 128.64
1495188097, 6, 10, 227, 14, 0, 3.25%, 0, 0, 1, 127.32
1495188108, 6, 12, 227, 14, 0, 3.25%, 0, 0, 1, 127.56
1495188123, 6, 14, 227, 14, 0, 3.25%, 0, 0, 1, 130.05
1495188128, 6, 16, 227, 14, 0, 3.25%, 0, 0, 1, 133.02
1495188134, 6, 17, 227, 14, 0, 3.25%, 0, 0, 1, 123.16
1495188139, 6, 18, 227, 14, 0, 3.25%, 0, 0, 1, 123.60
1495188144, 6, 20, 227, 14, 0, 3.25%, 0, 0, 1, 125.29
1495188149, 6, 22, 227, 14, 0, 3.25%, 0, 0, 1, 125.57
1495188159, 6, 23, 227, 14, 0, 3.25%, 0, 0, 1, 120.12
1495188164, 6, 25, 227, 14, 0, 3.25%, 0, 0, 1, 125.52
1495188169, 6, 27, 227, 14, 0, 3.25%, 0, 0, 1, 127.43
1495188174, 6, 28, 227, 14, 0, 3.25%, 0, 0, 1, 125.76
1495188179, 6, 30, 227, 14, 0, 3.25%, 0, 0, 1, 131.54
1495188195, 6, 32, 227, 14, 0, 3.25%, 0, 0, 1, 133.04
1495188211, 6, 33, 227, 14, 0, 3.25%, 0, 0, 1, 131.69
1495188226, 6, 34, 227, 14, 0, 3.25%, 0, 0, 1, 123.62
1495188241, 6, 37, 227, 14, 0, 3.25%, 0, 0, 1, 113.75
1495188246, 6, 38, 227, 14, 0, 3.25%, 0, 0, 1, 118.91
1495188262, 6, 40, 227, 14, 0, 3.25%, 0, 0, 1, 129.16
1495188267, 6, 41, 227, 14, 0, 3.25%, 0, 0, 1, 135.82
1495188272, 6, 42, 227, 14, 0, 3.25%, 0, 0, 1, 146.56
1495188277, 6, 44, 227, 14, 0, 3.25%, 0, 0, 1, 136.82
1495188298, 6, 45, 227, 14, 0, 3.25%, 0, 0, 1, 143.03
1495188303, 6, 46, 227, 14, 0, 3.25%, 0, 0, 1, 140.31
1495188319, 6, 47, 227, 14, 0, 3.25%, 0, 0, 1, 141.80
1495188324, 6, 48, 227, 14, 0, 3.25%, 0, 0, 1, 142.35
1495188339, 6, 49, 227, 14, 0, 3.25%, 0, 0, 1, 152.59
1495188344, 6, 50, 227, 14, 0, 3.25%, 0, 0, 1, 138.62
1495188360, 6, 51, 227, 14, 0, 3.25%, 0, 0, 1, 143.80
1495188365, 6, 54, 227, 14, 0, 3.25%, 0, 0, 1, 135.46
1495188370, 6, 55, 227, 14, 0, 3.25%, 0, 0, 1, 113.32
1495188380, 6, 56, 227, 14, 0, 3.25%, 0, 0, 1, 132.41
1495188390, 6, 57, 227, 14, 0, 3.25%, 0, 0, 1, 139.74
1495188396, 6, 60, 227, 14, 0, 3.25%, 0, 0, 1, 147.39
1495188401, 6, 61, 227, 14, 0, 3.25%, 0, 0, 1, 140.09
1495188406, 6, 62, 227, 14, 0, 3.25%, 0, 0, 1, 130.70
1495188432, 6, 63, 227, 14, 0, 3.25%, 0, 0, 1, 147.78
1495188437, 6, 64, 227, 14, 0, 3.25%, 0, 0, 1, 139.33
1495188442, 6, 65, 227, 14, 0, 3.25%, 0, 0, 1, 135.42
1495188447, 6, 66, 227, 13, 0, 3.25%, 0, 0, 1, 184.50
1495188463, 6, 67, 227, 13, 0, 3.25%, 0, 0, 1, 133.10
1495188468, 6, 69, 227, 13, 0, 3.25%, 0, 0, 1, 143.56
1495188473, 6, 70, 227, 13, 0, 3.25%, 0, 0, 1, 146.41
1495188488, 6, 72, 227, 13, 0, 3.25%, 0, 0, 1, 131.36
1495188498, 6, 73, 227, 13, 0, 3.25%, 0, 0, 1, 125.04
1495188503, 6, 74, 227, 13, 0, 3.25%, 0, 0, 1, 126.66
1495188519, 6, 75, 227, 13, 0, 3.25%, 0, 0, 1, 129.14
1495188524, 6, 76, 227, 13, 0, 3.25%, 0, 0, 1, 132.21
1495188539, 6, 77, 227, 13, 0, 3.25%, 0, 0, 1, 131.75
1495188544, 6, 78, 227, 13, 0, 3.25%, 0, 0, 1, 118.99
1495188565, 6, 79, 227, 13, 0, 3.25%, 0, 0, 1, 135.53
1495188580, 6, 80, 227, 13, 0, 3.25%, 0, 0, 1, 118.34
1495188585, 6, 82, 227, 13, 0, 3.25%, 0, 0, 1, 134.02
1495188606, 6, 85, 227, 13, 0, 3.25%, 0, 0, 1, 140.64
1495188626, 6, 87, 227, 13, 0, 3.25%, 0, 0, 1, 116.24
1495188642, 6, 88, 227, 13, 0, 3.25%, 0, 0, 1, 136.78
1495188647, 6, 89, 227, 13, 0, 3.25%, 0, 0, 1, 139.60
1495188667, 6, 90, 227, 13, 0, 3.25%, 0, 0, 1, 122.09
1495188672, 6, 91, 227, 13, 0, 3.25%, 0, 0, 1, 118.21
1495188677, 6, 92, 227, 13, 0, 3.25%, 0, 0, 1, 123.39
1495188682, 6, 93, 227, 13, 0, 3.25%, 0, 0, 1, 122.10
1495188698, 6, 94, 227, 13, 0, 3.25%, 0, 0, 1, 124.42
1495188703, 6, 95, 227, 13, 0, 3.25%, 0, 0, 1, 122.34
1495188718, 6, 97, 227, 13, 0, 3.25%, 0, 0, 1, 139.28
