# unix_time, cycles_done, cur_path, paths_total, pending_total, pending_favs, map_size, unique_crashes, unique_hangs, max_depth, execs_per_sec
1493403378, 0, 0, 296, 296, 140, 3.79%, 0, 0, 2, 499.90
1493403383, 0, 7, 297, 293, 136, 3.79%, 0, 0, 2, 1980.00
1493403388, 0, 25, 297, 284, 127, 3.79%, 0, 0, 2, 2075.58
1493403393, 0, 47, 297, 274, 117, 3.79%, 0, 0, 2, 1957.96
1493403399, 0, 62, 297, 267, 110, 3.79%, 0, 0, 2, 1888.06
1493403404, 0, 74, 297, 261, 104, 3.79%, 0, 0, 2, 1654.01
1493403409, 0, 84, 297, 254, 98, 3.79%, 0, 0, 2, 1830.90
1493403414, 0, 100, 297, 246, 90, 3.79%, 0, 0, 2, 1907.82
1493403419, 0, 115, 297, 239, 84, 3.79%, 0, 0, 2, 1878.87
1493403424, 0, 143, 297, 231, 76, 3.79%, 0, 0, 2, 1917.69
1493403429, 0, 162, 297, 225, 70, 3.79%, 0, 0, 2, 2013.59
1493403434, 0, 177, 297, 218, 63, 3.79%, 0, 0, 2, 1804.25
1493403439, 0, 189, 297, 210, 55, 3.79%, 0, 0, 2, 1730.79
1493403445, 0, 201, 298, 204, 48, 3.79%, 0, 0, 2, 1699.24
1493403450, 0, 213, 298, 198, 42, 3.79%, 0, 0, 2, 1802.38
1493403455, 0, 233, 299, 194, 38, 3.80%, 0, 0, 2, 2678.88
1493403460, 0, 244, 299, 190, 34, 3.80%, 0, 0, 2, 2149.41
1493403465, 0, 252, 301, 186, 29, 3.80%, 0, 0, 2, 1767.51
1493403470, 0, 259, 302, 183, 25, 3.80%, 0, 0, 2, 1769.43
1493403475, 0, 265, 302, 180, 22, 3.80%, 0, 0, 2, 1641.71
1493403480, 0, 278, 303, 177, 18, 3.80%, 0, 0, 2, 1547.02
1493403485, 0, 286, 303, 171, 12, 3.80%, 0, 0, 2, 1684.09
1493403490, 0, 289, 303, 168, 9, 3.80%, 0, 0, 2, 2522.41
1493403496, 0, 292, 304, 166, 6, 3.80%, 0, 0, 2, 1860.02
1493403501, 0, 298, 305, 163, 2, 3.80%, 0, 0, 2, 1847.29
1493403506, 1, 10, 305, 161, 0, 3.80%, 0, 0, 2, 1994.48
1493403511, 1, 306, 307, 159, 1, 3.80%, 0, 0, 2, 2045.55
1493403516, 3, 4, 308, 157, 0, 3.80%, 0, 0, 2, 2220.16
1493403521, 3, 310, 312, 159, 0, 3.80%, 0, 0, 2, 2044.24
1493403526, 4, 23, 312, 157, 0, 3.80%, 0, 0, 2, 340.44
1493403531, 4, 51, 312, 155, 0, 3.80%, 0, 0, 2, 2657.00
1493403536, 4, 69, 312, 154, 0, 3.80%, 0, 0, 2, 2412.74
1493403541, 4, 87, 312, 152, 0, 3.80%, 0, 0, 2, 3353.07
