# unix_time, cycles_done, cur_path, paths_total, pending_total, pending_favs, map_size, unique_crashes, unique_hangs, max_depth, execs_per_sec
1494022222, 0, 0, 474, 474, 162, 4.08%, 0, 0, 2, 72.95
1494022232, 0, 0, 474, 473, 161, 4.08%, 0, 0, 2, 89.51
1494022355, 0, 1, 474, 473, 161, 4.08%, 0, 0, 2, 73.62
1494022360, 0, 2, 474, 472, 160, 4.08%, 0, 0, 2, 96.18
1494022365, 0, 5, 474, 470, 158, 4.08%, 0, 0, 2, 225.52
1494022371, 0, 10, 474, 468, 156, 4.08%, 0, 0, 2, 189.76
1494022376, 0, 15, 474, 466, 154, 4.08%, 0, 0, 2, 155.66
1494022381, 0, 18, 474, 465, 153, 4.08%, 0, 0, 2, 140.95
1494022386, 0, 19, 474, 464, 152, 4.08%, 0, 0, 2, 63.28
1494022391, 0, 20, 474, 463, 151, 4.08%, 0, 0, 2, 151.86
1494022396, 0, 26, 474, 461, 149, 4.08%, 0, 0, 2, 128.29
1494022401, 0, 28, 474, 460, 148, 4.08%, 0, 0, 2, 112.06
1494022406, 0, 31, 474, 458, 146, 4.08%, 0, 0, 2, 134.87
1494022412, 0, 33, 474, 457, 145, 4.08%, 0, 0, 2, 61.47
1494022417, 0, 34, 474, 456, 144, 4.08%, 0, 0, 2, 105.34
1494022422, 0, 37, 474, 455, 143, 4.08%, 0, 0, 2, 137.70
1494022427, 0, 44, 474, 453, 141, 4.08%, 0, 0, 2, 193.32
1494022432, 0, 49, 474, 452, 140, 4.08%, 0, 0, 2, 115.20
1494022437, 0, 50, 474, 451, 139, 4.08%, 0, 0, 2, 103.38
1494022442, 0, 51, 474, 450, 138, 4.08%, 0, 0, 2, 183.50
1494022447, 0, 52, 474, 449, 137, 4.08%, 0, 0, 2, 116.28
1494022453, 0, 55, 474, 447, 135, 4.08%, 0, 0, 2, 94.93
1494022463, 0, 57, 474, 445, 133, 4.08%, 0, 0, 2, 159.11
1494022468, 0, 62, 474, 444, 132, 4.08%, 0, 0, 2, 103.49
1494022473, 0, 63, 474, 443, 131, 4.08%, 0, 0, 2, 146.11
1494022478, 0, 65, 474, 442, 130, 4.08%, 0, 0, 2, 50.57
1494022483, 0, 67, 474, 441, 129, 4.08%, 0, 0, 2, 98.52
1494022489, 0, 68, 474, 440, 128, 4.08%, 0, 0, 2, 123.71
1494022494, 0, 69, 474, 439, 127, 4.08%, 0, 0, 2, 137.61
1494022499, 0, 70, 474, 438, 126, 4.08%, 0, 0, 2, 125.70
1494022504, 0, 72, 474, 437, 125, 4.08%, 0, 0, 2, 133.29
1494022509, 0, 75, 474, 435, 123, 4.08%, 0, 0, 2, 80.28
1494022514, 0, 76, 474, 434, 122, 4.08%, 0, 0, 2, 219.83
1494022525, 0, 78, 474, 433, 121, 4.08%, 0, 0, 2, 97.75
1494022530, 0, 79, 474, 432, 120, 4.08%, 0, 0, 2, 110.97
1494022535, 0, 81, 474, 431, 119, 4.08%, 0, 0, 2, 95.97
1494022540, 0, 82, 474, 430, 118, 4.08%, 0, 0, 2, 133.41
1494022545, 0, 86, 474, 429, 117, 4.08%, 0, 0, 2, 85.60
1494022550, 0, 87, 474, 428, 116, 4.08%, 0, 0, 2, 156.28
1494022555, 0, 90, 474, 427, 115, 4.08%, 0, 0, 2, 89.10
1494022560, 0, 92, 474, 425, 113, 4.08%, 0, 0, 2, 75.74
1494022565, 0, 94, 474, 424, 112, 4.08%, 0, 0, 2, 196.32
1494022571, 0, 97, 474, 423, 111, 4.08%, 0, 0, 2, 156.01
1494022576, 0, 100, 474, 422, 110, 4.08%, 0, 0, 2, 116.77
1494022581, 0, 101, 474, 421, 109, 4.08%, 0, 0, 2, 146.96
1494022586, 0, 103, 474, 420, 108, 4.08%, 0, 0, 2, 140.61
1494022591, 0, 109, 474, 417, 105, 4.08%, 0, 0, 2, 192.94
1494022596, 0, 110, 474, 416, 104, 4.08%, 0, 0, 2, 128.08
1494022607, 0, 112, 474, 414, 102, 4.08%, 0, 0, 2, 171.44
1494022612, 0, 113, 474, 413, 101, 4.08%, 0, 0, 2, 128.52
1494022617, 0, 117, 474, 410, 99, 4.08%, 0, 0, 2, 166.92
1494022622, 0, 120, 474, 408, 97, 4.08%, 0, 0, 2, 136.72
1494022632, 0, 121, 474, 407, 96, 4.08%, 0, 0, 2, 65.12
1494022637, 0, 122, 474, 406, 95, 4.08%, 0, 0, 2, 93.42
1494022648, 0, 123, 474, 405, 94, 4.08%, 0, 0, 2, 86.56
1494022658, 0, 124, 474, 404, 93, 4.08%, 0, 0, 2, 105.72
1494022668, 0, 126, 474, 403, 92, 4.08%, 0, 0, 2, 180.29
1494022673, 0, 129, 474, 402, 91, 4.08%, 0, 0, 2, 174.86
1494022678, 0, 132, 474, 401, 90, 4.08%, 0, 0, 2, 167.01
1494022684, 0, 133, 474, 400, 89, 4.08%, 0, 0, 2, 182.56
1494022689, 0, 134, 474, 399, 89, 4.08%, 0, 0, 2, 39.23
1494022694, 0, 140, 474, 397, 87, 4.08%, 0, 0, 2, 188.84
1494022699, 0, 142, 474, 396, 86, 4.08%, 0, 0, 2, 87.30
1494022704, 0, 146, 474, 395, 85, 4.08%, 0, 0, 2, 53.21
1494022709, 0, 150, 474, 394, 84, 4.08%, 0, 0, 2, 95.67
1494022724, 0, 151, 474, 393, 83, 4.08%, 0, 0, 2, 66.62
1494022729, 0, 153, 474, 392, 82, 4.08%, 0, 0, 2, 135.46
1494022740, 0, 156, 474, 391, 81, 4.08%, 0, 0, 2, 206.74
1494022745, 0, 160, 474, 390, 80, 4.08%, 0, 0, 2, 46.04
1494022750, 0, 162, 474, 389, 79, 4.08%, 0, 0, 2, 69.07
1494022755, 0, 164, 474, 388, 78, 4.08%, 0, 0, 2, 128.30
1494022760, 0, 169, 474, 386, 76, 4.08%, 0, 0, 2, 135.16
1494022770, 0, 172, 474, 385, 75, 4.08%, 0, 0, 2, 163.73
1494022775, 0, 175, 474, 383, 73, 4.08%, 0, 0, 2, 190.74
1494022785, 0, 182, 474, 381, 71, 4.08%, 0, 0, 2, 205.49
1494022796, 0, 192, 474, 379, 69, 4.08%, 0, 0, 2, 198.49
1494022801, 0, 197, 474, 378, 68, 4.08%, 0, 0, 2, 199.70
1494022811, 0, 206, 474, 376, 66, 4.08%, 0, 0, 2, 134.40
1494022816, 0, 207, 474, 375, 65, 4.08%, 0, 0, 2, 153.39
1494022826, 0, 219, 474, 373, 63, 4.08%, 0, 0, 2, 174.75
1494022837, 0, 224, 474, 372, 62, 4.08%, 0, 0, 2, 184.92
1494022842, 0, 232, 474, 371, 61, 4.08%, 0, 0, 2, 175.55
1494022852, 0, 235, 474, 370, 60, 4.08%, 0, 0, 2, 121.97
1494022857, 0, 238, 474, 369, 59, 4.08%, 0, 0, 2, 150.70
1494022862, 0, 239, 474, 368, 58, 4.08%, 0, 0, 2, 187.19
1494022867, 0, 240, 474, 367, 57, 4.08%, 0, 0, 2, 115.94
1494022872, 0, 245, 474, 366, 56, 4.08%, 0, 0, 2, 114.91
1494022882, 0, 251, 474, 365, 55, 4.08%, 0, 0, 2, 146.73
1494022888, 0, 255, 474, 364, 54, 4.08%, 0, 0, 2, 134.50
1494022898, 0, 257, 474, 363, 53, 4.08%, 0, 0, 2, 182.71
1494022903, 0, 261, 474, 362, 52, 4.08%, 0, 0, 2, 123.41
1494022908, 0, 263, 474, 361, 51, 4.08%, 0, 0, 2, 106.90
1494022913, 0, 268, 474, 360, 50, 4.08%, 0, 0, 2, 121.14
1494022918, 0, 273, 474, 359, 49, 4.08%, 0, 0, 2, 157.25
1494022923, 0, 275, 474, 358, 48, 4.08%, 0, 0, 2, 174.92
1494022934, 0, 278, 474, 357, 47, 4.08%, 0, 0, 2, 91.76
1494022939, 0, 280, 474, 356, 46, 4.08%, 0, 0, 2, 137.65
1494022944, 0, 286, 474, 355, 45, 4.08%, 0, 0, 2, 211.54
1494022949, 0, 297, 474, 354, 44, 4.08%, 0, 0, 2, 197.09
1494022960, 0, 300, 474, 353, 43, 4.08%, 0, 0, 2, 201.72
1494022965, 0, 303, 474, 352, 42, 4.08%, 0, 0, 2, 197.12
1494022970, 0, 313, 474, 350, 40, 4.08%, 0, 0, 2, 175.20
1494022975, 0, 315, 474, 349, 39, 4.08%, 0, 0, 2, 164.73
1494022980, 0, 321, 474, 348, 38, 4.08%, 0, 0, 2, 86.30
1494022985, 0, 324, 474, 347, 37, 4.08%, 0, 0, 2, 128.78
1494022990, 0, 327, 474, 346, 36, 4.08%, 0, 0, 2, 159.22
1494022995, 0, 328, 474, 345, 35, 4.08%, 0, 0, 2, 110.87
1494023011, 0, 330, 474, 344, 34, 4.08%, 0, 0, 2, 98.62
1494023021, 0, 336, 474, 343, 33, 4.08%, 0, 0, 2, 74.14
1494023026, 0, 337, 474, 342, 32, 4.08%, 0, 0, 2, 149.61
1494023031, 0, 338, 474, 341, 31, 4.08%, 0, 0, 2, 117.46
1494023036, 0, 343, 474, 340, 30, 4.08%, 0, 0, 2, 158.79
1494023041, 0, 344, 474, 339, 29, 4.08%, 0, 0, 2, 173.48
1494023046, 0, 347, 474, 338, 28, 4.08%, 0, 0, 2, 142.00
1494023062, 0, 348, 474, 337, 27, 4.08%, 0, 0, 2, 155.84
1494023067, 0, 349, 474, 336, 27, 4.08%, 0, 0, 2, 118.12
1494023072, 0, 355, 474, 334, 25, 4.08%, 0, 0, 2, 127.21
1494023082, 0, 371, 474, 332, 24, 4.08%, 0, 0, 2, 162.61
1494023098, 0, 385, 474, 331, 23, 4.08%, 0, 0, 2, 198.79
1494023103, 0, 389, 474, 330, 22, 4.08%, 0, 0, 2, 173.98
1494023108, 0, 396, 474, 329, 21, 4.08%, 0, 0, 2, 162.40
1494023118, 0, 397, 474, 328, 20, 4.08%, 0, 0, 2, 71.79
1494023139, 0, 407, 474, 327, 19, 4.08%, 0, 0, 2, 82.47
1494023144, 0, 409, 474, 326, 18, 4.08%, 0, 0, 2, 152.67
1494023149, 0, 413, 474, 325, 17, 4.08%, 0, 0, 2, 147.41
1494023159, 0, 420, 474, 324, 16, 4.08%, 0, 0, 2, 54.48
1494023164, 0, 424, 474, 323, 15, 4.08%, 0, 0, 2, 65.19
1494023170, 0, 425, 474, 322, 14, 4.08%, 0, 0, 2, 94.88
1494023175, 0, 436, 474, 321, 13, 4.08%, 0, 0, 2, 102.78
1494023185, 0, 437, 474, 320, 12, 4.08%, 0, 0, 2, 77.82
1494023200, 0, 443, 474, 319, 11, 4.08%, 0, 0, 2, 54.16
1494023226, 0, 447, 474, 318, 11, 4.08%, 0, 0, 2, 67.93
1494023251, 0, 451, 474, 317, 10, 4.08%, 0, 0, 2, 64.98
1494023257, 0, 455, 474, 316, 9, 4.08%, 0, 0, 2, 69.50
1494023323, 0, 461, 474, 315, 8, 4.08%, 0, 0, 2, 143.87
1494023328, 0, 462, 474, 314, 7, 4.08%, 0, 0, 2, 71.06
1494023338, 0, 463, 474, 313, 6, 4.08%, 0, 0, 2, 36.48
1494023343, 0, 465, 474, 312, 5, 4.08%, 0, 0, 2, 23.32
1494023430, 0, 467, 474, 311, 4, 4.08%, 0, 0, 2, 68.09
1494023445, 0, 468, 474, 310, 3, 4.08%, 0, 0, 2, 63.78
1494023451, 0, 469, 474, 309, 2, 4.08%, 0, 0, 2, 30.29
1494023497, 0, 472, 474, 308, 1, 4.08%, 0, 0, 2, 75.85
1494023502, 1, 0, 474, 307, 0, 4.08%, 0, 0, 2, 129.78
1494023507, 1, 2, 474, 307, 0, 4.08%, 0, 0, 2, 161.43
1494023512, 1, 5, 474, 307, 0, 4.08%, 0, 0, 2, 182.12
1494023517, 1, 7, 474, 307, 0, 4.08%, 0, 0, 2, 174.56
1494023523, 1, 9, 474, 306, 0, 4.08%, 0, 0, 2, 201.78
1494023528, 1, 15, 474, 305, 0, 4.08%, 0, 0, 2, 184.75
1494023533, 1, 19, 474, 305, 0, 4.08%, 0, 0, 2, 155.60
1494023538, 1, 21, 474, 305, 0, 4.08%, 0, 0, 2, 183.72
1494023543, 1, 28, 474, 304, 0, 4.08%, 0, 0, 2, 183.61
1494023548, 1, 31, 474, 304, 0, 4.08%, 0, 0, 2, 180.95
1494023553, 1, 34, 474, 304, 0, 4.08%, 0, 0, 2, 164.53
1494023559, 1, 37, 474, 303, 0, 4.08%, 0, 0, 2, 141.99
1494023564, 1, 42, 474, 303, 0, 4.08%, 0, 0, 2, 168.31
1494023569, 1, 44, 474, 302, 0, 4.08%, 0, 0, 2, 224.13
1494023574, 1, 50, 474, 302, 0, 4.08%, 0, 0, 2, 175.44
1494023579, 1, 52, 474, 302, 0, 4.08%, 0, 0, 2, 184.43
1494023584, 1, 55, 474, 301, 0, 4.08%, 0, 0, 2, 185.42
1494023589, 1, 57, 474, 301, 0, 4.08%, 0, 0, 2, 197.07
1494023594, 1, 62, 474, 300, 0, 4.08%, 0, 0, 2, 189.47
1494023599, 1, 65, 474, 300, 0, 4.08%, 0, 0, 2, 220.68
1494023605, 1, 67, 474, 299, 0, 4.08%, 0, 0, 2, 186.93
1494023610, 1, 69, 474, 299, 0, 4.08%, 0, 0, 2, 182.32
1494023615, 1, 72, 474, 299, 0, 4.08%, 0, 0, 2, 168.77
1494023620, 1, 75, 474, 299, 0, 4.08%, 0, 0, 2, 186.73
1494023625, 1, 76, 474, 299, 0, 4.08%, 0, 0, 2, 196.23
1494023630, 1, 79, 474, 299, 0, 4.08%, 0, 0, 2, 184.32
1494023635, 1, 82, 474, 299, 0, 4.08%, 0, 0, 2, 190.40
1494023640, 1, 86, 474, 298, 0, 4.08%, 0, 0, 2, 151.56
1494023646, 1, 87, 474, 298, 0, 4.08%, 0, 0, 2, 160.20
1494023651, 1, 92, 474, 298, 0, 4.08%, 0, 0, 2, 191.60
1494023656, 1, 94, 474, 298, 0, 4.08%, 0, 0, 2, 174.88
1494023661, 1, 96, 474, 298, 0, 4.08%, 0, 0, 2, 120.83
1494023666, 1, 97, 474, 297, 0, 4.08%, 0, 0, 2, 138.69
1494023671, 1, 101, 474, 297, 0, 4.08%, 0, 0, 2, 158.25
1494023676, 1, 104, 474, 296, 0, 4.08%, 0, 0, 2, 190.96
1494023682, 1, 107, 474, 296, 0, 4.08%, 0, 0, 2, 191.50
1494023687, 1, 110, 474, 295, 0, 4.08%, 0, 0, 2, 133.40
1494023692, 1, 112, 474, 295, 0, 4.08%, 0, 0, 2, 168.99
1494023697, 1, 118, 475, 296, 1, 4.09%, 0, 0, 2, 152.93
1494023702, 1, 331, 475, 295, 1, 4.09%, 0, 0, 2, 171.71
1494023707, 1, 435, 475, 294, 1, 4.09%, 0, 0, 2, 117.74
1494023732, 1, 474, 475, 293, 1, 4.09%, 0, 0, 2, 96.40
1494023738, 2, 0, 475, 292, 0, 4.09%, 0, 0, 2, 176.05
1494023743, 2, 1, 475, 292, 0, 4.09%, 0, 0, 2, 158.80
1494023748, 2, 5, 475, 292, 0, 4.09%, 0, 0, 2, 167.78
1494023753, 2, 8, 475, 292, 0, 4.09%, 0, 0, 2, 176.87
1494023758, 2, 12, 475, 291, 0, 4.09%, 0, 0, 2, 183.23
1494023763, 2, 16, 475, 291, 0, 4.09%, 0, 0, 2, 161.95
1494023768, 2, 17, 475, 290, 0, 4.09%, 0, 0, 2, 154.12
1494023774, 2, 20, 475, 289, 0, 4.09%, 0, 0, 2, 158.71
1494023779, 2, 23, 475, 289, 0, 4.09%, 0, 0, 2, 192.41
1494023784, 2, 25, 475, 287, 0, 4.09%, 0, 0, 2, 166.96
1494023789, 2, 28, 475, 287, 0, 4.09%, 0, 0, 2, 146.71
1494023789, 2, 30, 475, 287, 0, 4.09%, 0, 0, 2, 0.00
1494023794, 2, 33, 475, 287, 0, 4.09%, 0, 0, 2, 173.00
1494023799, 2, 36, 475, 287, 0, 4.09%, 0, 0, 2, 169.97
1494023804, 2, 38, 475, 286, 0, 4.09%, 0, 0, 2, 177.57
1494023809, 2, 44, 475, 286, 0, 4.09%, 0, 0, 2, 190.55
1494023814, 2, 50, 475, 286, 0, 4.09%, 0, 0, 2, 177.36
1494023819, 2, 53, 475, 286, 0, 4.09%, 0, 0, 2, 176.81
1494023825, 2, 56, 475, 286, 0, 4.09%, 0, 0, 2, 59.76
1494023830, 2, 62, 475, 286, 0, 4.09%, 0, 0, 2, 155.50
1494023835, 2, 65, 475, 286, 0, 4.09%, 0, 0, 2, 206.62
1494023840, 2, 67, 475, 286, 0, 4.09%, 0, 0, 2, 205.65
1494023845, 2, 69, 475, 286, 0, 4.09%, 0, 0, 2, 176.61
1494023850, 2, 73, 475, 286, 0, 4.09%, 0, 0, 2, 162.51
1494023855, 2, 76, 475, 286, 0, 4.09%, 0, 0, 2, 185.50
1494023861, 2, 77, 475, 286, 0, 4.09%, 0, 0, 2, 187.81
1494023866, 2, 79, 475, 285, 0, 4.09%, 0, 0, 2, 162.77
1494023871, 2, 82, 475, 285, 0, 4.09%, 0, 0, 2, 178.02
1494023876, 2, 87, 475, 285, 0, 4.09%, 0, 0, 2, 196.60
1494023881, 2, 88, 475, 285, 0, 4.09%, 0, 0, 2, 183.26
1494023886, 2, 91, 475, 284, 0, 4.09%, 0, 0, 2, 179.60
1494023891, 2, 94, 475, 284, 0, 4.09%, 0, 0, 2, 191.94
1494023897, 2, 97, 475, 284, 0, 4.09%, 0, 0, 2, 170.08
1494023902, 2, 101, 475, 283, 0, 4.09%, 0, 0, 2, 185.20
1494023907, 2, 106, 475, 283, 0, 4.09%, 0, 0, 2, 182.26
1494023912, 2, 110, 475, 283, 0, 4.09%, 0, 0, 2, 178.14
1494023917, 2, 112, 475, 283, 0, 4.09%, 0, 0, 2, 166.09
1494023922, 2, 116, 475, 283, 0, 4.09%, 0, 0, 2, 185.99
1494023927, 2, 120, 475, 283, 0, 4.09%, 0, 0, 2, 176.36
1494023932, 2, 122, 475, 283, 0, 4.09%, 0, 0, 2, 154.70
1494023937, 2, 123, 475, 283, 0, 4.09%, 0, 0, 2, 159.19
1494023942, 2, 124, 475, 283, 0, 4.09%, 0, 0, 2, 148.41
1494023947, 2, 126, 475, 283, 0, 4.09%, 0, 0, 2, 187.38
1494023952, 2, 129, 475, 283, 0, 4.09%, 0, 0, 2, 178.27
1494023957, 2, 130, 475, 283, 0, 4.09%, 0, 0, 2, 212.10
1494023963, 2, 132, 475, 282, 0, 4.09%, 0, 0, 2, 191.92
1494023968, 2, 134, 475, 282, 0, 4.09%, 0, 0, 2, 169.23
1494023973, 2, 137, 475, 281, 0, 4.09%, 0, 0, 2, 200.47
1494023978, 2, 139, 475, 280, 0, 4.09%, 0, 0, 2, 186.27
1494023983, 2, 140, 475, 280, 0, 4.09%, 0, 0, 2, 145.87
1494023988, 2, 142, 475, 279, 0, 4.09%, 0, 0, 2, 152.10
1494023993, 2, 149, 475, 279, 0, 4.09%, 0, 0, 2, 161.44
1494023998, 2, 153, 475, 278, 0, 4.09%, 0, 0, 2, 182.67
1494024003, 2, 155, 475, 278, 0, 4.09%, 0, 0, 2, 181.96
1494024009, 2, 156, 475, 277, 0, 4.09%, 0, 0, 2, 178.74
1494024014, 2, 160, 475, 277, 0, 4.09%, 0, 0, 2, 182.48
1494024019, 2, 162, 475, 276, 0, 4.09%, 0, 0, 2, 172.03
1494024024, 2, 165, 475, 275, 0, 4.09%, 0, 0, 2, 188.45
1494024034, 2, 169, 475, 274, 0, 4.09%, 0, 0, 2, 176.24
1494024039, 2, 172, 475, 274, 0, 4.09%, 0, 0, 2, 162.20
1494024044, 2, 175, 475, 274, 0, 4.09%, 0, 0, 2, 176.91
1494024050, 2, 177, 475, 274, 0, 4.09%, 0, 0, 2, 158.68
1494024055, 2, 182, 475, 273, 0, 4.09%, 0, 0, 2, 166.91
1494024060, 2, 188, 475, 273, 0, 4.09%, 0, 0, 2, 190.79
1494024065, 2, 192, 475, 273, 0, 4.09%, 0, 0, 2, 191.11
1494024070, 2, 193, 476, 274, 0, 4.09%, 0, 0, 2, 164.24
1494024075, 2, 197, 476, 272, 0, 4.09%, 0, 0, 2, 148.32
1494024080, 2, 203, 476, 271, 0, 4.09%, 0, 0, 2, 149.08
1494024085, 2, 205, 476, 271, 0, 4.09%, 0, 0, 2, 135.14
1494024090, 2, 207, 476, 270, 0, 4.09%, 0, 0, 2, 177.50
1494024095, 2, 209, 476, 270, 0, 4.09%, 0, 0, 2, 215.17
1494024101, 2, 213, 476, 269, 0, 4.09%, 0, 0, 2, 177.31
1494024116, 2, 219, 476, 268, 0, 4.09%, 0, 0, 2, 146.72
1494024121, 2, 221, 476, 268, 0, 4.09%, 0, 0, 2, 170.14
1494024126, 2, 222, 476, 267, 0, 4.09%, 0, 0, 2, 118.02
1494024131, 2, 224, 476, 266, 0, 4.09%, 0, 0, 2, 155.02
1494024136, 2, 226, 476, 266, 0, 4.09%, 0, 0, 2, 166.10
1494024141, 2, 232, 476, 264, 0, 4.09%, 0, 0, 2, 181.60
1494024146, 2, 234, 476, 264, 0, 4.09%, 0, 0, 2, 101.61
1494024151, 2, 235, 476, 263, 0, 4.09%, 0, 0, 2, 139.90
1494024157, 2, 238, 476, 262, 0, 4.09%, 0, 0, 2, 175.33
1494024162, 2, 239, 476, 262, 0, 4.09%, 0, 0, 2, 192.53
1494024167, 2, 245, 476, 262, 0, 4.09%, 0, 0, 2, 149.07
1494024172, 2, 251, 476, 262, 0, 4.09%, 0, 0, 2, 172.51
1494024177, 2, 255, 476, 262, 0, 4.09%, 0, 0, 2, 168.54
1494024182, 2, 257, 476, 262, 0, 4.09%, 0, 0, 2, 193.85
1494024187, 2, 263, 476, 262, 0, 4.09%, 0, 0, 2, 155.18
1494024192, 2, 264, 476, 262, 0, 4.09%, 0, 0, 2, 88.36
1494024223, 2, 265, 476, 261, 0, 4.09%, 0, 0, 2, 118.87
1494024228, 2, 273, 476, 260, 0, 4.09%, 0, 0, 2, 162.27
1494024233, 2, 274, 476, 260, 0, 4.09%, 0, 0, 2, 180.16
1494024238, 2, 275, 476, 259, 0, 4.09%, 0, 0, 2, 187.96
1494024243, 2, 277, 476, 259, 0, 4.09%, 0, 0, 2, 196.74
1494024248, 2, 280, 476, 258, 0, 4.09%, 0, 0, 2, 167.37
1494024253, 2, 283, 476, 258, 0, 4.09%, 0, 0, 2, 163.86
1494024264, 2, 286, 476, 257, 0, 4.09%, 0, 0, 2, 174.86
1494024269, 2, 292, 476, 256, 0, 4.09%, 0, 0, 2, 183.47
1494024274, 2, 297, 476, 254, 0, 4.09%, 0, 0, 2, 202.07
1494024279, 2, 300, 476, 254, 0, 4.09%, 0, 0, 2, 202.21
1494024284, 2, 303, 476, 254, 0, 4.09%, 0, 0, 2, 197.57
1494024289, 2, 307, 476, 254, 0, 4.09%, 0, 0, 2, 165.69
1494024294, 2, 313, 476, 253, 0, 4.09%, 0, 0, 2, 166.16
1494024300, 2, 315, 476, 253, 0, 4.09%, 0, 0, 2, 174.17
1494024305, 2, 316, 476, 253, 0, 4.09%, 0, 0, 2, 191.67
1494024310, 2, 327, 476, 252, 0, 4.09%, 0, 0, 2, 184.79
1494024315, 2, 330, 476, 252, 0, 4.09%, 0, 0, 2, 130.96
1494024320, 2, 332, 476, 252, 0, 4.09%, 0, 0, 2, 187.84
1494024325, 2, 336, 476, 251, 0, 4.09%, 0, 0, 2, 186.07
1494024330, 2, 337, 476, 251, 0, 4.09%, 0, 0, 2, 174.95
1494024335, 2, 344, 476, 251, 0, 4.09%, 0, 0, 2, 183.94
1494024340, 2, 345, 476, 251, 0, 4.09%, 0, 0, 2, 233.12
1494024419, 2, 348, 477, 251, 0, 4.09%, 0, 1, 2, 121.30
1494024424, 2, 349, 477, 251, 0, 4.09%, 0, 1, 2, 161.30
1494024429, 2, 351, 477, 251, 0, 4.09%, 0, 1, 2, 42.00
1494024444, 2, 354, 477, 250, 0, 4.09%, 0, 1, 2, 127.91
1494024449, 2, 355, 477, 250, 0, 4.09%, 0, 1, 2, 139.05
1494024454, 2, 401, 478, 250, 1, 4.09%, 0, 1, 2, 172.31
1494024459, 2, 421, 478, 249, 1, 4.09%, 0, 1, 2, 174.03
1494024475, 2, 470, 478, 248, 1, 4.09%, 0, 1, 2, 53.24
1494024495, 2, 477, 478, 247, 1, 4.09%, 0, 1, 2, 76.76
1494024506, 3, 1, 478, 246, 0, 4.09%, 0, 1, 2, 160.14
1494024511, 3, 2, 478, 246, 0, 4.09%, 0, 1, 2, 158.42
1494024516, 3, 5, 478, 246, 0, 4.09%, 0, 1, 2, 191.90
1494024521, 3, 12, 478, 246, 0, 4.09%, 0, 1, 2, 121.21
1494024526, 3, 17, 478, 246, 0, 4.09%, 0, 1, 2, 204.59
1494024531, 3, 19, 478, 246, 0, 4.09%, 0, 1, 2, 171.16
1494024536, 3, 24, 478, 246, 0, 4.09%, 0, 1, 2, 149.85
1494024542, 3, 28, 478, 246, 0, 4.09%, 0, 1, 2, 153.64
1494024547, 3, 31, 478, 246, 0, 4.09%, 0, 1, 2, 167.00
1494024552, 3, 34, 478, 246, 0, 4.09%, 0, 1, 2, 169.15
1494024557, 3, 38, 478, 246, 0, 4.09%, 0, 1, 2, 151.73
1494024562, 3, 46, 478, 246, 0, 4.09%, 0, 1, 2, 171.49
1494024567, 3, 49, 478, 245, 0, 4.09%, 0, 1, 2, 10.81
1494024572, 3, 51, 478, 245, 0, 4.09%, 0, 1, 2, 218.98
1494024577, 3, 53, 478, 245, 0, 4.09%, 0, 1, 2, 75.25
1494024583, 3, 55, 478, 245, 0, 4.09%, 0, 1, 2, 123.26
1494024588, 3, 57, 478, 245, 0, 4.09%, 0, 1, 2, 167.56
1494024593, 3, 62, 478, 244, 0, 4.09%, 0, 1, 2, 133.82
1494024598, 3, 65, 478, 244, 0, 4.09%, 0, 1, 2, 188.31
1494024603, 3, 68, 478, 244, 0, 4.09%, 0, 1, 2, 157.70
1494024609, 3, 70, 478, 244, 0, 4.09%, 0, 1, 2, 146.95
1494024614, 3, 73, 478, 244, 0, 4.09%, 0, 1, 2, 201.78
1494024619, 3, 76, 478, 244, 0, 4.09%, 0, 1, 2, 177.88
1494024629, 3, 79, 478, 244, 0, 4.09%, 0, 1, 2, 149.80
1494024634, 3, 82, 478, 244, 0, 4.09%, 0, 1, 2, 138.03
1494024639, 3, 87, 478, 244, 0, 4.09%, 0, 1, 2, 104.82
1494024644, 3, 91, 478, 244, 0, 4.09%, 0, 1, 2, 198.56
1494024649, 3, 94, 478, 244, 0, 4.09%, 0, 1, 2, 183.88
1494024659, 3, 101, 478, 244, 0, 4.09%, 0, 1, 2, 129.71
1494024664, 3, 106, 478, 244, 0, 4.09%, 0, 1, 2, 177.43
1494024670, 3, 109, 478, 244, 0, 4.09%, 0, 1, 2, 145.98
1494024675, 3, 112, 478, 244, 0, 4.09%, 0, 1, 2, 160.11
1494024680, 3, 115, 478, 244, 0, 4.09%, 0, 1, 2, 212.52
1494024685, 3, 119, 478, 244, 0, 4.09%, 0, 1, 2, 162.53
1494024690, 3, 121, 478, 244, 0, 4.09%, 0, 1, 2, 154.86
1494024695, 3, 123, 478, 244, 0, 4.09%, 0, 1, 2, 156.20
1494024700, 3, 124, 478, 244, 0, 4.09%, 0, 1, 2, 164.37
1494024706, 3, 126, 478, 244, 0, 4.09%, 0, 1, 2, 214.66
1494024711, 3, 129, 478, 244, 0, 4.09%, 0, 1, 2, 194.40
1494024716, 3, 132, 478, 244, 0, 4.09%, 0, 1, 2, 192.48
1494024721, 3, 134, 478, 244, 0, 4.09%, 0, 1, 2, 203.64
1494024726, 3, 140, 478, 244, 0, 4.09%, 0, 1, 2, 200.65
1494024731, 3, 142, 478, 244, 0, 4.09%, 0, 1, 2, 172.12
1494024736, 3, 143, 478, 244, 0, 4.09%, 0, 1, 2, 135.42
1494024741, 3, 150, 478, 243, 0, 4.09%, 0, 1, 2, 164.97
1494024747, 3, 153, 478, 243, 0, 4.09%, 0, 1, 2, 151.44
1494024757, 3, 156, 478, 242, 0, 4.09%, 0, 1, 2, 178.61
1494024762, 3, 160, 478, 242, 0, 4.09%, 0, 1, 2, 172.96
1494024767, 3, 167, 478, 242, 0, 4.09%, 0, 1, 2, 167.09
1494024772, 3, 172, 478, 242, 0, 4.09%, 0, 1, 2, 182.26
1494024777, 3, 173, 478, 242, 0, 4.09%, 0, 1, 2, 183.59
1494024782, 3, 175, 478, 242, 0, 4.09%, 0, 1, 2, 192.57
1494024787, 3, 178, 478, 242, 0, 4.09%, 0, 1, 2, 194.81
1494024792, 3, 182, 478, 241, 0, 4.09%, 0, 1, 2, 193.12
1494024797, 3, 188, 478, 240, 0, 4.09%, 0, 1, 2, 176.34
1494024803, 3, 191, 478, 240, 0, 4.09%, 0, 1, 2, 181.63
1494024808, 3, 192, 478, 239, 0, 4.09%, 0, 1, 2, 182.85
1494024813, 3, 196, 478, 238, 0, 4.09%, 0, 1, 2, 155.09
1494024818, 3, 197, 478, 237, 0, 4.09%, 0, 1, 2, 157.43
1494024823, 3, 201, 478, 237, 0, 4.09%, 0, 1, 2, 106.43
1494024828, 3, 203, 478, 236, 0, 4.09%, 0, 1, 2, 123.64
1494024833, 3, 206, 478, 236, 0, 4.09%, 0, 1, 2, 161.45
1494024839, 3, 207, 478, 236, 0, 4.09%, 0, 1, 2, 193.96
1494024844, 3, 219, 478, 236, 0, 4.09%, 0, 1, 2, 193.17
1494024849, 3, 220, 478, 236, 0, 4.09%, 0, 1, 2, 195.43
1494024854, 3, 223, 478, 235, 0, 4.09%, 0, 1, 2, 68.97
1494024880, 3, 224, 478, 234, 0, 4.09%, 0, 1, 2, 170.39
1494024885, 3, 229, 478, 233, 0, 4.09%, 0, 1, 2, 184.73
1494024890, 3, 230, 478, 232, 0, 4.09%, 0, 1, 2, 113.17
1494024895, 3, 232, 478, 231, 0, 4.09%, 0, 1, 2, 155.43
1494024900, 3, 233, 479, 232, 0, 4.09%, 0, 1, 2, 125.64
1494024905, 3, 238, 479, 231, 0, 4.09%, 0, 1, 2, 137.28
1494024911, 3, 239, 479, 231, 0, 4.09%, 0, 1, 2, 179.91
1494024916, 3, 245, 479, 231, 0, 4.09%, 0, 1, 2, 151.92
1494024921, 3, 251, 479, 231, 0, 4.09%, 0, 1, 2, 181.17
1494024926, 3, 257, 479, 231, 0, 4.09%, 0, 1, 2, 193.04
1494024931, 3, 261, 479, 230, 0, 4.09%, 0, 1, 2, 177.30
1494024936, 3, 262, 479, 230, 0, 4.09%, 0, 1, 2, 154.37
1494024941, 3, 273, 479, 229, 0, 4.09%, 0, 1, 2, 164.27
1494024951, 3, 275, 479, 229, 0, 4.09%, 0, 1, 2, 178.67
1494024957, 3, 278, 479, 228, 0, 4.09%, 0, 1, 2, 187.34
1494024962, 3, 280, 479, 228, 0, 4.09%, 0, 1, 2, 191.08
1494024967, 3, 285, 479, 228, 0, 4.09%, 0, 1, 2, 128.12
1494024972, 3, 286, 479, 227, 0, 4.09%, 0, 1, 2, 169.07
1494024977, 3, 290, 479, 227, 0, 4.09%, 0, 1, 2, 183.84
1494024982, 3, 294, 479, 226, 0, 4.09%, 0, 1, 2, 203.05
1494024987, 3, 297, 479, 225, 0, 4.09%, 0, 1, 2, 198.62
1494024993, 3, 300, 479, 225, 0, 4.09%, 0, 1, 2, 167.58
1494024998, 3, 303, 479, 225, 0, 4.09%, 0, 1, 2, 177.08
1494025003, 3, 313, 479, 225, 0, 4.09%, 0, 1, 2, 170.20
1494025008, 3, 315, 479, 224, 0, 4.09%, 0, 1, 2, 167.11
1494025013, 3, 320, 479, 224, 0, 4.09%, 0, 1, 2, 162.67
1494025018, 3, 323, 479, 223, 0, 4.09%, 0, 1, 2, 107.65
1494025023, 3, 324, 479, 222, 0, 4.09%, 0, 1, 2, 131.91
1494025028, 3, 326, 479, 222, 0, 4.09%, 0, 1, 2, 78.39
1494025064, 3, 327, 479, 221, 0, 4.09%, 0, 1, 2, 116.25
1494025069, 3, 329, 479, 221, 0, 4.09%, 0, 1, 2, 145.02
1494025074, 3, 330, 479, 220, 0, 4.09%, 0, 1, 2, 182.37
1494025079, 3, 336, 479, 220, 0, 4.09%, 0, 1, 2, 208.21
1494025084, 3, 341, 479, 220, 0, 4.09%, 0, 1, 2, 165.84
1494025089, 3, 344, 479, 219, 0, 4.09%, 0, 1, 2, 222.77
1494025094, 3, 347, 479, 219, 0, 4.09%, 0, 1, 2, 205.60
1494025099, 3, 354, 479, 219, 0, 4.09%, 0, 1, 2, 168.66
1494025104, 3, 356, 479, 219, 0, 4.09%, 0, 1, 2, 162.81
1494025109, 3, 362, 479, 218, 0, 4.09%, 0, 1, 2, 112.46
1494025125, 3, 449, 480, 218, 1, 4.09%, 0, 1, 2, 30.59
1494025150, 3, 479, 480, 217, 1, 4.09%, 0, 1, 2, 157.93
1494025155, 4, 0, 480, 216, 0, 4.09%, 0, 1, 2, 154.89
1494025160, 4, 2, 480, 216, 0, 4.09%, 0, 1, 2, 167.07
1494025166, 4, 5, 480, 216, 0, 4.09%, 0, 1, 2, 212.22
1494025171, 4, 12, 480, 216, 0, 4.09%, 0, 1, 2, 176.11
1494025176, 4, 18, 480, 216, 0, 4.09%, 0, 1, 2, 173.29
1494025181, 4, 20, 480, 216, 0, 4.09%, 0, 1, 2, 176.28
1494025186, 4, 26, 481, 217, 0, 4.09%, 0, 1, 2, 171.47
1494025191, 4, 31, 481, 217, 0, 4.09%, 0, 1, 2, 186.39
1494025196, 4, 34, 481, 217, 0, 4.09%, 0, 1, 2, 149.47
1494025201, 4, 38, 481, 217, 0, 4.09%, 0, 1, 2, 126.87
1494025206, 4, 44, 481, 217, 0, 4.09%, 0, 1, 2, 178.79
1494025212, 4, 49, 481, 216, 0, 4.09%, 0, 1, 2, 159.14
1494025217, 4, 51, 481, 216, 0, 4.09%, 0, 1, 2, 170.07
1494025222, 4, 53, 481, 216, 0, 4.09%, 0, 1, 2, 163.85
1494025227, 4, 57, 481, 216, 0, 4.09%, 0, 1, 2, 189.43
1494025232, 4, 62, 482, 216, 0, 4.09%, 0, 1, 2, 185.09
1494025237, 4, 63, 482, 216, 0, 4.09%, 0, 1, 2, 182.09
1494025242, 4, 67, 482, 216, 0, 4.09%, 0, 1, 2, 140.36
1494025247, 4, 158, 484, 218, 1, 4.09%, 0, 1, 2, 159.69
1494025253, 4, 172, 484, 217, 1, 4.09%, 0, 1, 2, 182.20
1494025258, 4, 288, 484, 217, 1, 4.09%, 0, 1, 2, 172.92
1494025268, 4, 302, 484, 216, 1, 4.09%, 0, 1, 2, 33.57
1494025294, 4, 397, 484, 215, 1, 4.09%, 0, 1, 2, 111.25
1494025299, 4, 406, 484, 215, 1, 4.09%, 0, 1, 2, 112.00
1494025314, 4, 445, 484, 214, 1, 4.09%, 0, 1, 2, 48.58
1494025340, 4, 482, 484, 213, 1, 4.09%, 0, 1, 2, 132.73
1494025360, 5, 1, 484, 212, 0, 4.09%, 0, 1, 2, 160.34
1494025365, 5, 2, 484, 212, 0, 4.09%, 0, 1, 2, 154.22
1494025371, 5, 5, 484, 212, 0, 4.09%, 0, 1, 2, 185.23
1494025376, 5, 15, 484, 212, 0, 4.09%, 0, 1, 2, 191.79
1494025381, 5, 19, 484, 212, 0, 4.09%, 0, 1, 2, 173.75
1494025386, 5, 21, 484, 212, 0, 4.09%, 0, 1, 2, 169.46
1494025391, 5, 28, 484, 212, 0, 4.09%, 0, 1, 2, 160.60
1494025396, 5, 33, 484, 212, 0, 4.09%, 0, 1, 2, 158.86
1494025401, 5, 37, 484, 212, 0, 4.09%, 0, 1, 2, 170.38
1494025406, 5, 41, 484, 212, 0, 4.09%, 0, 1, 2, 182.14
1494025411, 5, 44, 484, 210, 0, 4.09%, 0, 1, 2, 195.34
1494025416, 5, 48, 484, 209, 0, 4.09%, 0, 1, 2, 197.49
1494025422, 5, 50, 484, 208, 0, 4.09%, 0, 1, 2, 174.30
1494025427, 5, 52, 484, 208, 0, 4.09%, 0, 1, 2, 178.34
1494025432, 5, 55, 484, 208, 0, 4.09%, 0, 1, 2, 164.03
1494025437, 5, 62, 484, 208, 0, 4.09%, 0, 1, 2, 186.94
1494025442, 5, 63, 484, 208, 0, 4.09%, 0, 1, 2, 181.14
1494025447, 5, 67, 484, 208, 0, 4.09%, 0, 1, 2, 166.03
1494025452, 5, 69, 484, 208, 0, 4.09%, 0, 1, 2, 156.62
1494025457, 5, 73, 484, 208, 0, 4.09%, 0, 1, 2, 163.67
1494025462, 5, 74, 484, 208, 0, 4.09%, 0, 1, 2, 186.81
1494025467, 5, 76, 484, 207, 0, 4.09%, 0, 1, 2, 186.70
1494025473, 5, 78, 484, 207, 0, 4.09%, 0, 1, 2, 175.68
1494025478, 5, 82, 484, 207, 0, 4.09%, 0, 1, 2, 150.22
1494025483, 5, 86, 484, 206, 0, 4.09%, 0, 1, 2, 178.49
1494025488, 5, 87, 484, 206, 0, 4.09%, 0, 1, 2, 164.18
1494025493, 5, 88, 484, 206, 0, 4.09%, 0, 1, 2, 207.44
1494025498, 5, 92, 484, 206, 0, 4.09%, 0, 1, 2, 158.38
1494025503, 5, 94, 484, 205, 0, 4.09%, 0, 1, 2, 168.65
1494025509, 5, 97, 484, 205, 0, 4.09%, 0, 1, 2, 198.22
1494025514, 5, 101, 484, 205, 0, 4.09%, 0, 1, 2, 174.27
1494025519, 5, 106, 484, 205, 0, 4.09%, 0, 1, 2, 181.87
1494025524, 5, 110, 484, 205, 0, 4.09%, 0, 1, 2, 165.36
1494025529, 5, 113, 484, 205, 0, 4.09%, 0, 1, 2, 170.03
1494025534, 5, 119, 484, 205, 0, 4.09%, 0, 1, 2, 172.42
1494025539, 5, 121, 484, 205, 0, 4.09%, 0, 1, 2, 139.42
1494025544, 5, 122, 484, 205, 0, 4.09%, 0, 1, 2, 134.39
1494025549, 5, 123, 484, 205, 0, 4.09%, 0, 1, 2, 325.82
1494025554, 5, 125, 484, 205, 0, 4.09%, 0, 1, 2, 195.74
1494025559, 5, 126, 484, 204, 0, 4.09%, 0, 1, 2, 193.43
1494025564, 5, 127, 484, 204, 0, 4.09%, 0, 1, 2, 184.06
1494025570, 5, 129, 484, 203, 0, 4.09%, 0, 1, 2, 18.86
1494025575, 5, 132, 484, 203, 0, 4.09%, 0, 1, 2, 164.80
1494025580, 5, 134, 484, 203, 0, 4.09%, 0, 1, 2, 169.04
1494025585, 5, 137, 484, 203, 0, 4.09%, 0, 1, 2, 188.70
1494025590, 5, 139, 484, 203, 0, 4.09%, 0, 1, 2, 203.70
1494025595, 5, 140, 484, 203, 0, 4.09%, 0, 1, 2, 180.97
1494025600, 5, 149, 484, 203, 0, 4.09%, 0, 1, 2, 178.65
1494025605, 5, 151, 484, 203, 0, 4.09%, 0, 1, 2, 174.60
1494025610, 5, 153, 484, 203, 0, 4.09%, 0, 1, 2, 190.58
1494025615, 5, 156, 484, 203, 0, 4.09%, 0, 1, 2, 203.50
1494025620, 5, 162, 484, 203, 0, 4.09%, 0, 1, 2, 144.68
1494025626, 5, 167, 484, 203, 0, 4.09%, 0, 1, 2, 193.18
1494025631, 5, 169, 484, 202, 0, 4.09%, 0, 1, 2, 213.14
1494025636, 5, 171, 484, 202, 0, 4.09%, 0, 1, 2, 175.37
1494025641, 5, 172, 485, 202, 0, 4.09%, 0, 1, 2, 20.83
1494025646, 5, 175, 485, 202, 0, 4.09%, 0, 1, 2, 37.04
1494025656, 5, 177, 485, 201, 0, 4.09%, 0, 1, 2, 210.28
1494025661, 5, 182, 485, 201, 0, 4.09%, 0, 1, 2, 194.78
1494025667, 5, 185, 485, 201, 0, 4.09%, 0, 1, 2, 158.99
1494025672, 5, 188, 485, 199, 0, 4.09%, 0, 1, 2, 177.93
1494025677, 5, 190, 485, 199, 0, 4.09%, 0, 1, 2, 161.77
1494025682, 5, 192, 485, 198, 0, 4.09%, 0, 1, 2, 191.57
1494025687, 5, 204, 485, 198, 0, 4.09%, 0, 1, 2, 172.99
1494025692, 5, 207, 485, 197, 0, 4.09%, 0, 1, 2, 182.62
1494025697, 5, 208, 485, 197, 0, 4.09%, 0, 1, 2, 173.59
1494025703, 5, 210, 485, 196, 0, 4.09%, 0, 1, 2, 187.65
1494025708, 5, 212, 485, 196, 0, 4.09%, 0, 1, 2, 156.23
1494025713, 5, 219, 486, 196, 0, 4.09%, 0, 1, 2, 161.23
1494025718, 5, 221, 486, 196, 0, 4.09%, 0, 1, 2, 181.54
1494025723, 5, 224, 486, 196, 0, 4.09%, 0, 1, 2, 171.40
1494025728, 5, 228, 486, 196, 0, 4.09%, 0, 1, 2, 174.21
1494025733, 5, 235, 486, 195, 0, 4.09%, 0, 1, 2, 207.55
1494025738, 5, 238, 486, 195, 0, 4.09%, 0, 1, 2, 190.66
1494025743, 5, 239, 486, 195, 0, 4.09%, 0, 1, 2, 188.49
1494025749, 5, 245, 486, 195, 0, 4.09%, 0, 1, 2, 137.81
1494025754, 5, 251, 486, 194, 0, 4.09%, 0, 1, 2, 162.43
1494025759, 5, 257, 486, 194, 0, 4.09%, 0, 1, 2, 195.04
1494025764, 5, 259, 486, 194, 0, 4.09%, 0, 1, 2, 172.16
1494025774, 5, 263, 486, 193, 0, 4.09%, 0, 1, 2, 140.75
1494025779, 5, 267, 486, 192, 0, 4.09%, 0, 1, 2, 202.65
1494025785, 5, 268, 486, 191, 0, 4.09%, 0, 1, 2, 217.92
1494025790, 5, 273, 486, 190, 0, 4.09%, 0, 1, 2, 196.91
1494025795, 5, 275, 486, 190, 0, 4.09%, 0, 1, 2, 185.28
1494025805, 5, 280, 486, 190, 0, 4.09%, 0, 1, 2, 177.77
1494025810, 5, 286, 486, 190, 0, 4.09%, 0, 1, 2, 128.43
1494025815, 5, 287, 486, 190, 0, 4.09%, 0, 1, 2, 172.09
1494025821, 5, 293, 486, 189, 0, 4.09%, 0, 1, 2, 183.49
1494025826, 5, 297, 487, 189, 0, 4.09%, 0, 1, 2, 200.57
1494025831, 5, 300, 487, 189, 0, 4.09%, 0, 1, 2, 199.46
1494025841, 5, 308, 487, 188, 0, 4.09%, 0, 1, 2, 177.84
1494025851, 5, 312, 487, 187, 0, 4.09%, 0, 1, 2, 149.66
1494025856, 5, 313, 487, 186, 0, 4.09%, 0, 1, 2, 198.59
1494025861, 5, 319, 487, 186, 0, 4.09%, 0, 1, 2, 152.27
1494025866, 5, 324, 487, 185, 0, 4.09%, 0, 1, 2, 125.60
1494025872, 5, 328, 487, 185, 0, 4.09%, 0, 1, 2, 141.35
1494025877, 5, 330, 487, 185, 0, 4.09%, 0, 1, 2, 177.39
1494025882, 5, 335, 487, 185, 0, 4.09%, 0, 1, 2, 139.98
1494025897, 5, 336, 487, 184, 0, 4.09%, 0, 1, 2, 157.07
1494025902, 5, 338, 488, 185, 0, 4.09%, 0, 1, 2, 169.42
1494025907, 5, 339, 488, 185, 0, 4.09%, 0, 1, 2, 32.05
1494025938, 5, 344, 488, 184, 0, 4.09%, 0, 1, 2, 194.31
1494025943, 5, 347, 488, 184, 0, 4.09%, 0, 1, 2, 175.54
1494025948, 5, 350, 488, 184, 0, 4.09%, 0, 1, 2, 30.92
1494025979, 5, 355, 488, 183, 0, 4.09%, 0, 1, 2, 144.20
1494025984, 5, 366, 488, 183, 0, 4.09%, 0, 1, 2, 21.73
1494026061, 5, 371, 488, 182, 0, 4.09%, 0, 1, 2, 155.83
1494026066, 5, 373, 488, 182, 0, 4.09%, 0, 1, 2, 179.33
1494026107, 5, 377, 488, 181, 0, 4.09%, 0, 1, 2, 130.20
1494026112, 5, 382, 489, 180, 0, 4.09%, 0, 1, 2, 30.04
1494026118, 5, 488, 489, 180, 1, 4.09%, 0, 1, 2, 23.46
1494026209, 6, 1, 489, 179, 0, 4.09%, 0, 1, 2, 157.69
1494026214, 6, 3, 489, 179, 0, 4.09%, 0, 1, 2, 168.26
1494026220, 6, 5, 489, 178, 0, 4.09%, 0, 1, 2, 205.74
1494026225, 6, 10, 489, 178, 0, 4.09%, 0, 1, 2, 186.65
1494026230, 6, 15, 489, 177, 0, 4.09%, 0, 1, 2, 176.01
1494026235, 6, 19, 489, 177, 0, 4.09%, 0, 1, 2, 164.80
1494026240, 6, 21, 490, 178, 0, 4.09%, 0, 1, 2, 151.05
1494026245, 6, 28, 490, 178, 0, 4.09%, 0, 1, 2, 215.27
1494026250, 6, 30, 490, 177, 0, 4.09%, 0, 1, 2, 211.09
1494026255, 6, 32, 490, 177, 0, 4.09%, 0, 1, 2, 168.74
1494026261, 6, 34, 490, 176, 0, 4.09%, 0, 1, 2, 146.06
1494026266, 6, 38, 490, 176, 0, 4.09%, 0, 1, 2, 160.77
1494026271, 6, 44, 490, 176, 0, 4.09%, 0, 1, 2, 193.81
1494026276, 6, 51, 490, 176, 0, 4.09%, 0, 1, 2, 170.75
1494026281, 6, 53, 490, 176, 0, 4.09%, 0, 1, 2, 114.47
1494026286, 6, 56, 490, 176, 0, 4.09%, 0, 1, 2, 170.31
1494026291, 6, 62, 490, 176, 0, 4.09%, 0, 1, 2, 175.16
1494026296, 6, 63, 490, 176, 0, 4.09%, 0, 1, 2, 210.91
1494026302, 6, 67, 490, 176, 0, 4.09%, 0, 1, 2, 166.72
1494026307, 6, 69, 490, 176, 0, 4.09%, 0, 1, 2, 178.08
1494026312, 6, 73, 490, 176, 0, 4.09%, 0, 1, 2, 177.04
1494026317, 6, 76, 490, 176, 0, 4.09%, 0, 1, 2, 147.09
1494026322, 6, 78, 490, 176, 0, 4.09%, 0, 1, 2, 187.94
1494026327, 6, 80, 490, 176, 0, 4.09%, 0, 1, 2, 176.01
1494026332, 6, 82, 490, 175, 0, 4.09%, 0, 1, 2, 179.55
1494026337, 6, 87, 490, 175, 0, 4.09%, 0, 1, 2, 155.62
1494026342, 6, 91, 490, 175, 0, 4.09%, 0, 1, 2, 92.78
1494026347, 6, 94, 490, 175, 0, 4.09%, 0, 1, 2, 193.70
1494026357, 6, 101, 490, 175, 0, 4.09%, 0, 1, 2, 180.14
1494026363, 6, 103, 490, 175, 0, 4.09%, 0, 1, 2, 175.29
1494026368, 6, 106, 490, 174, 0, 4.09%, 0, 1, 2, 198.36
1494026373, 6, 110, 490, 174, 0, 4.09%, 0, 1, 2, 168.50
1494026378, 6, 112, 490, 174, 0, 4.09%, 0, 1, 2, 162.63
1494026383, 6, 114, 490, 174, 0, 4.09%, 0, 1, 2, 158.39
1494026388, 6, 119, 490, 173, 0, 4.09%, 0, 1, 2, 183.53
1494026394, 6, 121, 490, 173, 0, 4.09%, 0, 1, 2, 149.17
1494026399, 6, 122, 490, 173, 0, 4.09%, 0, 1, 2, 18.10
1494026404, 6, 123, 490, 173, 0, 4.09%, 0, 1, 2, 165.34
1494026409, 6, 124, 490, 173, 0, 4.09%, 0, 1, 2, 153.29
1494026414, 6, 126, 490, 173, 0, 4.09%, 0, 1, 2, 161.64
1494026419, 6, 129, 490, 173, 0, 4.09%, 0, 1, 2, 167.03
1494026424, 6, 132, 490, 172, 0, 4.09%, 0, 1, 2, 188.41
1494026429, 6, 134, 490, 172, 0, 4.09%, 0, 1, 2, 188.04
1494026435, 6, 139, 490, 172, 0, 4.09%, 0, 1, 2, 164.18
1494026440, 6, 140, 490, 172, 0, 4.09%, 0, 1, 2, 174.51
1494026445, 6, 146, 490, 172, 0, 4.09%, 0, 1, 2, 188.03
1494026450, 6, 151, 490, 172, 0, 4.09%, 0, 1, 2, 174.75
1494026455, 6, 153, 490, 172, 0, 4.09%, 0, 1, 2, 166.00
1494026460, 6, 156, 490, 172, 0, 4.09%, 0, 1, 2, 197.62
1494026465, 6, 160, 490, 172, 0, 4.09%, 0, 1, 2, 172.74
1494026470, 6, 167, 490, 172, 0, 4.09%, 0, 1, 2, 174.80
1494026475, 6, 172, 490, 172, 0, 4.09%, 0, 1, 2, 178.62
1494026486, 6, 175, 490, 172, 0, 4.09%, 0, 1, 2, 193.85
1494026491, 6, 177, 490, 172, 0, 4.09%, 0, 1, 2, 184.23
1494026496, 6, 182, 490, 172, 0, 4.09%, 0, 1, 2, 203.60
1494026501, 6, 184, 490, 172, 0, 4.09%, 0, 1, 2, 154.85
1494026506, 6, 188, 490, 171, 0, 4.09%, 0, 1, 2, 174.28
1494026511, 6, 192, 490, 171, 0, 4.09%, 0, 1, 2, 181.65
1494026516, 6, 200, 490, 171, 0, 4.09%, 0, 1, 2, 143.37
1494026521, 6, 203, 490, 169, 0, 4.09%, 0, 1, 2, 167.03
1494026527, 6, 207, 490, 169, 0, 4.09%, 0, 1, 2, 190.77
1494026532, 6, 210, 490, 169, 0, 4.09%, 0, 1, 2, 222.95
1494026537, 6, 219, 490, 168, 0, 4.09%, 0, 1, 2, 192.21
1494026542, 6, 224, 490, 168, 0, 4.09%, 0, 1, 2, 175.79
1494026547, 6, 225, 490, 168, 0, 4.09%, 0, 1, 2, 176.82
1494026552, 6, 232, 490, 167, 0, 4.09%, 0, 1, 2, 187.86
1494026557, 6, 238, 490, 167, 0, 4.09%, 0, 1, 2, 118.35
1494026568, 6, 240, 490, 167, 0, 4.09%, 0, 1, 2, 158.76
1494026573, 6, 245, 490, 166, 0, 4.09%, 0, 1, 2, 152.06
1494026578, 6, 248, 490, 166, 0, 4.09%, 0, 1, 2, 88.32
1494026583, 6, 251, 490, 165, 0, 4.09%, 0, 1, 2, 154.70
1494026588, 6, 253, 490, 165, 0, 4.09%, 0, 1, 2, 170.78
1494026598, 6, 257, 490, 164, 0, 4.09%, 0, 1, 2, 195.23
1494026603, 6, 263, 490, 164, 0, 4.09%, 0, 1, 2, 169.62
1494026608, 6, 273, 490, 164, 0, 4.09%, 0, 1, 2, 179.04
1494026613, 6, 275, 490, 164, 0, 4.09%, 0, 1, 2, 154.49
1494026618, 6, 276, 490, 164, 0, 4.09%, 0, 1, 2, 166.12
1494026624, 6, 280, 490, 164, 0, 4.09%, 0, 1, 2, 176.96
1494026629, 6, 286, 490, 164, 0, 4.09%, 0, 1, 2, 195.05
1494026634, 6, 291, 490, 164, 0, 4.09%, 0, 1, 2, 169.16
1494026639, 6, 297, 490, 163, 0, 4.09%, 0, 1, 2, 193.75
1494026644, 6, 300, 490, 163, 0, 4.09%, 0, 1, 2, 217.78
1494026654, 6, 309, 490, 163, 0, 4.09%, 0, 1, 2, 211.47
1494026660, 6, 313, 490, 161, 0, 4.09%, 0, 1, 2, 234.36
1494026665, 6, 315, 490, 161, 0, 4.09%, 0, 1, 2, 187.20
1494026670, 6, 320, 490, 161, 0, 4.09%, 0, 1, 2, 187.30
1494026675, 6, 324, 490, 161, 0, 4.09%, 0, 1, 2, 161.11
1494026680, 6, 328, 490, 161, 0, 4.09%, 0, 1, 2, 174.83
1494026685, 6, 330, 490, 161, 0, 4.09%, 0, 1, 2, 189.85
1494026690, 6, 334, 490, 160, 0, 4.09%, 0, 1, 2, 188.62
1494026695, 6, 336, 490, 159, 0, 4.09%, 0, 1, 2, 175.20
1494026700, 6, 338, 490, 159, 0, 4.09%, 0, 1, 2, 190.26
1494026705, 6, 342, 491, 159, 0, 4.09%, 0, 1, 2, 136.26
1494026715, 6, 344, 491, 158, 0, 4.09%, 0, 1, 2, 208.88
1494026720, 6, 347, 491, 157, 0, 4.09%, 0, 1, 2, 160.17
1494026726, 6, 354, 491, 157, 0, 4.09%, 0, 1, 2, 137.88
1494026731, 6, 355, 491, 157, 0, 4.09%, 0, 1, 2, 155.17
1494026736, 6, 368, 491, 157, 0, 4.09%, 0, 1, 2, 109.72
1494026741, 6, 371, 491, 156, 0, 4.09%, 0, 1, 2, 149.81
1494026746, 6, 375, 491, 156, 0, 4.09%, 0, 1, 2, 178.10
1494026756, 6, 376, 491, 155, 0, 4.09%, 0, 1, 2, 148.40
1494026766, 6, 380, 491, 154, 0, 4.09%, 0, 1, 2, 130.47
1494026782, 6, 381, 491, 153, 0, 4.09%, 0, 1, 2, 167.21
1494026802, 6, 385, 491, 152, 0, 4.09%, 0, 1, 2, 187.32
1494026807, 6, 389, 491, 152, 0, 4.09%, 0, 1, 2, 188.83
1494026813, 6, 390, 491, 152, 0, 4.09%, 0, 1, 2, 12.85
1494026895, 6, 391, 491, 151, 0, 4.09%, 0, 1, 2, 51.89
1494026905, 6, 392, 491, 150, 0, 4.09%, 0, 1, 2, 125.36
1494026925, 6, 402, 491, 149, 0, 4.09%, 0, 1, 2, 129.52
1494026936, 6, 404, 491, 147, 0, 4.09%, 0, 1, 2, 167.84
1494026941, 6, 407, 491, 146, 0, 4.09%, 0, 1, 2, 157.48
1494026946, 6, 408, 491, 146, 0, 4.09%, 0, 1, 2, 114.17
1494026951, 6, 409, 491, 145, 0, 4.09%, 0, 1, 2, 204.41
1494026956, 6, 413, 491, 145, 0, 4.09%, 0, 1, 2, 105.87
1494026961, 6, 420, 492, 145, 0, 4.09%, 0, 1, 2, 132.05
1494026967, 6, 426, 492, 145, 0, 4.09%, 0, 1, 2, 155.62
1494027003, 6, 437, 492, 144, 0, 4.09%, 0, 1, 2, 15.17
1494027008, 6, 447, 492, 143, 0, 4.09%, 0, 1, 2, 144.61
1494027013, 6, 453, 492, 143, 0, 4.09%, 0, 1, 2, 108.27
1494027018, 6, 454, 492, 142, 0, 4.09%, 0, 1, 2, 127.11
1494027028, 6, 458, 492, 141, 0, 4.09%, 0, 1, 2, 77.02
1494027044, 6, 461, 492, 140, 0, 4.09%, 0, 1, 2, 91.45
1494027049, 6, 462, 492, 140, 0, 4.09%, 0, 1, 2, 166.89
1494027054, 6, 464, 492, 140, 0, 4.09%, 0, 1, 2, 154.98
1494027059, 6, 465, 492, 139, 0, 4.09%, 0, 1, 2, 42.78
1494027064, 6, 466, 492, 139, 0, 4.09%, 0, 1, 2, 49.50
1494027069, 6, 467, 492, 138, 0, 4.09%, 0, 1, 2, 118.19
1494027074, 6, 468, 493, 139, 0, 4.09%, 0, 1, 2, 118.55
1494027079, 6, 469, 493, 139, 0, 4.09%, 0, 1, 2, 44.16
1494027084, 6, 472, 493, 139, 0, 4.09%, 0, 1, 2, 127.07
1494027090, 6, 477, 493, 139, 0, 4.09%, 0, 1, 2, 155.16
1494027095, 6, 479, 493, 139, 0, 4.09%, 0, 1, 2, 166.64
1494027100, 6, 482, 493, 139, 0, 4.09%, 0, 1, 2, 185.05
1494027105, 6, 488, 493, 139, 0, 4.09%, 0, 1, 2, 40.61
1494027110, 6, 490, 493, 139, 0, 4.09%, 0, 1, 2, 93.80
1494027130, 6, 491, 493, 138, 0, 4.09%, 0, 1, 2, 142.01
1494027145, 7, 1, 494, 138, 0, 4.09%, 0, 1, 2, 106.59
1494027151, 7, 2, 494, 138, 0, 4.09%, 0, 1, 2, 142.66
1494027156, 7, 5, 494, 138, 0, 4.09%, 0, 1, 2, 129.39
1494027161, 7, 12, 494, 138, 0, 4.09%, 0, 1, 2, 140.35
1494027166, 7, 18, 494, 137, 0, 4.09%, 0, 1, 2, 153.32
1494027171, 7, 20, 494, 137, 0, 4.09%, 0, 1, 2, 153.45
1494027176, 7, 28, 494, 137, 0, 4.09%, 0, 1, 2, 172.16
1494027181, 7, 31, 494, 137, 0, 4.09%, 0, 1, 2, 167.56
1494027186, 7, 34, 494, 137, 0, 4.09%, 0, 1, 2, 139.97
1494027191, 7, 37, 494, 137, 0, 4.09%, 0, 1, 2, 157.63
1494027196, 7, 39, 494, 137, 0, 4.09%, 0, 1, 2, 162.96
1494027201, 7, 44, 494, 136, 0, 4.09%, 0, 1, 2, 140.01
1494027207, 7, 49, 494, 136, 0, 4.09%, 0, 1, 2, 160.07
1494027212, 7, 51, 494, 136, 0, 4.09%, 0, 1, 2, 178.50
1494027217, 7, 53, 494, 136, 0, 4.09%, 0, 1, 2, 152.03
1494027222, 7, 55, 494, 136, 0, 4.09%, 0, 1, 2, 168.10
1494027227, 7, 57, 494, 136, 0, 4.09%, 0, 1, 2, 170.83
1494027232, 7, 63, 494, 136, 0, 4.09%, 0, 1, 2, 182.96
1494027238, 7, 65, 494, 135, 0, 4.09%, 0, 1, 2, 167.94
1494027243, 7, 68, 494, 135, 0, 4.09%, 0, 1, 2, 170.13
1494027248, 7, 70, 494, 135, 0, 4.09%, 0, 1, 2, 139.19
1494027253, 7, 72, 494, 134, 0, 4.09%, 0, 1, 2, 172.96
1494027258, 7, 75, 494, 134, 0, 4.09%, 0, 1, 2, 169.55
1494027264, 7, 76, 495, 135, 0, 4.09%, 0, 1, 2, 187.27
1494027269, 7, 79, 495, 135, 0, 4.09%, 0, 1, 2, 164.23
1494027274, 7, 82, 495, 135, 0, 4.09%, 0, 1, 2, 171.67
1494027279, 7, 84, 495, 135, 0, 4.09%, 0, 1, 2, 133.54
1494027284, 7, 87, 495, 134, 0, 4.09%, 0, 1, 2, 156.35
1494027289, 7, 91, 495, 134, 0, 4.09%, 0, 1, 2, 79.25
1494027294, 7, 94, 495, 134, 0, 4.09%, 0, 1, 2, 216.65
1494027299, 7, 97, 495, 134, 0, 4.09%, 0, 1, 2, 135.11
1494027305, 7, 98, 495, 134, 0, 4.09%, 0, 1, 2, 175.27
1494027310, 7, 101, 495, 133, 0, 4.09%, 0, 1, 2, 181.95
1494027315, 7, 106, 495, 133, 0, 4.09%, 0, 1, 2, 189.39
1494027320, 7, 109, 495, 132, 0, 4.09%, 0, 1, 2, 209.20
1494027325, 7, 111, 495, 132, 0, 4.09%, 0, 1, 2, 176.19
1494027330, 7, 113, 495, 132, 0, 4.09%, 0, 1, 2, 146.41
1494027336, 7, 119, 496, 133, 0, 4.09%, 0, 1, 2, 167.09
1494027341, 7, 121, 496, 133, 0, 4.09%, 0, 1, 2, 165.46
1494027346, 7, 123, 496, 133, 0, 4.09%, 0, 1, 2, 154.27
1494027351, 7, 124, 496, 133, 0, 4.09%, 0, 1, 2, 164.60
1494027356, 7, 126, 496, 133, 0, 4.09%, 0, 1, 2, 185.07
1494027366, 7, 129, 496, 133, 0, 4.09%, 0, 1, 2, 184.94
1494027371, 7, 132, 496, 133, 0, 4.09%, 0, 1, 2, 188.56
1494027376, 7, 134, 496, 133, 0, 4.09%, 0, 1, 2, 205.25
1494027381, 7, 140, 496, 133, 0, 4.09%, 0, 1, 2, 191.82
1494027386, 7, 142, 496, 133, 0, 4.09%, 0, 1, 2, 167.51
1494027391, 7, 150, 496, 133, 0, 4.09%, 0, 1, 2, 169.44
1494027397, 7, 152, 496, 133, 0, 4.09%, 0, 1, 2, 162.70
1494027402, 7, 153, 496, 132, 0, 4.09%, 0, 1, 2, 183.74
1494027407, 7, 156, 496, 132, 0, 4.09%, 0, 1, 2, 170.38
1494027412, 7, 160, 496, 131, 0, 4.09%, 0, 1, 2, 187.25
1494027417, 7, 162, 496, 131, 0, 4.09%, 0, 1, 2, 156.92
1494027422, 7, 169, 496, 131, 0, 4.09%, 0, 1, 2, 169.75
1494027427, 7, 172, 496, 131, 0, 4.09%, 0, 1, 2, 181.02
1494027433, 7, 175, 496, 131, 0, 4.09%, 0, 1, 2, 177.10
1494027443, 7, 181, 496, 131, 0, 4.09%, 0, 1, 2, 172.50
1494027453, 7, 182, 496, 130, 0, 4.09%, 0, 1, 2, 197.38
1494027458, 7, 187, 496, 130, 0, 4.09%, 0, 1, 2, 109.70
1494027463, 7, 188, 496, 129, 0, 4.09%, 0, 1, 2, 176.04
1494027468, 7, 192, 496, 129, 0, 4.09%, 0, 1, 2, 197.00
1494027474, 7, 206, 496, 129, 0, 4.09%, 0, 1, 2, 154.25
1494027479, 7, 207, 497, 130, 0, 4.09%, 0, 1, 2, 180.24
1494027484, 7, 210, 497, 130, 0, 4.09%, 0, 1, 2, 190.04
1494027489, 7, 219, 497, 129, 0, 4.09%, 0, 1, 2, 179.20
1494027494, 7, 224, 497, 129, 0, 4.09%, 0, 1, 2, 159.29
1494027499, 7, 228, 497, 129, 0, 4.09%, 0, 1, 2, 192.47
1494027505, 7, 235, 497, 129, 0, 4.09%, 0, 1, 2, 193.65
1494027510, 7, 237, 497, 129, 0, 4.09%, 0, 1, 2, 183.06
1494027515, 7, 238, 497, 128, 0, 4.09%, 0, 1, 2, 188.47
1494027520, 7, 240, 497, 128, 0, 4.09%, 0, 1, 2, 163.36
1494027525, 7, 244, 497, 128, 0, 4.09%, 0, 1, 2, 54.24
1494027531, 7, 245, 497, 127, 0, 4.09%, 0, 1, 2, 137.80
1494027536, 7, 251, 497, 127, 0, 4.09%, 0, 1, 2, 18.91
1494027541, 7, 254, 497, 127, 0, 4.09%, 0, 1, 2, 203.49
1494027546, 7, 257, 497, 126, 0, 4.09%, 0, 1, 2, 202.76
1494027551, 7, 261, 497, 125, 0, 4.09%, 0, 1, 2, 180.71
1494027556, 7, 273, 497, 125, 0, 4.09%, 0, 1, 2, 113.47
1494027566, 7, 275, 497, 125, 0, 4.09%, 0, 1, 2, 172.31
1494027571, 7, 278, 497, 125, 0, 4.09%, 0, 1, 2, 21.75
1494027576, 7, 280, 497, 125, 0, 4.09%, 0, 1, 2, 195.79
1494027581, 7, 286, 497, 124, 0, 4.09%, 0, 1, 2, 182.65
1494027587, 7, 287, 497, 124, 0, 4.09%, 0, 1, 2, 185.55
1494027592, 7, 297, 497, 123, 0, 4.09%, 0, 1, 2, 184.92
1494027602, 7, 300, 497, 122, 0, 4.09%, 0, 1, 2, 191.60
1494027607, 7, 303, 497, 122, 0, 4.09%, 0, 1, 2, 194.37
1494027612, 7, 313, 497, 122, 0, 4.09%, 0, 1, 2, 172.73
1494027617, 7, 320, 497, 122, 0, 4.09%, 0, 1, 2, 173.98
1494027622, 7, 322, 497, 122, 0, 4.09%, 0, 1, 2, 65.70
1494027632, 7, 328, 497, 121, 0, 4.09%, 0, 1, 2, 167.66
1494027638, 7, 330, 497, 121, 0, 4.09%, 0, 1, 2, 183.47
1494027643, 7, 336, 497, 121, 0, 4.09%, 0, 1, 2, 155.70
1494027648, 7, 337, 498, 122, 0, 4.09%, 0, 1, 2, 135.76
1494027653, 7, 343, 498, 122, 0, 4.09%, 0, 1, 2, 169.91
1494027658, 7, 344, 498, 122, 0, 4.09%, 0, 1, 2, 188.25
1494027663, 7, 349, 499, 123, 0, 4.09%, 0, 1, 2, 170.74
1494027668, 7, 355, 499, 123, 0, 4.09%, 0, 1, 2, 173.02
1494027673, 7, 358, 499, 123, 0, 4.09%, 0, 1, 2, 165.26
1494027678, 7, 361, 499, 121, 0, 4.09%, 0, 1, 2, 140.74
1494027698, 7, 363, 499, 120, 0, 4.09%, 0, 1, 2, 96.09
1494027704, 7, 364, 499, 119, 0, 4.09%, 0, 1, 2, 91.23
1494027709, 7, 365, 499, 118, 0, 4.09%, 0, 1, 2, 162.61
1494027714, 7, 368, 499, 117, 0, 4.09%, 0, 1, 2, 161.87
1494027719, 7, 369, 499, 117, 0, 4.09%, 0, 1, 2, 139.81
1494027724, 7, 371, 500, 117, 0, 4.09%, 0, 1, 2, 193.42
1494027729, 7, 383, 500, 117, 0, 4.09%, 0, 1, 2, 18.18
1494027780, 7, 385, 500, 116, 0, 4.09%, 0, 1, 2, 204.32
1494027785, 7, 387, 500, 116, 0, 4.09%, 0, 1, 2, 167.05
1494027806, 7, 389, 500, 115, 0, 4.09%, 0, 1, 2, 172.83
1494027811, 7, 396, 500, 115, 0, 4.09%, 0, 1, 2, 54.29
1494027816, 7, 399, 500, 115, 0, 4.09%, 0, 1, 2, 148.84
1494027826, 7, 409, 500, 114, 0, 4.09%, 0, 1, 2, 145.98
1494027831, 7, 413, 500, 114, 0, 4.09%, 0, 1, 2, 193.95
1494027837, 7, 415, 500, 114, 0, 4.09%, 0, 1, 2, 158.19
1494027842, 7, 418, 500, 113, 0, 4.09%, 0, 1, 2, 183.54
1494027862, 7, 420, 500, 112, 0, 4.09%, 0, 1, 2, 123.72
1494027867, 7, 429, 500, 112, 0, 4.09%, 0, 1, 2, 163.09
1494027872, 7, 436, 500, 111, 0, 4.09%, 0, 1, 2, 163.24
1494027878, 7, 438, 500, 111, 0, 4.09%, 0, 1, 2, 125.89
1494027893, 7, 442, 500, 110, 0, 4.09%, 0, 1, 2, 142.26
1494027903, 7, 444, 500, 109, 0, 4.09%, 0, 1, 2, 106.33
1494027929, 7, 447, 500, 108, 0, 4.09%, 0, 1, 2, 109.29
1494027934, 7, 455, 500, 107, 0, 4.09%, 0, 1, 2, 113.46
1494027939, 7, 459, 500, 107, 0, 4.09%, 0, 1, 2, 85.19
1494027954, 7, 462, 500, 106, 0, 4.09%, 0, 1, 2, 48.71
1494027959, 7, 463, 500, 106, 0, 4.09%, 0, 1, 2, 134.45
1494027965, 7, 465, 501, 107, 0, 4.09%, 0, 1, 2, 197.81
1494027970, 7, 468, 501, 107, 0, 4.09%, 0, 1, 2, 164.66
1494027975, 7, 469, 501, 107, 0, 4.09%, 0, 1, 2, 74.40
1494027980, 7, 471, 501, 107, 0, 4.09%, 0, 1, 2, 131.88
1494028001, 7, 472, 502, 107, 0, 4.09%, 0, 1, 2, 171.81
1494028006, 7, 474, 502, 107, 0, 4.09%, 0, 1, 2, 156.17
1494028011, 7, 475, 502, 107, 0, 4.09%, 0, 1, 2, 20.99
1494028067, 7, 476, 502, 106, 0, 4.09%, 0, 1, 2, 198.23
1494028072, 7, 477, 502, 105, 0, 4.09%, 0, 1, 2, 186.72
1494028077, 7, 487, 504, 107, 1, 4.09%, 0, 1, 2, 133.65
1494028098, 7, 503, 504, 106, 1, 4.09%, 0, 1, 2, 123.39
1494028113, 8, 0, 504, 105, 0, 4.09%, 0, 1, 2, 155.65
1494028118, 8, 2, 504, 105, 0, 4.09%, 0, 1, 2, 153.88
1494028124, 8, 5, 505, 106, 0, 4.09%, 0, 1, 2, 152.40
1494028129, 8, 10, 505, 106, 0, 4.09%, 0, 1, 2, 177.99
1494028134, 8, 15, 505, 106, 0, 4.09%, 0, 1, 2, 23.90
1494028139, 8, 19, 505, 106, 0, 4.09%, 0, 1, 2, 157.45
1494028144, 8, 26, 505, 106, 0, 4.09%, 0, 1, 2, 191.11
1494028149, 8, 27, 506, 107, 0, 4.09%, 0, 1, 2, 156.35
1494028154, 8, 30, 506, 106, 0, 4.09%, 0, 1, 2, 155.84
1494028159, 8, 33, 506, 106, 0, 4.09%, 0, 1, 2, 171.56
1494028164, 8, 37, 506, 106, 0, 4.09%, 0, 1, 2, 166.31
1494028169, 8, 40, 506, 106, 0, 4.09%, 0, 1, 2, 168.32
1494028174, 8, 44, 506, 105, 0, 4.09%, 0, 1, 2, 195.49
1494028179, 8, 50, 506, 105, 0, 4.09%, 0, 1, 2, 131.01
1494028185, 8, 52, 506, 105, 0, 4.09%, 0, 1, 2, 160.76
1494028190, 8, 55, 506, 105, 0, 4.09%, 0, 1, 2, 177.90
1494028195, 8, 62, 506, 105, 0, 4.09%, 0, 1, 2, 187.34
1494028200, 8, 63, 506, 105, 0, 4.09%, 0, 1, 2, 184.06
1494028205, 8, 67, 506, 105, 0, 4.09%, 0, 1, 2, 181.86
1494028210, 8, 69, 506, 105, 0, 4.09%, 0, 1, 2, 135.47
1494028215, 8, 72, 506, 105, 0, 4.09%, 0, 1, 2, 158.40
1494028220, 8, 75, 506, 105, 0, 4.09%, 0, 1, 2, 208.62
1494028225, 8, 76, 506, 105, 0, 4.09%, 0, 1, 2, 191.18
1494028230, 8, 79, 506, 105, 0, 4.09%, 0, 1, 2, 119.48
1494028236, 8, 82, 506, 105, 0, 4.09%, 0, 1, 2, 163.13
1494028241, 8, 87, 506, 105, 0, 4.09%, 0, 1, 2, 143.65
1494028246, 8, 91, 506, 105, 0, 4.09%, 0, 1, 2, 171.04
1494028251, 8, 94, 506, 105, 0, 4.09%, 0, 1, 2, 188.90
1494028256, 8, 97, 506, 105, 0, 4.09%, 0, 1, 2, 179.62
1494028261, 8, 101, 506, 105, 0, 4.09%, 0, 1, 2, 153.05
1494028266, 8, 106, 506, 105, 0, 4.09%, 0, 1, 2, 194.55
1494028272, 8, 110, 506, 105, 0, 4.09%, 0, 1, 2, 174.43
1494028277, 8, 113, 506, 105, 0, 4.09%, 0, 1, 2, 152.74
1494028282, 8, 117, 506, 105, 0, 4.09%, 0, 1, 2, 162.17
1494028287, 8, 121, 506, 105, 0, 4.09%, 0, 1, 2, 164.56
1494028292, 8, 122, 506, 105, 0, 4.09%, 0, 1, 2, 146.58
1494028298, 8, 123, 506, 105, 0, 4.09%, 0, 1, 2, 149.44
1494028303, 8, 124, 506, 105, 0, 4.09%, 0, 1, 2, 137.27
1494028308, 8, 126, 506, 105, 0, 4.09%, 0, 1, 2, 183.87
1494028313, 8, 129, 506, 105, 0, 4.09%, 0, 1, 2, 191.15
1494028318, 8, 132, 506, 105, 0, 4.09%, 0, 1, 2, 196.02
1494028323, 8, 134, 506, 105, 0, 4.09%, 0, 1, 2, 190.72
1494028328, 8, 139, 506, 105, 0, 4.09%, 0, 1, 2, 191.07
1494028333, 8, 140, 506, 105, 0, 4.09%, 0, 1, 2, 177.36
1494028338, 8, 146, 506, 105, 0, 4.09%, 0, 1, 2, 171.56
1494028343, 8, 148, 506, 105, 0, 4.09%, 0, 1, 2, 170.73
1494028348, 8, 151, 506, 104, 0, 4.09%, 0, 1, 2, 161.65
1494028353, 8, 153, 506, 104, 0, 4.09%, 0, 1, 2, 154.14
1494028358, 8, 156, 506, 104, 0, 4.09%, 0, 1, 2, 185.35
1494028364, 8, 160, 506, 104, 0, 4.09%, 0, 1, 2, 187.51
1494028369, 8, 164, 506, 104, 0, 4.09%, 0, 1, 2, 126.11
1494028374, 8, 169, 506, 104, 0, 4.09%, 0, 1, 2, 162.92
1494028379, 8, 172, 506, 103, 0, 4.09%, 0, 1, 2, 179.69
1494028384, 8, 173, 506, 103, 0, 4.09%, 0, 1, 2, 182.38
1494028389, 8, 175, 506, 103, 0, 4.09%, 0, 1, 2, 219.51
1494028394, 8, 179, 506, 103, 0, 4.09%, 0, 1, 2, 198.76
1494028399, 8, 182, 506, 102, 0, 4.09%, 0, 1, 2, 177.97
1494028410, 8, 188, 506, 102, 0, 4.09%, 0, 1, 2, 178.35
1494028415, 8, 192, 506, 102, 0, 4.09%, 0, 1, 2, 196.96
1494028420, 8, 203, 506, 102, 0, 4.09%, 0, 1, 2, 178.00
1494028425, 8, 207, 506, 102, 0, 4.09%, 0, 1, 2, 194.08
1494028430, 8, 215, 506, 102, 0, 4.09%, 0, 1, 2, 213.94
1494028435, 8, 219, 506, 101, 0, 4.09%, 0, 1, 2, 190.14
1494028440, 8, 224, 506, 101, 0, 4.09%, 0, 1, 2, 190.08
1494028445, 8, 225, 506, 101, 0, 4.09%, 0, 1, 2, 186.55
1494028450, 8, 232, 506, 101, 0, 4.09%, 0, 1, 2, 199.52
1494028455, 8, 238, 506, 101, 0, 4.09%, 0, 1, 2, 184.06
1494028460, 8, 239, 506, 101, 0, 4.09%, 0, 1, 2, 179.15
1494028465, 8, 242, 506, 101, 0, 4.09%, 0, 1, 2, 158.54
1494028471, 8, 243, 506, 100, 0, 4.09%, 0, 1, 2, 116.87
1494028476, 8, 245, 506, 99, 0, 4.09%, 0, 1, 2, 152.34
1494028481, 8, 251, 506, 99, 0, 4.09%, 0, 1, 2, 184.43
1494028486, 8, 255, 506, 99, 0, 4.09%, 0, 1, 2, 159.43
1494028491, 8, 257, 506, 99, 0, 4.09%, 0, 1, 2, 197.93
1494028496, 8, 261, 506, 99, 0, 4.09%, 0, 1, 2, 169.93
1494028501, 8, 268, 506, 99, 0, 4.09%, 0, 1, 2, 156.15
1494028506, 8, 270, 506, 99, 0, 4.09%, 0, 1, 2, 175.07
1494028512, 8, 272, 506, 98, 0, 4.09%, 0, 1, 2, 98.18
1494028517, 8, 273, 506, 97, 0, 4.09%, 0, 1, 2, 125.41
1494028522, 8, 275, 506, 97, 0, 4.09%, 0, 1, 2, 165.59
1494028527, 8, 278, 506, 97, 0, 4.09%, 0, 1, 2, 184.68
1494028532, 8, 280, 506, 97, 0, 4.09%, 0, 1, 2, 180.93
1494028537, 8, 286, 506, 96, 0, 4.09%, 0, 1, 2, 172.14
1494028547, 8, 297, 506, 96, 0, 4.09%, 0, 1, 2, 173.90
1494028553, 8, 299, 506, 96, 0, 4.09%, 0, 1, 2, 146.54
1494028568, 8, 300, 506, 95, 0, 4.09%, 0, 1, 2, 185.57
1494028573, 8, 304, 506, 95, 0, 4.09%, 0, 1, 2, 153.86
1494028578, 8, 310, 506, 94, 0, 4.09%, 0, 1, 2, 131.68
1494028583, 8, 313, 506, 94, 0, 4.09%, 0, 1, 2, 168.41
1494028588, 8, 317, 506, 94, 0, 4.09%, 0, 1, 2, 166.12
1494028594, 8, 327, 506, 93, 0, 4.09%, 0, 1, 2, 163.55
1494028599, 8, 330, 506, 93, 0, 4.09%, 0, 1, 2, 154.61
1494028604, 8, 330, 507, 94, 0, 4.09%, 0, 1, 2, 22.83
1494028609, 8, 336, 507, 94, 0, 4.09%, 0, 1, 2, 135.92
1494028614, 8, 340, 507, 94, 0, 4.09%, 0, 1, 2, 162.82
1494028619, 8, 343, 507, 94, 0, 4.09%, 0, 1, 2, 193.83
1494028624, 8, 344, 507, 94, 0, 4.09%, 0, 1, 2, 202.56
1494028630, 8, 349, 507, 94, 0, 4.09%, 0, 1, 2, 174.04
1494028635, 8, 355, 507, 94, 0, 4.09%, 0, 1, 2, 141.83
1494028640, 8, 364, 507, 94, 0, 4.09%, 0, 1, 2, 164.76
1494028645, 8, 371, 507, 94, 0, 4.09%, 0, 1, 2, 196.05
1494028650, 8, 385, 507, 94, 0, 4.09%, 0, 1, 2, 203.56
1494028655, 8, 389, 507, 94, 0, 4.09%, 0, 1, 2, 196.66
1494028660, 8, 396, 507, 94, 0, 4.09%, 0, 1, 2, 171.97
1494028665, 8, 399, 507, 94, 0, 4.09%, 0, 1, 2, 154.50
1494028671, 8, 405, 507, 93, 0, 4.09%, 0, 1, 2, 201.85
1494028691, 8, 409, 507, 92, 0, 4.09%, 0, 1, 2, 172.54
1494028701, 8, 410, 507, 92, 0, 4.09%, 0, 1, 2, 129.80
1494028711, 8, 412, 507, 91, 0, 4.09%, 0, 1, 2, 140.00
1494028716, 8, 413, 507, 90, 0, 4.09%, 0, 1, 2, 88.19
1494028722, 8, 420, 507, 90, 0, 4.09%, 0, 1, 2, 134.89
1494028727, 8, 422, 507, 90, 0, 4.09%, 0, 1, 2, 148.34
1494028737, 8, 433, 507, 89, 0, 4.09%, 0, 1, 2, 143.35
1494028752, 8, 436, 507, 88, 0, 4.09%, 0, 1, 2, 145.79
1494028758, 8, 446, 507, 88, 0, 4.09%, 0, 1, 2, 121.59
1494028783, 8, 449, 507, 87, 0, 4.09%, 0, 1, 2, 121.20
1494028788, 8, 452, 507, 87, 0, 4.09%, 0, 1, 2, 119.94
1494028804, 8, 455, 507, 86, 0, 4.09%, 0, 1, 2, 110.99
1494028809, 8, 461, 507, 86, 0, 4.09%, 0, 1, 2, 125.66
1494028814, 8, 463, 507, 86, 0, 4.09%, 0, 1, 2, 154.57
1494028819, 8, 465, 507, 86, 0, 4.09%, 0, 1, 2, 36.38
1494028824, 8, 467, 507, 86, 0, 4.09%, 0, 1, 2, 187.50
1494028829, 8, 469, 507, 86, 0, 4.09%, 0, 1, 2, 168.28
1494028835, 8, 472, 507, 86, 0, 4.09%, 0, 1, 2, 145.17
1494028840, 8, 473, 507, 86, 0, 4.09%, 0, 1, 2, 57.66
1494028865, 8, 479, 507, 85, 0, 4.09%, 0, 1, 2, 156.50
1494028870, 8, 488, 507, 85, 0, 4.09%, 0, 1, 2, 133.11
1494028876, 8, 492, 507, 85, 0, 4.09%, 0, 1, 2, 18.67
1494029042, 8, 494, 507, 84, 0, 4.09%, 0, 1, 2, 1.40
1494029052, 8, 495, 507, 83, 0, 4.09%, 0, 1, 2, 197.80
1494029067, 8, 499, 509, 84, 0, 4.09%, 0, 1, 2, 140.89
1494029098, 8, 503, 509, 83, 0, 4.09%, 0, 1, 2, 188.31
1494029103, 9, 0, 509, 83, 0, 4.09%, 0, 1, 2, 130.08
1494029108, 9, 2, 509, 83, 0, 4.09%, 0, 1, 2, 160.20
1494029113, 9, 5, 509, 83, 0, 4.09%, 0, 1, 2, 169.19
1494029118, 9, 7, 509, 83, 0, 4.09%, 0, 1, 2, 166.18
1494029124, 9, 14, 510, 84, 0, 4.09%, 0, 1, 2, 182.96
1494029129, 9, 18, 510, 83, 0, 4.09%, 0, 1, 2, 182.16
1494029134, 9, 20, 510, 83, 0, 4.09%, 0, 1, 2, 173.92
1494029139, 9, 28, 510, 83, 0, 4.09%, 0, 1, 2, 166.08
1494029144, 9, 31, 510, 83, 0, 4.09%, 0, 1, 2, 163.92
1494029149, 9, 34, 510, 83, 0, 4.09%, 0, 1, 2, 169.32
1494029154, 9, 44, 510, 83, 0, 4.09%, 0, 1, 2, 181.92
1494029160, 9, 49, 510, 83, 0, 4.09%, 0, 1, 2, 164.97
1494029165, 9, 51, 510, 83, 0, 4.09%, 0, 1, 2, 182.57
1494029170, 9, 53, 510, 83, 0, 4.09%, 0, 1, 2, 180.96
1494029175, 9, 56, 510, 83, 0, 4.09%, 0, 1, 2, 158.39
1494029180, 9, 62, 510, 83, 0, 4.09%, 0, 1, 2, 168.23
1494029185, 9, 65, 510, 83, 0, 4.09%, 0, 1, 2, 195.08
1494029190, 9, 67, 510, 83, 0, 4.09%, 0, 1, 2, 184.79
1494029195, 9, 69, 510, 83, 0, 4.09%, 0, 1, 2, 168.87
1494029200, 9, 73, 510, 83, 0, 4.09%, 0, 1, 2, 186.77
1494029206, 9, 76, 510, 83, 0, 4.09%, 0, 1, 2, 151.02
1494029211, 9, 78, 510, 83, 0, 4.09%, 0, 1, 2, 179.21
1494029216, 9, 79, 510, 83, 0, 4.09%, 0, 1, 2, 154.02
1494029221, 9, 82, 510, 83, 0, 4.09%, 0, 1, 2, 198.73
1494029226, 9, 87, 510, 83, 0, 4.09%, 0, 1, 2, 219.05
1494029231, 9, 91, 510, 83, 0, 4.09%, 0, 1, 2, 200.68
1494029236, 9, 94, 510, 83, 0, 4.09%, 0, 1, 2, 187.28
1494029241, 9, 97, 510, 83, 0, 4.09%, 0, 1, 2, 181.70
1494029246, 9, 100, 510, 83, 0, 4.09%, 0, 1, 2, 165.19
1494029252, 9, 104, 510, 83, 0, 4.09%, 0, 1, 2, 170.47
1494029257, 9, 109, 510, 83, 0, 4.09%, 0, 1, 2, 177.40
1494029262, 9, 111, 510, 83, 0, 4.09%, 0, 1, 2, 167.37
1494029267, 9, 115, 510, 83, 0, 4.09%, 0, 1, 2, 181.51
1494029272, 9, 120, 510, 83, 0, 4.09%, 0, 1, 2, 145.69
1494029277, 9, 121, 510, 83, 0, 4.09%, 0, 1, 2, 135.80
1494029282, 9, 123, 510, 83, 0, 4.09%, 0, 1, 2, 142.22
1494029287, 9, 124, 510, 83, 0, 4.09%, 0, 1, 2, 160.37
1494029292, 9, 126, 510, 83, 0, 4.09%, 0, 1, 2, 174.61
1494029298, 9, 129, 510, 83, 0, 4.09%, 0, 1, 2, 165.22
1494029303, 9, 132, 510, 83, 0, 4.09%, 0, 1, 2, 188.16
1494029313, 9, 135, 510, 83, 0, 4.09%, 0, 1, 2, 187.87
1494029318, 9, 140, 510, 82, 0, 4.09%, 0, 1, 2, 176.66
1494029323, 9, 141, 510, 82, 0, 4.09%, 0, 1, 2, 166.08
1494029328, 9, 146, 510, 82, 0, 4.09%, 0, 1, 2, 168.59
1494029333, 9, 153, 510, 82, 0, 4.09%, 0, 1, 2, 171.94
1494029343, 9, 156, 510, 82, 0, 4.09%, 0, 1, 2, 191.37
1494029349, 9, 160, 510, 82, 0, 4.09%, 0, 1, 2, 175.19
1494029354, 9, 164, 510, 82, 0, 4.09%, 0, 1, 2, 161.47
1494029359, 9, 169, 510, 81, 0, 4.09%, 0, 1, 2, 182.14
1494029364, 9, 172, 510, 81, 0, 4.09%, 0, 1, 2, 177.05
1494029369, 9, 174, 510, 81, 0, 4.09%, 0, 1, 2, 189.65
1494029374, 9, 175, 510, 80, 0, 4.09%, 0, 1, 2, 200.87
1494029379, 9, 177, 510, 80, 0, 4.09%, 0, 1, 2, 142.44
1494029384, 9, 182, 510, 80, 0, 4.09%, 0, 1, 2, 184.31
1494029389, 9, 188, 510, 80, 0, 4.09%, 0, 1, 2, 137.81
1494029394, 9, 192, 510, 80, 0, 4.09%, 0, 1, 2, 168.40
1494029400, 9, 204, 510, 80, 0, 4.09%, 0, 1, 2, 165.56
1494029405, 9, 207, 510, 80, 0, 4.09%, 0, 1, 2, 203.76
1494029415, 9, 216, 510, 80, 0, 4.09%, 0, 1, 2, 30.32
1494029492, 9, 219, 510, 79, 0, 4.09%, 0, 1, 2, 154.01
1494029502, 9, 224, 510, 79, 0, 4.09%, 0, 1, 2, 168.24
1494029507, 9, 235, 510, 79, 0, 4.09%, 0, 1, 2, 198.72
1494029512, 9, 238, 510, 79, 0, 4.09%, 0, 1, 2, 169.68
1494029518, 9, 239, 511, 80, 0, 4.09%, 0, 1, 2, 179.74
1494029523, 9, 242, 511, 80, 0, 4.09%, 0, 1, 2, 154.85
1494029528, 9, 251, 511, 80, 0, 4.09%, 0, 1, 2, 177.49
1494029533, 9, 255, 511, 80, 0, 4.09%, 0, 1, 2, 172.25
1494029538, 9, 257, 511, 79, 0, 4.09%, 0, 1, 2, 177.00
1494029543, 9, 261, 511, 79, 0, 4.09%, 0, 1, 2, 182.68
1494029548, 9, 268, 511, 79, 0, 4.09%, 0, 1, 2, 156.20
1494029554, 9, 269, 511, 79, 0, 4.09%, 0, 1, 2, 116.33
1494029559, 9, 273, 511, 78, 0, 4.09%, 0, 1, 2, 163.61
1494029564, 9, 275, 511, 78, 0, 4.09%, 0, 1, 2, 181.69
1494029574, 9, 280, 511, 78, 0, 4.09%, 0, 1, 2, 172.27
1494029579, 9, 282, 511, 78, 0, 4.09%, 0, 1, 2, 138.73
1494029584, 9, 283, 511, 77, 0, 4.09%, 0, 1, 2, 171.98
1494029589, 9, 286, 511, 77, 0, 4.09%, 0, 1, 2, 192.67
1494029594, 9, 297, 511, 77, 0, 4.09%, 0, 1, 2, 176.35
1494029599, 9, 300, 511, 77, 0, 4.09%, 0, 1, 2, 186.23
1494029609, 9, 310, 511, 76, 0, 4.09%, 0, 1, 2, 175.21
1494029614, 9, 313, 511, 76, 0, 4.09%, 0, 1, 2, 179.54
1494029620, 9, 315, 511, 76, 0, 4.09%, 0, 1, 2, 128.80
1494029625, 9, 327, 511, 76, 0, 4.09%, 0, 1, 2, 154.55
1494029630, 9, 330, 511, 76, 0, 4.09%, 0, 1, 2, 156.28
1494029635, 9, 336, 511, 76, 0, 4.09%, 0, 1, 2, 206.04
1494029640, 9, 337, 511, 76, 0, 4.09%, 0, 1, 2, 168.72
1494029645, 9, 344, 511, 76, 0, 4.09%, 0, 1, 2, 173.73
1494029655, 9, 349, 511, 76, 0, 4.09%, 0, 1, 2, 151.30
1494029660, 9, 355, 511, 76, 0, 4.09%, 0, 1, 2, 166.58
1494029666, 9, 371, 511, 76, 0, 4.09%, 0, 1, 2, 190.44
1494029671, 9, 385, 511, 76, 0, 4.09%, 0, 1, 2, 200.55
1494029676, 9, 386, 511, 76, 0, 4.09%, 0, 1, 2, 129.97
1494029712, 9, 389, 511, 75, 0, 4.09%, 0, 1, 2, 195.14
1494029717, 9, 397, 511, 75, 0, 4.09%, 0, 1, 2, 145.31
1494029722, 9, 409, 511, 75, 0, 4.09%, 0, 1, 2, 161.66
1494029727, 9, 413, 511, 75, 0, 4.09%, 0, 1, 2, 136.38
1494029732, 9, 414, 511, 75, 0, 4.09%, 0, 1, 2, 151.61
1494029737, 9, 417, 511, 74, 0, 4.09%, 0, 1, 2, 22.75
1494029758, 9, 421, 511, 73, 0, 4.09%, 0, 1, 2, 151.83
1494029763, 9, 423, 511, 73, 0, 4.09%, 0, 1, 2, 119.20
1494029773, 9, 430, 511, 72, 0, 4.09%, 0, 1, 2, 85.47
1494029788, 9, 431, 511, 71, 0, 4.09%, 0, 1, 2, 115.55
1494029803, 9, 437, 511, 70, 0, 4.09%, 0, 1, 2, 145.03
1494029809, 9, 440, 511, 70, 0, 4.09%, 0, 1, 2, 13.47
1494029937, 9, 447, 511, 69, 0, 4.09%, 0, 2, 2, 18.19
1494029942, 9, 448, 511, 69, 0, 4.09%, 0, 2, 2, 81.60
1494029968, 9, 455, 511, 68, 0, 4.09%, 0, 2, 2, 97.03
1494029973, 9, 460, 511, 68, 0, 4.09%, 0, 2, 2, 106.42
1494029978, 9, 461, 511, 67, 0, 4.09%, 0, 2, 2, 137.30
1494029983, 9, 462, 511, 67, 0, 4.09%, 0, 2, 2, 133.86
1494029988, 9, 465, 511, 67, 0, 4.09%, 0, 2, 2, 117.74
1494029993, 9, 467, 511, 67, 0, 4.09%, 0, 2, 2, 149.01
1494029998, 9, 468, 511, 67, 0, 4.09%, 0, 2, 2, 146.96
1494030003, 9, 469, 511, 67, 0, 4.09%, 0, 2, 2, 112.07
1494030009, 9, 472, 511, 67, 0, 4.09%, 0, 2, 2, 139.59
1494030014, 9, 482, 511, 67, 0, 4.09%, 0, 2, 2, 158.89
1494030019, 9, 485, 511, 67, 0, 4.09%, 0, 2, 2, 179.06
1494030029, 9, 488, 511, 66, 0, 4.09%, 0, 2, 2, 59.59
1494030034, 9, 489, 511, 66, 0, 4.09%, 0, 2, 2, 35.54
1494030090, 9, 489, 511, 66, 0, 4.09%, 0, 3, 2, 49.13
1494030095, 9, 496, 511, 65, 0, 4.09%, 0, 3, 2, 151.19
1494030106, 9, 501, 511, 64, 0, 4.09%, 0, 3, 2, 161.30
1494030121, 9, 503, 511, 63, 0, 4.09%, 0, 3, 2, 162.64
1494030126, 9, 505, 511, 63, 0, 4.09%, 0, 3, 2, 116.00
1494030142, 9, 506, 512, 63, 0, 4.09%, 0, 3, 2, 26.24
1494030213, 9, 511, 512, 62, 0, 4.09%, 0, 3, 2, 106.18
1494030229, 10, 1, 512, 61, 0, 4.09%, 0, 3, 2, 146.48
1494030234, 10, 2, 513, 62, 0, 4.09%, 0, 3, 2, 23.23
1494030239, 10, 5, 513, 62, 0, 4.09%, 0, 3, 2, 171.26
1494030244, 10, 12, 513, 62, 0, 4.09%, 0, 3, 2, 167.37
1494030249, 10, 15, 513, 62, 0, 4.09%, 0, 3, 2, 141.72
1494030254, 10, 19, 513, 62, 0, 4.09%, 0, 3, 2, 136.63
1494030259, 10, 26, 513, 62, 0, 4.09%, 0, 3, 2, 167.47
1494030264, 10, 31, 513, 62, 0, 4.09%, 0, 3, 2, 208.33
1494030270, 10, 33, 513, 62, 0, 4.09%, 0, 3, 2, 73.05
1494030275, 10, 37, 513, 62, 0, 4.09%, 0, 3, 2, 163.49
1494030280, 10, 44, 513, 62, 0, 4.09%, 0, 3, 2, 177.43
1494030285, 10, 49, 513, 62, 0, 4.09%, 0, 3, 2, 170.65
1494030290, 10, 51, 513, 62, 0, 4.09%, 0, 3, 2, 156.24
1494030295, 10, 52, 513, 62, 0, 4.09%, 0, 3, 2, 13.75
1494030300, 10, 55, 513, 62, 0, 4.09%, 0, 3, 2, 145.82
1494030306, 10, 57, 513, 62, 0, 4.09%, 0, 3, 2, 185.48
1494030311, 10, 63, 513, 62, 0, 4.09%, 0, 3, 2, 121.28
1494030316, 10, 65, 513, 62, 0, 4.09%, 0, 3, 2, 152.82
1494030321, 10, 68, 513, 62, 0, 4.09%, 0, 3, 2, 159.87
1494030326, 10, 70, 513, 62, 0, 4.09%, 0, 3, 2, 161.35
1494030331, 10, 73, 513, 62, 0, 4.09%, 0, 3, 2, 172.19
1494030336, 10, 76, 513, 62, 0, 4.09%, 0, 3, 2, 129.66
1494030346, 10, 79, 513, 62, 0, 4.09%, 0, 3, 2, 152.36
1494030352, 10, 82, 513, 62, 0, 4.09%, 0, 3, 2, 175.62
1494030357, 10, 86, 513, 62, 0, 4.09%, 0, 3, 2, 156.88
1494030362, 10, 88, 513, 62, 0, 4.09%, 0, 3, 2, 160.79
1494030367, 10, 91, 513, 62, 0, 4.09%, 0, 3, 2, 166.64
1494030372, 10, 94, 513, 62, 0, 4.09%, 0, 3, 2, 160.08
1494030382, 10, 100, 513, 62, 0, 4.09%, 0, 3, 2, 97.57
1494030388, 10, 104, 513, 62, 0, 4.09%, 0, 3, 2, 175.53
1494030393, 10, 109, 513, 62, 0, 4.09%, 0, 3, 2, 191.57
1494030398, 10, 111, 513, 62, 0, 4.09%, 0, 3, 2, 161.43
1494030403, 10, 113, 513, 62, 0, 4.09%, 0, 3, 2, 146.58
1494030408, 10, 119, 513, 62, 0, 4.09%, 0, 3, 2, 70.82
1494030413, 10, 121, 513, 62, 0, 4.09%, 0, 3, 2, 122.34
1494030418, 10, 122, 513, 62, 0, 4.09%, 0, 3, 2, 124.14
1494030424, 10, 176, 514, 63, 1, 4.09%, 0, 3, 2, 151.36
1494030429, 10, 342, 514, 63, 1, 4.09%, 0, 3, 2, 176.59
1494030439, 10, 368, 514, 63, 1, 4.09%, 0, 3, 2, 94.63
1494030444, 10, 496, 514, 63, 1, 4.09%, 0, 3, 2, 155.13
1494030449, 10, 513, 514, 63, 1, 4.09%, 0, 3, 2, 141.56
1494030459, 11, 0, 514, 62, 0, 4.09%, 0, 3, 2, 158.07
1494030464, 11, 2, 514, 62, 0, 4.09%, 0, 3, 2, 152.61
1494030470, 11, 5, 514, 62, 0, 4.09%, 0, 3, 2, 187.37
1494030475, 11, 8, 514, 62, 0, 4.09%, 0, 3, 2, 175.34
1494030480, 11, 15, 514, 62, 0, 4.09%, 0, 3, 2, 179.28
1494030485, 11, 19, 514, 62, 0, 4.09%, 0, 3, 2, 162.06
1494030490, 11, 20, 514, 62, 0, 4.09%, 0, 3, 2, 177.48
1494030495, 11, 30, 514, 62, 0, 4.09%, 0, 3, 2, 173.70
1494030500, 11, 33, 514, 62, 0, 4.09%, 0, 3, 2, 160.24
1494030505, 11, 37, 514, 62, 0, 4.09%, 0, 3, 2, 157.12
1494030510, 11, 40, 514, 62, 0, 4.09%, 0, 3, 2, 174.36
1494030516, 11, 44, 514, 62, 0, 4.09%, 0, 3, 2, 192.11
1494030521, 11, 50, 514, 62, 0, 4.09%, 0, 3, 2, 163.39
1494030526, 11, 52, 514, 62, 0, 4.09%, 0, 3, 2, 140.25
1494030531, 11, 54, 514, 62, 0, 4.09%, 0, 3, 2, 159.99
1494030536, 11, 56, 514, 62, 0, 4.09%, 0, 3, 2, 90.62
1494030541, 11, 59, 514, 62, 0, 4.09%, 0, 3, 2, 129.72
1494030546, 11, 63, 514, 61, 0, 4.09%, 0, 3, 2, 116.12
1494030551, 11, 65, 514, 61, 0, 4.09%, 0, 3, 2, 137.13
1494030556, 11, 68, 514, 61, 0, 4.09%, 0, 3, 2, 149.26
1494030562, 11, 70, 514, 61, 0, 4.09%, 0, 3, 2, 155.17
1494030567, 11, 73, 514, 61, 0, 4.09%, 0, 3, 2, 169.52
1494030572, 11, 76, 514, 61, 0, 4.09%, 0, 3, 2, 175.51
1494030577, 11, 77, 514, 61, 0, 4.09%, 0, 3, 2, 163.47
1494030582, 11, 79, 514, 61, 0, 4.09%, 0, 3, 2, 139.26
1494030587, 11, 82, 514, 61, 0, 4.09%, 0, 3, 2, 158.14
1494030592, 11, 86, 514, 61, 0, 4.09%, 0, 3, 2, 150.77
1494030597, 11, 90, 514, 61, 0, 4.09%, 0, 3, 2, 174.53
1494030603, 11, 92, 514, 61, 0, 4.09%, 0, 3, 2, 174.75
1494030608, 11, 94, 514, 61, 0, 4.09%, 0, 3, 2, 183.75
1494030613, 11, 97, 514, 60, 0, 4.09%, 0, 3, 2, 166.41
1494030618, 11, 101, 514, 60, 0, 4.09%, 0, 3, 2, 156.19
1494030623, 11, 106, 514, 60, 0, 4.09%, 0, 3, 2, 168.21
1494030628, 11, 110, 514, 60, 0, 4.09%, 0, 3, 2, 157.59
1494030634, 11, 113, 514, 60, 0, 4.09%, 0, 3, 2, 153.50
1494030639, 11, 117, 514, 60, 0, 4.09%, 0, 3, 2, 158.78
1494030644, 11, 120, 514, 60, 0, 4.09%, 0, 3, 2, 172.85
1494030649, 11, 122, 514, 60, 0, 4.09%, 0, 3, 2, 124.61
1494030654, 11, 123, 514, 60, 0, 4.09%, 0, 3, 2, 127.87
1494030659, 11, 124, 514, 60, 0, 4.09%, 0, 3, 2, 160.00
1494030664, 11, 126, 514, 60, 0, 4.09%, 0, 3, 2, 162.35
1494030675, 11, 129, 514, 60, 0, 4.09%, 0, 3, 2, 174.52
1494030680, 11, 132, 514, 60, 0, 4.09%, 0, 3, 2, 132.11
1494030685, 11, 134, 514, 60, 0, 4.09%, 0, 3, 2, 178.93
1494030690, 11, 139, 514, 60, 0, 4.09%, 0, 3, 2, 173.27
1494030695, 11, 140, 515, 61, 0, 4.09%, 0, 3, 2, 283.59
1494030700, 11, 142, 515, 61, 0, 4.09%, 0, 3, 2, 194.14
1494030705, 11, 145, 515, 61, 0, 4.09%, 0, 3, 2, 49.79
1494030710, 11, 146, 515, 60, 0, 4.09%, 0, 3, 2, 99.92
1494030715, 11, 151, 515, 60, 0, 4.09%, 0, 3, 2, 142.06
1494030721, 11, 153, 515, 60, 0, 4.09%, 0, 3, 2, 173.83
1494030726, 11, 156, 515, 60, 0, 4.09%, 0, 3, 2, 188.64
1494030731, 11, 162, 515, 60, 0, 4.09%, 0, 3, 2, 170.00
1494030736, 11, 167, 515, 60, 0, 4.09%, 0, 3, 2, 129.70
1494030741, 11, 169, 515, 60, 0, 4.09%, 0, 3, 2, 132.77
1494030746, 11, 172, 515, 60, 0, 4.09%, 0, 3, 2, 182.87
1494030751, 11, 175, 515, 60, 0, 4.09%, 0, 3, 2, 239.86
1494030756, 11, 177, 515, 60, 0, 4.09%, 0, 3, 2, 172.25
1494030762, 11, 182, 515, 60, 0, 4.09%, 0, 3, 2, 184.61
1494030767, 11, 188, 515, 60, 0, 4.09%, 0, 3, 2, 187.17
1494030772, 11, 192, 515, 60, 0, 4.09%, 0, 3, 2, 190.38
1494030777, 11, 203, 515, 60, 0, 4.09%, 0, 3, 2, 168.43
1494030782, 11, 207, 515, 60, 0, 4.09%, 0, 3, 2, 102.98
1494030792, 11, 219, 515, 60, 0, 4.09%, 0, 3, 2, 183.34
1494030798, 11, 224, 515, 60, 0, 4.09%, 0, 3, 2, 173.48
1494030803, 11, 232, 515, 60, 0, 4.09%, 0, 3, 2, 171.50
1494030808, 11, 233, 515, 60, 0, 4.09%, 0, 3, 2, 180.32
1494030813, 11, 238, 515, 60, 0, 4.09%, 0, 3, 2, 165.15
1494030818, 11, 239, 515, 60, 0, 4.09%, 0, 3, 2, 189.27
1494030823, 11, 245, 515, 60, 0, 4.09%, 0, 3, 2, 122.75
1494030828, 11, 251, 515, 60, 0, 4.09%, 0, 3, 2, 171.20
1494030834, 11, 252, 515, 60, 0, 4.09%, 0, 3, 2, 133.91
1494030839, 11, 255, 515, 59, 0, 4.09%, 0, 3, 2, 129.69
1494030844, 11, 257, 515, 59, 0, 4.09%, 0, 3, 2, 156.84
1494030849, 11, 261, 515, 59, 0, 4.09%, 0, 3, 2, 155.38
1494030854, 11, 263, 515, 59, 0, 4.09%, 0, 3, 2, 159.82
1494030859, 11, 273, 515, 59, 0, 4.09%, 0, 3, 2, 160.65
1494030864, 11, 275, 515, 59, 0, 4.09%, 0, 3, 2, 198.28
1494030875, 11, 280, 515, 59, 0, 4.09%, 0, 3, 2, 174.08
1494030880, 11, 286, 515, 59, 0, 4.09%, 0, 3, 2, 171.00
1494030890, 11, 297, 515, 59, 0, 4.09%, 0, 3, 2, 182.25
1494030895, 11, 300, 515, 59, 0, 4.09%, 0, 3, 2, 187.86
1494030900, 11, 303, 515, 59, 0, 4.09%, 0, 3, 2, 173.63
1494030905, 11, 311, 515, 59, 0, 4.09%, 0, 3, 2, 169.35
1494030910, 11, 313, 515, 59, 0, 4.09%, 0, 3, 2, 168.86
1494030915, 11, 316, 515, 59, 0, 4.09%, 0, 3, 2, 175.88
1494030921, 11, 324, 515, 59, 0, 4.09%, 0, 3, 2, 145.64
1494030926, 11, 328, 515, 59, 0, 4.09%, 0, 3, 2, 144.96
1494030931, 11, 330, 515, 59, 0, 4.09%, 0, 3, 2, 26.01
1494030936, 11, 336, 515, 59, 0, 4.09%, 0, 3, 2, 186.03
1494030941, 11, 337, 515, 59, 0, 4.09%, 0, 3, 2, 164.11
1494030947, 11, 341, 515, 59, 0, 4.09%, 0, 3, 2, 171.86
1494030952, 11, 344, 515, 59, 0, 4.09%, 0, 3, 2, 154.23
1494030957, 11, 346, 515, 59, 0, 4.09%, 0, 3, 2, 181.05
1494030962, 11, 349, 515, 59, 0, 4.09%, 0, 3, 2, 176.32
1494030967, 11, 355, 515, 59, 0, 4.09%, 0, 3, 2, 159.64
1494030972, 11, 371, 515, 59, 0, 4.09%, 0, 3, 2, 166.06
1494030977, 11, 385, 515, 59, 0, 4.09%, 0, 3, 2, 185.14
1494030982, 11, 385, 516, 60, 0, 4.09%, 0, 3, 2, 5.96
1494030988, 11, 389, 516, 60, 0, 4.09%, 0, 3, 2, 180.03
1494030993, 11, 397, 516, 60, 0, 4.09%, 0, 3, 2, 163.92
1494030998, 11, 401, 516, 60, 0, 4.09%, 0, 3, 2, 176.61
1494031003, 11, 407, 516, 60, 0, 4.09%, 0, 3, 2, 171.05
1494031008, 11, 409, 516, 60, 0, 4.09%, 0, 3, 2, 170.84
1494031013, 11, 413, 516, 60, 0, 4.09%, 0, 3, 2, 169.25
1494031018, 11, 421, 516, 60, 0, 4.09%, 0, 3, 2, 155.38
1494031023, 11, 432, 516, 60, 0, 4.09%, 0, 3, 2, 116.12
1494031044, 11, 436, 516, 59, 0, 4.09%, 0, 3, 2, 168.53
1494031049, 11, 447, 516, 59, 0, 4.09%, 0, 3, 2, 127.82
1494031054, 11, 455, 516, 59, 0, 4.09%, 0, 3, 2, 102.71
1494031059, 11, 457, 516, 59, 0, 4.09%, 0, 3, 2, 123.18
1494031079, 11, 461, 516, 58, 0, 4.09%, 0, 3, 2, 152.48
1494031085, 11, 463, 516, 58, 0, 4.09%, 0, 3, 2, 156.19
1494031090, 11, 464, 516, 58, 0, 4.09%, 0, 3, 2, 167.09
1494031095, 11, 465, 516, 58, 0, 4.09%, 0, 3, 2, 63.08
1494031100, 11, 468, 516, 58, 0, 4.09%, 0, 3, 2, 126.11
1494031105, 11, 469, 516, 58, 0, 4.09%, 0, 3, 2, 135.17
1494031110, 11, 472, 516, 58, 0, 4.09%, 0, 3, 2, 204.01
1494031115, 11, 477, 516, 58, 0, 4.09%, 0, 3, 2, 156.88
1494031121, 11, 481, 516, 58, 0, 4.09%, 0, 3, 2, 154.04
1494031131, 11, 482, 516, 57, 0, 4.09%, 0, 3, 2, 168.81
1494031141, 11, 486, 516, 57, 0, 4.09%, 0, 3, 2, 169.03
1494031152, 11, 493, 516, 56, 0, 4.09%, 0, 3, 2, 72.05
1494031213, 11, 493, 516, 56, 0, 4.09%, 0, 4, 2, 135.25
1494031218, 11, 498, 516, 55, 0, 4.09%, 0, 4, 2, 158.14
1494031234, 11, 503, 516, 54, 0, 4.09%, 0, 4, 2, 172.56
1494031239, 11, 512, 516, 54, 0, 4.09%, 0, 4, 2, 9.86
1494031431, 11, 513, 517, 54, 0, 4.09%, 0, 5, 2, 7.46
1494031441, 11, 514, 517, 54, 0, 4.09%, 0, 5, 2, 8.25
1494031554, 12, 0, 517, 53, 0, 4.09%, 0, 5, 2, 128.16
1494031559, 12, 1, 517, 53, 0, 4.09%, 0, 6, 2, 168.13
1494031564, 12, 4, 517, 53, 0, 4.09%, 0, 6, 2, 156.59
1494031569, 12, 5, 517, 53, 0, 4.09%, 0, 6, 2, 164.61
1494031575, 12, 12, 517, 53, 0, 4.09%, 0, 6, 2, 168.39
1494031580, 12, 18, 517, 53, 0, 4.09%, 0, 6, 2, 117.91
1494031585, 12, 20, 517, 53, 0, 4.09%, 0, 6, 2, 161.19
1494031590, 12, 28, 517, 53, 0, 4.09%, 0, 6, 2, 150.57
1494031595, 12, 31, 517, 53, 0, 4.09%, 0, 6, 2, 166.53
1494031600, 12, 34, 517, 53, 0, 4.09%, 0, 6, 2, 179.02
1494031605, 12, 38, 517, 53, 0, 4.09%, 0, 6, 2, 203.70
1494031610, 12, 44, 517, 53, 0, 4.09%, 0, 6, 2, 187.45
1494031616, 12, 49, 517, 53, 0, 4.09%, 0, 6, 2, 163.35
1494031621, 12, 51, 518, 54, 0, 4.09%, 0, 6, 2, 33.84
1494031626, 12, 53, 518, 54, 0, 4.09%, 0, 6, 2, 129.14
1494031631, 12, 55, 518, 54, 0, 4.09%, 0, 6, 2, 165.67
1494031636, 12, 62, 518, 54, 0, 4.09%, 0, 6, 2, 172.26
1494031642, 12, 63, 518, 54, 0, 4.09%, 0, 6, 2, 159.17
1494031647, 12, 67, 518, 54, 0, 4.09%, 0, 6, 2, 152.57
1494031652, 12, 68, 518, 54, 0, 4.09%, 0, 6, 2, 147.56
1494031657, 12, 70, 518, 54, 0, 4.09%, 0, 6, 2, 153.25
1494031662, 12, 73, 518, 54, 0, 4.09%, 0, 6, 2, 179.14
1494031667, 12, 76, 518, 54, 0, 4.09%, 0, 6, 2, 28.85
1494031677, 12, 79, 518, 54, 0, 4.09%, 0, 6, 2, 156.70
1494031682, 12, 81, 518, 54, 0, 4.09%, 0, 6, 2, 150.48
1494031687, 12, 86, 518, 54, 0, 4.09%, 0, 6, 2, 165.29
1494031692, 12, 87, 518, 54, 0, 4.09%, 0, 6, 2, 142.23
1494031697, 12, 91, 518, 54, 0, 4.09%, 0, 6, 2, 147.48
1494031703, 12, 94, 518, 54, 0, 4.09%, 0, 6, 2, 165.60
1494031708, 12, 97, 518, 54, 0, 4.09%, 0, 6, 2, 132.41
1494031713, 12, 98, 518, 54, 0, 4.09%, 0, 6, 2, 180.18
1494031718, 12, 101, 518, 54, 0, 4.09%, 0, 6, 2, 161.85
1494031723, 12, 106, 518, 54, 0, 4.09%, 0, 6, 2, 184.05
1494031728, 12, 110, 518, 54, 0, 4.09%, 0, 6, 2, 159.04
1494031733, 12, 112, 518, 54, 0, 4.09%, 0, 6, 2, 163.78
1494031738, 12, 117, 518, 54, 0, 4.09%, 0, 6, 2, 162.82
1494031744, 12, 120, 518, 54, 0, 4.09%, 0, 6, 2, 146.84
1494031749, 12, 122, 518, 54, 0, 4.09%, 0, 6, 2, 138.36
1494031754, 12, 123, 518, 54, 0, 4.09%, 0, 6, 2, 132.42
1494031759, 12, 124, 518, 54, 0, 4.09%, 0, 6, 2, 117.45
1494031764, 12, 126, 518, 54, 0, 4.09%, 0, 6, 2, 145.65
1494031774, 12, 129, 518, 54, 0, 4.09%, 0, 6, 2, 172.13
1494031780, 12, 132, 519, 55, 0, 4.09%, 0, 6, 2, 63.52
1494031785, 12, 134, 519, 55, 0, 4.09%, 0, 6, 2, 154.71
1494031790, 12, 138, 519, 55, 0, 4.09%, 0, 6, 2, 156.18
1494031800, 12, 140, 519, 54, 0, 4.09%, 0, 6, 2, 180.17
1494031805, 12, 146, 520, 55, 0, 4.09%, 0, 6, 2, 169.39
1494031811, 12, 151, 520, 55, 0, 4.09%, 0, 6, 2, 206.79
1494031816, 12, 153, 520, 55, 0, 4.09%, 0, 6, 2, 18.71
1494031821, 12, 156, 520, 55, 0, 4.09%, 0, 6, 2, 151.48
1494031831, 12, 160, 520, 55, 0, 4.09%, 0, 6, 2, 161.24
1494031836, 12, 164, 520, 55, 0, 4.09%, 0, 6, 2, 153.69
1494031841, 12, 169, 521, 56, 0, 4.09%, 0, 6, 2, 159.38
1494031846, 12, 172, 521, 56, 0, 4.09%, 0, 6, 2, 173.47
1494031857, 12, 175, 521, 56, 0, 4.09%, 0, 6, 2, 175.52
1494031862, 12, 177, 521, 56, 0, 4.09%, 0, 6, 2, 186.40
1494031867, 12, 182, 521, 56, 0, 4.09%, 0, 6, 2, 186.92
1494031872, 12, 188, 521, 56, 0, 4.09%, 0, 6, 2, 177.83
1494031877, 12, 192, 521, 56, 0, 4.09%, 0, 6, 2, 181.13
1494031883, 12, 197, 521, 56, 0, 4.09%, 0, 6, 2, 158.33
1494031888, 12, 207, 521, 56, 0, 4.09%, 0, 6, 2, 150.86
1494031898, 12, 215, 521, 56, 0, 4.09%, 0, 6, 2, 162.34
1494031903, 12, 219, 521, 56, 0, 4.09%, 0, 6, 2, 176.68
1494031908, 12, 224, 521, 56, 0, 4.09%, 0, 6, 2, 176.18
1494031913, 12, 232, 521, 56, 0, 4.09%, 0, 6, 2, 157.01
1494031919, 12, 235, 521, 56, 0, 4.09%, 0, 6, 2, 25.64
1494031924, 12, 238, 521, 56, 0, 4.09%, 0, 6, 2, 176.00
1494031929, 12, 240, 521, 56, 0, 4.09%, 0, 6, 2, 162.81
1494031934, 12, 247, 521, 56, 0, 4.09%, 0, 6, 2, 147.77
1494031939, 12, 251, 521, 56, 0, 4.09%, 0, 6, 2, 165.40
1494031944, 12, 255, 521, 56, 0, 4.09%, 0, 6, 2, 142.05
1494031949, 12, 257, 521, 56, 0, 4.09%, 0, 6, 2, 162.35
1494031954, 12, 261, 521, 56, 0, 4.09%, 0, 6, 2, 176.98
1494031960, 12, 268, 521, 56, 0, 4.09%, 0, 6, 2, 153.41
1494031965, 12, 273, 521, 56, 0, 4.09%, 0, 6, 2, 183.69
1494031970, 12, 275, 521, 56, 0, 4.09%, 0, 6, 2, 247.41
1494031975, 12, 280, 521, 56, 0, 4.09%, 0, 6, 2, 181.76
1494031985, 12, 286, 521, 56, 0, 4.09%, 0, 6, 2, 165.09
1494031990, 12, 297, 521, 56, 0, 4.09%, 0, 6, 2, 194.02
1494031996, 12, 300, 521, 56, 0, 4.09%, 0, 6, 2, 191.81
1494032001, 12, 303, 521, 56, 0, 4.09%, 0, 6, 2, 177.40
1494032006, 12, 310, 521, 55, 0, 4.09%, 0, 6, 2, 168.14
1494032011, 12, 313, 521, 55, 0, 4.09%, 0, 6, 2, 159.16
1494032016, 12, 315, 521, 55, 0, 4.09%, 0, 6, 2, 166.04
1494032021, 12, 327, 521, 55, 0, 4.09%, 0, 6, 2, 157.29
1494032026, 12, 328, 521, 55, 0, 4.09%, 0, 6, 2, 104.38
1494032031, 12, 330, 521, 55, 0, 4.09%, 0, 6, 2, 167.05
1494032036, 12, 336, 521, 55, 0, 4.09%, 0, 6, 2, 150.05
1494032041, 12, 338, 521, 55, 0, 4.09%, 0, 6, 2, 125.42
1494032047, 12, 342, 521, 55, 0, 4.09%, 0, 6, 2, 174.74
1494032052, 12, 344, 521, 55, 0, 4.09%, 0, 6, 2, 179.69
1494032062, 12, 349, 521, 55, 0, 4.09%, 0, 6, 2, 153.73
1494032067, 12, 355, 521, 55, 0, 4.09%, 0, 6, 2, 164.73
1494032073, 12, 367, 521, 55, 0, 4.09%, 0, 6, 2, 138.25
1494032078, 12, 368, 521, 54, 0, 4.09%, 0, 6, 2, 128.57
1494032083, 12, 371, 521, 54, 0, 4.09%, 0, 6, 2, 159.48
1494032088, 12, 381, 521, 54, 0, 4.09%, 0, 6, 2, 185.20
1494032093, 12, 385, 521, 54, 0, 4.09%, 0, 6, 2, 183.19
1494032103, 12, 388, 521, 54, 0, 4.09%, 0, 6, 2, 96.11
1494032108, 12, 389, 521, 53, 0, 4.09%, 0, 6, 2, 167.41
1494032113, 12, 396, 521, 53, 0, 4.09%, 0, 6, 2, 176.01
1494032119, 12, 400, 522, 54, 0, 4.09%, 0, 6, 2, 144.61
1494032124, 12, 401, 522, 54, 0, 4.09%, 0, 6, 2, 185.05
1494032129, 12, 407, 522, 54, 0, 4.09%, 0, 6, 2, 155.17
1494032134, 12, 409, 522, 54, 0, 4.09%, 0, 6, 2, 178.91
1494032139, 12, 416, 522, 54, 0, 4.09%, 0, 6, 2, 161.68
1494032144, 12, 425, 522, 53, 0, 4.09%, 0, 6, 2, 143.54
1494032150, 12, 428, 522, 53, 0, 4.09%, 0, 6, 2, 60.00
1494032227, 12, 434, 522, 52, 0, 4.09%, 0, 6, 2, 200.94
1494032237, 12, 436, 522, 51, 0, 4.09%, 0, 6, 2, 145.86
1494032242, 12, 447, 522, 51, 0, 4.09%, 0, 6, 2, 140.74
1494032248, 12, 455, 522, 51, 0, 4.09%, 0, 6, 2, 132.57
1494032253, 12, 462, 522, 51, 0, 4.09%, 0, 6, 2, 150.09
1494032258, 12, 463, 522, 51, 0, 4.09%, 0, 6, 2, 152.03
1494032263, 12, 465, 522, 51, 0, 4.09%, 0, 6, 2, 121.92
1494032268, 12, 468, 522, 51, 0, 4.09%, 0, 6, 2, 124.00
1494032273, 12, 469, 522, 51, 0, 4.09%, 0, 6, 2, 138.04
1494032278, 12, 472, 522, 51, 0, 4.09%, 0, 6, 2, 145.35
1494032283, 12, 474, 522, 51, 0, 4.09%, 0, 6, 2, 143.05
1494032288, 12, 482, 522, 51, 0, 4.09%, 0, 6, 2, 164.91
1494032294, 12, 484, 522, 51, 0, 4.09%, 0, 6, 2, 180.32
1494032304, 12, 500, 522, 50, 0, 4.09%, 0, 6, 2, 129.20
1494032314, 12, 502, 522, 49, 0, 4.09%, 0, 6, 2, 137.43
1494032340, 12, 503, 522, 48, 0, 4.09%, 0, 6, 2, 163.47
1494032345, 12, 513, 522, 48, 0, 4.09%, 0, 6, 2, 155.01
1494032350, 13, 1, 522, 48, 0, 4.09%, 0, 6, 2, 23.30
1494032355, 13, 2, 522, 48, 0, 4.09%, 0, 6, 2, 160.27
1494032360, 13, 5, 523, 49, 0, 4.09%, 0, 6, 2, 168.20
1494032365, 13, 12, 523, 49, 0, 4.09%, 0, 6, 2, 183.07
1494032370, 13, 18, 523, 49, 0, 4.09%, 0, 6, 2, 159.42
1494032376, 13, 20, 523, 49, 0, 4.09%, 0, 6, 2, 168.71
1494032381, 13, 28, 523, 49, 0, 4.09%, 0, 6, 2, 169.56
1494032386, 13, 31, 523, 49, 0, 4.09%, 0, 6, 2, 160.02
1494032391, 13, 34, 523, 49, 0, 4.09%, 0, 6, 2, 158.91
1494032396, 13, 38, 523, 49, 0, 4.09%, 0, 6, 2, 157.00
1494032401, 13, 42, 523, 49, 0, 4.09%, 0, 6, 2, 200.53
1494032406, 13, 44, 523, 49, 0, 4.09%, 0, 6, 2, 193.65
1494032411, 13, 50, 523, 49, 0, 4.09%, 0, 6, 2, 152.88
1494032416, 13, 52, 523, 49, 0, 4.09%, 0, 6, 2, 151.04
1494032422, 13, 55, 523, 49, 0, 4.09%, 0, 6, 2, 143.51
1494032427, 13, 57, 523, 49, 0, 4.09%, 0, 6, 2, 159.15
1494032432, 13, 62, 523, 49, 0, 4.09%, 0, 6, 2, 180.23
1494032437, 13, 63, 523, 49, 0, 4.09%, 0, 6, 2, 183.57
1494032442, 13, 67, 523, 49, 0, 4.09%, 0, 6, 2, 151.93
1494032447, 13, 69, 523, 49, 0, 4.09%, 0, 6, 2, 157.55
1494032452, 13, 72, 523, 49, 0, 4.09%, 0, 6, 2, 107.76
1494032457, 13, 75, 523, 49, 0, 4.09%, 0, 6, 2, 203.21
1494032462, 13, 76, 523, 49, 0, 4.09%, 0, 6, 2, 184.61
1494032468, 13, 78, 523, 49, 0, 4.09%, 0, 6, 2, 154.17
1494032473, 13, 81, 523, 49, 0, 4.09%, 0, 6, 2, 147.95
1494032478, 13, 82, 523, 49, 0, 4.09%, 0, 6, 2, 165.50
1494032483, 13, 87, 523, 49, 0, 4.09%, 0, 6, 2, 149.11
1494032488, 13, 91, 523, 49, 0, 4.09%, 0, 6, 2, 177.00
1494032493, 13, 94, 523, 49, 0, 4.09%, 0, 6, 2, 157.89
1494032498, 13, 97, 523, 49, 0, 4.09%, 0, 6, 2, 164.84
1494032503, 13, 101, 524, 50, 0, 4.09%, 0, 6, 2, 152.55
1494032508, 13, 106, 524, 50, 0, 4.09%, 0, 6, 2, 165.24
1494032514, 13, 109, 524, 50, 0, 4.09%, 0, 6, 2, 170.68
1494032519, 13, 112, 524, 50, 0, 4.09%, 0, 6, 2, 150.95
1494032524, 13, 115, 524, 50, 0, 4.09%, 0, 6, 2, 160.35
1494032529, 13, 119, 524, 50, 0, 4.09%, 0, 6, 2, 49.21
1494032534, 13, 121, 524, 50, 0, 4.09%, 0, 6, 2, 142.41
1494032539, 13, 122, 524, 50, 0, 4.09%, 0, 6, 2, 145.81
1494032544, 13, 123, 524, 50, 0, 4.09%, 0, 6, 2, 136.29
1494032549, 13, 124, 524, 50, 0, 4.09%, 0, 6, 2, 137.73
1494032554, 13, 126, 524, 50, 0, 4.09%, 0, 6, 2, 159.39
1494032560, 13, 129, 524, 49, 0, 4.09%, 0, 6, 2, 188.24
1494032570, 13, 132, 524, 49, 0, 4.09%, 0, 6, 2, 231.79
1494032575, 13, 133, 524, 49, 0, 4.09%, 0, 6, 2, 185.21
1494032580, 13, 139, 524, 49, 0, 4.09%, 0, 6, 2, 182.00
1494032585, 13, 140, 524, 49, 0, 4.09%, 0, 6, 2, 24.00
1494032590, 13, 142, 524, 49, 0, 4.09%, 0, 6, 2, 148.02
1494032595, 13, 151, 524, 49, 0, 4.09%, 0, 6, 2, 152.35
1494032600, 13, 153, 524, 49, 0, 4.09%, 0, 6, 2, 170.47
1494032606, 13, 156, 524, 49, 0, 4.09%, 0, 6, 2, 183.76
1494032611, 13, 157, 524, 49, 0, 4.09%, 0, 6, 2, 182.71
1494032616, 13, 162, 524, 48, 0, 4.09%, 0, 6, 2, 164.12
1494032621, 13, 165, 524, 48, 0, 4.09%, 0, 6, 2, 107.02
1494032631, 13, 168, 524, 48, 0, 4.09%, 0, 6, 2, 176.44
