# unix_time, cycles_done, cur_path, paths_total, pending_total, pending_favs, map_size, unique_crashes, unique_hangs, max_depth, execs_per_sec
1494230068, 0, 0, 522, 522, 177, 4.19%, 0, 0, 2, 65.21
1494230084, 0, 0, 522, 521, 176, 4.19%, 0, 0, 2, 94.69
1494230124, 0, 0, 523, 522, 176, 4.19%, 0, 0, 2, 61.66
1494230288, 0, 1, 523, 522, 177, 4.19%, 0, 0, 2, 125.16
1494230298, 0, 2, 523, 521, 176, 4.19%, 0, 0, 2, 117.26
1494230309, 0, 3, 523, 520, 175, 4.19%, 0, 0, 2, 105.00
1494230314, 0, 5, 523, 518, 173, 4.19%, 0, 0, 2, 212.11
1494230319, 0, 7, 523, 517, 172, 4.19%, 0, 0, 2, 162.56
1494230324, 0, 8, 523, 516, 171, 4.19%, 0, 0, 2, 177.36
1494230329, 0, 11, 523, 515, 170, 4.19%, 0, 0, 2, 167.24
1494230339, 0, 12, 523, 514, 169, 4.19%, 0, 0, 2, 139.78
1494230349, 0, 13, 523, 513, 168, 4.19%, 0, 0, 2, 143.14
1494230354, 0, 14, 523, 512, 167, 4.19%, 0, 0, 2, 118.62
1494230365, 0, 15, 523, 511, 166, 4.19%, 0, 0, 2, 147.55
1494230370, 0, 20, 523, 509, 164, 4.19%, 0, 0, 2, 148.35
1494230375, 0, 22, 523, 508, 163, 4.19%, 0, 0, 2, 163.44
1494230380, 0, 23, 523, 507, 162, 4.19%, 0, 0, 2, 167.87
1494230385, 0, 26, 523, 505, 160, 4.19%, 0, 0, 2, 158.84
1494230390, 0, 28, 523, 504, 159, 4.19%, 0, 0, 2, 138.71
1494230406, 0, 29, 523, 503, 158, 4.19%, 0, 0, 2, 106.20
1494230411, 0, 31, 523, 502, 157, 4.19%, 0, 0, 2, 123.84
1494230416, 0, 32, 523, 501, 156, 4.19%, 0, 0, 2, 147.12
1494230421, 0, 40, 523, 499, 154, 4.19%, 0, 0, 2, 170.77
1494230431, 0, 41, 523, 498, 153, 4.19%, 0, 0, 2, 121.14
1494230436, 0, 42, 523, 497, 152, 4.19%, 0, 0, 2, 140.47
1494230442, 0, 43, 523, 496, 151, 4.19%, 0, 0, 2, 123.75
1494230447, 0, 44, 523, 495, 150, 4.19%, 0, 0, 2, 125.16
1494230452, 0, 46, 523, 494, 149, 4.19%, 0, 0, 2, 109.43
1494230462, 0, 48, 523, 492, 147, 4.19%, 0, 0, 2, 152.77
1494230467, 0, 49, 523, 491, 146, 4.19%, 0, 0, 2, 144.61
1494230477, 0, 54, 523, 490, 145, 4.19%, 0, 0, 2, 157.06
1494230483, 0, 55, 523, 489, 145, 4.19%, 0, 0, 2, 92.63
1494230493, 0, 57, 523, 488, 144, 4.19%, 0, 0, 2, 129.03
1494230498, 0, 58, 523, 487, 143, 4.19%, 0, 0, 2, 104.07
1494230508, 0, 61, 523, 485, 141, 4.19%, 0, 0, 2, 169.98
1494230518, 0, 62, 523, 484, 140, 4.19%, 0, 0, 2, 141.04
1494230523, 0, 64, 523, 482, 138, 4.19%, 0, 0, 2, 134.26
1494230529, 0, 66, 523, 481, 137, 4.19%, 0, 0, 2, 108.54
1494230539, 0, 67, 523, 480, 136, 4.19%, 0, 0, 2, 124.22
1494230544, 0, 69, 523, 479, 135, 4.19%, 0, 0, 2, 93.83
1494230549, 0, 70, 523, 478, 134, 4.19%, 0, 0, 2, 152.15
1494230554, 0, 72, 523, 477, 133, 4.19%, 0, 0, 2, 157.14
1494230564, 0, 75, 523, 475, 131, 4.19%, 0, 0, 2, 98.88
1494230569, 0, 76, 523, 474, 130, 4.19%, 0, 0, 2, 148.15
1494230575, 0, 80, 523, 473, 129, 4.19%, 0, 0, 2, 132.88
1494230585, 0, 82, 523, 472, 128, 4.19%, 0, 0, 2, 162.88
1494230590, 0, 83, 523, 471, 127, 4.19%, 0, 0, 2, 137.75
1494230595, 0, 86, 523, 469, 125, 4.19%, 0, 0, 2, 134.26
1494230600, 0, 88, 523, 467, 123, 4.19%, 0, 0, 2, 176.03
1494230605, 0, 91, 523, 466, 122, 4.19%, 0, 0, 2, 135.14
1494230610, 0, 92, 523, 465, 121, 4.19%, 0, 0, 2, 101.07
1494230615, 0, 93, 523, 464, 120, 4.19%, 0, 0, 2, 127.64
1494230621, 0, 94, 523, 463, 119, 4.19%, 0, 0, 2, 122.62
1494230626, 0, 98, 523, 461, 117, 4.19%, 0, 0, 2, 120.97
1494230631, 0, 99, 523, 460, 116, 4.19%, 0, 0, 2, 122.60
1494230641, 0, 100, 523, 459, 115, 4.19%, 0, 0, 2, 83.82
1494230646, 0, 101, 523, 458, 114, 4.19%, 0, 0, 2, 182.07
1494230651, 0, 109, 523, 457, 113, 4.19%, 0, 0, 2, 156.76
1494230662, 0, 112, 523, 455, 111, 4.19%, 0, 0, 2, 158.36
1494230672, 0, 115, 523, 454, 110, 4.19%, 0, 0, 2, 100.06
1494230677, 0, 118, 523, 453, 109, 4.19%, 0, 0, 2, 97.19
1494230687, 0, 126, 523, 451, 107, 4.19%, 0, 0, 2, 154.98
1494230692, 0, 127, 523, 450, 106, 4.19%, 0, 0, 2, 134.77
1494230703, 0, 129, 523, 449, 105, 4.19%, 0, 0, 2, 17.47
1494230708, 0, 132, 523, 448, 104, 4.19%, 0, 0, 2, 173.40
1494230718, 0, 133, 523, 447, 103, 4.19%, 0, 0, 2, 128.52
1494230723, 0, 140, 523, 446, 102, 4.19%, 0, 0, 2, 183.63
1494230728, 0, 142, 523, 445, 101, 4.19%, 0, 0, 2, 189.65
1494230734, 0, 146, 523, 444, 100, 4.19%, 0, 0, 2, 52.38
1494230739, 0, 153, 523, 443, 99, 4.19%, 0, 0, 2, 89.41
1494230749, 0, 166, 523, 441, 97, 4.19%, 0, 0, 2, 131.96
1494230754, 0, 169, 523, 440, 96, 4.19%, 0, 0, 2, 191.03
1494230759, 0, 172, 523, 439, 95, 4.19%, 0, 0, 2, 195.05
1494230765, 0, 174, 523, 438, 94, 4.19%, 0, 0, 2, 174.23
1494230775, 0, 176, 523, 437, 93, 4.19%, 0, 0, 2, 123.12
1494230780, 0, 177, 523, 436, 92, 4.19%, 0, 0, 2, 174.56
1494230785, 0, 179, 523, 435, 91, 4.19%, 0, 0, 2, 164.72
1494230790, 0, 180, 523, 434, 90, 4.19%, 0, 0, 2, 86.90
1494230795, 0, 181, 523, 433, 89, 4.19%, 0, 0, 2, 153.37
1494230800, 0, 184, 523, 432, 88, 4.19%, 0, 0, 2, 142.27
1494230810, 0, 186, 523, 431, 87, 4.19%, 0, 0, 2, 164.03
1494230816, 0, 192, 523, 430, 86, 4.19%, 0, 0, 2, 194.72
1494230821, 0, 193, 523, 429, 85, 4.19%, 0, 0, 2, 203.55
1494230826, 0, 198, 523, 428, 84, 4.19%, 0, 0, 2, 137.83
1494230831, 0, 200, 523, 427, 83, 4.19%, 0, 0, 2, 118.79
1494230836, 0, 201, 523, 426, 82, 4.19%, 0, 0, 2, 115.00
1494230872, 0, 202, 523, 425, 81, 4.19%, 0, 0, 2, 130.31
1494230882, 0, 203, 523, 424, 80, 4.19%, 0, 0, 2, 161.70
1494230887, 0, 205, 523, 423, 79, 4.19%, 0, 0, 2, 161.67
1494230892, 0, 213, 523, 422, 78, 4.19%, 0, 0, 2, 95.86
1494230897, 0, 215, 523, 421, 77, 4.19%, 0, 0, 2, 126.60
1494230908, 0, 238, 523, 419, 75, 4.19%, 0, 0, 2, 152.92
1494230913, 0, 241, 523, 418, 74, 4.19%, 0, 0, 2, 127.08
1494230918, 0, 247, 523, 417, 73, 4.19%, 0, 0, 2, 120.35
1494230923, 0, 249, 523, 416, 72, 4.19%, 0, 0, 2, 127.81
1494230928, 0, 257, 523, 415, 71, 4.19%, 0, 0, 2, 101.42
1494230933, 0, 261, 523, 414, 70, 4.19%, 0, 0, 2, 152.51
1494230938, 0, 264, 523, 413, 69, 4.19%, 0, 0, 2, 152.17
1494230954, 0, 266, 523, 412, 68, 4.19%, 0, 0, 2, 80.86
1494230959, 0, 297, 523, 411, 67, 4.19%, 0, 0, 2, 129.82
1494230964, 0, 305, 523, 410, 66, 4.19%, 0, 0, 2, 165.51
1494230974, 0, 309, 523, 409, 65, 4.19%, 0, 0, 2, 24.37
1494231056, 0, 321, 523, 408, 64, 4.19%, 0, 0, 2, 110.41
1494231086, 0, 322, 523, 407, 63, 4.19%, 0, 0, 2, 110.28
1494231107, 0, 331, 523, 406, 62, 4.19%, 0, 0, 2, 195.25
1494231112, 0, 334, 523, 405, 61, 4.19%, 0, 0, 2, 98.96
1494231117, 0, 335, 523, 404, 60, 4.19%, 0, 0, 2, 163.09
1494231122, 0, 344, 523, 402, 58, 4.19%, 0, 0, 2, 144.07
1494231132, 0, 345, 523, 401, 57, 4.19%, 0, 0, 2, 26.38
1494231204, 0, 349, 523, 400, 56, 4.19%, 0, 0, 2, 147.35
1494231209, 0, 350, 523, 399, 55, 4.19%, 0, 0, 2, 135.04
1494231214, 0, 359, 523, 398, 54, 4.19%, 0, 0, 2, 104.94
1494231286, 0, 364, 523, 397, 53, 4.19%, 0, 0, 2, 74.45
1494231291, 0, 365, 523, 396, 52, 4.19%, 0, 0, 2, 112.37
1494231301, 0, 367, 523, 395, 51, 4.19%, 0, 0, 2, 150.32
1494231306, 0, 371, 523, 394, 51, 4.19%, 0, 0, 2, 108.90
1494231311, 0, 378, 523, 393, 50, 4.19%, 0, 0, 2, 120.59
1494231316, 0, 380, 523, 392, 49, 4.19%, 0, 0, 2, 148.49
1494231327, 0, 384, 523, 390, 47, 4.19%, 0, 0, 2, 97.36
1494231332, 0, 386, 523, 389, 46, 4.19%, 0, 0, 2, 72.57
1494231342, 0, 389, 523, 388, 45, 4.19%, 0, 0, 2, 91.16
1494231347, 0, 390, 523, 387, 44, 4.19%, 0, 0, 2, 100.58
1494231352, 0, 391, 523, 386, 43, 4.19%, 0, 0, 2, 153.03
1494231362, 0, 392, 523, 385, 42, 4.19%, 0, 0, 2, 109.36
1494231367, 0, 393, 523, 384, 41, 4.19%, 0, 0, 2, 82.39
1494231373, 0, 399, 523, 383, 40, 4.19%, 0, 0, 2, 130.51
1494231378, 0, 400, 523, 382, 39, 4.19%, 0, 0, 2, 27.19
1494231439, 0, 408, 523, 380, 37, 4.19%, 0, 0, 2, 53.42
1494231450, 0, 411, 523, 379, 36, 4.19%, 0, 0, 2, 75.44
1494231455, 0, 416, 523, 378, 35, 4.19%, 0, 0, 2, 132.61
1494231460, 0, 417, 523, 377, 34, 4.19%, 0, 0, 2, 94.30
1494231465, 0, 418, 523, 376, 33, 4.19%, 0, 0, 2, 145.02
1494231470, 0, 420, 523, 375, 32, 4.19%, 0, 0, 2, 152.94
1494231475, 0, 425, 523, 374, 31, 4.19%, 0, 0, 2, 23.01
1494231496, 0, 427, 523, 373, 31, 4.19%, 0, 0, 2, 105.30
1494231506, 0, 428, 523, 372, 30, 4.19%, 0, 0, 2, 23.39
1494231588, 0, 430, 523, 371, 29, 4.19%, 0, 0, 2, 61.26
1494231634, 0, 433, 523, 370, 28, 4.19%, 0, 0, 2, 69.04
1494231639, 0, 438, 523, 369, 27, 4.19%, 0, 0, 2, 96.48
1494231644, 0, 444, 523, 368, 26, 4.19%, 0, 0, 2, 130.29
1494231655, 0, 450, 523, 367, 25, 4.19%, 0, 0, 2, 70.71
1494231660, 0, 455, 523, 366, 24, 4.19%, 0, 0, 2, 113.66
1494231680, 0, 456, 523, 365, 24, 4.19%, 0, 0, 2, 134.30
1494231691, 0, 464, 523, 364, 23, 4.19%, 0, 0, 2, 132.47
1494231696, 0, 465, 523, 363, 22, 4.19%, 0, 0, 2, 94.19
1494231701, 0, 466, 523, 362, 21, 4.19%, 0, 0, 2, 157.44
1494231706, 0, 471, 523, 360, 19, 4.19%, 0, 0, 2, 153.05
1494231711, 0, 472, 523, 359, 18, 4.19%, 0, 0, 2, 178.70
1494231716, 0, 481, 523, 358, 17, 4.19%, 0, 0, 2, 188.30
1494231721, 0, 482, 523, 357, 16, 4.19%, 0, 0, 2, 142.73
1494231726, 0, 483, 523, 356, 15, 4.19%, 0, 0, 2, 163.33
1494231736, 0, 492, 523, 355, 14, 4.19%, 0, 0, 2, 71.38
1494231742, 0, 493, 523, 354, 13, 4.19%, 0, 0, 2, 86.78
1494231747, 0, 495, 523, 353, 12, 4.19%, 0, 0, 2, 15.94
1494231757, 0, 499, 523, 352, 11, 4.19%, 0, 0, 2, 68.60
1494231762, 0, 501, 523, 351, 10, 4.19%, 0, 0, 2, 87.97
1494231773, 0, 502, 523, 350, 9, 4.19%, 0, 0, 2, 16.36
1494231839, 0, 509, 523, 349, 8, 4.19%, 0, 0, 2, 118.57
1494231849, 0, 510, 523, 348, 7, 4.19%, 0, 0, 2, 13.66
1494231931, 0, 512, 523, 347, 6, 4.19%, 0, 0, 2, 93.53
1494231941, 0, 513, 523, 346, 5, 4.19%, 0, 0, 2, 62.25
1494231946, 0, 516, 523, 345, 4, 4.19%, 0, 0, 2, 118.95
1494231957, 0, 517, 523, 344, 3, 4.19%, 0, 0, 2, 91.99
1494231962, 0, 518, 523, 343, 2, 4.19%, 0, 0, 2, 16.94
1494232044, 0, 522, 523, 342, 1, 4.19%, 0, 0, 2, 69.83
1494232054, 1, 0, 523, 341, 0, 4.19%, 0, 0, 2, 131.49
1494232064, 1, 1, 523, 341, 0, 4.19%, 0, 0, 2, 152.14
1494232074, 1, 2, 523, 341, 0, 4.19%, 0, 0, 2, 119.63
1494232084, 1, 4, 523, 341, 0, 4.19%, 0, 0, 2, 167.46
1494232089, 1, 6, 523, 341, 0, 4.19%, 0, 0, 2, 175.03
1494232095, 1, 7, 523, 340, 0, 4.19%, 0, 0, 2, 170.80
1494232105, 1, 8, 523, 340, 0, 4.19%, 0, 0, 2, 200.89
1494232110, 1, 9, 523, 340, 0, 4.19%, 0, 0, 2, 175.73
1494232115, 1, 11, 523, 338, 0, 4.19%, 0, 0, 2, 177.36
1494232125, 1, 12, 523, 338, 0, 4.19%, 0, 0, 2, 154.81
1494232130, 1, 13, 523, 338, 0, 4.19%, 0, 0, 2, 159.02
1494232135, 1, 14, 523, 338, 0, 4.19%, 0, 0, 2, 144.92
1494232140, 1, 15, 523, 338, 0, 4.19%, 0, 0, 2, 154.14
1494232145, 1, 17, 523, 338, 0, 4.19%, 0, 0, 2, 151.04
1494232151, 1, 20, 523, 337, 0, 4.19%, 0, 0, 2, 163.82
1494232156, 1, 22, 523, 337, 0, 4.19%, 0, 0, 2, 168.76
1494232161, 1, 24, 523, 337, 0, 4.19%, 0, 0, 2, 151.57
1494232171, 1, 26, 523, 336, 0, 4.19%, 0, 0, 2, 164.41
1494232176, 1, 28, 523, 336, 0, 4.19%, 0, 0, 2, 95.82
1494232187, 1, 29, 523, 336, 0, 4.19%, 0, 0, 2, 143.37
1494232192, 1, 32, 523, 336, 0, 4.19%, 0, 0, 2, 157.33
1494232197, 1, 35, 523, 336, 0, 4.19%, 0, 0, 2, 181.21
1494232202, 1, 38, 523, 335, 0, 4.19%, 0, 0, 2, 168.88
1494232212, 1, 39, 523, 334, 0, 4.19%, 0, 0, 2, 159.93
1494232218, 1, 40, 523, 333, 0, 4.19%, 0, 0, 2, 137.51
1494232223, 1, 41, 523, 333, 0, 4.19%, 0, 0, 2, 123.35
1494232228, 1, 43, 523, 333, 0, 4.19%, 0, 0, 2, 149.62
1494232233, 1, 44, 523, 333, 0, 4.19%, 0, 0, 2, 143.15
1494232238, 1, 46, 523, 333, 0, 4.19%, 0, 0, 2, 130.69
1494232244, 1, 48, 523, 333, 0, 4.19%, 0, 0, 2, 161.83
1494232249, 1, 49, 523, 333, 0, 4.19%, 0, 0, 2, 168.54
1494232259, 1, 55, 523, 332, 0, 4.19%, 0, 0, 2, 163.34
1494232269, 1, 57, 523, 332, 0, 4.19%, 0, 0, 2, 148.41
1494232274, 1, 59, 523, 332, 0, 4.19%, 0, 0, 2, 150.05
1494232279, 1, 62, 523, 332, 0, 4.19%, 0, 0, 2, 139.26
1494232284, 1, 63, 523, 332, 0, 4.19%, 0, 0, 2, 150.80
1494232290, 1, 65, 523, 332, 0, 4.19%, 0, 0, 2, 157.58
1494232295, 1, 66, 523, 331, 0, 4.19%, 0, 0, 2, 164.87
1494232300, 1, 67, 523, 331, 0, 4.19%, 0, 0, 2, 112.69
1494232305, 1, 69, 523, 331, 0, 4.19%, 0, 0, 2, 15.48
1494232310, 1, 70, 523, 331, 0, 4.19%, 0, 0, 2, 143.73
1494232315, 1, 72, 523, 331, 0, 4.19%, 0, 0, 2, 146.51
1494232320, 1, 74, 523, 331, 0, 4.19%, 0, 0, 2, 138.30
1494232326, 1, 75, 523, 331, 0, 4.19%, 0, 0, 2, 158.13
1494232331, 1, 77, 523, 331, 0, 4.19%, 0, 0, 2, 162.47
1494232336, 1, 79, 523, 330, 0, 4.19%, 0, 0, 2, 165.79
1494232341, 1, 80, 523, 329, 0, 4.19%, 0, 0, 2, 153.80
1494232346, 1, 82, 523, 328, 0, 4.19%, 0, 0, 2, 174.79
1494232351, 1, 83, 523, 328, 0, 4.19%, 0, 0, 2, 154.92
1494232356, 1, 86, 523, 328, 0, 4.19%, 0, 0, 2, 145.69
1494232361, 1, 88, 523, 328, 0, 4.19%, 0, 0, 2, 176.15
1494232366, 1, 92, 523, 328, 0, 4.19%, 0, 0, 2, 149.51
1494232372, 1, 94, 523, 328, 0, 4.19%, 0, 0, 2, 118.28
1494232377, 1, 98, 523, 328, 0, 4.19%, 0, 0, 2, 139.69
1494232382, 1, 99, 523, 328, 0, 4.19%, 0, 0, 2, 114.48
1494232387, 1, 101, 523, 328, 0, 4.19%, 0, 0, 2, 134.78
1494232392, 1, 103, 523, 328, 0, 4.19%, 0, 0, 2, 150.60
1494232397, 1, 109, 523, 326, 0, 4.19%, 0, 0, 2, 169.32
1494232402, 1, 110, 523, 326, 0, 4.19%, 0, 0, 2, 159.18
1494232408, 1, 112, 523, 326, 0, 4.19%, 0, 0, 2, 157.17
1494232413, 1, 115, 523, 326, 0, 4.19%, 0, 0, 2, 151.01
1494232418, 1, 118, 523, 325, 0, 4.19%, 0, 0, 2, 157.49
1494232423, 1, 120, 523, 325, 0, 4.19%, 0, 0, 2, 160.54
1494232428, 1, 124, 523, 324, 0, 4.19%, 0, 0, 2, 178.14
1494232433, 1, 126, 523, 323, 0, 4.19%, 0, 0, 2, 194.53
1494232439, 1, 129, 523, 323, 0, 4.19%, 0, 0, 2, 146.00
1494232444, 1, 132, 523, 323, 0, 4.19%, 0, 0, 2, 167.94
1494232449, 1, 133, 523, 323, 0, 4.19%, 0, 0, 2, 60.80
1494232454, 1, 140, 523, 322, 0, 4.19%, 0, 0, 2, 151.74
1494232459, 1, 142, 523, 322, 0, 4.19%, 0, 0, 2, 148.48
1494232470, 1, 143, 523, 322, 0, 4.19%, 0, 0, 2, 129.56
1494232475, 1, 148, 523, 321, 0, 4.19%, 0, 0, 2, 137.35
1494232485, 1, 153, 523, 319, 0, 4.19%, 0, 0, 2, 141.26
1494232490, 1, 158, 523, 318, 0, 4.19%, 0, 0, 2, 148.93
1494232495, 1, 165, 523, 317, 0, 4.19%, 0, 0, 2, 147.88
1494232506, 1, 167, 523, 316, 0, 4.19%, 0, 0, 2, 166.97
1494232511, 1, 169, 523, 315, 0, 4.19%, 0, 0, 2, 164.74
1494232516, 1, 172, 523, 315, 0, 4.19%, 0, 0, 2, 155.43
1494232521, 1, 173, 523, 315, 0, 4.19%, 0, 0, 2, 156.44
1494232526, 1, 175, 523, 314, 0, 4.19%, 0, 0, 2, 165.95
1494232531, 1, 177, 523, 313, 0, 4.19%, 0, 0, 2, 163.11
1494232542, 1, 180, 523, 313, 0, 4.19%, 0, 0, 2, 138.77
1494232547, 1, 181, 523, 313, 0, 4.19%, 0, 0, 2, 140.19
1494232552, 1, 186, 523, 313, 0, 4.19%, 0, 0, 2, 150.90
1494232562, 1, 190, 523, 313, 0, 4.19%, 0, 0, 2, 158.75
1494232567, 1, 192, 523, 312, 0, 4.19%, 0, 0, 2, 176.00
1494232572, 1, 193, 523, 312, 0, 4.19%, 0, 0, 2, 195.31
1494232577, 1, 198, 523, 312, 0, 4.19%, 0, 0, 2, 166.30
1494232582, 1, 201, 523, 312, 0, 4.19%, 0, 0, 2, 115.71
1494232588, 1, 202, 523, 312, 0, 4.19%, 0, 0, 2, 147.50
1494232593, 1, 203, 523, 312, 0, 4.19%, 0, 0, 2, 170.43
1494232603, 1, 206, 523, 312, 0, 4.19%, 0, 0, 2, 46.41
1494232613, 1, 210, 523, 311, 0, 4.19%, 0, 0, 2, 162.45
1494232618, 1, 211, 523, 310, 0, 4.19%, 0, 0, 2, 168.08
1494232623, 1, 213, 523, 309, 0, 4.19%, 0, 0, 2, 88.05
1494232628, 1, 215, 523, 309, 0, 4.19%, 0, 0, 2, 169.23
1494232633, 1, 220, 523, 309, 0, 4.19%, 0, 0, 2, 170.18
