# unix_time, cycles_done, cur_path, paths_total, pending_total, pending_favs, map_size, unique_crashes, unique_hangs, max_depth, execs_per_sec
1494333738, 0, 0, 236, 236, 194, 3.48%, 0, 0, 1, 472.30
1494333743, 0, 4, 238, 235, 191, 3.48%, 0, 0, 1, 913.92
1494333748, 0, 11, 238, 228, 184, 3.48%, 0, 0, 1, 1099.52
1494333753, 0, 15, 238, 224, 180, 3.48%, 0, 0, 1, 934.72
1494333758, 0, 19, 238, 220, 176, 3.48%, 0, 0, 1, 1030.44
1494333765, 0, 24, 238, 215, 171, 3.48%, 0, 0, 1, 140.55
1494333770, 0, 30, 238, 210, 166, 3.48%, 0, 0, 1, 56.72
1494333775, 0, 33, 238, 207, 163, 3.48%, 0, 0, 1, 78.35
1494333780, 0, 36, 238, 204, 160, 3.48%, 0, 0, 1, 144.23
1494333785, 0, 40, 238, 200, 156, 3.48%, 0, 0, 1, 140.00
1494333790, 0, 44, 238, 197, 153, 3.48%, 0, 0, 1, 111.87
1494333795, 0, 47, 238, 194, 150, 3.48%, 0, 0, 1, 882.31
1494333800, 0, 49, 238, 192, 148, 3.48%, 0, 0, 1, 75.39
1494333805, 0, 53, 238, 189, 145, 3.48%, 0, 0, 1, 152.24
1494333810, 0, 56, 238, 186, 142, 3.48%, 0, 0, 1, 149.81
1494333815, 0, 58, 238, 184, 140, 3.48%, 0, 0, 1, 164.76
1494333820, 0, 61, 238, 181, 137, 3.48%, 0, 0, 1, 961.94
1494333825, 0, 63, 238, 179, 135, 3.48%, 0, 0, 1, 120.18
1494333830, 0, 66, 238, 176, 132, 3.48%, 0, 0, 1, 66.53
1494333835, 0, 69, 238, 173, 129, 3.48%, 0, 0, 1, 82.74
1494333840, 0, 73, 238, 171, 127, 3.48%, 0, 0, 1, 56.97
1494333839, 0, 74, 238, 170, 126, 3.48%, 0, 0, 1, 0.00
1494333844, 0, 76, 238, 168, 124, 3.48%, 0, 0, 1, 1089.45
1494333850, 0, 78, 238, 166, 122, 3.48%, 0, 0, 1, 79.63
1494333855, 0, 80, 238, 164, 120, 3.48%, 0, 0, 1, 113.55
1494333860, 0, 83, 238, 161, 117, 3.48%, 0, 0, 1, 96.19
1494333865, 0, 88, 238, 156, 112, 3.48%, 0, 0, 1, 15.12
1494333870, 0, 90, 238, 154, 110, 3.48%, 0, 0, 1, 61.16
1494333875, 0, 93, 238, 151, 107, 3.48%, 0, 0, 1, 77.96
1494333880, 0, 94, 238, 150, 106, 3.48%, 0, 0, 1, 10.03
1494333885, 0, 96, 238, 148, 104, 3.48%, 0, 0, 1, 59.60
1494333890, 0, 97, 238, 147, 103, 3.48%, 0, 0, 1, 357.52
1494333895, 0, 98, 238, 146, 102, 3.48%, 0, 0, 1, 337.20
1494333900, 0, 100, 238, 144, 100, 3.48%, 0, 0, 1, 24.55
1494333905, 0, 101, 238, 143, 99, 3.48%, 0, 0, 1, 102.12
1494333910, 0, 104, 238, 140, 96, 3.48%, 0, 0, 1, 39.78
1494333915, 0, 106, 238, 138, 94, 3.48%, 0, 0, 1, 97.96
1494333920, 0, 109, 238, 135, 91, 3.48%, 0, 0, 1, 81.48
1494333925, 0, 112, 238, 132, 88, 3.48%, 0, 0, 1, 18.91
1494333930, 0, 116, 238, 128, 84, 3.48%, 0, 0, 1, 142.17
1494333935, 0, 119, 238, 125, 81, 3.48%, 0, 0, 1, 90.91
1494333940, 0, 122, 238, 122, 78, 3.48%, 0, 0, 1, 122.57
1494333945, 0, 125, 238, 119, 75, 3.48%, 0, 0, 1, 105.42
1494333950, 0, 127, 238, 117, 73, 3.48%, 0, 0, 1, 36.53
1494333955, 0, 130, 238, 114, 70, 3.48%, 0, 0, 1, 66.81
1494333960, 0, 136, 238, 110, 66, 3.48%, 0, 0, 1, 100.70
1494333965, 0, 138, 238, 108, 64, 3.48%, 0, 0, 1, 113.13
1494333970, 0, 142, 238, 104, 60, 3.48%, 0, 0, 1, 112.78
1494333975, 0, 144, 238, 102, 58, 3.48%, 0, 0, 1, 77.92
1494333980, 0, 148, 238, 98, 54, 3.48%, 0, 0, 1, 42.15
1494333985, 0, 150, 238, 96, 52, 3.48%, 0, 0, 1, 14.27
1494333990, 0, 154, 238, 93, 49, 3.48%, 0, 0, 1, 42.84
1494333995, 0, 161, 238, 89, 45, 3.48%, 0, 0, 1, 138.73
1494334000, 0, 165, 238, 85, 41, 3.48%, 0, 0, 1, 81.05
1494334005, 0, 168, 238, 83, 39, 3.48%, 0, 0, 1, 122.52
1494334010, 0, 170, 238, 81, 37, 3.48%, 0, 0, 1, 82.64
1494334015, 0, 174, 238, 77, 33, 3.48%, 0, 0, 1, 147.89
1494334020, 0, 176, 238, 75, 31, 3.48%, 0, 0, 1, 37.08
1494334024, 0, 180, 238, 72, 28, 3.48%, 0, 0, 1, 763.11
1494334030, 0, 183, 238, 71, 27, 3.48%, 0, 0, 1, 428.23
1494334035, 0, 185, 238, 69, 25, 3.48%, 0, 0, 1, 57.37
1494334040, 0, 186, 238, 68, 24, 3.48%, 0, 0, 1, 21.69
1494334045, 0, 187, 238, 67, 23, 3.48%, 0, 0, 1, 57.46
1494334050, 0, 191, 238, 64, 20, 3.48%, 0, 0, 1, 65.61
1494334055, 0, 196, 238, 61, 17, 3.48%, 0, 0, 1, 156.67
1494334060, 0, 204, 238, 60, 16, 3.48%, 0, 0, 1, 83.50
1494334065, 0, 206, 238, 58, 14, 3.48%, 1, 0, 1, 102.84
1494334070, 0, 209, 238, 57, 13, 3.48%, 1, 0, 1, 20.92
1494334075, 0, 213, 238, 55, 11, 3.48%, 1, 0, 1, 52.88
1494334080, 0, 214, 238, 54, 10, 3.48%, 1, 0, 1, 114.77
1494334079, 0, 216, 238, 53, 9, 3.48%, 1, 0, 1, 0.00
1494334085, 0, 221, 238, 51, 7, 3.48%, 1, 0, 1, 54.84
1494334090, 0, 223, 238, 49, 5, 3.48%, 1, 0, 1, 61.27
1494334094, 0, 232, 238, 46, 2, 3.48%, 1, 0, 1, 721.05
1494334100, 1, 4, 238, 43, 0, 3.48%, 1, 0, 1, 51.56
1494334105, 1, 7, 238, 43, 0, 3.48%, 1, 0, 1, 102.00
1494334110, 1, 12, 238, 43, 0, 3.48%, 1, 0, 1, 131.78
1494334115, 1, 15, 238, 43, 0, 3.48%, 1, 0, 1, 60.77
1494334120, 1, 17, 238, 43, 0, 3.48%, 1, 0, 1, 35.37
1494334125, 1, 21, 238, 43, 0, 3.48%, 1, 0, 1, 67.72
1494334130, 1, 24, 238, 43, 0, 3.48%, 1, 0, 1, 50.10
1494334134, 1, 28, 238, 43, 0, 3.48%, 1, 0, 1, 897.97
1494334140, 1, 33, 238, 43, 0, 3.48%, 1, 0, 1, 86.12
1494334145, 1, 35, 238, 43, 0, 3.48%, 1, 0, 1, 103.13
1494334150, 1, 37, 238, 43, 0, 3.48%, 1, 0, 1, 37.20
1494334155, 1, 42, 238, 43, 0, 3.48%, 1, 0, 1, 24.69
1494334160, 1, 43, 238, 43, 0, 3.48%, 1, 0, 1, 82.12
1494334165, 1, 45, 238, 43, 0, 3.48%, 1, 0, 1, 63.42
1494334170, 1, 46, 238, 43, 0, 3.48%, 1, 0, 1, 75.62
1494334175, 1, 48, 238, 43, 0, 3.48%, 1, 0, 1, 129.40
1494334180, 1, 52, 238, 43, 0, 3.48%, 1, 0, 1, 151.95
1494334185, 1, 54, 238, 43, 0, 3.48%, 1, 0, 1, 128.53
1494334190, 1, 56, 238, 43, 0, 3.48%, 1, 0, 1, 112.77
1494334195, 1, 59, 238, 43, 0, 3.48%, 1, 0, 1, 143.55
1494334200, 1, 61, 238, 43, 0, 3.48%, 1, 0, 1, 18.22
1494334205, 1, 63, 238, 43, 0, 3.48%, 1, 0, 1, 137.27
1494334209, 1, 65, 238, 43, 0, 3.48%, 1, 0, 1, 925.62
1494334215, 1, 68, 238, 43, 0, 3.48%, 1, 0, 1, 167.77
1494334220, 1, 72, 238, 43, 0, 3.48%, 1, 0, 1, 16.36
1494334225, 1, 74, 238, 42, 0, 3.48%, 1, 0, 1, 112.34
1494334229, 1, 75, 238, 42, 0, 3.48%, 1, 0, 1, 639.44
1494334235, 1, 76, 238, 42, 0, 3.48%, 1, 0, 1, 13.53
1494334240, 1, 78, 238, 42, 0, 3.48%, 1, 0, 1, 19.25
1494334245, 1, 79, 238, 42, 0, 3.48%, 1, 0, 1, 50.99
1494334249, 1, 80, 238, 42, 0, 3.48%, 1, 0, 1, 407.06
1494334254, 1, 81, 238, 42, 0, 3.48%, 1, 0, 1, 420.99
1494334260, 1, 82, 238, 42, 0, 3.48%, 1, 0, 1, 54.44
1494334265, 1, 83, 238, 42, 0, 3.48%, 1, 0, 1, 31.12
1494334270, 1, 88, 238, 42, 0, 3.48%, 1, 0, 1, 94.96
1494334275, 1, 89, 238, 42, 0, 3.48%, 1, 0, 1, 32.56
1494334280, 1, 91, 238, 42, 0, 3.48%, 1, 0, 1, 5.42
1494334285, 1, 93, 238, 42, 0, 3.48%, 1, 0, 1, 29.57
1494334290, 1, 95, 238, 42, 0, 3.48%, 1, 0, 1, 49.79
1494334295, 1, 97, 238, 42, 0, 3.48%, 1, 0, 1, 788.12
1494334300, 1, 100, 238, 42, 0, 3.48%, 1, 0, 1, 93.85
1494334305, 1, 102, 238, 42, 0, 3.48%, 1, 0, 1, 102.20
1494334310, 1, 104, 238, 42, 0, 3.48%, 1, 0, 1, 67.37
1494334315, 1, 107, 238, 42, 0, 3.48%, 1, 0, 1, 97.56
1494334320, 1, 110, 238, 42, 0, 3.48%, 1, 0, 1, 25.70
1494334325, 1, 113, 238, 42, 0, 3.48%, 1, 0, 1, 791.63
1494334330, 1, 118, 238, 42, 0, 3.48%, 1, 0, 1, 809.08
1494334335, 1, 121, 238, 42, 0, 3.48%, 1, 0, 1, 662.08
1494334340, 1, 123, 238, 42, 0, 3.48%, 1, 0, 1, 523.53
1494334345, 1, 124, 238, 42, 0, 3.48%, 1, 0, 1, 481.83
1494334350, 1, 126, 238, 42, 0, 3.48%, 1, 0, 1, 454.00
1494334355, 1, 127, 238, 42, 0, 3.48%, 1, 0, 1, 543.30
1494334360, 1, 129, 238, 42, 0, 3.48%, 1, 0, 1, 223.86
1494334366, 1, 130, 238, 42, 0, 3.48%, 1, 0, 1, 788.80
1494334371, 1, 135, 238, 42, 0, 3.48%, 1, 0, 1, 860.38
1494334376, 1, 137, 238, 42, 0, 3.48%, 1, 0, 1, 949.09
1494334381, 1, 139, 238, 42, 0, 3.48%, 1, 0, 1, 813.35
1494334386, 1, 143, 238, 42, 0, 3.48%, 1, 0, 1, 929.51
1494334391, 1, 147, 238, 42, 0, 3.48%, 1, 0, 1, 996.49
1494334396, 1, 150, 238, 42, 0, 3.48%, 1, 0, 1, 1092.03
1494334401, 1, 154, 238, 42, 0, 3.48%, 1, 0, 1, 973.18
1494334406, 1, 159, 238, 42, 0, 3.48%, 1, 0, 1, 1015.25
1494334412, 1, 164, 238, 41, 0, 3.48%, 1, 0, 1, 888.22
1494334417, 1, 167, 238, 41, 0, 3.48%, 1, 0, 1, 930.31
1494334422, 1, 170, 238, 41, 0, 3.48%, 1, 0, 1, 978.73
1494334427, 1, 173, 238, 41, 0, 3.48%, 1, 0, 1, 764.31
1494334432, 1, 175, 238, 41, 0, 3.48%, 1, 0, 1, 567.80
1494334437, 1, 177, 238, 41, 0, 3.48%, 1, 0, 1, 638.62
1494334442, 1, 179, 238, 40, 0, 3.48%, 1, 0, 1, 513.34
1494334448, 1, 180, 238, 40, 0, 3.48%, 1, 0, 1, 444.76
1494334453, 1, 182, 238, 40, 0, 3.48%, 1, 0, 1, 488.38
1494334458, 1, 183, 238, 39, 0, 3.48%, 1, 0, 1, 596.89
1494334463, 1, 186, 238, 39, 0, 3.48%, 1, 0, 1, 901.98
1494334468, 1, 188, 238, 39, 0, 3.48%, 1, 0, 1, 606.21
1494334473, 1, 191, 238, 39, 0, 3.48%, 1, 0, 1, 662.30
1494334478, 1, 193, 238, 39, 0, 3.48%, 1, 0, 1, 499.27
1494334483, 1, 196, 238, 38, 0, 3.48%, 1, 0, 1, 970.09
1494334489, 1, 204, 238, 37, 0, 3.48%, 1, 0, 1, 864.41
1494334494, 1, 206, 238, 37, 0, 3.48%, 1, 0, 1, 894.01
1494334500, 1, 212, 238, 37, 0, 3.48%, 2, 0, 1, 845.05
1494334505, 1, 215, 238, 36, 0, 3.48%, 2, 0, 1, 84.99
1494334510, 1, 217, 238, 35, 0, 3.48%, 2, 0, 1, 81.08
1494334515, 1, 220, 238, 33, 0, 3.48%, 2, 0, 1, 55.56
1494334520, 1, 222, 238, 33, 0, 3.48%, 2, 0, 1, 132.55
1494334525, 1, 231, 238, 33, 0, 3.48%, 2, 0, 1, 61.29
1494334530, 2, 0, 238, 31, 0, 3.48%, 2, 0, 1, 130.96
1494334535, 2, 4, 238, 31, 0, 3.48%, 2, 0, 1, 814.67
1494334540, 2, 10, 238, 31, 0, 3.48%, 2, 0, 1, 77.25
1494334539, 2, 11, 238, 31, 0, 3.48%, 2, 0, 1, 0.00
1494334545, 2, 14, 238, 31, 0, 3.48%, 2, 0, 1, 834.88
1494334550, 2, 18, 238, 31, 0, 3.48%, 2, 0, 1, 111.00
1494334555, 2, 20, 238, 31, 0, 3.48%, 2, 0, 1, 14.32
1494334560, 2, 24, 238, 31, 0, 3.48%, 2, 0, 1, 47.37
1494334559, 2, 25, 238, 31, 0, 3.48%, 2, 0, 1, 0.00
1494334565, 2, 26, 238, 31, 0, 3.48%, 2, 0, 1, 63.95
1494334570, 2, 30, 238, 31, 0, 3.48%, 2, 0, 1, 13.42
1494334575, 2, 33, 238, 31, 0, 3.48%, 2, 0, 1, 99.60
1494334580, 2, 35, 238, 31, 0, 3.48%, 2, 0, 1, 126.02
1494334585, 2, 37, 238, 31, 0, 3.48%, 2, 0, 1, 99.79
1494334590, 2, 40, 238, 31, 0, 3.48%, 2, 0, 1, 62.81
1494334595, 2, 43, 238, 31, 0, 3.48%, 2, 0, 1, 129.63
1494334600, 2, 46, 238, 31, 0, 3.48%, 2, 0, 1, 144.06
1494334604, 2, 48, 238, 31, 0, 3.48%, 2, 0, 1, 785.04
1494334610, 2, 51, 238, 31, 0, 3.48%, 2, 0, 1, 106.30
1494334615, 2, 53, 238, 31, 0, 3.48%, 2, 0, 1, 771.64
1494334620, 2, 56, 238, 31, 0, 3.48%, 2, 0, 1, 74.30
1494334625, 2, 58, 238, 31, 0, 3.48%, 2, 0, 1, 999.28
1494334630, 2, 61, 238, 31, 0, 3.48%, 2, 0, 1, 85.19
1494334635, 2, 64, 238, 31, 0, 3.48%, 2, 0, 1, 57.32
1494334640, 2, 66, 238, 31, 0, 3.48%, 2, 0, 1, 51.31
1494334645, 2, 69, 238, 31, 0, 3.48%, 2, 0, 1, 17.03
1494334650, 2, 74, 238, 31, 0, 3.48%, 2, 0, 1, 145.54
1494334655, 2, 76, 238, 31, 0, 3.48%, 2, 0, 1, 35.86
1494334660, 2, 78, 238, 31, 0, 3.48%, 2, 0, 1, 91.95
1494334665, 2, 80, 238, 31, 0, 3.48%, 2, 0, 1, 171.27
1494334670, 2, 82, 238, 31, 0, 3.48%, 2, 0, 1, 42.02
1494334675, 2, 87, 238, 31, 0, 3.48%, 2, 0, 1, 114.11
1494334680, 2, 89, 238, 31, 0, 3.48%, 2, 0, 1, 136.36
1494334684, 2, 91, 238, 31, 0, 3.48%, 2, 0, 1, 840.55
1494334690, 2, 95, 238, 31, 0, 3.48%, 2, 0, 1, 78.76
1494334695, 2, 97, 238, 31, 0, 3.48%, 2, 0, 1, 73.28
1494334700, 2, 100, 238, 31, 0, 3.48%, 2, 0, 1, 62.14
1494334705, 2, 102, 238, 31, 0, 3.48%, 2, 0, 1, 91.28
1494334710, 2, 104, 238, 31, 0, 3.48%, 2, 0, 1, 16.03
1494334715, 2, 106, 238, 31, 0, 3.48%, 2, 0, 1, 702.34
1494334719, 2, 109, 238, 31, 0, 3.48%, 2, 0, 1, 667.10
1494334725, 2, 112, 238, 31, 0, 3.48%, 2, 0, 1, 40.97
1494334730, 2, 116, 238, 31, 0, 3.48%, 2, 0, 1, 109.45
1494334735, 2, 119, 238, 31, 0, 3.48%, 2, 0, 1, 114.26
1494334740, 2, 123, 238, 31, 0, 3.48%, 2, 0, 1, 150.00
1494334745, 2, 126, 238, 31, 0, 3.48%, 2, 0, 1, 73.89
1494334750, 2, 128, 239, 32, 0, 3.48%, 2, 0, 2, 176.92
1494334755, 2, 134, 239, 32, 0, 3.48%, 2, 0, 2, 116.92
1494334759, 2, 136, 239, 32, 0, 3.48%, 2, 0, 2, 1007.69
1494334765, 2, 138, 239, 32, 0, 3.48%, 2, 0, 2, 921.31
1494334764, 2, 139, 239, 32, 0, 3.48%, 2, 0, 2, 0.00
1494334770, 2, 143, 239, 32, 0, 3.48%, 2, 0, 2, 19.59
1494334775, 2, 146, 239, 32, 0, 3.48%, 2, 0, 2, 1121.59
1494334780, 2, 149, 239, 32, 0, 3.48%, 2, 0, 2, 747.78
1494334785, 2, 152, 239, 32, 0, 3.48%, 2, 0, 2, 896.46
1494334790, 2, 161, 239, 32, 0, 3.48%, 2, 0, 2, 1030.32
1494334795, 2, 165, 239, 32, 0, 3.48%, 2, 0, 2, 949.90
1494334800, 2, 168, 239, 31, 0, 3.48%, 2, 0, 2, 694.06
1494334805, 2, 170, 239, 31, 0, 3.48%, 2, 0, 2, 129.05
1494334810, 2, 172, 239, 31, 0, 3.48%, 2, 0, 2, 16.65
1494334815, 2, 175, 239, 31, 0, 3.48%, 2, 0, 2, 601.40
1494334820, 2, 177, 239, 31, 0, 3.48%, 2, 0, 2, 1185.97
1494334825, 2, 183, 239, 30, 0, 3.48%, 2, 0, 2, 1070.25
1494334830, 2, 185, 239, 30, 0, 3.48%, 2, 0, 2, 1064.65
1494334835, 2, 187, 239, 30, 0, 3.48%, 2, 0, 2, 884.11
1494334841, 2, 191, 240, 31, 0, 3.48%, 2, 0, 2, 962.28
1494334845, 2, 195, 240, 31, 0, 3.48%, 2, 0, 2, 82.19
1494334850, 2, 203, 240, 30, 0, 3.48%, 2, 0, 2, 103.45
1494334855, 2, 205, 240, 29, 0, 3.48%, 2, 0, 2, 921.17
1494334860, 2, 210, 240, 29, 0, 3.48%, 2, 0, 2, 909.00
1494334865, 2, 214, 240, 29, 0, 3.48%, 2, 0, 2, 789.47
1494334870, 2, 220, 240, 28, 0, 3.48%, 2, 0, 2, 1125.45
1494334875, 2, 222, 240, 28, 0, 3.48%, 2, 0, 2, 64.37
1494334880, 2, 230, 240, 27, 0, 3.48%, 2, 0, 2, 88.08
1494334885, 3, 0, 240, 27, 0, 3.48%, 2, 0, 2, 21.78
1494334890, 3, 4, 240, 27, 0, 3.48%, 2, 0, 2, 47.93
1494334895, 3, 7, 240, 27, 0, 3.48%, 2, 0, 2, 109.80
1494334900, 3, 11, 240, 27, 0, 3.48%, 2, 0, 2, 64.22
1494334905, 3, 15, 240, 27, 0, 3.48%, 2, 0, 2, 116.86
1494334910, 3, 18, 240, 27, 0, 3.48%, 2, 0, 2, 141.45
1494334915, 3, 21, 240, 27, 0, 3.48%, 2, 0, 2, 100.42
1494334920, 3, 25, 240, 27, 0, 3.48%, 2, 0, 2, 81.33
1494334925, 3, 31, 240, 27, 0, 3.48%, 2, 0, 2, 102.04
1494334930, 3, 34, 240, 27, 0, 3.48%, 2, 0, 2, 161.65
1494334930, 3, 35, 240, 27, 0, 3.48%, 2, 0, 2, 0.00
1494334935, 3, 37, 240, 27, 0, 3.48%, 2, 0, 2, 51.41
1494334940, 3, 42, 240, 26, 0, 3.48%, 2, 0, 2, 98.84
1494334945, 3, 45, 240, 26, 0, 3.48%, 2, 0, 2, 119.76
1494334950, 3, 47, 240, 26, 0, 3.48%, 2, 0, 2, 84.75
1494334955, 3, 48, 240, 26, 0, 3.48%, 2, 0, 2, 36.66
1494334960, 3, 51, 240, 26, 0, 3.48%, 2, 0, 2, 79.71
1494334965, 3, 54, 240, 26, 0, 3.48%, 2, 0, 2, 157.89
1494334970, 3, 57, 240, 26, 0, 3.48%, 2, 0, 2, 1011.24
1494334975, 3, 59, 240, 26, 0, 3.48%, 2, 0, 2, 77.45
1494334980, 3, 62, 240, 26, 0, 3.48%, 2, 0, 2, 79.00
1494334985, 3, 64, 240, 26, 0, 3.48%, 2, 0, 2, 140.24
1494334990, 3, 67, 240, 26, 0, 3.48%, 2, 0, 2, 136.86
1494334995, 3, 70, 240, 26, 0, 3.48%, 2, 0, 2, 137.81
1494335000, 3, 74, 240, 26, 0, 3.48%, 2, 0, 2, 107.98
1494334999, 3, 75, 240, 26, 0, 3.48%, 2, 0, 2, 0.00
1494335005, 3, 77, 240, 26, 0, 3.48%, 2, 0, 2, 142.08
1494335010, 3, 79, 240, 26, 0, 3.48%, 2, 0, 2, 136.04
1494335015, 3, 81, 240, 26, 0, 3.48%, 2, 0, 2, 80.94
1494335020, 3, 85, 240, 26, 0, 3.48%, 2, 0, 2, 120.16
1494335025, 3, 89, 241, 27, 0, 3.48%, 2, 0, 2, 1098.59
1494335030, 3, 91, 241, 27, 0, 3.48%, 2, 0, 2, 909.22
1494335035, 3, 94, 241, 27, 0, 3.48%, 2, 0, 2, 948.82
1494335040, 3, 97, 241, 27, 0, 3.48%, 2, 0, 2, 858.95
1494335045, 3, 99, 241, 27, 0, 3.48%, 2, 0, 2, 1003.86
1494335051, 3, 102, 241, 27, 0, 3.48%, 2, 0, 2, 917.21
1494335056, 3, 105, 241, 27, 0, 3.48%, 2, 0, 2, 1037.81
1494335061, 3, 108, 241, 27, 0, 3.48%, 2, 0, 2, 768.92
1494335066, 3, 111, 241, 27, 0, 3.48%, 2, 0, 2, 1007.34
1494335071, 3, 114, 241, 27, 0, 3.48%, 2, 0, 2, 988.54
1494335076, 3, 118, 241, 27, 0, 3.48%, 2, 0, 2, 910.26
1494335081, 3, 122, 241, 27, 0, 3.48%, 2, 0, 2, 970.51
1494335086, 3, 124, 241, 27, 0, 3.48%, 2, 0, 2, 809.18
1494335091, 3, 127, 241, 27, 0, 3.48%, 2, 0, 2, 1005.27
1494335096, 3, 130, 241, 27, 0, 3.48%, 2, 0, 2, 1091.10
1494335102, 3, 136, 241, 27, 0, 3.48%, 2, 0, 2, 1035.53
1494335107, 3, 138, 241, 27, 0, 3.48%, 2, 0, 2, 1184.00
1494335112, 3, 143, 241, 27, 0, 3.48%, 2, 0, 2, 1092.67
1494335117, 3, 146, 241, 27, 0, 3.48%, 2, 0, 2, 999.51
1494335122, 3, 149, 241, 27, 0, 3.48%, 2, 0, 2, 1003.14
1494335127, 3, 152, 241, 27, 0, 3.48%, 2, 0, 2, 1030.14
1494335132, 3, 161, 241, 27, 0, 3.48%, 2, 0, 2, 913.62
1494335137, 3, 165, 241, 27, 0, 3.48%, 2, 0, 2, 1048.37
1494335142, 3, 168, 241, 27, 0, 3.48%, 2, 0, 2, 911.85
1494335147, 3, 169, 241, 27, 0, 3.48%, 2, 0, 2, 591.69
1494335153, 3, 170, 241, 27, 0, 3.48%, 2, 0, 2, 349.59
1494335158, 3, 173, 241, 27, 0, 3.48%, 2, 0, 2, 755.77
1494335163, 3, 176, 241, 27, 0, 3.48%, 2, 0, 2, 1011.90
1494335168, 3, 180, 241, 27, 0, 3.48%, 2, 0, 2, 559.64
1494335173, 3, 183, 241, 27, 0, 3.48%, 2, 0, 2, 788.51
1494335178, 3, 186, 241, 27, 0, 3.48%, 2, 0, 2, 898.85
1494335183, 3, 187, 241, 27, 0, 3.48%, 2, 0, 2, 576.61
1494335188, 3, 190, 241, 27, 0, 3.48%, 2, 0, 2, 661.75
1494335194, 3, 193, 241, 26, 0, 3.48%, 2, 0, 2, 898.13
1494335199, 3, 197, 241, 26, 0, 3.48%, 2, 0, 2, 925.39
1494335204, 3, 206, 241, 25, 0, 3.48%, 2, 0, 2, 1007.16
1494335209, 3, 210, 241, 25, 0, 3.48%, 2, 0, 2, 848.54
1494335209, 3, 210, 241, 25, 0, 3.48%, 4, 0, 2, 0.00
1494335215, 3, 213, 241, 25, 0, 3.48%, 4, 0, 2, 57.77
1494335220, 3, 216, 241, 25, 0, 3.48%, 4, 0, 2, 62.57
1494335225, 3, 222, 241, 25, 0, 3.48%, 4, 0, 2, 154.92
1494335230, 3, 227, 241, 25, 0, 3.48%, 4, 0, 2, 817.20
1494335235, 3, 232, 241, 23, 0, 3.48%, 4, 0, 2, 32.36
1494335240, 4, 1, 241, 22, 0, 3.48%, 4, 0, 2, 56.23
1494335245, 4, 7, 241, 22, 0, 3.48%, 4, 0, 2, 69.00
1494335250, 4, 11, 241, 22, 0, 3.48%, 4, 0, 2, 68.90
1494335255, 4, 12, 241, 22, 0, 3.48%, 4, 0, 2, 47.09
1494335260, 4, 16, 241, 22, 0, 3.48%, 4, 0, 2, 111.80
1494335259, 4, 17, 241, 22, 0, 3.48%, 4, 0, 2, 0.00
1494335265, 4, 21, 241, 22, 0, 3.48%, 4, 0, 2, 43.89
1494335270, 4, 25, 241, 22, 0, 3.48%, 4, 0, 2, 100.42
1494335275, 4, 30, 241, 22, 0, 3.48%, 4, 0, 2, 182.22
1494335280, 4, 34, 241, 22, 0, 3.48%, 4, 0, 2, 28.69
1494335285, 4, 37, 241, 22, 0, 3.48%, 4, 0, 2, 56.19
1494335290, 4, 42, 241, 22, 0, 3.48%, 4, 0, 2, 165.22
1494335295, 4, 45, 241, 22, 0, 3.48%, 4, 0, 2, 138.09
1494335300, 4, 47, 241, 22, 0, 3.48%, 4, 0, 2, 67.18
1494335300, 4, 48, 241, 22, 0, 3.48%, 4, 0, 2, 0.00
1494335305, 4, 51, 241, 22, 0, 3.48%, 4, 0, 2, 110.68
1494335310, 4, 54, 241, 22, 0, 3.48%, 4, 0, 2, 63.04
1494335315, 4, 56, 241, 22, 0, 3.48%, 4, 0, 2, 175.34
1494335320, 4, 59, 242, 23, 0, 3.48%, 4, 0, 2, 62.02
1494335325, 4, 62, 242, 23, 0, 3.48%, 4, 0, 2, 900.80
1494335330, 4, 64, 242, 23, 0, 3.48%, 4, 0, 2, 999.70
1494335335, 4, 67, 242, 23, 0, 3.48%, 4, 0, 2, 787.09
1494335340, 4, 70, 242, 23, 0, 3.48%, 4, 0, 2, 973.65
1494335345, 4, 74, 242, 23, 0, 3.48%, 4, 0, 2, 97.98
1494335350, 4, 76, 242, 23, 0, 3.48%, 4, 0, 2, 86.43
1494335355, 4, 79, 242, 23, 0, 3.48%, 4, 0, 2, 81.98
1494335360, 4, 81, 242, 23, 0, 3.48%, 4, 0, 2, 124.59
1494335365, 4, 83, 242, 23, 0, 3.48%, 4, 0, 2, 76.59
1494335370, 4, 88, 242, 23, 0, 3.48%, 4, 0, 2, 56.62
1494335375, 4, 91, 242, 23, 0, 3.48%, 4, 0, 2, 1083.49
1494335380, 4, 94, 242, 23, 0, 3.48%, 4, 0, 2, 1110.49
1494335385, 4, 96, 242, 23, 0, 3.48%, 4, 0, 2, 933.03
1494335390, 4, 98, 242, 23, 0, 3.48%, 4, 0, 2, 550.99
1494335395, 4, 101, 242, 23, 0, 3.48%, 4, 0, 2, 568.52
1494335401, 4, 103, 242, 23, 0, 3.48%, 4, 0, 2, 523.91
1494335400, 4, 104, 242, 23, 0, 3.48%, 4, 0, 2, 0.00
1494335405, 4, 106, 242, 23, 0, 3.48%, 4, 0, 2, 965.13
1494335410, 4, 110, 242, 23, 0, 3.48%, 4, 0, 2, 1046.70
1494335416, 4, 113, 242, 23, 0, 3.48%, 4, 0, 2, 978.77
1494335421, 4, 117, 242, 23, 0, 3.48%, 4, 0, 2, 834.48
1494335426, 4, 121, 242, 23, 0, 3.48%, 4, 0, 2, 949.71
1494335431, 4, 124, 242, 23, 0, 3.48%, 4, 0, 2, 745.10
1494335436, 4, 127, 242, 23, 0, 3.48%, 4, 0, 2, 823.56
1494335441, 4, 130, 242, 23, 0, 3.48%, 4, 0, 2, 1027.03
1494335446, 4, 134, 242, 21, 0, 3.48%, 4, 0, 2, 1075.89
1494335451, 4, 136, 242, 21, 0, 3.48%, 4, 0, 2, 999.46
1494335456, 4, 139, 242, 21, 0, 3.48%, 4, 0, 2, 992.15
1494335462, 4, 142, 242, 21, 0, 3.48%, 4, 0, 2, 1027.56
1494335467, 4, 146, 242, 21, 0, 3.48%, 4, 0, 2, 986.19
1494335472, 4, 150, 242, 21, 0, 3.48%, 4, 0, 2, 998.02
1494335477, 4, 154, 242, 21, 0, 3.48%, 4, 0, 2, 1049.74
1494335482, 4, 158, 242, 21, 0, 3.48%, 4, 0, 2, 930.57
1494335487, 4, 164, 242, 20, 0, 3.48%, 4, 0, 2, 793.10
1494335492, 4, 168, 242, 20, 0, 3.48%, 4, 0, 2, 1092.82
1494335497, 4, 170, 242, 20, 0, 3.48%, 4, 0, 2, 917.80
1494335502, 4, 174, 242, 20, 0, 3.48%, 4, 0, 2, 938.93
1494335507, 4, 177, 242, 20, 0, 3.48%, 4, 0, 2, 920.52
1494335513, 4, 183, 242, 20, 0, 3.48%, 4, 0, 2, 909.13
1494335518, 4, 185, 242, 20, 0, 3.48%, 4, 0, 2, 1010.31
1494335523, 4, 188, 242, 20, 0, 3.48%, 4, 0, 2, 890.37
1494335528, 4, 193, 242, 20, 0, 3.48%, 4, 0, 2, 961.79
1494335533, 4, 196, 242, 20, 0, 3.48%, 4, 0, 2, 888.68
1494335538, 4, 204, 242, 19, 0, 3.48%, 4, 0, 2, 711.65
1494335544, 4, 209, 242, 19, 0, 3.48%, 4, 0, 2, 946.97
1494335549, 4, 213, 242, 19, 0, 3.48%, 4, 0, 2, 931.07
1494335554, 4, 220, 242, 19, 0, 3.48%, 4, 0, 2, 927.14
1494335559, 4, 222, 242, 19, 0, 3.48%, 4, 0, 2, 966.95
1494335564, 4, 232, 242, 19, 0, 3.48%, 4, 0, 2, 867.27
1494335570, 5, 0, 242, 18, 0, 3.48%, 4, 0, 2, 781.30
1494335575, 5, 6, 242, 18, 0, 3.48%, 4, 0, 2, 105.37
1494335580, 5, 12, 242, 18, 0, 3.48%, 4, 0, 2, 62.23
1494335585, 5, 15, 242, 18, 0, 3.48%, 4, 0, 2, 160.57
1494335590, 5, 19, 242, 18, 0, 3.48%, 4, 0, 2, 119.83
1494335589, 5, 20, 242, 18, 0, 3.48%, 4, 0, 2, 0.00
1494335595, 5, 24, 242, 18, 0, 3.48%, 4, 0, 2, 104.20
1494335600, 5, 25, 242, 18, 0, 3.48%, 4, 0, 2, 58.82
1494335605, 5, 27, 242, 18, 0, 3.48%, 4, 0, 2, 33.69
1494335610, 5, 32, 242, 18, 0, 3.48%, 4, 0, 2, 23.49
1494335615, 5, 35, 242, 18, 0, 3.48%, 4, 0, 2, 886.28
1494335620, 5, 38, 242, 18, 0, 3.48%, 4, 0, 2, 879.95
1494335625, 5, 43, 242, 18, 0, 3.48%, 4, 0, 2, 1000.73
1494335630, 5, 46, 242, 18, 0, 3.48%, 4, 0, 2, 726.33
1494335635, 5, 47, 242, 18, 0, 3.48%, 4, 0, 2, 814.31
1494335640, 5, 51, 242, 18, 0, 3.48%, 4, 0, 2, 1020.60
1494335646, 5, 54, 242, 18, 0, 3.48%, 4, 0, 2, 937.01
1494335651, 5, 56, 242, 18, 0, 3.48%, 4, 0, 2, 584.38
1494335656, 5, 57, 242, 18, 0, 3.48%, 4, 0, 2, 487.93
1494335661, 5, 60, 242, 18, 0, 3.48%, 4, 0, 2, 923.84
1494335666, 5, 63, 242, 18, 0, 3.48%, 4, 0, 2, 876.20
1494335671, 5, 65, 242, 18, 0, 3.48%, 4, 0, 2, 975.48
1494335676, 5, 69, 242, 18, 0, 3.48%, 4, 0, 2, 1171.13
1494335681, 5, 71, 242, 18, 0, 3.48%, 4, 0, 2, 1044.36
1494335686, 5, 74, 242, 17, 0, 3.48%, 4, 0, 2, 973.21
1494335691, 5, 76, 242, 17, 0, 3.48%, 4, 0, 2, 763.75
1494335697, 5, 79, 242, 17, 0, 3.48%, 4, 0, 2, 967.34
1494335702, 5, 81, 242, 17, 0, 3.48%, 4, 0, 2, 702.77
1494335707, 5, 83, 242, 17, 0, 3.48%, 4, 0, 2, 808.41
1494335712, 5, 87, 242, 17, 0, 3.48%, 4, 0, 2, 907.05
1494335717, 5, 90, 242, 17, 0, 3.48%, 4, 0, 2, 881.17
1494335722, 5, 93, 242, 17, 0, 3.48%, 4, 0, 2, 918.82
1494335727, 5, 95, 242, 17, 0, 3.48%, 4, 0, 2, 976.08
1494335732, 5, 98, 242, 17, 0, 3.48%, 4, 0, 2, 932.20
1494335737, 5, 101, 242, 17, 0, 3.48%, 4, 0, 2, 948.24
1494335742, 5, 103, 242, 17, 0, 3.48%, 4, 0, 2, 930.50
1494335747, 5, 106, 242, 17, 0, 3.48%, 4, 0, 2, 907.28
1494335753, 5, 109, 242, 17, 0, 3.48%, 4, 0, 2, 777.70
1494335758, 5, 112, 242, 17, 0, 3.48%, 4, 0, 2, 1142.63
1494335763, 5, 114, 242, 17, 0, 3.48%, 4, 0, 2, 776.29
1494335768, 5, 118, 242, 17, 0, 3.48%, 4, 0, 2, 859.89
1494335773, 5, 122, 242, 17, 0, 3.48%, 4, 0, 2, 1031.27
1494335778, 5, 125, 242, 17, 0, 3.48%, 4, 0, 2, 888.70
1494335783, 5, 129, 242, 17, 0, 3.48%, 4, 0, 2, 934.40
1494335788, 5, 134, 242, 17, 0, 3.48%, 4, 0, 2, 932.70
1494335793, 5, 136, 242, 17, 0, 3.48%, 4, 0, 2, 854.94
1494335799, 5, 138, 242, 17, 0, 3.48%, 4, 0, 2, 1172.67
1494335804, 5, 142, 242, 17, 0, 3.48%, 4, 0, 2, 835.78
1494335809, 5, 144, 242, 17, 0, 3.48%, 4, 0, 2, 893.13
1494335814, 5, 147, 242, 17, 0, 3.48%, 4, 0, 2, 996.37
1494335819, 5, 150, 242, 17, 0, 3.48%, 4, 0, 2, 963.32
1494335824, 5, 153, 242, 17, 0, 3.48%, 4, 0, 2, 907.40
1494335830, 5, 157, 242, 16, 0, 3.48%, 4, 0, 2, 183.96
1494335835, 5, 162, 242, 15, 0, 3.48%, 4, 0, 2, 104.79
1494335840, 5, 165, 242, 15, 0, 3.48%, 4, 0, 2, 135.63
1494335839, 5, 167, 242, 15, 0, 3.48%, 4, 0, 2, 0.00
1494335845, 5, 169, 242, 15, 0, 3.48%, 4, 0, 2, 18.87
1494335850, 5, 172, 242, 15, 0, 3.48%, 4, 0, 2, 77.75
1494335855, 5, 175, 242, 15, 0, 3.48%, 4, 0, 2, 38.20
1494335860, 5, 177, 242, 15, 0, 3.48%, 4, 0, 2, 36.96
1494335864, 5, 180, 242, 15, 0, 3.48%, 4, 0, 2, 937.16
1494335870, 5, 184, 242, 15, 0, 3.48%, 4, 0, 2, 130.21
1494335870, 5, 185, 242, 15, 0, 3.48%, 4, 0, 2, 0.00
1494335875, 5, 187, 242, 15, 0, 3.48%, 4, 0, 2, 12.57
1494335880, 5, 189, 242, 15, 0, 3.48%, 4, 0, 2, 157.42
1494335885, 5, 193, 242, 14, 0, 3.48%, 4, 0, 2, 21.47
1494335890, 5, 196, 242, 14, 0, 3.48%, 4, 0, 2, 94.02
1494335895, 5, 204, 242, 14, 0, 3.48%, 4, 0, 2, 99.17
1494335900, 5, 209, 242, 14, 0, 3.48%, 4, 0, 2, 139.03
1494335905, 5, 213, 242, 14, 0, 3.48%, 4, 0, 2, 136.23
1494335910, 5, 216, 242, 14, 0, 3.48%, 4, 0, 2, 28.57
1494335915, 5, 222, 242, 14, 0, 3.48%, 4, 0, 2, 106.92
1494335920, 5, 230, 242, 14, 0, 3.48%, 4, 0, 2, 53.07
1494335925, 5, 239, 242, 14, 0, 3.48%, 4, 0, 2, 79.60
1494335930, 5, 240, 242, 13, 0, 3.48%, 4, 0, 2, 36.20
1494335935, 6, 4, 242, 12, 0, 3.48%, 4, 0, 2, 87.13
1494335940, 6, 10, 242, 12, 0, 3.48%, 4, 0, 2, 42.46
1494335945, 6, 14, 242, 12, 0, 3.48%, 4, 0, 2, 97.84
1494335950, 6, 17, 242, 12, 0, 3.48%, 4, 0, 2, 88.08
1494335955, 6, 22, 242, 12, 0, 3.48%, 4, 0, 2, 104.79
1494335960, 6, 26, 242, 12, 0, 3.48%, 4, 0, 2, 41.14
1494335965, 6, 31, 242, 12, 0, 3.48%, 4, 0, 2, 33.94
1494335970, 6, 34, 242, 12, 0, 3.48%, 4, 0, 2, 59.02
1494335975, 6, 37, 242, 12, 0, 3.48%, 4, 0, 2, 95.24
1494335980, 6, 42, 242, 12, 0, 3.48%, 4, 0, 2, 53.14
1494335985, 6, 45, 242, 12, 0, 3.48%, 4, 0, 2, 73.91
1494335990, 6, 47, 242, 12, 0, 3.48%, 4, 0, 2, 81.63
1494335995, 6, 51, 242, 12, 0, 3.48%, 4, 0, 2, 125.62
1494336000, 6, 53, 242, 12, 0, 3.48%, 4, 0, 2, 65.96
1494336005, 6, 55, 242, 12, 0, 3.48%, 4, 0, 2, 67.68
1494336010, 6, 58, 242, 12, 0, 3.48%, 4, 0, 2, 43.24
1494336015, 6, 60, 242, 12, 0, 3.48%, 4, 0, 2, 58.69
1494336020, 6, 63, 242, 12, 0, 3.48%, 4, 0, 2, 42.48
1494336025, 6, 65, 242, 12, 0, 3.48%, 4, 0, 2, 888.01
1494336030, 6, 69, 242, 12, 0, 3.48%, 4, 0, 2, 196.30
1494336035, 6, 73, 242, 12, 0, 3.48%, 4, 0, 2, 10.81
1494336040, 6, 75, 242, 12, 0, 3.48%, 4, 0, 2, 81.37
1494336040, 6, 76, 242, 12, 0, 3.48%, 4, 0, 2, 0.00
1494336045, 6, 78, 242, 12, 0, 3.48%, 4, 0, 2, 881.18
1494336050, 6, 80, 242, 12, 0, 3.48%, 4, 0, 2, 83.07
1494336055, 6, 82, 242, 12, 0, 3.48%, 4, 0, 2, 1035.09
1494336060, 6, 87, 242, 12, 0, 3.48%, 4, 0, 2, 884.88
1494336065, 6, 90, 242, 12, 0, 3.48%, 4, 0, 2, 841.20
1494336070, 6, 93, 242, 12, 0, 3.48%, 4, 0, 2, 1086.77
1494336075, 6, 95, 242, 12, 0, 3.48%, 4, 0, 2, 1009.76
1494336080, 6, 98, 242, 12, 0, 3.48%, 4, 0, 2, 905.77
1494336086, 6, 101, 242, 12, 0, 3.48%, 4, 0, 2, 933.11
1494336091, 6, 104, 242, 12, 0, 3.48%, 4, 0, 2, 931.53
1494336096, 6, 106, 242, 12, 0, 3.48%, 4, 0, 2, 954.82
1494336101, 6, 109, 242, 12, 0, 3.48%, 4, 0, 2, 976.29
1494336106, 6, 112, 242, 12, 0, 3.48%, 4, 0, 2, 918.63
1494336112, 6, 116, 242, 12, 0, 3.48%, 4, 0, 2, 893.13
1494336117, 6, 119, 242, 12, 0, 3.48%, 4, 0, 2, 920.74
1494336122, 6, 123, 242, 12, 0, 3.48%, 4, 0, 2, 877.80
1494336127, 6, 126, 242, 12, 0, 3.48%, 4, 0, 2, 987.16
1494336132, 6, 129, 242, 12, 0, 3.48%, 4, 0, 2, 967.57
1494336137, 6, 135, 242, 12, 0, 3.48%, 4, 0, 2, 1053.93
1494336142, 6, 137, 242, 12, 0, 3.48%, 4, 0, 2, 990.96
1494336147, 6, 139, 242, 12, 0, 3.48%, 4, 0, 2, 916.57
1494336152, 6, 143, 242, 12, 0, 3.48%, 4, 0, 2, 923.38
1494336157, 6, 147, 242, 12, 0, 3.48%, 4, 0, 2, 978.45
1494336163, 6, 150, 242, 12, 0, 3.48%, 4, 0, 2, 1005.33
1494336168, 6, 154, 242, 12, 0, 3.48%, 4, 0, 2, 941.01
1494336173, 6, 159, 242, 12, 0, 3.48%, 4, 0, 2, 821.87
1494336178, 6, 163, 242, 12, 0, 3.48%, 4, 0, 2, 944.04
1494336183, 6, 167, 242, 12, 0, 3.48%, 5, 0, 2, 955.06
1494336188, 6, 169, 242, 12, 0, 3.48%, 5, 0, 2, 906.01
1494336193, 6, 172, 242, 12, 0, 3.48%, 5, 0, 2, 1009.82
1494336198, 6, 176, 242, 12, 0, 3.48%, 5, 0, 2, 881.70
1494336203, 6, 179, 242, 12, 0, 3.48%, 5, 0, 2, 908.18
1494336208, 6, 184, 242, 12, 0, 3.48%, 5, 0, 2, 1018.43
1494336214, 6, 187, 242, 12, 0, 3.48%, 5, 0, 2, 931.74
1494336219, 6, 190, 242, 12, 0, 3.48%, 5, 0, 2, 885.06
1494336224, 6, 195, 242, 12, 0, 3.48%, 5, 0, 2, 911.20
1494336229, 6, 199, 242, 12, 0, 3.48%, 5, 0, 2, 1018.38
1494336234, 6, 206, 242, 11, 0, 3.48%, 5, 0, 2, 942.22
1494336239, 6, 210, 242, 10, 0, 3.48%, 5, 0, 2, 966.36
1494336245, 6, 214, 242, 9, 0, 3.48%, 5, 0, 2, 3.34
1494336250, 6, 220, 242, 9, 0, 3.48%, 5, 0, 2, 130.18
1494336255, 6, 223, 242, 9, 0, 3.48%, 5, 0, 2, 152.51
1494336260, 6, 230, 242, 8, 0, 3.48%, 5, 0, 2, 55.79
1494336265, 6, 240, 242, 7, 0, 3.48%, 5, 0, 2, 19.72
1494336270, 7, 1, 242, 7, 0, 3.48%, 5, 0, 2, 142.26
1494336269, 7, 3, 242, 7, 0, 3.48%, 5, 0, 2, 0.00
1494336275, 7, 7, 242, 7, 0, 3.48%, 5, 0, 2, 149.72
1494336280, 7, 12, 242, 7, 0, 3.48%, 5, 0, 2, 100.95
1494336285, 7, 16, 242, 7, 0, 3.48%, 5, 0, 2, 142.06
1494336290, 7, 20, 242, 7, 0, 3.48%, 5, 0, 2, 1000.85
1494336295, 7, 26, 242, 7, 0, 3.48%, 5, 0, 2, 967.28
1494336300, 7, 31, 242, 7, 0, 3.48%, 5, 0, 2, 84.08
1494336305, 7, 34, 242, 7, 0, 3.48%, 5, 0, 2, 78.89
1494336310, 7, 37, 242, 7, 0, 3.48%, 5, 0, 2, 55.50
1494336315, 7, 43, 242, 7, 0, 3.48%, 5, 0, 2, 67.24
1494336320, 7, 45, 242, 7, 0, 3.48%, 5, 0, 2, 115.65
1494336325, 7, 47, 242, 7, 0, 3.48%, 5, 0, 2, 149.33
1494336330, 7, 51, 242, 7, 0, 3.48%, 5, 0, 2, 82.18
1494336335, 7, 54, 242, 7, 0, 3.48%, 5, 0, 2, 67.26
1494336340, 7, 56, 242, 7, 0, 3.48%, 5, 0, 2, 26.82
1494336345, 7, 59, 242, 7, 0, 3.48%, 5, 0, 2, 135.94
1494336350, 7, 61, 242, 7, 0, 3.48%, 5, 0, 2, 83.42
1494336355, 7, 64, 242, 7, 0, 3.48%, 5, 0, 2, 22.29
1494336360, 7, 66, 242, 7, 0, 3.48%, 5, 0, 2, 41.99
1494336365, 7, 70, 242, 7, 0, 3.48%, 5, 0, 2, 62.71
1494336370, 7, 74, 242, 7, 0, 3.48%, 5, 0, 2, 83.78
1494336375, 7, 77, 242, 7, 0, 3.48%, 5, 0, 2, 190.17
1494336380, 7, 79, 242, 7, 0, 3.48%, 5, 0, 2, 181.15
1494336385, 7, 81, 242, 7, 0, 3.48%, 5, 0, 2, 120.93
1494336389, 7, 86, 242, 7, 0, 3.48%, 5, 0, 2, 1009.80
1494336394, 7, 89, 242, 7, 0, 3.48%, 5, 0, 2, 937.83
1494336400, 7, 91, 242, 7, 0, 3.48%, 5, 0, 2, 168.31
1494336405, 7, 94, 242, 7, 0, 3.48%, 5, 0, 2, 165.32
1494336410, 7, 97, 242, 7, 0, 3.48%, 5, 0, 2, 180.87
1494336415, 7, 100, 242, 7, 0, 3.48%, 5, 0, 2, 102.15
1494336420, 7, 102, 242, 7, 0, 3.48%, 5, 0, 2, 135.14
1494336425, 7, 105, 242, 7, 0, 3.48%, 5, 0, 2, 99.48
1494336430, 7, 108, 242, 7, 0, 3.48%, 5, 0, 2, 31.21
1494336435, 7, 110, 242, 7, 0, 3.48%, 5, 0, 2, 81.34
1494336440, 7, 113, 242, 7, 0, 3.48%, 5, 0, 2, 88.59
1494336439, 7, 114, 242, 7, 0, 3.48%, 5, 0, 2, 0.00
1494336445, 7, 118, 242, 7, 0, 3.48%, 5, 0, 2, 101.87
1494336450, 7, 122, 242, 7, 0, 3.48%, 5, 0, 2, 71.98
1494336455, 7, 124, 242, 7, 0, 3.48%, 5, 0, 2, 138.89
1494336460, 7, 127, 242, 7, 0, 3.48%, 5, 0, 2, 140.39
1494336465, 7, 130, 242, 7, 0, 3.48%, 5, 0, 2, 136.55
1494336470, 7, 134, 242, 7, 0, 3.48%, 5, 0, 2, 133.95
1494336475, 7, 137, 242, 7, 0, 3.48%, 5, 0, 2, 113.35
1494336480, 7, 139, 242, 7, 0, 3.48%, 5, 0, 2, 954.54
1494336485, 7, 143, 242, 7, 0, 3.48%, 5, 0, 2, 115.72
1494336490, 7, 146, 242, 7, 0, 3.48%, 5, 0, 2, 111.96
1494336494, 7, 150, 242, 7, 0, 3.48%, 5, 0, 2, 878.28
1494336500, 7, 152, 242, 7, 0, 3.48%, 5, 0, 2, 815.57
1494336505, 7, 156, 242, 7, 0, 3.48%, 5, 0, 2, 126.89
1494336510, 7, 163, 242, 7, 0, 3.48%, 5, 0, 2, 85.41
1494336515, 7, 167, 242, 7, 0, 3.48%, 5, 0, 2, 151.14
1494336520, 7, 169, 242, 7, 0, 3.48%, 5, 0, 2, 104.01
1494336525, 7, 173, 242, 7, 0, 3.48%, 5, 0, 2, 9.47
1494336530, 7, 176, 242, 7, 0, 3.48%, 5, 0, 2, 80.68
1494336535, 7, 180, 242, 7, 0, 3.48%, 5, 0, 2, 138.83
1494336540, 7, 183, 242, 7, 0, 3.48%, 5, 0, 2, 128.80
1494336545, 7, 186, 242, 7, 0, 3.48%, 5, 0, 2, 41.90
1494336550, 7, 190, 242, 7, 0, 3.48%, 5, 0, 2, 106.38
1494336555, 7, 193, 242, 7, 0, 3.48%, 5, 0, 2, 20.81
1494336560, 7, 196, 242, 7, 0, 3.48%, 5, 0, 2, 66.81
1494336565, 7, 205, 242, 6, 0, 3.48%, 6, 0, 2, 135.25
1494336570, 7, 209, 242, 6, 0, 3.48%, 6, 0, 2, 43.00
1494336575, 7, 213, 242, 6, 0, 3.48%, 6, 0, 2, 36.61
1494336580, 7, 216, 242, 6, 0, 3.48%, 6, 0, 2, 102.78
1494336585, 7, 220, 242, 6, 0, 3.48%, 6, 0, 2, 83.60
1494336590, 7, 223, 242, 6, 0, 3.48%, 6, 0, 2, 43.13
1494336595, 7, 235, 242, 6, 0, 3.48%, 6, 0, 2, 130.52
1494336600, 7, 240, 242, 6, 0, 3.48%, 6, 0, 2, 156.78
1494336605, 8, 1, 242, 5, 0, 3.48%, 6, 0, 2, 49.95
1494336610, 8, 7, 242, 5, 0, 3.48%, 6, 0, 2, 941.19
1494336615, 8, 12, 242, 5, 0, 3.48%, 6, 0, 2, 121.31
1494336620, 8, 16, 242, 5, 0, 3.48%, 6, 0, 2, 161.58
1494336625, 8, 20, 242, 5, 0, 3.48%, 6, 0, 2, 170.15
1494336630, 8, 25, 242, 5, 0, 3.48%, 6, 0, 2, 23.56
1494336635, 8, 30, 242, 4, 0, 3.48%, 6, 0, 2, 62.91
1494336640, 8, 33, 242, 4, 0, 3.48%, 6, 0, 2, 168.00
1494336645, 8, 35, 242, 4, 0, 3.48%, 6, 0, 2, 95.34
1494336650, 8, 42, 242, 4, 0, 3.48%, 6, 0, 2, 837.24
1494336655, 8, 45, 242, 4, 0, 3.48%, 6, 0, 2, 849.59
1494336660, 8, 47, 242, 4, 0, 3.48%, 6, 0, 2, 1106.16
1494336666, 8, 49, 242, 4, 0, 3.48%, 6, 0, 2, 981.58
1494336671, 8, 52, 242, 3, 0, 3.48%, 6, 0, 2, 980.89
1494336676, 8, 55, 242, 3, 0, 3.48%, 6, 0, 2, 1076.52
1494336681, 8, 58, 242, 3, 0, 3.48%, 6, 0, 2, 1006.58
1494336686, 8, 60, 242, 3, 0, 3.48%, 6, 0, 2, 1020.85
1494336691, 8, 63, 242, 3, 0, 3.48%, 6, 0, 2, 949.79
1494336696, 8, 65, 242, 3, 0, 3.48%, 6, 0, 2, 757.06
1494336701, 8, 69, 242, 3, 0, 3.48%, 6, 0, 2, 1217.20
1494336706, 8, 73, 242, 3, 0, 3.48%, 6, 0, 2, 1060.28
1494336711, 8, 75, 242, 3, 0, 3.48%, 6, 0, 2, 817.33
1494336716, 8, 77, 242, 3, 0, 3.48%, 6, 0, 2, 977.14
1494336721, 8, 80, 242, 3, 0, 3.48%, 6, 0, 2, 958.80
1494336727, 8, 82, 242, 3, 0, 3.48%, 6, 0, 2, 1131.26
1494336732, 8, 87, 242, 3, 0, 3.48%, 6, 0, 2, 1103.56
1494336737, 8, 89, 242, 3, 0, 3.48%, 6, 0, 2, 1015.48
1494336742, 8, 93, 242, 3, 0, 3.48%, 6, 0, 2, 1067.10
1494336747, 8, 95, 242, 3, 0, 3.48%, 6, 0, 2, 861.44
1494336752, 8, 97, 242, 3, 0, 3.48%, 6, 0, 2, 908.96
1494336757, 8, 100, 242, 3, 0, 3.48%, 6, 0, 2, 918.27
1494336762, 8, 102, 242, 3, 0, 3.48%, 6, 0, 2, 971.72
1494336767, 8, 105, 242, 3, 0, 3.48%, 6, 0, 2, 997.82
1494336772, 8, 107, 242, 3, 0, 3.48%, 6, 0, 2, 983.27
1494336778, 8, 110, 242, 3, 0, 3.48%, 6, 0, 2, 1005.67
1494336783, 8, 113, 242, 3, 0, 3.48%, 6, 0, 2, 1090.82
1494336788, 8, 118, 242, 3, 0, 3.48%, 6, 0, 2, 883.06
1494336793, 8, 122, 242, 3, 0, 3.48%, 6, 0, 2, 924.31
1494336798, 8, 124, 242, 3, 0, 3.48%, 6, 0, 2, 1102.04
1494336803, 8, 127, 242, 3, 0, 3.48%, 6, 0, 2, 954.36
1494336808, 8, 130, 242, 3, 0, 3.48%, 6, 0, 2, 855.05
1494336813, 8, 134, 242, 3, 0, 3.48%, 6, 0, 2, 924.91
1494336818, 8, 136, 242, 3, 0, 3.48%, 6, 0, 2, 926.93
1494336823, 8, 139, 242, 3, 0, 3.48%, 6, 0, 2, 944.02
1494336828, 8, 143, 242, 3, 0, 3.48%, 6, 0, 2, 912.15
1494336833, 8, 146, 242, 3, 0, 3.48%, 6, 0, 2, 931.22
1494336839, 8, 149, 242, 3, 0, 3.48%, 6, 0, 2, 910.14
1494336844, 8, 152, 242, 3, 0, 3.48%, 6, 0, 2, 1019.27
1494336849, 8, 156, 242, 3, 0, 3.48%, 6, 0, 2, 966.33
1494336854, 8, 164, 242, 3, 0, 3.48%, 6, 0, 2, 929.42
1494336859, 8, 168, 242, 3, 0, 3.48%, 6, 0, 2, 894.66
1494336865, 8, 170, 242, 3, 0, 3.48%, 6, 0, 2, 940.84
1494336870, 8, 173, 242, 3, 0, 3.48%, 6, 0, 2, 79.10
1494336875, 8, 176, 242, 3, 0, 3.48%, 6, 0, 2, 39.34
1494336880, 8, 180, 242, 3, 0, 3.48%, 6, 0, 2, 110.76
1494336885, 8, 184, 242, 3, 0, 3.48%, 6, 0, 2, 75.89
1494336890, 8, 186, 242, 3, 0, 3.48%, 6, 0, 2, 50.96
1494336895, 8, 190, 242, 3, 0, 3.48%, 6, 0, 2, 112.50
1494336900, 8, 193, 242, 3, 0, 3.48%, 6, 0, 2, 154.15
1494336905, 8, 204, 242, 3, 0, 3.48%, 6, 0, 2, 155.06
1494336910, 8, 206, 242, 3, 0, 3.48%, 6, 0, 2, 188.94
1494336915, 8, 210, 242, 3, 0, 3.48%, 6, 0, 2, 189.91
1494336915, 8, 213, 242, 3, 0, 3.48%, 6, 0, 2, 0.00
1494336920, 8, 216, 242, 3, 0, 3.48%, 6, 0, 2, 127.75
1494336925, 8, 222, 242, 3, 0, 3.48%, 6, 0, 2, 94.52
1494336930, 8, 224, 242, 3, 0, 3.48%, 6, 0, 2, 102.56
1494336935, 8, 232, 242, 3, 0, 3.48%, 6, 0, 2, 94.44
1494336940, 8, 240, 242, 3, 0, 3.48%, 6, 0, 2, 182.21
1494336945, 9, 4, 242, 3, 0, 3.48%, 6, 0, 2, 99.69
1494336950, 9, 11, 242, 3, 0, 3.48%, 6, 0, 2, 954.95
1494336955, 9, 15, 242, 3, 0, 3.48%, 6, 0, 2, 104.35
1494336960, 9, 19, 242, 3, 0, 3.48%, 6, 0, 2, 51.19
1494336965, 9, 25, 242, 3, 0, 3.48%, 6, 0, 2, 137.61
1494336970, 9, 30, 242, 3, 0, 3.48%, 6, 0, 2, 124.73
1494336975, 9, 34, 242, 3, 0, 3.48%, 6, 0, 2, 163.60
1494336980, 9, 37, 242, 3, 0, 3.48%, 6, 0, 2, 188.12
1494336985, 9, 42, 242, 3, 0, 3.48%, 6, 0, 2, 85.56
1494336990, 9, 45, 242, 3, 0, 3.48%, 6, 0, 2, 113.10
1494336995, 9, 47, 242, 3, 0, 3.48%, 6, 0, 2, 161.89
1494337000, 9, 51, 242, 3, 0, 3.48%, 6, 0, 2, 116.00
1494337005, 9, 54, 242, 3, 0, 3.48%, 6, 0, 2, 80.17
1494337010, 9, 56, 242, 3, 0, 3.48%, 6, 0, 2, 65.53
1494337015, 9, 59, 242, 3, 0, 3.48%, 6, 0, 2, 101.93
1494337020, 9, 61, 242, 3, 0, 3.48%, 6, 0, 2, 61.56
1494337025, 9, 64, 242, 3, 0, 3.48%, 6, 0, 2, 63.33
1494337030, 9, 66, 242, 3, 0, 3.48%, 6, 0, 2, 73.45
1494337035, 9, 70, 242, 3, 0, 3.48%, 6, 0, 2, 876.59
1494337040, 9, 74, 242, 3, 0, 3.48%, 6, 0, 2, 38.89
1494337045, 9, 76, 242, 3, 0, 3.48%, 6, 0, 2, 59.41
1494337050, 9, 78, 242, 3, 0, 3.48%, 6, 0, 2, 118.50
1494337049, 9, 79, 242, 3, 0, 3.48%, 6, 0, 2, 0.00
1494337055, 9, 81, 242, 3, 0, 3.48%, 6, 0, 2, 127.74
1494337060, 9, 83, 242, 3, 0, 3.48%, 6, 0, 2, 61.36
1494337065, 9, 88, 242, 3, 0, 3.48%, 6, 0, 2, 165.87
1494337070, 9, 90, 242, 3, 0, 3.48%, 6, 0, 2, 904.30
1494337075, 9, 93, 242, 3, 0, 3.48%, 6, 0, 2, 1036.05
1494337080, 9, 96, 242, 3, 0, 3.48%, 6, 0, 2, 1107.18
1494337085, 9, 99, 242, 3, 0, 3.48%, 6, 0, 2, 993.34
1494337091, 9, 101, 242, 3, 0, 3.48%, 6, 0, 2, 844.86
1494337096, 9, 104, 242, 3, 0, 3.48%, 6, 0, 2, 964.96
1494337101, 9, 107, 242, 3, 0, 3.48%, 6, 0, 2, 1057.48
1494337106, 9, 110, 242, 3, 0, 3.48%, 6, 0, 2, 933.14
1494337111, 9, 113, 242, 3, 0, 3.48%, 6, 0, 2, 1034.54
1494337116, 9, 118, 242, 3, 0, 3.48%, 6, 0, 2, 1001.50
1494337121, 9, 122, 242, 3, 0, 3.48%, 6, 0, 2, 961.53
1494337127, 9, 124, 242, 3, 0, 3.48%, 6, 0, 2, 984.19
1494337132, 9, 127, 242, 3, 0, 3.48%, 6, 0, 2, 1078.34
1494337137, 9, 130, 242, 3, 0, 3.48%, 6, 0, 2, 1075.54
1494337142, 9, 136, 242, 3, 0, 3.48%, 6, 0, 2, 924.74
1494337147, 9, 138, 242, 3, 0, 3.48%, 6, 0, 2, 1102.19
1494337152, 9, 142, 242, 3, 0, 3.48%, 6, 0, 2, 918.92
1494337157, 9, 144, 242, 3, 0, 3.48%, 6, 0, 2, 964.38
1494337162, 9, 149, 242, 3, 0, 3.48%, 6, 0, 2, 946.92
1494337167, 9, 152, 242, 3, 0, 3.48%, 6, 0, 2, 971.59
1494337173, 9, 155, 242, 3, 0, 3.48%, 6, 0, 2, 971.68
1494337178, 9, 163, 242, 3, 0, 3.48%, 6, 0, 2, 963.20
1494337183, 9, 167, 242, 3, 0, 3.48%, 6, 0, 2, 1028.09
1494337188, 9, 170, 242, 3, 0, 3.48%, 6, 0, 2, 967.55
1494337193, 9, 173, 242, 3, 0, 3.48%, 6, 0, 2, 950.02
1494337198, 9, 176, 242, 3, 0, 3.48%, 6, 0, 2, 966.24
1494337203, 9, 180, 242, 3, 0, 3.48%, 6, 0, 2, 900.64
1494337208, 9, 184, 242, 3, 0, 3.48%, 6, 0, 2, 942.21
1494337213, 9, 187, 242, 3, 0, 3.48%, 6, 0, 2, 964.44
1494337218, 9, 189, 242, 3, 0, 3.48%, 6, 0, 2, 926.20
1494337224, 9, 193, 242, 3, 0, 3.48%, 6, 0, 2, 948.66
1494337229, 9, 204, 242, 3, 0, 3.48%, 6, 0, 2, 1016.43
1494337234, 9, 206, 242, 3, 0, 3.48%, 6, 0, 2, 938.23
1494337239, 9, 210, 242, 2, 0, 3.48%, 6, 0, 2, 1019.02
1494337244, 9, 214, 242, 2, 0, 3.48%, 6, 0, 2, 986.98
1494337249, 9, 220, 242, 2, 0, 3.48%, 6, 0, 2, 988.68
1494337254, 9, 223, 242, 2, 0, 3.48%, 6, 0, 2, 932.87
1494337259, 9, 235, 242, 2, 0, 3.48%, 6, 0, 2, 856.10
1494337265, 10, 1, 242, 2, 0, 3.48%, 6, 0, 2, 160.97
1494337270, 10, 7, 242, 2, 0, 3.48%, 6, 0, 2, 134.62
1494337275, 10, 12, 242, 2, 0, 3.48%, 6, 0, 2, 129.83
1494337280, 10, 16, 242, 2, 0, 3.48%, 6, 0, 2, 170.21
1494337285, 10, 20, 242, 2, 0, 3.48%, 6, 0, 2, 120.13
1494337285, 10, 23, 242, 2, 0, 3.48%, 6, 0, 2, 0.00
1494337290, 10, 26, 242, 2, 0, 3.48%, 6, 0, 2, 45.17
1494337295, 10, 32, 242, 2, 0, 3.48%, 6, 0, 2, 115.02
1494337300, 10, 34, 242, 2, 0, 3.48%, 6, 0, 2, 159.92
1494337305, 10, 37, 242, 2, 0, 3.48%, 6, 0, 2, 120.29
1494337310, 10, 43, 242, 2, 0, 3.48%, 6, 0, 2, 1111.66
1494337315, 10, 46, 242, 2, 0, 3.48%, 6, 0, 2, 888.30
1494337320, 10, 48, 242, 2, 0, 3.48%, 6, 0, 2, 758.61
1494337326, 10, 52, 242, 2, 0, 3.48%, 6, 0, 2, 953.24
1494337331, 10, 55, 242, 2, 0, 3.48%, 6, 0, 2, 1034.96
1494337336, 10, 58, 242, 2, 0, 3.48%, 6, 0, 2, 826.40
1494337341, 10, 60, 242, 2, 0, 3.48%, 6, 0, 2, 856.09
1494337346, 10, 63, 242, 2, 0, 3.48%, 6, 0, 2, 928.14
1494337351, 10, 66, 242, 2, 0, 3.48%, 6, 0, 2, 745.78
1494337356, 10, 69, 242, 2, 0, 3.48%, 6, 0, 2, 202.53
1494337361, 10, 73, 242, 2, 0, 3.48%, 6, 0, 2, 1018.30
1494337366, 10, 75, 242, 2, 0, 3.48%, 6, 0, 2, 913.99
1494337371, 10, 78, 242, 2, 0, 3.48%, 6, 0, 2, 998.18
1494337376, 10, 81, 242, 2, 0, 3.48%, 6, 0, 2, 1078.91
1494337381, 10, 83, 242, 2, 0, 3.48%, 6, 0, 2, 1037.17
1494337386, 10, 88, 242, 2, 0, 3.48%, 6, 0, 2, 915.07
1494337392, 10, 90, 242, 2, 0, 3.48%, 6, 0, 2, 1002.92
1494337397, 10, 94, 242, 2, 0, 3.48%, 6, 0, 2, 950.88
1494337402, 10, 96, 242, 2, 0, 3.48%, 6, 0, 2, 995.26
1494337407, 10, 99, 242, 2, 0, 3.48%, 6, 0, 2, 1023.06
1494337412, 10, 101, 242, 2, 0, 3.48%, 6, 0, 2, 995.42
1494337417, 10, 104, 242, 2, 0, 3.48%, 6, 0, 2, 910.59
1494337422, 10, 107, 242, 2, 0, 3.48%, 6, 0, 2, 986.39
1494337427, 10, 110, 242, 2, 0, 3.48%, 6, 0, 2, 930.29
1494337433, 10, 113, 242, 2, 0, 3.48%, 6, 0, 2, 984.23
1494337438, 10, 118, 242, 2, 0, 3.48%, 6, 0, 2, 994.50
1494337443, 10, 122, 242, 2, 0, 3.48%, 6, 0, 2, 997.27
1494337448, 10, 124, 242, 2, 0, 3.48%, 6, 0, 2, 985.14
1494337453, 10, 127, 242, 2, 0, 3.48%, 6, 0, 2, 711.77
1494337458, 10, 130, 242, 2, 0, 3.48%, 6, 0, 2, 924.60
1494337463, 10, 135, 242, 2, 0, 3.48%, 6, 0, 2, 988.01
1494337468, 10, 137, 242, 2, 0, 3.48%, 6, 0, 2, 960.62
1494337471, 10, 138, 242, 2, 0, 3.48%, 6, 0, 2, 863.78
1494337476, 10, 142, 242, 2, 0, 3.48%, 6, 0, 2, 863.93
1494337481, 10, 146, 242, 2, 0, 3.48%, 6, 0, 2, 925.51
1494337486, 10, 148, 242, 2, 0, 3.48%, 6, 0, 2, 924.56
1494337492, 10, 152, 242, 2, 0, 3.48%, 6, 0, 2, 994.76
1494337497, 10, 155, 242, 2, 0, 3.48%, 6, 0, 2, 943.80
1494337502, 10, 163, 242, 2, 0, 3.48%, 6, 0, 2, 900.25
1494337507, 10, 167, 242, 2, 0, 3.48%, 6, 0, 2, 1026.64
1494337512, 10, 169, 242, 2, 0, 3.48%, 6, 0, 2, 1035.40
1494337517, 10, 172, 242, 2, 0, 3.48%, 6, 0, 2, 951.45
1494337522, 10, 175, 242, 2, 0, 3.48%, 6, 0, 2, 953.33
1494337527, 10, 179, 242, 2, 0, 3.48%, 6, 0, 2, 1029.62
1494337532, 10, 184, 242, 2, 0, 3.48%, 6, 0, 2, 1057.57
1494337537, 10, 186, 242, 2, 0, 3.48%, 6, 0, 2, 854.34
1494337543, 10, 190, 242, 2, 0, 3.48%, 6, 0, 2, 953.30
1494337548, 10, 193, 242, 2, 0, 3.48%, 6, 0, 2, 1010.61
1494337553, 10, 204, 242, 2, 0, 3.48%, 6, 0, 2, 965.36
1494337558, 10, 206, 242, 2, 0, 3.48%, 6, 0, 2, 1017.83
1494337563, 10, 210, 242, 2, 0, 3.48%, 6, 0, 2, 891.08
1494337568, 10, 216, 242, 2, 0, 3.48%, 6, 0, 2, 948.26
1494337573, 10, 221, 242, 2, 0, 3.48%, 6, 0, 2, 918.95
1494337578, 10, 230, 242, 2, 0, 3.48%, 6, 0, 2, 904.42
1494337583, 10, 235, 242, 2, 0, 3.48%, 6, 0, 2, 884.03
1494337589, 11, 4, 242, 2, 0, 3.48%, 6, 0, 2, 1086.19
1494337594, 11, 9, 242, 2, 0, 3.48%, 6, 0, 2, 974.17
1494337599, 11, 14, 242, 2, 0, 3.48%, 6, 0, 2, 993.40
1494337604, 11, 18, 242, 2, 0, 3.48%, 6, 0, 2, 943.48
1494337609, 11, 23, 242, 2, 0, 3.48%, 6, 0, 2, 960.60
1494337614, 11, 28, 242, 2, 0, 3.48%, 6, 0, 2, 996.18
1494337619, 11, 33, 242, 2, 0, 3.48%, 6, 0, 2, 991.28
1494337624, 11, 35, 242, 2, 0, 3.48%, 6, 0, 2, 992.32
1494337630, 11, 40, 242, 2, 0, 3.48%, 6, 0, 2, 157.51
1494337635, 11, 44, 242, 2, 0, 3.48%, 6, 0, 2, 125.68
1494337640, 11, 47, 242, 2, 0, 3.48%, 6, 0, 2, 44.74
1494337645, 11, 49, 242, 2, 0, 3.48%, 6, 0, 2, 128.83
1494337650, 11, 53, 242, 2, 0, 3.48%, 6, 0, 2, 137.01
1494337655, 11, 55, 242, 2, 0, 3.48%, 6, 0, 2, 174.17
1494337660, 11, 58, 242, 2, 0, 3.48%, 6, 0, 2, 121.85
1494337665, 11, 61, 242, 2, 0, 3.48%, 6, 0, 2, 86.86
1494337670, 11, 64, 242, 2, 0, 3.48%, 6, 0, 2, 66.47
1494337675, 11, 66, 242, 2, 0, 3.48%, 6, 0, 2, 23.12
1494337680, 11, 69, 242, 2, 0, 3.48%, 6, 0, 2, 173.13
1494337685, 11, 73, 242, 2, 0, 3.48%, 6, 0, 2, 741.79
1494337690, 11, 76, 242, 2, 0, 3.48%, 6, 0, 2, 166.32
1494337695, 11, 78, 242, 2, 0, 3.48%, 6, 0, 2, 61.64
1494337700, 11, 81, 242, 2, 0, 3.48%, 6, 0, 2, 856.79
1494337705, 11, 83, 242, 2, 0, 3.48%, 6, 0, 2, 876.24
1494337711, 11, 88, 242, 2, 0, 3.48%, 6, 0, 2, 924.99
1494337716, 11, 91, 242, 2, 0, 3.48%, 6, 0, 2, 960.99
1494337721, 11, 94, 242, 2, 0, 3.48%, 6, 0, 2, 1077.43
1494337726, 11, 96, 242, 2, 0, 3.48%, 6, 0, 2, 1072.84
1494337731, 11, 99, 242, 2, 0, 3.48%, 7, 0, 2, 887.10
1494337736, 11, 101, 242, 2, 0, 3.48%, 7, 0, 2, 593.70
1494337741, 11, 104, 242, 2, 0, 3.48%, 7, 0, 2, 949.86
1494337746, 11, 106, 242, 2, 0, 3.48%, 7, 0, 2, 904.95
1494337752, 11, 110, 242, 2, 0, 3.48%, 7, 0, 2, 733.17
1494337757, 11, 113, 242, 2, 0, 3.48%, 7, 0, 2, 1017.66
1494337762, 11, 117, 242, 2, 0, 3.48%, 7, 0, 2, 913.03
1494337767, 11, 120, 242, 2, 0, 3.48%, 7, 0, 2, 947.88
1494337772, 11, 123, 242, 2, 0, 3.48%, 7, 0, 2, 891.79
1494337777, 11, 126, 242, 2, 0, 3.48%, 7, 0, 2, 1040.94
1494337782, 11, 129, 242, 2, 0, 3.48%, 7, 0, 2, 141.43
1494337787, 11, 134, 242, 2, 0, 3.48%, 7, 0, 2, 985.45
1494337792, 11, 137, 242, 2, 0, 3.48%, 7, 0, 2, 999.93
1494337797, 11, 139, 242, 2, 0, 3.48%, 7, 0, 2, 1022.49
1494337803, 11, 143, 242, 2, 0, 3.48%, 7, 0, 2, 947.47
1494337808, 11, 146, 242, 2, 0, 3.48%, 7, 0, 2, 932.00
1494337813, 11, 150, 242, 2, 0, 3.48%, 7, 0, 2, 957.61
1494337818, 11, 154, 242, 2, 0, 3.48%, 7, 0, 2, 906.46
1494337823, 11, 160, 242, 2, 0, 3.48%, 7, 0, 2, 1021.82
1494337828, 11, 165, 242, 2, 0, 3.48%, 7, 0, 2, 1034.02
1494337833, 11, 168, 242, 2, 0, 3.48%, 7, 0, 2, 963.56
1494337838, 11, 170, 242, 2, 0, 3.48%, 7, 0, 2, 883.70
1494337843, 11, 174, 242, 2, 0, 3.48%, 7, 0, 2, 960.95
1494337848, 11, 177, 242, 2, 0, 3.48%, 7, 0, 2, 936.55
1494337854, 11, 180, 242, 2, 0, 3.48%, 7, 0, 2, 997.25
1494337859, 11, 184, 242, 2, 0, 3.48%, 7, 0, 2, 883.15
1494337864, 11, 186, 242, 2, 0, 3.48%, 7, 0, 2, 892.25
1494337869, 11, 190, 242, 2, 0, 3.48%, 7, 0, 2, 912.74
1494337874, 11, 193, 242, 2, 0, 3.48%, 7, 0, 2, 948.99
1494337879, 11, 201, 242, 2, 0, 3.48%, 7, 0, 2, 953.95
1494337884, 11, 205, 242, 2, 0, 3.48%, 7, 0, 2, 984.50
1494337889, 11, 209, 242, 2, 0, 3.48%, 7, 0, 2, 952.18
1494337894, 11, 214, 242, 2, 0, 3.48%, 7, 0, 2, 971.91
1494337899, 11, 220, 242, 2, 0, 3.48%, 7, 0, 2, 982.86
1494337905, 11, 223, 242, 2, 0, 3.48%, 7, 0, 2, 954.27
1494337910, 11, 235, 242, 2, 0, 3.48%, 7, 0, 2, 865.93
1494337915, 11, 238, 242, 2, 0, 3.48%, 7, 0, 2, 13.88
1494337920, 12, 0, 242, 1, 0, 3.48%, 7, 0, 2, 732.64
1494337925, 12, 6, 242, 1, 0, 3.48%, 7, 0, 2, 66.98
1494337930, 12, 12, 242, 1, 0, 3.48%, 7, 0, 2, 64.70
1494337935, 12, 15, 242, 1, 0, 3.48%, 7, 0, 2, 37.60
1494337940, 12, 22, 242, 1, 0, 3.48%, 7, 0, 2, 974.50
1494337945, 12, 26, 242, 1, 0, 3.48%, 7, 0, 2, 924.78
1494337950, 12, 31, 242, 1, 0, 3.48%, 7, 0, 2, 997.29
1494337955, 12, 34, 242, 1, 0, 3.48%, 7, 0, 2, 974.86
1494337961, 12, 38, 242, 1, 0, 3.48%, 7, 0, 2, 987.61
