# unix_time, cycles_done, cur_path, paths_total, pending_total, pending_favs, map_size, unique_crashes, unique_hangs, max_depth, execs_per_sec
1495221160, 0, 0, 224, 224, 175, 3.25%, 0, 0, 1, 214.12
1495221165, 0, 0, 226, 225, 174, 3.25%, 0, 0, 1, 153.56
1495221211, 0, 1, 226, 225, 174, 3.25%, 0, 0, 1, 133.00
1495221216, 0, 3, 226, 223, 172, 3.25%, 0, 0, 1, 152.00
1495221226, 0, 4, 226, 222, 171, 3.25%, 0, 0, 1, 140.57
1495221231, 0, 6, 226, 220, 169, 3.25%, 0, 0, 1, 144.15
1495221237, 0, 10, 226, 217, 166, 3.25%, 0, 0, 1, 147.85
1495221242, 0, 12, 226, 216, 165, 3.25%, 0, 0, 1, 149.09
1495221247, 0, 13, 226, 215, 164, 3.25%, 0, 0, 1, 145.80
1495221252, 0, 16, 226, 212, 161, 3.25%, 0, 0, 1, 150.44
1495221257, 0, 18, 226, 210, 159, 3.25%, 0, 0, 1, 143.99
1495221262, 0, 20, 226, 208, 157, 3.25%, 0, 0, 1, 151.82
1495221267, 0, 22, 226, 206, 155, 3.25%, 0, 0, 1, 156.84
1495221273, 0, 23, 226, 205, 154, 3.25%, 0, 0, 1, 146.44
1495221278, 0, 24, 226, 204, 153, 3.25%, 0, 0, 1, 152.33
1495221283, 0, 26, 226, 202, 151, 3.25%, 0, 0, 1, 148.29
1495221288, 0, 29, 226, 199, 148, 3.25%, 0, 0, 1, 145.26
1495221293, 0, 30, 226, 198, 147, 3.25%, 0, 0, 1, 146.67
1495221303, 0, 31, 226, 197, 146, 3.25%, 0, 0, 1, 138.62
1495221308, 0, 32, 226, 196, 145, 3.25%, 0, 0, 1, 139.11
1495221313, 0, 33, 226, 195, 144, 3.25%, 0, 0, 1, 139.08
1495221323, 0, 34, 226, 194, 143, 3.25%, 0, 0, 1, 147.45
1495221339, 0, 37, 226, 193, 142, 3.25%, 0, 0, 1, 144.36
1495221344, 0, 38, 226, 192, 141, 3.25%, 0, 0, 1, 144.09
1495221349, 0, 41, 226, 190, 139, 3.25%, 0, 0, 1, 153.05
1495221364, 0, 43, 226, 188, 137, 3.25%, 0, 0, 1, 148.66
1495221370, 0, 44, 226, 187, 136, 3.25%, 0, 0, 1, 143.54
1495221395, 0, 45, 226, 186, 135, 3.25%, 0, 0, 1, 127.36
1495221400, 0, 46, 226, 185, 134, 3.25%, 0, 0, 1, 125.83
1495221415, 0, 47, 226, 184, 133, 3.25%, 0, 0, 1, 134.00
1495221421, 0, 48, 226, 183, 132, 3.25%, 0, 0, 1, 136.30
1495221436, 0, 49, 226, 182, 131, 3.25%, 0, 0, 1, 123.76
1495221441, 0, 50, 226, 181, 130, 3.25%, 0, 0, 1, 133.61
1495221457, 0, 51, 226, 180, 129, 3.25%, 0, 0, 1, 122.73
1495221462, 0, 52, 226, 179, 128, 3.25%, 0, 0, 1, 127.12
1495221472, 0, 54, 226, 178, 127, 3.25%, 0, 0, 1, 130.17
1495221488, 0, 55, 226, 177, 126, 3.25%, 0, 0, 1, 130.93
1495221493, 0, 56, 226, 176, 125, 3.25%, 0, 0, 1, 107.30
1495221513, 0, 57, 226, 175, 124, 3.25%, 0, 0, 1, 128.62
1495221518, 0, 58, 226, 174, 123, 3.25%, 0, 0, 1, 127.91
1495221539, 0, 60, 226, 173, 122, 3.25%, 0, 0, 1, 128.08
1495221554, 0, 63, 226, 171, 120, 3.25%, 0, 0, 1, 126.56
1495221569, 0, 67, 226, 170, 119, 3.25%, 0, 0, 1, 125.02
1495221585, 0, 69, 226, 169, 118, 3.25%, 0, 0, 1, 132.53
1495221590, 0, 72, 226, 168, 117, 3.25%, 0, 0, 1, 130.05
1495221595, 0, 73, 226, 167, 116, 3.25%, 0, 0, 1, 129.16
1495221610, 0, 75, 226, 165, 114, 3.25%, 0, 0, 1, 130.44
1495221626, 0, 76, 226, 164, 113, 3.25%, 0, 0, 1, 145.95
1495221631, 0, 77, 226, 163, 112, 3.25%, 0, 0, 1, 144.33
1495221646, 0, 79, 226, 161, 110, 3.25%, 0, 0, 1, 154.24
1495221661, 0, 80, 226, 160, 109, 3.25%, 0, 0, 1, 146.41
1495221667, 0, 81, 226, 159, 108, 3.25%, 0, 0, 1, 145.58
1495221677, 0, 84, 226, 158, 107, 3.25%, 0, 0, 1, 165.59
1495221682, 0, 85, 226, 157, 106, 3.25%, 0, 0, 1, 156.74
1495221692, 0, 87, 226, 156, 105, 3.25%, 0, 0, 1, 147.05
1495221703, 0, 88, 226, 155, 104, 3.25%, 0, 0, 1, 119.94
1495221713, 0, 89, 226, 154, 103, 3.25%, 0, 0, 1, 172.41
1495221723, 0, 90, 226, 153, 102, 3.25%, 0, 0, 1, 144.94
1495221728, 0, 92, 226, 152, 101, 3.25%, 0, 0, 1, 149.08
1495221743, 0, 93, 226, 151, 100, 3.25%, 0, 0, 1, 142.98
1495221748, 0, 95, 226, 149, 98, 3.25%, 0, 0, 1, 148.54
1495221764, 0, 96, 226, 148, 97, 3.25%, 0, 0, 1, 150.79
1495221769, 0, 98, 226, 147, 96, 3.25%, 0, 0, 1, 148.24
1495221774, 0, 99, 226, 146, 95, 3.25%, 0, 0, 1, 148.91
1495221789, 0, 100, 226, 145, 94, 3.25%, 0, 0, 1, 140.22
1495221794, 0, 101, 226, 144, 93, 3.25%, 0, 0, 1, 123.29
1495221805, 0, 102, 226, 143, 92, 3.25%, 0, 0, 1, 142.21
1495221810, 0, 103, 226, 142, 91, 3.25%, 0, 0, 1, 143.79
1495221820, 0, 104, 226, 141, 90, 3.25%, 0, 0, 1, 139.09
1495221825, 0, 105, 226, 140, 89, 3.25%, 0, 0, 1, 142.70
1495221840, 0, 106, 226, 139, 88, 3.25%, 0, 0, 1, 145.05
1495221855, 0, 109, 226, 137, 86, 3.25%, 0, 0, 1, 124.15
1495221876, 0, 112, 226, 135, 84, 3.25%, 0, 0, 1, 127.70
1495221886, 0, 113, 226, 134, 83, 3.25%, 0, 0, 1, 125.12
1495221901, 0, 114, 226, 133, 82, 3.25%, 0, 0, 1, 141.89
1495221917, 0, 115, 226, 132, 81, 3.25%, 0, 0, 1, 145.83
1495221922, 0, 117, 226, 130, 79, 3.25%, 0, 0, 1, 126.55
1495221942, 0, 118, 226, 129, 78, 3.25%, 0, 0, 1, 126.53
1495221947, 0, 119, 226, 128, 77, 3.25%, 0, 0, 1, 130.40
1495221963, 0, 121, 226, 126, 75, 3.25%, 0, 0, 1, 129.87
1495221973, 0, 123, 226, 125, 74, 3.25%, 0, 0, 1, 126.14
1495221988, 0, 124, 226, 124, 73, 3.25%, 0, 0, 1, 130.48
1495221993, 0, 125, 226, 123, 72, 3.25%, 0, 0, 1, 138.98
1495222009, 0, 126, 226, 122, 71, 3.25%, 0, 0, 1, 129.48
1495222014, 0, 127, 226, 121, 70, 3.25%, 0, 0, 1, 140.88
1495222029, 0, 129, 226, 120, 69, 3.25%, 0, 0, 1, 131.82
1495222044, 0, 131, 226, 118, 67, 3.25%, 0, 0, 1, 119.92
1495222069, 0, 132, 226, 117, 66, 3.25%, 0, 0, 1, 127.34
1495222075, 0, 134, 226, 116, 65, 3.25%, 0, 0, 1, 129.04
1495222090, 0, 135, 226, 115, 64, 3.25%, 0, 0, 1, 141.75
1495222095, 0, 136, 226, 114, 63, 3.25%, 0, 0, 1, 147.33
1495222106, 0, 137, 226, 113, 62, 3.25%, 0, 0, 1, 143.16
1495222121, 0, 138, 226, 112, 61, 3.25%, 0, 0, 1, 136.76
1495222136, 0, 140, 226, 110, 59, 3.25%, 0, 0, 1, 149.89
1495222151, 0, 142, 226, 108, 57, 3.25%, 0, 0, 1, 125.00
1495222167, 0, 146, 226, 107, 56, 3.25%, 0, 0, 1, 149.00
1495222172, 0, 149, 226, 106, 55, 3.25%, 0, 0, 1, 146.94
1495222187, 0, 150, 226, 105, 54, 3.25%, 0, 0, 1, 141.55
1495222192, 0, 151, 226, 104, 53, 3.25%, 0, 0, 1, 148.38
1495222197, 0, 153, 226, 102, 51, 3.25%, 0, 0, 1, 143.03
1495222208, 0, 154, 226, 101, 50, 3.25%, 0, 0, 1, 142.19
1495222218, 0, 155, 226, 100, 49, 3.25%, 0, 0, 1, 155.09
1495222223, 0, 156, 226, 99, 48, 3.25%, 0, 0, 1, 145.64
1495222238, 0, 158, 226, 98, 47, 3.25%, 0, 0, 1, 136.55
1495222243, 0, 159, 226, 97, 46, 3.25%, 0, 0, 1, 145.08
1495222259, 0, 160, 226, 96, 45, 3.25%, 0, 0, 1, 151.87
1495222264, 0, 162, 226, 95, 44, 3.25%, 0, 0, 1, 175.85
1495222279, 0, 163, 226, 94, 43, 3.25%, 0, 0, 1, 145.66
1495222294, 0, 164, 226, 93, 42, 3.25%, 0, 0, 1, 145.37
1495222300, 0, 165, 226, 92, 41, 3.25%, 0, 0, 1, 151.36
1495222315, 0, 167, 226, 90, 39, 3.25%, 0, 0, 1, 140.06
1495222330, 0, 168, 226, 89, 38, 3.25%, 0, 0, 1, 129.75
1495222340, 0, 169, 226, 88, 37, 3.25%, 0, 0, 1, 118.38
1495222356, 0, 171, 226, 87, 36, 3.25%, 0, 0, 1, 123.07
1495222366, 0, 173, 226, 86, 35, 3.25%, 0, 0, 1, 119.72
1495222376, 0, 174, 226, 85, 34, 3.25%, 0, 0, 1, 131.76
1495222392, 0, 176, 226, 84, 33, 3.25%, 0, 0, 1, 124.21
1495222417, 0, 177, 226, 83, 32, 3.25%, 0, 0, 1, 126.60
1495222422, 0, 179, 226, 82, 31, 3.25%, 0, 0, 1, 132.43
1495222437, 0, 180, 226, 81, 30, 3.25%, 0, 0, 1, 144.39
1495222442, 0, 181, 226, 80, 29, 3.25%, 0, 0, 1, 136.62
1495222458, 0, 182, 226, 79, 28, 3.25%, 0, 0, 1, 116.98
1495222463, 0, 184, 226, 78, 27, 3.25%, 0, 0, 1, 135.11
1495222478, 0, 185, 226, 77, 26, 3.25%, 0, 0, 1, 126.39
1495222483, 0, 186, 226, 76, 25, 3.25%, 0, 0, 1, 133.13
1495222504, 0, 188, 226, 75, 24, 3.25%, 0, 0, 1, 122.49
1495222519, 0, 190, 226, 74, 23, 3.25%, 0, 0, 1, 132.84
1495222534, 0, 191, 226, 73, 22, 3.25%, 0, 0, 1, 127.67
1495222539, 0, 192, 226, 72, 21, 3.25%, 0, 0, 1, 132.44
1495222545, 0, 193, 226, 71, 20, 3.25%, 0, 0, 1, 137.83
1495222550, 0, 194, 226, 70, 19, 3.25%, 0, 0, 1, 137.22
1495222555, 0, 195, 226, 69, 18, 3.25%, 0, 0, 1, 124.44
1495222570, 0, 197, 226, 68, 17, 3.25%, 0, 0, 1, 159.08
1495222585, 0, 199, 226, 66, 15, 3.25%, 0, 0, 1, 146.02
1495222591, 0, 200, 226, 65, 14, 3.25%, 0, 0, 1, 143.68
1495222596, 0, 201, 226, 64, 13, 3.25%, 0, 0, 1, 147.84
1495222601, 0, 202, 226, 63, 12, 3.25%, 0, 0, 1, 139.41
1495222616, 0, 203, 226, 62, 11, 3.25%, 0, 0, 1, 134.90
1495222621, 0, 204, 226, 61, 10, 3.25%, 0, 0, 1, 141.48
1495222637, 0, 205, 226, 60, 9, 3.25%, 0, 0, 1, 150.37
1495222642, 0, 206, 226, 59, 8, 3.25%, 0, 0, 1, 146.54
1495222652, 0, 207, 226, 58, 7, 3.25%, 0, 0, 1, 147.13
1495222657, 0, 208, 226, 57, 6, 3.25%, 0, 0, 1, 146.25
1495222672, 0, 209, 226, 56, 5, 3.25%, 0, 0, 1, 148.02
1495222677, 0, 213, 226, 55, 4, 3.25%, 0, 0, 1, 133.43
1495222698, 0, 216, 226, 54, 3, 3.25%, 0, 0, 1, 136.55
1495222723, 0, 217, 226, 53, 2, 3.25%, 0, 0, 1, 140.07
1495222728, 0, 221, 226, 52, 1, 3.25%, 0, 0, 1, 139.26
1495222738, 1, 0, 226, 51, 0, 3.25%, 0, 0, 1, 149.44
1495222744, 1, 1, 226, 51, 0, 3.25%, 0, 0, 1, 141.03
1495222749, 1, 3, 226, 51, 0, 3.25%, 0, 0, 1, 171.49
1495222759, 1, 4, 226, 51, 0, 3.25%, 0, 0, 1, 145.03
1495222764, 1, 8, 226, 51, 0, 3.25%, 0, 0, 1, 136.75
1495222769, 1, 10, 226, 51, 0, 3.25%, 0, 0, 1, 135.88
1495222774, 1, 12, 226, 51, 0, 3.25%, 0, 0, 1, 142.65
1495222779, 1, 13, 226, 51, 0, 3.25%, 0, 0, 1, 139.03
1495222785, 1, 16, 226, 51, 0, 3.25%, 0, 0, 1, 140.51
1495222790, 1, 18, 226, 51, 0, 3.25%, 0, 0, 1, 139.04
1495222795, 1, 20, 226, 51, 0, 3.25%, 0, 0, 1, 144.40
1495222800, 1, 21, 226, 51, 0, 3.25%, 0, 0, 1, 138.03
1495222805, 1, 22, 226, 51, 0, 3.25%, 0, 0, 1, 124.31
1495222810, 1, 24, 226, 51, 0, 3.25%, 0, 0, 1, 135.75
1495222815, 1, 26, 226, 51, 0, 3.25%, 0, 0, 1, 129.77
1495222820, 1, 27, 226, 51, 0, 3.25%, 0, 0, 1, 129.14
1495222826, 1, 29, 226, 51, 0, 3.25%, 0, 0, 1, 125.64
1495222831, 1, 30, 226, 51, 0, 3.25%, 0, 0, 1, 122.03
1495222841, 1, 31, 226, 51, 0, 3.25%, 0, 0, 1, 132.34
1495222846, 1, 32, 226, 51, 0, 3.25%, 0, 0, 1, 127.24
1495222851, 1, 33, 226, 51, 0, 3.25%, 0, 0, 1, 113.70
1495222867, 1, 34, 226, 51, 0, 3.25%, 0, 0, 1, 126.11
1495222882, 1, 37, 226, 51, 0, 3.25%, 0, 0, 1, 122.49
1495222887, 1, 38, 226, 51, 0, 3.25%, 0, 0, 1, 131.32
1495222892, 1, 41, 226, 51, 0, 3.25%, 0, 0, 1, 155.79
1495222908, 1, 42, 226, 51, 0, 3.25%, 0, 0, 1, 130.05
1495222913, 1, 43, 226, 51, 0, 3.25%, 0, 0, 1, 127.04
1495222918, 1, 44, 226, 51, 0, 3.25%, 0, 0, 1, 125.92
1495222944, 1, 45, 226, 51, 0, 3.25%, 0, 0, 1, 130.76
1495222949, 1, 46, 226, 51, 0, 3.25%, 0, 0, 1, 132.50
1495222964, 1, 47, 226, 51, 0, 3.25%, 0, 0, 1, 129.22
1495222969, 1, 48, 226, 51, 0, 3.25%, 0, 0, 1, 130.19
1495222985, 1, 49, 226, 51, 0, 3.25%, 0, 0, 1, 124.25
1495222990, 1, 50, 226, 51, 0, 3.25%, 0, 0, 1, 131.71
1495223005, 1, 52, 226, 51, 0, 3.25%, 0, 0, 1, 133.82
1495223021, 1, 54, 226, 51, 0, 3.25%, 0, 0, 1, 118.13
1495223036, 1, 55, 226, 51, 0, 3.25%, 0, 0, 1, 121.67
1495223041, 1, 56, 226, 51, 0, 3.25%, 0, 0, 1, 139.86
1495223057, 1, 58, 226, 51, 0, 3.25%, 0, 0, 1, 146.82
1495223082, 1, 60, 226, 51, 0, 3.25%, 0, 0, 1, 143.17
1495223098, 1, 62, 226, 51, 0, 3.25%, 0, 0, 1, 185.51
1495223103, 1, 63, 226, 50, 0, 3.25%, 0, 0, 1, 158.64
1495223118, 1, 67, 226, 50, 0, 3.25%, 0, 0, 1, 159.09
1495223133, 1, 68, 226, 50, 0, 3.25%, 0, 0, 1, 133.35
1495223138, 1, 69, 226, 49, 0, 3.25%, 0, 0, 1, 150.72
1495223144, 1, 71, 226, 49, 0, 3.25%, 0, 0, 1, 160.57
1495223149, 1, 73, 226, 48, 0, 3.25%, 0, 0, 1, 144.77
1495223159, 1, 74, 226, 48, 0, 3.25%, 0, 0, 1, 145.38
1495223164, 1, 75, 226, 48, 0, 3.25%, 0, 0, 1, 145.47
1495223179, 1, 77, 226, 48, 0, 3.25%, 0, 0, 1, 140.94
1495223195, 1, 79, 226, 48, 0, 3.25%, 0, 0, 1, 145.59
1495223210, 1, 81, 226, 48, 0, 3.25%, 0, 0, 1, 158.11
1495223226, 1, 85, 226, 48, 0, 3.25%, 0, 0, 1, 148.92
1495223241, 1, 87, 226, 48, 0, 3.25%, 0, 0, 1, 147.92
1495223256, 1, 88, 226, 48, 0, 3.25%, 0, 0, 1, 142.98
1495223261, 1, 89, 226, 48, 0, 3.25%, 0, 0, 1, 99.50
1495223282, 1, 92, 226, 48, 0, 3.25%, 0, 0, 1, 168.71
1495223302, 1, 94, 226, 48, 0, 3.25%, 0, 0, 1, 127.85
1495223308, 1, 95, 226, 48, 0, 3.25%, 0, 0, 1, 119.97
1495223323, 1, 96, 226, 48, 0, 3.25%, 0, 0, 1, 123.14
1495223328, 1, 98, 226, 48, 0, 3.25%, 0, 0, 1, 126.15
1495223333, 1, 99, 226, 48, 0, 3.25%, 0, 0, 1, 132.10
1495223349, 1, 100, 226, 48, 0, 3.25%, 0, 0, 1, 148.88
1495223354, 1, 101, 226, 48, 0, 3.25%, 0, 0, 1, 141.65
1495223369, 1, 102, 226, 48, 0, 3.25%, 0, 0, 1, 123.56
1495223374, 1, 103, 226, 48, 0, 3.25%, 0, 0, 1, 130.32
1495223385, 1, 104, 226, 48, 0, 3.25%, 0, 0, 1, 140.09
1495223390, 1, 105, 226, 48, 0, 3.25%, 0, 0, 1, 119.16
1495223411, 1, 106, 226, 48, 0, 3.25%, 0, 0, 1, 118.45
1495223426, 1, 109, 226, 48, 0, 3.25%, 0, 0, 1, 129.26
1495223441, 1, 110, 226, 48, 0, 3.25%, 0, 0, 1, 137.30
1495223446, 1, 112, 226, 48, 0, 3.25%, 0, 0, 1, 124.98
1495223457, 1, 113, 226, 48, 0, 3.25%, 0, 0, 1, 116.27
1495223472, 1, 114, 226, 48, 0, 3.25%, 0, 0, 1, 127.69
1495223488, 1, 115, 226, 48, 0, 3.25%, 0, 0, 1, 114.75
1495223493, 1, 117, 226, 48, 0, 3.25%, 0, 0, 1, 129.19
1495223508, 1, 118, 226, 48, 0, 3.25%, 0, 0, 1, 146.45
1495223514, 1, 119, 226, 48, 0, 3.25%, 0, 0, 1, 168.61
1495223529, 1, 121, 226, 48, 0, 3.25%, 0, 0, 1, 143.81
1495223534, 1, 123, 226, 48, 0, 3.25%, 0, 0, 1, 154.94
1495223549, 1, 124, 226, 48, 0, 3.25%, 0, 0, 1, 143.74
1495223554, 1, 125, 226, 48, 0, 3.25%, 0, 0, 1, 140.68
1495223570, 1, 126, 226, 48, 0, 3.25%, 0, 0, 1, 136.58
1495223575, 1, 127, 226, 48, 0, 3.25%, 0, 0, 1, 146.31
1495223585, 1, 129, 226, 48, 0, 3.25%, 0, 0, 1, 141.09
1495223600, 1, 130, 226, 48, 0, 3.25%, 0, 0, 1, 140.40
1495223605, 1, 131, 226, 48, 0, 3.25%, 0, 0, 1, 151.07
1495223626, 1, 133, 226, 48, 0, 3.25%, 0, 0, 1, 140.69
1495223637, 1, 134, 226, 47, 0, 3.25%, 0, 0, 1, 141.30
1495223652, 1, 136, 226, 47, 0, 3.25%, 0, 0, 1, 141.28
1495223667, 1, 137, 226, 47, 0, 3.25%, 0, 0, 1, 151.16
1495223682, 1, 138, 226, 47, 0, 3.25%, 0, 0, 1, 135.18
1495223698, 1, 140, 226, 47, 0, 3.25%, 0, 0, 1, 151.03
1495223713, 1, 141, 226, 47, 0, 3.25%, 0, 0, 1, 116.16
1495223718, 1, 142, 226, 47, 0, 3.25%, 0, 0, 1, 172.98
1495223734, 1, 143, 226, 47, 0, 3.25%, 0, 0, 1, 116.91
1495223739, 1, 146, 226, 46, 0, 3.25%, 0, 0, 1, 148.10
1495223744, 1, 148, 226, 46, 0, 3.25%, 0, 0, 1, 129.87
1495223749, 1, 149, 226, 45, 0, 3.25%, 0, 0, 1, 129.26
1495223765, 1, 150, 226, 45, 0, 3.25%, 0, 0, 1, 114.40
1495223770, 1, 151, 226, 45, 0, 3.25%, 0, 0, 1, 129.93
1495223775, 1, 153, 226, 45, 0, 3.25%, 0, 0, 1, 114.19
1495223785, 1, 154, 226, 45, 0, 3.25%, 0, 0, 1, 128.96
1495223800, 1, 155, 226, 45, 0, 3.25%, 0, 0, 1, 125.49
1495223811, 1, 156, 226, 45, 0, 3.25%, 0, 0, 1, 135.19
1495223826, 1, 158, 226, 45, 0, 3.25%, 0, 0, 1, 125.34
1495223836, 1, 159, 226, 45, 0, 3.25%, 0, 0, 1, 124.76
1495223852, 1, 160, 226, 45, 0, 3.25%, 0, 0, 1, 113.84
1495223857, 1, 162, 226, 45, 0, 3.25%, 0, 0, 1, 119.58
1495223872, 1, 163, 226, 45, 0, 3.25%, 0, 0, 1, 110.80
1495223888, 1, 164, 226, 45, 0, 3.25%, 0, 0, 1, 112.74
1495223893, 1, 165, 226, 45, 0, 3.25%, 0, 0, 1, 95.76
1495223908, 1, 166, 226, 45, 0, 3.25%, 0, 0, 1, 99.32
1495223913, 1, 167, 226, 45, 0, 3.25%, 0, 0, 1, 122.55
1495223928, 1, 168, 226, 45, 0, 3.25%, 0, 0, 1, 141.27
1495223933, 1, 169, 226, 45, 0, 3.25%, 0, 0, 1, 133.73
1495223949, 1, 171, 226, 45, 0, 3.25%, 0, 0, 1, 129.31
1495223959, 1, 173, 226, 45, 0, 3.25%, 0, 0, 1, 135.03
1495223969, 1, 174, 226, 45, 0, 3.25%, 0, 0, 1, 134.50
1495223980, 1, 176, 226, 45, 0, 3.25%, 0, 0, 1, 149.44
1495224005, 1, 177, 226, 45, 0, 3.25%, 0, 0, 1, 156.19
1495224010, 1, 179, 226, 45, 0, 3.25%, 0, 0, 1, 140.02
1495224021, 1, 180, 226, 45, 0, 3.25%, 0, 0, 1, 136.58
1495224026, 1, 181, 226, 45, 0, 3.25%, 0, 0, 1, 145.72
1495224041, 1, 182, 226, 45, 0, 3.25%, 0, 0, 1, 140.14
1495224046, 1, 184, 226, 45, 0, 3.25%, 0, 0, 1, 146.41
1495224056, 1, 185, 226, 45, 0, 3.25%, 0, 0, 1, 147.10
1495224061, 1, 186, 226, 45, 0, 3.25%, 0, 0, 1, 142.04
1495224077, 1, 187, 226, 45, 0, 3.25%, 0, 0, 1, 150.27
1495224082, 1, 188, 226, 44, 0, 3.25%, 0, 0, 1, 150.24
1495224097, 1, 190, 226, 43, 0, 3.25%, 0, 0, 1, 149.73
1495224112, 1, 191, 226, 43, 0, 3.25%, 0, 0, 1, 152.42
1495224118, 1, 192, 226, 43, 0, 3.25%, 0, 0, 1, 146.60
1495224123, 1, 193, 226, 43, 0, 3.25%, 0, 0, 1, 136.80
1495224128, 1, 194, 226, 43, 0, 3.25%, 0, 0, 1, 135.44
1495224133, 1, 195, 226, 43, 0, 3.25%, 0, 0, 1, 132.95
1495224143, 1, 197, 226, 43, 0, 3.25%, 0, 0, 1, 136.83
1495224159, 1, 198, 226, 43, 0, 3.25%, 0, 0, 1, 135.06
1495224164, 1, 199, 226, 43, 0, 3.25%, 0, 0, 1, 144.11
1495224169, 1, 200, 226, 43, 0, 3.25%, 0, 0, 1, 151.56
1495224174, 1, 201, 226, 43, 0, 3.25%, 0, 0, 1, 157.49
1495224179, 1, 202, 226, 43, 0, 3.25%, 0, 0, 1, 163.02
1495224189, 1, 203, 226, 43, 0, 3.25%, 0, 0, 1, 149.74
1495224194, 1, 204, 226, 43, 0, 3.25%, 0, 0, 1, 131.11
1495224210, 1, 205, 226, 43, 0, 3.25%, 0, 0, 1, 139.41
1495224215, 1, 206, 226, 43, 0, 3.25%, 0, 0, 1, 122.48
1495224230, 1, 207, 226, 43, 0, 3.25%, 0, 0, 1, 133.09
1495224235, 1, 208, 226, 43, 0, 3.25%, 0, 0, 1, 127.22
1495224256, 1, 209, 226, 43, 0, 3.25%, 0, 0, 1, 131.94
1495224261, 1, 210, 226, 43, 0, 3.25%, 0, 0, 1, 123.53
1495224276, 1, 211, 226, 42, 0, 3.25%, 0, 0, 1, 124.50
1495224281, 1, 213, 226, 41, 0, 3.25%, 0, 0, 1, 109.28
1495224292, 1, 216, 226, 41, 0, 3.25%, 0, 0, 1, 139.05
1495224312, 1, 217, 226, 41, 0, 3.25%, 0, 0, 1, 128.29
1495224317, 1, 220, 226, 41, 0, 3.25%, 0, 0, 1, 60.36
1495224327, 1, 221, 226, 40, 0, 3.25%, 0, 0, 1, 174.31
1495224343, 1, 224, 226, 40, 0, 3.25%, 0, 0, 1, 130.42
1495224353, 1, 225, 226, 39, 0, 3.25%, 0, 0, 1, 119.98
1495224358, 2, 1, 226, 38, 0, 3.25%, 0, 0, 1, 124.32
1495224363, 2, 2, 226, 38, 0, 3.25%, 0, 0, 1, 118.64
1495224368, 2, 3, 226, 38, 0, 3.25%, 0, 0, 1, 162.77
1495224378, 2, 4, 226, 38, 0, 3.25%, 0, 0, 1, 110.40
1495224383, 2, 6, 226, 38, 0, 3.25%, 0, 0, 1, 124.48
1495224389, 2, 9, 226, 38, 0, 3.25%, 0, 0, 1, 151.20
1495224394, 2, 12, 226, 38, 0, 3.25%, 0, 0, 1, 140.52
1495224399, 2, 13, 226, 38, 0, 3.25%, 0, 0, 1, 136.07
1495224404, 2, 15, 226, 38, 0, 3.25%, 0, 0, 1, 121.59
1495224409, 2, 16, 226, 38, 0, 3.25%, 0, 0, 1, 130.79
1495224414, 2, 18, 226, 38, 0, 3.25%, 0, 0, 1, 128.52
1495224419, 2, 20, 226, 38, 0, 3.25%, 0, 0, 1, 125.19
1495224425, 2, 21, 226, 38, 0, 3.25%, 0, 0, 1, 128.59
1495224430, 2, 22, 226, 38, 0, 3.25%, 0, 0, 1, 136.11
1495224435, 2, 24, 226, 38, 0, 3.25%, 0, 0, 1, 139.30
1495224440, 2, 26, 226, 38, 0, 3.25%, 0, 0, 1, 143.58
1495224445, 2, 28, 226, 38, 0, 3.25%, 0, 0, 1, 143.45
1495224450, 2, 30, 226, 38, 0, 3.25%, 0, 0, 1, 120.25
1495224466, 2, 31, 226, 38, 0, 3.25%, 0, 0, 1, 152.89
1495224471, 2, 32, 226, 38, 0, 3.25%, 0, 0, 1, 146.26
1495224476, 2, 33, 226, 38, 0, 3.25%, 0, 0, 1, 138.21
1495224486, 2, 34, 226, 38, 0, 3.25%, 0, 0, 1, 153.14
1495224501, 2, 37, 226, 38, 0, 3.25%, 0, 0, 1, 138.55
1495224506, 2, 40, 226, 38, 0, 3.25%, 0, 0, 1, 149.42
1495224512, 2, 41, 226, 38, 0, 3.25%, 0, 0, 1, 150.62
1495224527, 2, 43, 226, 38, 0, 3.25%, 0, 0, 1, 179.37
1495224532, 2, 44, 226, 38, 0, 3.25%, 0, 0, 1, 147.51
1495224553, 2, 45, 226, 38, 0, 3.25%, 0, 0, 1, 141.20
1495224558, 2, 46, 226, 38, 0, 3.25%, 0, 0, 1, 155.98
1495224568, 2, 47, 226, 38, 0, 3.25%, 0, 0, 1, 114.21
1495224573, 2, 48, 226, 38, 0, 3.25%, 0, 0, 1, 160.80
1495224583, 2, 49, 226, 38, 0, 3.25%, 0, 0, 1, 156.81
1495224588, 2, 50, 226, 38, 0, 3.25%, 0, 0, 1, 146.40
1495224604, 2, 51, 226, 38, 0, 3.25%, 0, 0, 1, 153.17
1495224609, 2, 52, 226, 38, 0, 3.25%, 0, 0, 1, 133.23
1495224619, 2, 53, 226, 38, 0, 3.25%, 0, 0, 1, 134.66
1495224624, 2, 54, 226, 37, 0, 3.25%, 0, 0, 1, 163.08
1495224640, 2, 55, 226, 37, 0, 3.25%, 0, 0, 1, 140.30
1495224645, 2, 56, 226, 37, 0, 3.25%, 0, 0, 1, 117.47
1495224655, 2, 57, 226, 37, 0, 3.25%, 0, 0, 1, 124.73
1495224660, 2, 58, 226, 37, 0, 3.25%, 0, 0, 1, 127.61
1495224686, 2, 60, 226, 37, 0, 3.25%, 0, 0, 1, 133.53
1495224701, 2, 61, 226, 37, 0, 3.25%, 0, 0, 1, 117.59
1495224707, 2, 63, 226, 37, 0, 3.25%, 0, 0, 1, 123.30
1495224722, 2, 67, 226, 37, 0, 3.25%, 0, 0, 1, 138.54
1495224737, 2, 69, 226, 37, 0, 3.25%, 0, 0, 1, 123.01
1495224742, 2, 72, 226, 37, 0, 3.25%, 0, 0, 1, 122.43
1495224747, 2, 73, 226, 37, 0, 3.25%, 0, 0, 1, 120.98
1495224763, 2, 74, 226, 37, 0, 3.25%, 0, 0, 1, 132.99
1495224768, 2, 75, 226, 37, 0, 3.25%, 0, 0, 1, 124.64
1495224783, 2, 77, 226, 37, 0, 3.25%, 0, 0, 1, 126.42
1495224804, 2, 79, 226, 37, 0, 3.25%, 0, 0, 1, 123.56
1495224819, 2, 80, 226, 37, 0, 3.25%, 0, 0, 1, 141.02
1495224824, 2, 81, 226, 37, 0, 3.25%, 0, 0, 1, 126.82
1495224840, 2, 85, 226, 37, 0, 3.25%, 0, 0, 1, 135.34
1495224860, 2, 87, 226, 37, 0, 3.25%, 0, 0, 1, 125.06
1495224875, 2, 88, 226, 37, 0, 3.25%, 0, 0, 1, 128.60
1495224880, 2, 89, 226, 37, 0, 3.25%, 0, 0, 1, 129.16
1495224896, 2, 90, 226, 37, 0, 3.25%, 0, 0, 1, 129.82
1495224901, 2, 92, 226, 37, 0, 3.25%, 0, 0, 1, 143.32
1495224911, 2, 93, 226, 37, 0, 3.25%, 0, 0, 1, 138.04
1495224916, 2, 94, 226, 37, 0, 3.25%, 0, 0, 1, 148.65
1495224921, 2, 95, 226, 37, 0, 3.25%, 0, 0, 1, 156.86
1495224937, 2, 98, 226, 37, 0, 3.25%, 0, 0, 1, 172.72
1495224942, 2, 99, 226, 37, 0, 3.25%, 0, 0, 1, 143.23
1495224957, 2, 100, 226, 37, 0, 3.25%, 0, 0, 1, 144.66
1495224962, 2, 101, 226, 37, 0, 3.25%, 0, 0, 1, 147.29
1495224973, 2, 102, 226, 37, 0, 3.25%, 0, 0, 1, 148.34
1495224978, 2, 103, 226, 37, 0, 3.25%, 0, 0, 1, 172.84
1495224993, 2, 104, 226, 37, 0, 3.25%, 0, 0, 1, 137.65
1495224998, 2, 105, 226, 37, 0, 3.25%, 0, 0, 1, 123.86
1495225013, 2, 106, 226, 37, 0, 3.25%, 0, 0, 1, 159.29
1495225023, 2, 108, 226, 37, 0, 3.25%, 0, 0, 1, 158.23
1495225029, 2, 109, 226, 37, 0, 3.25%, 0, 0, 1, 135.18
1495225044, 2, 111, 226, 37, 0, 3.25%, 0, 0, 1, 146.42
1495225059, 2, 112, 226, 36, 0, 3.25%, 0, 0, 1, 147.42
1495225064, 2, 113, 226, 36, 0, 3.25%, 0, 0, 1, 142.28
1495225080, 2, 114, 226, 36, 0, 3.25%, 0, 0, 1, 142.73
1495225095, 2, 115, 226, 36, 0, 3.25%, 0, 0, 1, 138.60
1495225100, 2, 117, 226, 36, 0, 3.25%, 0, 0, 1, 135.73
1495225115, 2, 118, 226, 36, 0, 3.25%, 0, 0, 1, 139.20
1495225120, 2, 119, 226, 36, 0, 3.25%, 0, 0, 1, 149.41
1495225131, 2, 120, 226, 36, 0, 3.25%, 0, 0, 1, 141.20
1495225136, 2, 121, 226, 36, 0, 3.25%, 0, 0, 1, 133.20
1495225141, 2, 123, 226, 36, 0, 3.25%, 0, 0, 1, 128.28
1495225156, 2, 124, 226, 36, 0, 3.25%, 0, 0, 1, 138.51
1495225161, 2, 125, 226, 36, 0, 3.25%, 0, 0, 1, 136.76
1495225177, 2, 126, 226, 36, 0, 3.25%, 0, 0, 1, 139.44
1495225182, 2, 127, 226, 36, 0, 3.25%, 0, 0, 1, 139.39
1495225192, 2, 129, 226, 36, 0, 3.25%, 0, 0, 1, 121.21
1495225212, 2, 130, 226, 36, 0, 3.25%, 0, 0, 1, 120.56
1495225218, 2, 131, 226, 36, 0, 3.25%, 0, 0, 1, 126.10
1495225238, 2, 132, 226, 36, 0, 3.25%, 0, 0, 1, 130.53
1495225244, 2, 134, 226, 36, 0, 3.25%, 0, 0, 1, 125.70
1495225259, 2, 135, 226, 36, 0, 3.25%, 0, 0, 1, 115.75
1495225264, 2, 136, 226, 36, 0, 3.25%, 0, 0, 1, 119.36
1495225280, 2, 137, 226, 36, 0, 3.25%, 0, 0, 1, 129.70
1495225295, 2, 138, 226, 36, 0, 3.25%, 0, 0, 1, 134.11
1495225310, 2, 139, 226, 36, 0, 3.25%, 0, 0, 1, 128.93
1495225316, 2, 140, 226, 36, 0, 3.25%, 0, 0, 1, 138.70
1495225331, 2, 141, 226, 36, 0, 3.25%, 0, 0, 1, 120.95
1495225336, 2, 142, 226, 36, 0, 3.25%, 0, 0, 1, 125.53
1495225351, 2, 146, 226, 36, 0, 3.25%, 0, 0, 1, 124.63
1495225357, 2, 147, 226, 36, 0, 3.25%, 0, 0, 1, 121.97
1495225372, 2, 149, 226, 35, 0, 3.25%, 0, 0, 1, 143.21
1495225387, 2, 150, 226, 35, 0, 3.25%, 0, 0, 1, 142.37
1495225392, 2, 151, 226, 35, 0, 3.25%, 0, 0, 1, 145.13
1495225397, 2, 153, 226, 35, 0, 3.25%, 0, 0, 1, 139.35
1495225408, 2, 154, 226, 35, 0, 3.25%, 0, 0, 1, 152.12
1495225418, 2, 155, 226, 35, 0, 3.25%, 0, 0, 1, 160.57
1495225423, 2, 156, 226, 35, 0, 3.25%, 0, 0, 1, 156.64
1495225438, 2, 158, 226, 35, 0, 3.25%, 0, 0, 1, 140.85
1495225443, 2, 159, 226, 35, 0, 3.25%, 0, 0, 1, 149.94
1495225459, 2, 160, 226, 35, 0, 3.25%, 0, 0, 1, 89.88
1495225464, 2, 162, 226, 35, 0, 3.25%, 0, 0, 1, 129.94
1495225479, 2, 163, 226, 35, 0, 3.25%, 0, 0, 1, 136.57
1495225489, 2, 164, 226, 35, 0, 3.25%, 0, 0, 1, 145.44
1495225495, 2, 165, 226, 35, 0, 3.25%, 0, 0, 1, 147.37
1495225510, 2, 167, 226, 35, 0, 3.25%, 0, 0, 1, 129.70
1495225525, 2, 168, 226, 35, 0, 3.25%, 0, 0, 1, 146.63
1495225530, 2, 169, 226, 35, 0, 3.25%, 0, 0, 1, 148.00
1495225541, 2, 171, 226, 35, 0, 3.25%, 0, 0, 1, 134.63
1495225551, 2, 173, 226, 35, 0, 3.25%, 0, 0, 1, 145.79
1495225561, 2, 174, 226, 35, 0, 3.25%, 0, 0, 1, 148.56
1495225571, 2, 176, 226, 35, 0, 3.25%, 0, 0, 1, 146.15
1495225597, 2, 177, 226, 35, 0, 3.25%, 0, 0, 1, 133.43
1495225602, 2, 179, 226, 35, 0, 3.25%, 0, 0, 1, 131.42
1495225617, 2, 180, 226, 35, 0, 3.25%, 0, 0, 1, 105.99
1495225622, 2, 181, 226, 35, 0, 3.25%, 0, 0, 1, 152.83
1495225638, 2, 183, 226, 35, 0, 3.25%, 0, 0, 1, 139.25
1495225643, 2, 184, 226, 34, 0, 3.25%, 0, 0, 1, 123.86
1495225663, 2, 185, 226, 34, 0, 3.25%, 0, 0, 1, 132.84
1495225669, 2, 186, 226, 34, 0, 3.25%, 0, 0, 1, 125.79
1495225684, 2, 188, 226, 34, 0, 3.25%, 0, 0, 1, 126.51
1495225699, 2, 189, 226, 34, 0, 3.25%, 0, 0, 1, 131.41
1495225705, 2, 190, 226, 34, 0, 3.25%, 0, 0, 1, 123.02
1495225720, 2, 191, 226, 34, 0, 3.25%, 0, 0, 1, 132.65
1495225725, 2, 192, 226, 34, 0, 3.25%, 0, 0, 1, 122.48
1495225730, 2, 193, 226, 34, 0, 3.25%, 0, 0, 1, 134.96
1495225740, 2, 195, 226, 34, 0, 3.25%, 0, 0, 1, 134.58
1495225756, 2, 197, 226, 34, 0, 3.25%, 0, 0, 1, 124.42
1495225771, 2, 198, 226, 34, 0, 3.25%, 0, 0, 1, 133.25
1495225776, 2, 199, 226, 34, 0, 3.25%, 0, 0, 1, 134.26
1495225786, 2, 200, 226, 34, 0, 3.25%, 0, 0, 1, 120.70
1495225791, 2, 201, 226, 34, 0, 3.25%, 0, 0, 1, 122.53
1495225796, 2, 202, 226, 34, 0, 3.25%, 0, 0, 1, 130.23
1495225812, 2, 203, 226, 34, 0, 3.25%, 0, 0, 1, 123.86
1495225817, 2, 204, 226, 34, 0, 3.25%, 0, 0, 1, 186.39
1495225833, 2, 205, 226, 34, 0, 3.25%, 0, 0, 1, 129.67
1495225838, 2, 206, 226, 34, 0, 3.25%, 0, 0, 1, 136.10
1495225853, 2, 208, 226, 34, 0, 3.25%, 0, 0, 1, 154.67
1495225868, 2, 209, 226, 34, 0, 3.25%, 0, 0, 1, 145.57
1495225874, 2, 212, 226, 34, 0, 3.25%, 0, 0, 1, 140.08
1495225889, 2, 213, 226, 33, 0, 3.25%, 0, 0, 1, 129.56
1495225899, 2, 216, 226, 33, 0, 3.25%, 0, 0, 1, 150.41
1495225920, 2, 217, 226, 33, 0, 3.25%, 0, 0, 1, 138.08
1495225925, 2, 221, 226, 33, 0, 3.25%, 0, 0, 1, 169.09
1495225940, 2, 222, 226, 33, 0, 3.25%, 0, 0, 1, 133.50
1495225945, 2, 224, 226, 32, 0, 3.25%, 0, 0, 1, 136.12
1495225950, 3, 0, 226, 32, 0, 3.25%, 0, 0, 1, 139.85
1495225955, 3, 1, 226, 32, 0, 3.25%, 0, 0, 1, 143.20
1495225960, 3, 3, 226, 32, 0, 3.25%, 0, 0, 1, 142.05
1495225971, 3, 4, 226, 32, 0, 3.25%, 0, 0, 1, 133.12
1495225976, 3, 6, 226, 32, 0, 3.25%, 0, 0, 1, 139.59
1495225981, 3, 9, 226, 32, 0, 3.25%, 0, 0, 1, 139.26
1495225986, 3, 11, 226, 32, 0, 3.25%, 0, 0, 1, 138.51
1495225991, 3, 12, 226, 31, 0, 3.25%, 0, 0, 1, 135.30
1495225996, 3, 13, 226, 31, 0, 3.25%, 0, 0, 1, 157.35
1495226001, 3, 16, 226, 31, 0, 3.25%, 0, 0, 1, 152.36
1495226007, 3, 17, 226, 31, 0, 3.25%, 0, 0, 1, 131.22
1495226012, 3, 19, 226, 31, 0, 3.25%, 0, 0, 1, 143.79
1495226017, 3, 20, 226, 31, 0, 3.25%, 0, 0, 1, 139.32
1495226022, 3, 22, 226, 31, 0, 3.25%, 0, 0, 1, 204.05
1495226027, 3, 24, 226, 31, 0, 3.25%, 0, 0, 1, 163.02
1495226033, 3, 26, 226, 31, 0, 3.25%, 0, 0, 1, 133.06
1495226038, 3, 28, 226, 31, 0, 3.25%, 0, 0, 1, 148.49
1495226043, 3, 30, 226, 31, 0, 3.25%, 0, 0, 1, 148.05
1495226053, 3, 31, 226, 31, 0, 3.25%, 0, 0, 1, 140.55
1495226063, 3, 33, 226, 31, 0, 3.25%, 0, 0, 1, 185.51
1495226079, 3, 34, 226, 31, 0, 3.25%, 0, 0, 1, 127.18
1495226094, 3, 37, 226, 31, 0, 3.25%, 0, 0, 1, 139.31
1495226099, 3, 40, 226, 31, 0, 3.25%, 0, 0, 1, 147.97
1495226104, 3, 41, 226, 31, 0, 3.25%, 0, 0, 1, 133.80
1495226120, 3, 43, 226, 31, 0, 3.25%, 0, 0, 1, 111.86
1495226125, 3, 44, 226, 31, 0, 3.25%, 0, 0, 1, 133.80
1495226150, 3, 46, 226, 31, 0, 3.25%, 0, 0, 1, 125.58
1495226166, 3, 47, 226, 31, 0, 3.25%, 0, 0, 1, 125.71
1495226171, 3, 48, 226, 31, 0, 3.25%, 0, 0, 1, 123.53
1495226186, 3, 49, 226, 31, 0, 3.25%, 0, 0, 1, 111.88
1495226191, 3, 50, 226, 31, 0, 3.25%, 0, 0, 1, 122.16
1495226207, 3, 51, 226, 31, 0, 3.25%, 0, 0, 1, 130.31
1495226212, 3, 52, 226, 31, 0, 3.25%, 0, 0, 1, 90.49
1495226232, 3, 54, 226, 31, 0, 3.25%, 0, 0, 1, 125.86
1495226248, 3, 55, 226, 31, 0, 3.25%, 0, 0, 1, 124.45
1495226253, 3, 56, 226, 31, 0, 3.25%, 0, 0, 1, 159.93
1495226269, 3, 57, 226, 31, 0, 3.25%, 0, 0, 1, 124.92
1495226274, 3, 58, 226, 31, 0, 3.25%, 0, 0, 1, 127.45
1495226299, 3, 60, 226, 31, 0, 3.25%, 0, 0, 1, 125.92
1495226315, 3, 61, 226, 31, 0, 3.25%, 0, 0, 1, 147.57
1495226320, 3, 63, 226, 31, 0, 3.25%, 0, 0, 1, 144.71
1495226335, 3, 67, 226, 31, 0, 3.25%, 0, 0, 1, 149.17
1495226345, 3, 69, 226, 31, 0, 3.25%, 0, 0, 1, 139.90
1495226351, 3, 73, 226, 31, 0, 3.25%, 0, 0, 1, 145.06
1495226366, 3, 75, 226, 31, 0, 3.25%, 0, 0, 1, 140.82
1495226386, 3, 77, 226, 31, 0, 3.25%, 0, 0, 1, 144.26
1495226401, 3, 79, 226, 31, 0, 3.25%, 0, 0, 1, 140.24
1495226417, 3, 81, 226, 31, 0, 3.25%, 0, 0, 1, 126.17
1495226432, 3, 84, 226, 31, 0, 3.25%, 0, 0, 1, 143.64
1495226438, 3, 85, 226, 31, 0, 3.25%, 0, 0, 1, 207.40
1495226453, 3, 87, 226, 31, 0, 3.25%, 0, 0, 1, 147.96
1495226463, 3, 88, 226, 31, 0, 3.25%, 0, 0, 1, 142.76
1495226468, 3, 89, 226, 31, 0, 3.25%, 0, 0, 1, 142.94
1495226484, 3, 90, 226, 31, 0, 3.25%, 0, 0, 1, 143.01
1495226489, 3, 92, 226, 31, 0, 3.25%, 0, 0, 1, 153.64
1495226504, 3, 94, 226, 31, 0, 3.25%, 0, 0, 1, 154.78
1495226510, 3, 95, 226, 31, 0, 3.25%, 0, 0, 1, 143.44
1495226525, 3, 96, 226, 31, 0, 3.25%, 0, 0, 1, 139.22
1495226530, 3, 99, 226, 31, 0, 3.25%, 0, 0, 1, 144.17
1495226545, 3, 100, 226, 31, 0, 3.25%, 0, 0, 1, 129.25
1495226550, 3, 101, 226, 31, 0, 3.25%, 0, 0, 1, 117.46
1495226571, 3, 103, 226, 31, 0, 3.25%, 0, 0, 1, 125.00
1495226591, 3, 105, 226, 31, 0, 3.25%, 0, 0, 1, 125.09
1495226607, 3, 106, 226, 31, 0, 3.25%, 0, 0, 1, 103.29
1495226627, 3, 109, 226, 31, 0, 3.25%, 0, 0, 1, 125.08
1495226642, 3, 110, 226, 31, 0, 3.25%, 0, 0, 1, 134.76
1495226647, 3, 112, 226, 31, 0, 3.25%, 0, 0, 1, 120.72
1495226652, 3, 113, 226, 31, 0, 3.25%, 0, 0, 1, 134.21
1495226668, 3, 114, 226, 31, 0, 3.25%, 0, 0, 1, 127.50
1495226688, 3, 116, 226, 31, 0, 3.25%, 0, 0, 1, 129.51
1495226693, 3, 117, 226, 31, 0, 3.25%, 0, 0, 1, 136.26
1495226709, 3, 118, 226, 31, 0, 3.25%, 0, 0, 1, 125.46
1495226714, 3, 119, 226, 31, 0, 3.25%, 0, 0, 1, 102.54
1495226729, 3, 120, 226, 31, 0, 3.25%, 0, 0, 1, 119.72
1495226734, 3, 121, 226, 31, 0, 3.25%, 0, 0, 1, 104.17
1495226739, 3, 123, 226, 31, 0, 3.25%, 0, 0, 1, 118.16
1495226755, 3, 124, 226, 31, 0, 3.25%, 0, 0, 1, 139.51
1495226760, 3, 125, 226, 31, 0, 3.25%, 0, 0, 1, 118.78
1495226775, 3, 126, 226, 31, 0, 3.25%, 0, 0, 1, 152.50
1495226780, 3, 127, 226, 31, 0, 3.25%, 0, 0, 1, 134.06
1495226796, 3, 129, 226, 31, 0, 3.25%, 0, 0, 1, 148.29
1495226806, 3, 130, 226, 31, 0, 3.25%, 0, 0, 1, 134.09
1495226811, 3, 131, 226, 31, 0, 3.25%, 0, 0, 1, 122.58
1495226832, 3, 132, 226, 31, 0, 3.25%, 0, 0, 1, 148.26
1495226837, 3, 134, 226, 31, 0, 3.25%, 0, 0, 1, 152.86
1495226852, 3, 136, 226, 31, 0, 3.25%, 0, 0, 1, 118.64
1495226868, 3, 137, 226, 31, 0, 3.25%, 0, 0, 1, 147.22
1495226883, 3, 138, 226, 31, 0, 3.25%, 0, 0, 1, 147.26
1495226898, 3, 140, 226, 31, 0, 3.25%, 0, 0, 1, 147.29
1495226914, 3, 141, 226, 31, 0, 3.25%, 0, 0, 1, 144.67
1495226919, 3, 142, 226, 31, 0, 3.25%, 0, 0, 1, 143.18
1495226935, 3, 144, 226, 31, 0, 3.25%, 0, 0, 1, 138.29
1495226940, 3, 146, 226, 30, 0, 3.25%, 0, 0, 1, 133.97
1495226945, 3, 149, 226, 30, 0, 3.25%, 0, 0, 1, 158.84
1495226955, 3, 150, 226, 30, 0, 3.25%, 0, 0, 1, 151.63
1495226960, 3, 151, 226, 30, 0, 3.25%, 0, 0, 1, 139.49
1495226965, 3, 152, 226, 30, 0, 3.25%, 0, 0, 1, 142.14
1495226971, 3, 153, 226, 30, 0, 3.25%, 0, 0, 1, 144.89
1495226981, 3, 154, 226, 30, 0, 3.25%, 0, 0, 1, 148.88
1495226991, 3, 155, 226, 30, 0, 3.25%, 0, 0, 1, 138.78
1495226996, 3, 156, 226, 30, 0, 3.25%, 0, 0, 1, 144.17
1495227011, 3, 158, 226, 29, 0, 3.25%, 0, 0, 1, 122.03
1495227021, 3, 159, 226, 29, 0, 3.25%, 0, 0, 1, 134.80
1495227037, 3, 160, 226, 29, 0, 3.25%, 0, 0, 1, 126.72
1495227042, 3, 162, 226, 29, 0, 3.25%, 0, 0, 1, 130.26
1495227057, 3, 163, 226, 29, 0, 3.25%, 0, 0, 1, 127.31
1495227073, 3, 164, 226, 29, 0, 3.25%, 0, 0, 1, 125.20
1495227078, 3, 165, 226, 29, 0, 3.25%, 0, 0, 1, 122.51
1495227098, 3, 167, 226, 29, 0, 3.25%, 0, 0, 1, 149.65
1495227119, 3, 169, 226, 29, 0, 3.25%, 0, 0, 1, 129.15
1495227140, 3, 170, 226, 29, 0, 3.25%, 0, 0, 1, 123.69
1495227145, 3, 171, 226, 28, 0, 3.25%, 0, 0, 1, 130.11
1495227155, 3, 173, 226, 28, 0, 3.25%, 0, 0, 1, 125.23
1495227160, 3, 174, 226, 28, 0, 3.25%, 0, 0, 1, 120.56
1495227176, 3, 175, 226, 28, 0, 3.25%, 0, 0, 1, 124.08
1495227181, 3, 176, 226, 27, 0, 3.25%, 0, 0, 1, 118.93
1495227206, 3, 177, 226, 27, 0, 3.25%, 0, 0, 1, 133.68
1495227211, 3, 179, 226, 27, 0, 3.25%, 0, 0, 1, 127.53
1495227227, 3, 180, 226, 27, 0, 3.25%, 0, 0, 1, 136.92
1495227232, 3, 181, 226, 27, 0, 3.25%, 0, 0, 1, 130.75
1495227247, 3, 184, 226, 27, 0, 3.25%, 0, 0, 1, 163.43
1495227263, 3, 185, 226, 27, 0, 3.25%, 0, 0, 1, 143.79
1495227268, 3, 186, 226, 27, 0, 3.25%, 0, 0, 1, 137.54
1495227278, 3, 188, 226, 27, 0, 3.25%, 0, 0, 1, 151.04
1495227293, 3, 190, 226, 27, 0, 3.25%, 0, 0, 1, 138.73
1495227308, 3, 191, 226, 27, 0, 3.25%, 0, 0, 1, 133.31
1495227314, 3, 192, 226, 27, 0, 3.25%, 0, 0, 1, 146.97
1495227319, 3, 193, 226, 27, 0, 3.25%, 0, 0, 1, 137.35
1495227324, 3, 194, 226, 27, 0, 3.25%, 0, 0, 1, 144.64
1495227329, 3, 195, 226, 27, 0, 3.25%, 0, 0, 1, 138.71
1495227344, 3, 197, 226, 27, 0, 3.25%, 0, 0, 1, 144.38
1495227360, 3, 198, 226, 27, 0, 3.25%, 0, 0, 1, 144.23
1495227365, 3, 200, 226, 27, 0, 3.25%, 0, 0, 1, 152.17
1495227370, 3, 201, 226, 27, 0, 3.25%, 0, 0, 1, 143.13
1495227375, 3, 202, 226, 27, 0, 3.25%, 0, 0, 1, 154.64
1495227390, 3, 204, 226, 27, 0, 3.25%, 0, 0, 1, 149.95
1495227406, 3, 205, 226, 27, 0, 3.25%, 0, 0, 1, 139.37
1495227411, 3, 206, 226, 27, 0, 3.25%, 0, 0, 1, 151.75
1495227426, 3, 207, 226, 27, 0, 3.25%, 0, 0, 1, 137.86
1495227431, 3, 208, 226, 27, 0, 3.25%, 0, 0, 1, 143.86
1495227442, 3, 209, 226, 27, 0, 3.25%, 0, 0, 1, 105.26
1495227447, 3, 213, 226, 27, 0, 3.25%, 0, 0, 1, 100.29
1495227457, 3, 215, 226, 27, 0, 3.25%, 0, 0, 1, 150.78
1495227462, 3, 216, 226, 26, 0, 3.25%, 0, 0, 1, 141.87
1495227483, 3, 217, 226, 26, 0, 3.25%, 0, 0, 1, 137.39
1495227488, 3, 219, 226, 26, 0, 3.25%, 0, 0, 1, 126.33
1495227498, 3, 221, 226, 25, 0, 3.25%, 0, 0, 1, 131.89
1495227514, 4, 0, 226, 25, 0, 3.25%, 0, 0, 1, 128.41
1495227519, 4, 1, 226, 25, 0, 3.25%, 0, 0, 1, 125.72
1495227524, 4, 3, 226, 25, 0, 3.25%, 0, 0, 1, 134.23
1495227539, 4, 5, 226, 25, 0, 3.25%, 0, 0, 1, 115.89
1495227544, 4, 7, 226, 25, 0, 3.25%, 0, 0, 1, 118.19
1495227555, 4, 8, 226, 24, 0, 3.25%, 0, 0, 1, 126.75
1495227560, 4, 10, 226, 24, 0, 3.25%, 0, 0, 1, 141.62
1495227565, 4, 12, 226, 24, 0, 3.25%, 0, 0, 1, 139.07
1495227570, 4, 13, 226, 24, 0, 3.25%, 0, 0, 1, 138.23
1495227575, 4, 16, 226, 24, 0, 3.25%, 0, 0, 1, 129.75
1495227585, 4, 18, 226, 24, 0, 3.25%, 0, 0, 1, 127.66
1495227590, 4, 20, 226, 24, 0, 3.25%, 0, 0, 1, 138.41
1495227596, 4, 22, 226, 24, 0, 3.25%, 0, 0, 1, 123.48
1495227601, 4, 23, 226, 24, 0, 3.25%, 0, 0, 1, 118.80
1495227606, 4, 24, 226, 24, 0, 3.25%, 0, 0, 1, 116.14
1495227611, 4, 26, 226, 24, 0, 3.25%, 0, 0, 1, 116.63
1495227616, 4, 27, 226, 24, 0, 3.25%, 0, 0, 1, 120.80
1495227621, 4, 29, 226, 24, 0, 3.25%, 0, 0, 1, 115.48
1495227626, 4, 30, 226, 24, 0, 3.25%, 0, 0, 1, 119.48
1495227636, 4, 31, 226, 24, 0, 3.25%, 0, 0, 1, 124.54
1495227646, 4, 32, 226, 24, 0, 3.25%, 0, 0, 1, 120.19
1495227652, 4, 33, 226, 24, 0, 3.25%, 0, 0, 1, 133.61
1495227662, 4, 34, 226, 24, 0, 3.25%, 0, 0, 1, 131.79
1495227677, 4, 37, 226, 24, 0, 3.25%, 0, 0, 1, 149.24
1495227682, 4, 38, 226, 24, 0, 3.25%, 0, 0, 1, 132.03
1495227688, 4, 41, 226, 24, 0, 3.25%, 0, 0, 1, 128.49
1495227703, 4, 42, 226, 24, 0, 3.25%, 0, 0, 1, 127.94
1495227708, 4, 43, 226, 24, 0, 3.25%, 0, 0, 1, 155.49
1495227713, 4, 44, 226, 24, 0, 3.25%, 0, 0, 1, 130.05
1495227733, 4, 45, 226, 24, 0, 3.25%, 0, 0, 1, 151.20
1495227739, 4, 46, 226, 24, 0, 3.25%, 0, 0, 1, 146.95
1495227754, 4, 47, 226, 24, 0, 3.25%, 0, 0, 1, 126.04
1495227759, 4, 48, 226, 24, 0, 3.25%, 0, 0, 1, 146.54
1495227769, 4, 49, 226, 24, 0, 3.25%, 0, 0, 1, 125.78
1495227774, 4, 50, 226, 24, 0, 3.25%, 0, 0, 1, 158.62
1495227789, 4, 52, 226, 24, 0, 3.25%, 0, 0, 1, 150.91
1495227805, 4, 54, 226, 24, 0, 3.25%, 0, 0, 1, 142.08
1495227815, 4, 55, 226, 24, 0, 3.25%, 0, 0, 1, 138.41
1495227820, 4, 56, 226, 24, 0, 3.25%, 0, 0, 1, 136.37
1495227835, 4, 58, 226, 24, 0, 3.25%, 0, 0, 1, 134.92
1495227861, 4, 60, 226, 24, 0, 3.25%, 0, 0, 1, 165.58
1495227876, 4, 62, 226, 24, 0, 3.25%, 0, 0, 1, 139.07
1495227881, 4, 63, 226, 24, 0, 3.25%, 0, 0, 1, 138.79
1495227896, 4, 67, 226, 24, 0, 3.25%, 0, 0, 1, 141.36
1495227912, 4, 69, 226, 24, 0, 3.25%, 0, 0, 1, 134.65
1495227917, 4, 73, 226, 24, 0, 3.25%, 0, 0, 1, 145.00
1495227932, 4, 74, 226, 24, 0, 3.25%, 0, 0, 1, 152.95
1495227937, 4, 75, 226, 24, 0, 3.25%, 0, 0, 1, 149.30
1495227953, 4, 77, 226, 24, 0, 3.25%, 0, 0, 1, 138.09
1495227968, 4, 78, 226, 24, 0, 3.25%, 0, 0, 1, 132.72
1495227973, 4, 79, 226, 24, 0, 3.25%, 0, 0, 1, 132.10
1495227988, 4, 81, 226, 24, 0, 3.25%, 0, 0, 1, 130.95
1495228009, 4, 84, 226, 23, 0, 3.25%, 0, 0, 1, 127.24
1495228014, 4, 85, 226, 23, 0, 3.25%, 0, 0, 1, 149.04
1495228029, 4, 86, 226, 23, 0, 3.25%, 0, 0, 1, 127.16
1495228034, 4, 87, 226, 22, 0, 3.25%, 0, 0, 1, 120.26
1495228049, 4, 88, 226, 22, 0, 3.25%, 0, 0, 1, 126.66
1495228055, 4, 89, 226, 22, 0, 3.25%, 0, 0, 1, 139.90
1495228070, 4, 90, 226, 22, 0, 3.25%, 0, 0, 1, 135.28
1495228075, 4, 92, 226, 22, 0, 3.25%, 0, 0, 1, 128.06
1495228090, 4, 94, 226, 22, 0, 3.25%, 0, 0, 1, 118.44
1495228095, 4, 95, 226, 22, 0, 3.25%, 0, 0, 1, 133.98
1495228111, 4, 96, 226, 22, 0, 3.25%, 0, 0, 1, 121.72
1495228116, 4, 98, 226, 22, 0, 3.25%, 0, 0, 1, 122.86
1495228121, 4, 99, 226, 22, 0, 3.25%, 0, 0, 1, 129.63
1495228136, 4, 100, 226, 22, 0, 3.25%, 0, 0, 1, 123.07
1495228141, 4, 101, 226, 22, 0, 3.25%, 0, 0, 1, 126.57
1495228157, 4, 102, 226, 22, 0, 3.25%, 0, 0, 1, 132.72
1495228162, 4, 103, 226, 22, 0, 3.25%, 0, 0, 1, 124.02
1495228177, 4, 104, 226, 22, 0, 3.25%, 0, 0, 1, 138.00
1495228182, 4, 105, 226, 22, 0, 3.25%, 0, 0, 1, 133.44
1495228197, 4, 106, 226, 22, 0, 3.25%, 0, 0, 1, 169.62
1495228207, 4, 107, 226, 22, 0, 3.25%, 0, 0, 1, 203.84
1495228212, 4, 108, 226, 21, 0, 3.25%, 0, 0, 1, 160.85
1495228218, 4, 109, 226, 21, 0, 3.25%, 0, 0, 1, 150.55
1495228228, 4, 110, 226, 21, 0, 3.25%, 0, 0, 1, 143.80
1495228233, 4, 112, 226, 21, 0, 3.25%, 0, 0, 1, 146.35
1495228238, 4, 113, 226, 21, 0, 3.25%, 0, 0, 1, 136.03
1495228254, 4, 114, 226, 21, 0, 3.25%, 0, 0, 1, 147.30
1495228269, 4, 115, 226, 21, 0, 3.25%, 0, 0, 1, 151.15
1495228274, 4, 117, 226, 21, 0, 3.25%, 0, 0, 1, 154.55
1495228289, 4, 119, 226, 21, 0, 3.25%, 0, 0, 1, 141.33
1495228305, 4, 121, 226, 21, 0, 3.25%, 0, 0, 1, 141.15
1495228310, 4, 123, 226, 21, 0, 3.25%, 0, 0, 1, 149.30
1495228325, 4, 124, 226, 21, 0, 3.25%, 0, 0, 1, 146.18
1495228330, 4, 125, 226, 21, 0, 3.25%, 0, 0, 1, 121.38
1495228346, 4, 127, 226, 21, 0, 3.25%, 0, 0, 1, 140.73
1495228361, 4, 129, 226, 21, 0, 3.25%, 0, 0, 1, 140.40
1495228376, 4, 130, 226, 21, 0, 3.25%, 0, 0, 1, 140.13
1495228381, 4, 131, 226, 21, 0, 3.25%, 0, 0, 1, 143.79
1495228402, 4, 132, 226, 21, 0, 3.25%, 0, 0, 1, 139.29
1495228407, 4, 133, 226, 21, 0, 3.25%, 0, 0, 1, 98.78
1495228412, 4, 134, 226, 21, 0, 3.25%, 0, 0, 1, 131.55
1495228428, 4, 135, 226, 21, 0, 3.25%, 0, 0, 1, 103.59
1495228433, 4, 136, 226, 21, 0, 3.25%, 0, 0, 1, 145.90
1495228448, 4, 137, 226, 21, 0, 3.25%, 0, 0, 1, 119.07
1495228463, 4, 138, 226, 21, 0, 3.25%, 0, 0, 1, 135.50
1495228479, 4, 139, 226, 21, 0, 3.25%, 0, 0, 1, 119.11
1495228484, 4, 140, 226, 21, 0, 3.25%, 0, 0, 1, 116.51
1495228499, 4, 141, 226, 21, 0, 3.25%, 0, 0, 1, 126.67
1495228504, 4, 142, 226, 21, 0, 3.25%, 0, 0, 1, 148.20
1495228519, 4, 146, 226, 21, 0, 3.25%, 0, 0, 1, 129.32
1495228524, 4, 149, 226, 21, 0, 3.25%, 0, 0, 1, 127.40
1495228540, 4, 150, 226, 21, 0, 3.25%, 0, 0, 1, 135.26
1495228545, 4, 151, 226, 21, 0, 3.25%, 0, 0, 1, 126.03
1495228550, 4, 153, 226, 21, 0, 3.25%, 0, 0, 1, 123.26
1495228565, 4, 154, 226, 21, 0, 3.25%, 0, 0, 1, 128.79
1495228581, 4, 155, 226, 21, 0, 3.25%, 0, 0, 1, 126.84
1495228586, 4, 156, 226, 21, 0, 3.25%, 0, 0, 1, 129.81
1495228601, 4, 158, 226, 21, 0, 3.25%, 0, 0, 1, 120.73
1495228606, 4, 159, 226, 21, 0, 3.25%, 0, 0, 1, 127.60
1495228621, 4, 160, 226, 21, 0, 3.25%, 0, 0, 1, 124.19
1495228627, 4, 162, 226, 21, 0, 3.25%, 0, 0, 1, 150.79
1495228647, 4, 163, 226, 21, 0, 3.25%, 0, 0, 1, 133.35
1495228663, 4, 165, 226, 21, 0, 3.25%, 0, 0, 1, 173.34
1495228678, 4, 166, 226, 21, 0, 3.25%, 0, 0, 1, 148.15
1495228683, 4, 167, 226, 21, 0, 3.25%, 0, 0, 1, 146.77
1495228693, 4, 168, 226, 21, 0, 3.25%, 0, 0, 1, 144.68
1495228699, 4, 169, 226, 21, 0, 3.25%, 0, 0, 1, 172.17
1495228714, 4, 171, 226, 21, 0, 3.25%, 0, 0, 1, 140.86
1495228724, 4, 173, 226, 21, 0, 3.25%, 0, 0, 1, 110.16
1495228729, 4, 174, 226, 21, 0, 3.25%, 0, 0, 1, 142.17
1495228745, 4, 176, 226, 21, 0, 3.25%, 0, 0, 1, 129.04
1495228765, 4, 177, 226, 21, 0, 3.25%, 0, 0, 1, 146.89
1495228770, 4, 178, 226, 21, 0, 3.25%, 0, 0, 1, 148.22
1495228775, 4, 179, 226, 20, 0, 3.25%, 0, 0, 1, 139.66
1495228790, 4, 180, 226, 20, 0, 3.25%, 0, 0, 1, 139.27
1495228796, 4, 181, 226, 20, 0, 3.25%, 0, 0, 1, 142.65
1495228811, 4, 182, 226, 20, 0, 3.25%, 0, 0, 1, 120.06
1495228816, 4, 184, 226, 20, 0, 3.25%, 0, 0, 1, 146.59
1495228826, 4, 185, 226, 20, 0, 3.25%, 0, 0, 1, 156.34
1495228831, 4, 186, 226, 20, 0, 3.25%, 0, 0, 1, 144.77
1495228847, 4, 188, 226, 20, 0, 3.25%, 0, 0, 1, 138.26
1495228862, 4, 190, 226, 20, 0, 3.25%, 0, 0, 1, 152.28
1495228878, 4, 192, 226, 20, 0, 3.25%, 0, 0, 1, 153.97
1495228888, 4, 193, 226, 20, 0, 3.25%, 0, 0, 1, 151.06
1495228893, 4, 194, 226, 20, 0, 3.25%, 0, 0, 1, 132.96
1495228898, 4, 195, 226, 20, 0, 3.25%, 0, 0, 1, 135.53
1495228914, 4, 197, 226, 19, 0, 3.25%, 0, 0, 1, 129.80
1495228929, 4, 198, 226, 19, 0, 3.25%, 0, 0, 1, 119.97
1495228934, 4, 199, 226, 19, 0, 3.25%, 0, 0, 1, 127.49
1495228939, 4, 200, 226, 19, 0, 3.25%, 0, 0, 1, 134.24
1495228944, 4, 201, 226, 19, 0, 3.25%, 0, 0, 1, 128.62
1495228949, 4, 202, 226, 19, 0, 3.25%, 0, 0, 1, 126.29
1495228970, 4, 204, 226, 19, 0, 3.25%, 0, 0, 1, 117.20
1495228990, 4, 205, 226, 19, 0, 3.25%, 0, 0, 1, 119.75
1495228995, 4, 206, 226, 19, 0, 3.25%, 0, 0, 1, 131.35
1495229011, 4, 207, 226, 19, 0, 3.25%, 0, 0, 1, 132.34
1495229016, 4, 208, 226, 19, 0, 3.25%, 0, 0, 1, 122.27
1495229031, 4, 209, 226, 19, 0, 3.25%, 0, 0, 1, 113.23
1495229036, 4, 213, 226, 19, 0, 3.25%, 0, 0, 1, 127.02
1495229046, 4, 216, 226, 19, 0, 3.25%, 0, 0, 1, 118.51
1495229072, 4, 217, 226, 19, 0, 3.25%, 0, 0, 1, 129.41
1495229077, 4, 221, 226, 19, 0, 3.25%, 0, 0, 1, 125.54
1495229097, 5, 0, 226, 19, 0, 3.25%, 0, 0, 1, 134.18
1495229102, 5, 1, 226, 19, 0, 3.25%, 0, 0, 1, 138.71
1495229108, 5, 3, 226, 19, 0, 3.25%, 0, 0, 1, 151.56
1495229118, 5, 4, 226, 19, 0, 3.25%, 0, 0, 1, 157.00
1495229123, 5, 6, 226, 19, 0, 3.25%, 0, 0, 1, 146.87
1495229128, 5, 7, 226, 19, 0, 3.25%, 0, 0, 1, 134.67
1495229138, 5, 9, 226, 19, 0, 3.25%, 0, 0, 1, 132.66
1495229143, 5, 10, 226, 19, 0, 3.25%, 0, 0, 1, 140.80
1495229149, 5, 13, 226, 19, 0, 3.25%, 0, 0, 1, 151.25
1495229154, 5, 15, 226, 19, 0, 3.25%, 0, 0, 1, 150.25
1495229159, 5, 16, 226, 19, 0, 3.25%, 0, 0, 1, 137.93
1495229164, 5, 18, 226, 19, 0, 3.25%, 0, 0, 1, 146.74
1495229169, 5, 20, 226, 19, 0, 3.25%, 0, 0, 1, 156.83
1495229174, 5, 22, 226, 19, 0, 3.25%, 0, 0, 1, 140.33
1495229179, 5, 24, 226, 19, 0, 3.25%, 0, 0, 1, 132.71
1495229184, 5, 26, 226, 19, 0, 3.25%, 0, 0, 1, 138.61
1495229189, 5, 27, 226, 19, 0, 3.25%, 0, 0, 1, 146.80
1495229194, 5, 29, 226, 19, 0, 3.25%, 0, 0, 1, 148.45
1495229200, 5, 30, 226, 19, 0, 3.25%, 0, 0, 1, 175.86
1495229210, 5, 31, 226, 19, 0, 3.25%, 0, 0, 1, 149.65
1495229215, 5, 32, 226, 19, 0, 3.25%, 0, 0, 1, 138.51
1495229220, 5, 33, 226, 19, 0, 3.25%, 0, 0, 1, 139.69
1495229231, 5, 34, 226, 19, 0, 3.25%, 0, 0, 1, 149.63
1495229241, 5, 37, 226, 19, 0, 3.25%, 0, 0, 1, 147.47
1495229251, 5, 41, 226, 19, 0, 3.25%, 0, 0, 1, 149.35
1495229267, 5, 42, 226, 19, 0, 3.25%, 0, 0, 1, 154.21
1495229272, 5, 43, 226, 19, 0, 3.25%, 0, 0, 1, 157.30
1495229277, 5, 44, 226, 19, 0, 3.25%, 0, 0, 1, 148.53
1495229297, 5, 46, 226, 19, 0, 3.25%, 0, 0, 1, 119.25
1495229312, 5, 47, 226, 19, 0, 3.25%, 0, 0, 1, 154.31
1495229318, 5, 48, 226, 19, 0, 3.25%, 0, 0, 1, 143.30
1495229333, 5, 50, 226, 19, 0, 3.25%, 0, 0, 1, 146.91
1495229349, 5, 51, 226, 19, 0, 3.25%, 0, 0, 1, 146.96
1495229354, 5, 52, 226, 19, 0, 3.25%, 0, 0, 1, 143.77
1495229369, 5, 54, 226, 19, 0, 3.25%, 0, 0, 1, 131.03
1495229385, 5, 55, 226, 19, 0, 3.25%, 0, 0, 1, 116.28
1495229390, 5, 56, 226, 19, 0, 3.25%, 0, 0, 1, 120.35
1495229405, 5, 57, 226, 19, 0, 3.25%, 0, 0, 1, 123.21
1495229410, 5, 58, 226, 19, 0, 3.25%, 0, 0, 1, 124.39
1495229431, 5, 60, 226, 19, 0, 3.25%, 0, 0, 1, 132.26
1495229446, 5, 61, 226, 19, 0, 3.25%, 0, 0, 1, 119.74
1495229451, 5, 63, 226, 19, 0, 3.25%, 0, 0, 1, 125.07
1495229466, 5, 67, 226, 19, 0, 3.25%, 0, 0, 1, 123.15
1495229482, 5, 68, 226, 19, 0, 3.25%, 0, 0, 1, 130.05
1495229487, 5, 69, 226, 19, 0, 3.25%, 0, 0, 1, 126.35
1495229492, 5, 70, 226, 19, 0, 3.25%, 0, 0, 1, 123.67
1495229497, 5, 72, 226, 18, 0, 3.25%, 0, 0, 1, 121.54
1495229502, 5, 73, 226, 18, 0, 3.25%, 0, 0, 1, 125.04
1495229517, 5, 74, 226, 18, 0, 3.25%, 0, 0, 1, 137.43
1495229523, 5, 75, 226, 18, 0, 3.25%, 0, 0, 1, 136.76
1495229538, 5, 77, 226, 18, 0, 3.25%, 0, 0, 1, 132.25
1495229553, 5, 78, 226, 18, 0, 3.25%, 0, 0, 1, 129.21
1495229558, 5, 79, 226, 18, 0, 3.25%, 0, 0, 1, 119.55
1495229574, 5, 80, 226, 18, 0, 3.25%, 0, 0, 1, 157.34
1495229579, 5, 81, 226, 18, 0, 3.25%, 0, 0, 1, 130.01
1495229594, 5, 84, 226, 18, 0, 3.25%, 0, 0, 1, 112.03
1495229599, 5, 85, 226, 18, 0, 3.25%, 0, 0, 1, 124.63
1495229609, 5, 87, 226, 18, 0, 3.25%, 0, 0, 1, 144.28
1495229625, 5, 88, 226, 18, 0, 3.25%, 0, 0, 1, 132.01
1495229630, 5, 89, 226, 18, 0, 3.25%, 0, 0, 1, 136.86
1495229645, 5, 90, 226, 18, 0, 3.25%, 0, 0, 1, 124.93
1495229650, 5, 91, 226, 18, 0, 3.25%, 0, 0, 1, 130.18
1495229655, 5, 92, 226, 17, 0, 3.25%, 0, 0, 1, 133.93
1495229666, 5, 93, 226, 17, 0, 3.25%, 0, 0, 1, 160.04
1495229671, 5, 94, 226, 17, 0, 3.25%, 0, 0, 1, 145.08
1495229676, 5, 95, 226, 17, 0, 3.25%, 0, 0, 1, 144.95
1495229691, 5, 96, 226, 17, 0, 3.25%, 0, 0, 1, 135.90
1495229696, 5, 98, 226, 17, 0, 3.25%, 0, 0, 1, 138.97
1495229701, 5, 99, 226, 17, 0, 3.25%, 0, 0, 1, 141.94
1495229712, 5, 100, 226, 17, 0, 3.25%, 0, 0, 1, 143.47
1495229717, 5, 101, 226, 17, 0, 3.25%, 0, 0, 1, 137.14
1495229732, 5, 102, 226, 17, 0, 3.25%, 0, 0, 1, 141.57
1495229737, 5, 103, 226, 17, 0, 3.25%, 0, 0, 1, 144.32
1495229747, 5, 104, 226, 17, 0, 3.25%, 0, 0, 1, 143.36
1495229753, 5, 105, 226, 17, 0, 3.25%, 0, 0, 1, 150.35
1495229763, 5, 106, 226, 17, 0, 3.25%, 0, 0, 1, 153.31
1495229783, 5, 109, 226, 17, 0, 3.25%, 0, 0, 1, 150.33
1495229799, 5, 112, 226, 17, 0, 3.25%, 0, 0, 1, 151.13
1495229809, 5, 113, 226, 17, 0, 3.25%, 0, 0, 1, 149.52
1495229819, 5, 114, 226, 17, 0, 3.25%, 0, 0, 1, 147.84
1495229835, 5, 115, 226, 17, 0, 3.25%, 0, 0, 1, 129.17
1495229840, 5, 116, 226, 17, 0, 3.25%, 0, 0, 1, 128.03
1495229845, 5, 117, 226, 17, 0, 3.25%, 0, 0, 1, 127.58
1495229860, 5, 118, 226, 17, 0, 3.25%, 0, 0, 1, 131.72
1495229865, 5, 119, 226, 17, 0, 3.25%, 0, 0, 1, 131.84
1495229881, 5, 120, 226, 17, 0, 3.25%, 0, 0, 1, 121.10
1495229886, 5, 121, 226, 17, 0, 3.25%, 0, 0, 1, 120.50
1495229891, 5, 123, 226, 17, 0, 3.25%, 0, 0, 1, 119.74
1495229911, 5, 125, 226, 17, 0, 3.25%, 0, 0, 1, 129.59
1495229927, 5, 126, 226, 17, 0, 3.25%, 0, 0, 1, 126.84
1495229932, 5, 127, 226, 17, 0, 3.25%, 0, 0, 1, 126.42
1495229947, 5, 129, 226, 17, 0, 3.25%, 0, 0, 1, 118.23
1495229963, 5, 130, 226, 17, 0, 3.25%, 0, 0, 1, 135.85
1495229968, 5, 131, 226, 17, 0, 3.25%, 0, 0, 1, 136.19
1495229993, 5, 134, 226, 17, 0, 3.25%, 0, 0, 1, 131.46
1495230014, 5, 136, 226, 17, 0, 3.25%, 0, 0, 1, 127.64
1495230029, 5, 137, 226, 17, 0, 3.25%, 0, 0, 1, 133.42
1495230045, 5, 138, 226, 17, 0, 3.25%, 0, 0, 1, 121.79
1495230065, 5, 140, 226, 17, 0, 3.25%, 0, 0, 1, 122.98
1495230081, 5, 141, 226, 17, 0, 3.25%, 0, 0, 1, 153.53
1495230086, 5, 142, 226, 17, 0, 3.25%, 0, 0, 1, 137.91
1495230101, 5, 145, 226, 17, 0, 3.25%, 0, 0, 1, 141.07
1495230106, 5, 146, 226, 16, 0, 3.25%, 0, 0, 1, 140.36
1495230111, 5, 149, 226, 16, 0, 3.25%, 0, 0, 1, 137.83
1495230127, 5, 150, 226, 16, 0, 3.25%, 0, 0, 1, 138.74
1495230132, 5, 152, 226, 16, 0, 3.25%, 0, 0, 1, 151.84
1495230137, 5, 153, 226, 16, 0, 3.25%, 0, 0, 1, 156.54
1495230147, 5, 154, 226, 16, 0, 3.25%, 0, 0, 1, 146.82
1495230163, 5, 155, 226, 16, 0, 3.25%, 0, 0, 1, 184.81
1495230168, 5, 156, 226, 16, 0, 3.25%, 0, 0, 1, 151.61
1495230178, 5, 158, 226, 16, 0, 3.25%, 0, 0, 1, 141.22
1495230188, 5, 159, 226, 16, 0, 3.25%, 0, 0, 1, 144.63
1495230204, 5, 160, 226, 16, 0, 3.25%, 0, 0, 1, 143.89
1495230209, 5, 162, 226, 16, 0, 3.25%, 0, 0, 1, 147.05
1495230224, 5, 163, 226, 16, 0, 3.25%, 0, 0, 1, 150.41
1495230234, 5, 164, 226, 16, 0, 3.25%, 0, 0, 1, 138.44
1495230239, 5, 165, 226, 16, 0, 3.25%, 0, 0, 1, 152.96
1495230255, 5, 166, 226, 16, 0, 3.25%, 0, 0, 1, 144.72
1495230260, 5, 167, 226, 16, 0, 3.25%, 0, 0, 1, 141.89
1495230270, 5, 168, 226, 16, 0, 3.25%, 0, 0, 1, 144.01
1495230275, 5, 169, 226, 16, 0, 3.25%, 0, 0, 1, 138.46
1495230290, 5, 171, 226, 16, 0, 3.25%, 0, 0, 1, 146.60
1495230301, 5, 173, 226, 16, 0, 3.25%, 0, 0, 1, 145.95
1495230306, 5, 174, 226, 16, 0, 3.25%, 0, 0, 1, 140.67
1495230322, 5, 176, 226, 16, 0, 3.25%, 0, 0, 1, 125.59
1495230342, 5, 177, 226, 16, 0, 3.25%, 0, 0, 1, 108.28
1495230352, 5, 179, 226, 16, 0, 3.25%, 0, 0, 1, 132.31
1495230368, 5, 181, 226, 16, 0, 3.25%, 0, 0, 1, 138.80
1495230383, 5, 182, 226, 16, 0, 3.25%, 0, 0, 1, 117.72
1495230388, 5, 184, 226, 16, 0, 3.25%, 0, 0, 1, 131.55
1495230403, 5, 185, 226, 16, 0, 3.25%, 0, 0, 1, 117.04
1495230409, 5, 186, 226, 16, 0, 3.25%, 0, 0, 1, 126.33
1495230429, 5, 188, 226, 16, 0, 3.25%, 0, 0, 1, 129.68
1495230444, 5, 190, 226, 16, 0, 3.25%, 0, 0, 1, 111.81
1495230460, 5, 191, 226, 16, 0, 3.25%, 0, 0, 1, 139.54
1495230465, 5, 192, 226, 16, 0, 3.25%, 0, 0, 1, 131.14
1495230470, 5, 193, 226, 16, 0, 3.25%, 0, 0, 1, 128.00
1495230475, 5, 194, 226, 16, 0, 3.25%, 0, 0, 1, 125.40
1495230480, 5, 195, 226, 16, 0, 3.25%, 0, 0, 1, 125.03
1495230495, 5, 197, 226, 16, 0, 3.25%, 0, 0, 1, 111.98
1495230511, 5, 198, 226, 16, 0, 3.25%, 0, 0, 1, 122.89
1495230516, 5, 199, 226, 16, 0, 3.25%, 0, 0, 1, 124.46
1495230521, 5, 200, 226, 16, 0, 3.25%, 0, 0, 1, 121.27
1495230526, 5, 201, 226, 16, 0, 3.25%, 0, 0, 1, 126.99
1495230536, 5, 202, 226, 16, 0, 3.25%, 0, 0, 1, 119.05
1495230552, 5, 203, 226, 16, 0, 3.25%, 0, 0, 1, 142.62
1495230557, 5, 204, 226, 16, 0, 3.25%, 0, 0, 1, 126.92
1495230567, 5, 205, 226, 16, 0, 3.25%, 0, 0, 1, 148.03
1495230572, 5, 206, 226, 16, 0, 3.25%, 0, 0, 1, 141.35
1495230588, 5, 207, 226, 16, 0, 3.25%, 0, 0, 1, 138.67
1495230593, 5, 208, 226, 16, 0, 3.25%, 0, 0, 1, 138.39
1495230603, 5, 209, 226, 16, 0, 3.25%, 0, 0, 1, 152.63
1495230608, 5, 213, 226, 16, 0, 3.25%, 0, 0, 1, 142.11
1495230618, 5, 216, 226, 16, 0, 3.25%, 0, 0, 1, 144.02
1495230639, 5, 217, 226, 16, 0, 3.25%, 0, 0, 1, 147.07
1495230644, 5, 220, 226, 16, 0, 3.25%, 0, 0, 1, 146.43
1495230649, 5, 221, 226, 16, 0, 3.25%, 0, 0, 1, 110.84
1495230664, 6, 0, 226, 16, 0, 3.25%, 0, 0, 1, 156.67
1495230669, 6, 1, 226, 16, 0, 3.25%, 0, 0, 1, 150.86
1495230674, 6, 3, 226, 16, 0, 3.25%, 0, 0, 1, 144.60
1495230685, 6, 4, 226, 16, 0, 3.25%, 0, 0, 1, 157.11
1495230690, 6, 9, 226, 16, 0, 3.25%, 0, 0, 1, 133.58
1495230695, 6, 10, 226, 16, 0, 3.25%, 0, 0, 1, 140.49
1495230700, 6, 13, 226, 16, 0, 3.25%, 0, 0, 1, 141.76
1495230705, 6, 15, 226, 16, 0, 3.25%, 0, 0, 1, 145.30
1495230710, 6, 16, 226, 16, 0, 3.25%, 0, 0, 1, 146.95
1495230716, 6, 18, 226, 16, 0, 3.25%, 0, 0, 1, 139.09
1495230721, 6, 20, 226, 16, 0, 3.25%, 0, 0, 1, 145.06
1495230726, 6, 22, 226, 16, 0, 3.25%, 0, 0, 1, 151.66
1495230731, 6, 23, 226, 16, 0, 3.25%, 0, 0, 1, 154.67
1495230736, 6, 26, 226, 16, 0, 3.25%, 0, 0, 1, 146.12
1495230741, 6, 27, 226, 16, 0, 3.25%, 0, 0, 1, 153.47
1495230746, 6, 29, 226, 16, 0, 3.25%, 0, 0, 1, 129.82
1495230751, 6, 30, 226, 16, 0, 3.25%, 0, 0, 1, 142.31
1495230761, 6, 31, 226, 16, 0, 3.25%, 0, 0, 1, 150.67
1495230766, 6, 32, 226, 16, 0, 3.25%, 0, 0, 1, 136.40
1495230771, 6, 33, 226, 16, 0, 3.25%, 0, 0, 1, 140.30
1495230782, 6, 34, 226, 16, 0, 3.25%, 0, 0, 1, 143.89
1495230797, 6, 37, 226, 15, 0, 3.25%, 0, 0, 1, 125.93
1495230807, 6, 40, 226, 15, 0, 3.25%, 0, 0, 1, 124.76
1495230813, 6, 41, 226, 15, 0, 3.25%, 0, 0, 1, 133.29
1495230823, 6, 42, 226, 15, 0, 3.25%, 0, 0, 1, 99.36
1495230828, 6, 43, 226, 15, 0, 3.25%, 0, 0, 1, 131.05
1495230833, 6, 44, 226, 15, 0, 3.25%, 0, 0, 1, 133.67
1495230859, 6, 46, 226, 15, 0, 3.25%, 0, 0, 1, 122.60
1495230874, 6, 48, 226, 15, 0, 3.25%, 0, 0, 1, 136.96
1495230895, 6, 50, 226, 15, 0, 3.25%, 0, 0, 1, 123.91
1495230915, 6, 52, 226, 15, 0, 3.25%, 0, 0, 1, 120.67
1495230930, 6, 54, 226, 15, 0, 3.25%, 0, 0, 1, 127.80
1495230951, 6, 56, 226, 15, 0, 3.25%, 0, 0, 1, 121.44
1495230967, 6, 57, 226, 15, 0, 3.25%, 0, 0, 1, 144.27
1495230972, 6, 58, 226, 15, 0, 3.25%, 0, 0, 1, 123.59
1495230992, 6, 60, 226, 15, 0, 3.25%, 0, 0, 1, 126.46
1495231013, 6, 63, 226, 15, 0, 3.25%, 0, 0, 1, 122.74
1495231028, 6, 65, 226, 15, 0, 3.25%, 0, 0, 1, 145.56
1495231044, 6, 67, 226, 14, 0, 3.25%, 0, 0, 1, 153.46
1495231059, 6, 69, 226, 14, 0, 3.25%, 0, 0, 1, 146.02
1495231064, 6, 73, 226, 14, 0, 3.25%, 0, 0, 1, 148.51
1495231079, 6, 75, 226, 14, 0, 3.25%, 0, 0, 1, 139.58
1495231095, 6, 77, 226, 14, 0, 3.25%, 0, 0, 1, 152.93
1495231110, 6, 79, 226, 14, 0, 3.25%, 0, 0, 1, 132.88
1495231125, 6, 81, 226, 14, 0, 3.25%, 0, 0, 1, 140.12
1495231140, 6, 83, 226, 14, 0, 3.25%, 0, 0, 1, 136.32
1495231156, 6, 84, 226, 13, 0, 3.25%, 0, 0, 1, 154.38
1495231161, 6, 85, 226, 13, 0, 3.25%, 0, 0, 1, 152.20
1495231171, 6, 87, 226, 13, 0, 3.25%, 0, 0, 1, 142.57
1495231187, 6, 88, 226, 13, 0, 3.25%, 0, 0, 1, 138.85
1495231192, 6, 89, 226, 13, 0, 3.25%, 0, 0, 1, 141.96
1495231207, 6, 90, 226, 13, 0, 3.25%, 0, 0, 1, 147.73
1495231212, 6, 92, 226, 13, 0, 3.25%, 0, 0, 1, 150.98
1495231227, 6, 94, 226, 13, 0, 3.25%, 0, 0, 1, 142.58
1495231233, 6, 95, 226, 13, 0, 3.25%, 0, 0, 1, 151.19
1495231243, 6, 96, 226, 13, 0, 3.25%, 0, 0, 1, 151.48
1495231248, 6, 98, 226, 13, 0, 3.25%, 0, 0, 1, 147.33
1495231253, 6, 99, 226, 13, 0, 3.25%, 0, 0, 1, 137.24
1495231269, 6, 100, 226, 13, 0, 3.25%, 0, 0, 1, 129.05
1495231274, 6, 101, 226, 13, 0, 3.25%, 0, 0, 1, 129.15
1495231289, 6, 102, 226, 13, 0, 3.25%, 0, 0, 1, 127.77
1495231294, 6, 103, 226, 13, 0, 3.25%, 0, 0, 1, 141.96
1495231309, 6, 104, 226, 13, 0, 3.25%, 0, 0, 1, 134.02
1495231315, 6, 105, 226, 13, 0, 3.25%, 0, 0, 1, 131.24
1495231330, 6, 106, 226, 13, 0, 3.25%, 0, 0, 1, 133.85
1495231345, 6, 108, 226, 13, 0, 3.25%, 0, 0, 1, 132.14
1495231351, 6, 109, 226, 13, 0, 3.25%, 0, 0, 1, 127.52
1495231366, 6, 112, 226, 13, 0, 3.25%, 0, 0, 1, 123.49
1495231376, 6, 113, 226, 13, 0, 3.25%, 0, 0, 1, 123.81
1495231392, 6, 114, 226, 13, 0, 3.25%, 0, 0, 1, 127.36
1495231407, 6, 115, 226, 13, 0, 3.25%, 0, 0, 1, 124.69
1495231412, 6, 117, 226, 13, 0, 3.25%, 0, 0, 1, 132.84
1495231428, 6, 118, 226, 13, 0, 3.25%, 0, 0, 1, 131.44
1495231433, 6, 119, 226, 13, 0, 3.25%, 0, 0, 1, 150.69
1495231448, 6, 120, 226, 13, 0, 3.25%, 0, 0, 1, 125.76
1495231453, 6, 121, 226, 13, 0, 3.25%, 0, 0, 1, 118.99
1495231458, 6, 123, 226, 13, 0, 3.25%, 0, 0, 1, 118.59
1495231473, 6, 124, 226, 13, 0, 3.25%, 0, 0, 1, 122.79
1495231478, 6, 125, 226, 13, 0, 3.25%, 0, 0, 1, 121.23
1495231494, 6, 126, 226, 13, 0, 3.25%, 0, 0, 1, 149.59
1495231499, 6, 127, 226, 13, 0, 3.25%, 0, 0, 1, 153.22
1495231509, 6, 128, 226, 13, 0, 3.25%, 0, 0, 1, 140.26
1495231514, 6, 129, 226, 12, 0, 3.25%, 0, 0, 1, 139.07
1495231529, 6, 130, 226, 12, 0, 3.25%, 0, 0, 1, 139.99
1495231534, 6, 131, 226, 12, 0, 3.25%, 0, 0, 1, 148.82
1495231555, 6, 132, 226, 12, 0, 3.25%, 0, 0, 1, 153.02
1495231560, 6, 134, 226, 12, 0, 3.25%, 0, 0, 1, 140.23
1495231575, 6, 136, 226, 12, 0, 3.25%, 0, 0, 1, 135.09
1495231591, 6, 137, 226, 12, 0, 3.25%, 0, 0, 1, 145.85
1495231606, 6, 138, 226, 12, 0, 3.25%, 0, 0, 1, 131.98
1495231621, 6, 139, 226, 12, 0, 3.25%, 0, 0, 1, 148.38
1495231626, 6, 140, 226, 12, 0, 3.25%, 0, 0, 1, 152.16
1495231636, 6, 141, 226, 12, 0, 3.25%, 0, 0, 1, 143.19
1495231642, 6, 142, 226, 12, 0, 3.25%, 0, 0, 1, 156.06
1495231657, 6, 146, 226, 12, 0, 3.25%, 0, 0, 1, 140.26
1495231662, 6, 149, 226, 12, 0, 3.25%, 0, 0, 1, 133.67
1495231677, 6, 151, 226, 12, 0, 3.25%, 0, 0, 1, 141.72
1495231683, 6, 152, 226, 12, 0, 3.25%, 0, 0, 1, 139.94
1495231688, 6, 153, 226, 12, 0, 3.25%, 0, 0, 1, 149.40
1495231693, 6, 154, 226, 12, 0, 3.25%, 0, 0, 1, 146.94
1495231708, 6, 155, 226, 12, 0, 3.25%, 0, 0, 1, 157.83
1495231713, 6, 156, 226, 12, 0, 3.25%, 0, 0, 1, 152.43
1495231729, 6, 158, 226, 12, 0, 3.25%, 0, 0, 1, 125.08
1495231739, 6, 159, 226, 12, 0, 3.25%, 0, 0, 1, 125.10
1495231754, 6, 160, 226, 12, 0, 3.25%, 0, 0, 1, 132.49
