# unix_time, cycles_done, cur_path, paths_total, pending_total, pending_favs, map_size, unique_crashes, unique_hangs, max_depth, execs_per_sec
1494000074, 0, 0, 341, 341, 155, 3.97%, 0, 0, 1, 84.40
1494000084, 0, 0, 341, 340, 154, 3.97%, 0, 0, 1, 99.35
1494000094, 0, 0, 342, 341, 154, 3.97%, 0, 0, 1, 86.19
1494000100, 0, 0, 343, 342, 154, 3.97%, 0, 0, 1, 91.35
1494000105, 0, 0, 344, 343, 154, 3.97%, 0, 0, 1, 109.18
1494000176, 0, 1, 344, 343, 154, 3.97%, 0, 0, 1, 89.92
1494000181, 0, 2, 344, 342, 153, 3.97%, 0, 0, 1, 106.67
1494000187, 0, 6, 344, 339, 150, 3.97%, 0, 0, 1, 179.33
1494000192, 0, 10, 344, 337, 148, 3.97%, 0, 0, 1, 143.75
1494000197, 0, 15, 344, 335, 146, 3.97%, 0, 0, 1, 179.57
1494000202, 0, 18, 344, 334, 145, 3.97%, 0, 0, 1, 143.05
1494000207, 0, 20, 344, 332, 143, 3.97%, 0, 0, 1, 162.84
1494000217, 0, 21, 344, 331, 142, 3.97%, 0, 0, 1, 106.18
1494000223, 0, 24, 344, 330, 141, 3.97%, 0, 0, 1, 134.86
1494000228, 0, 27, 344, 329, 140, 3.97%, 0, 0, 1, 187.55
1494000233, 0, 31, 344, 327, 138, 3.97%, 0, 0, 1, 140.35
1494000238, 0, 33, 344, 326, 137, 3.97%, 0, 0, 1, 138.93
1494000248, 0, 37, 344, 324, 135, 3.97%, 0, 0, 1, 198.51
1494000254, 0, 38, 345, 324, 134, 3.97%, 0, 0, 1, 155.21
1494000259, 0, 40, 345, 323, 133, 3.97%, 0, 0, 1, 117.46
1494000264, 0, 41, 345, 322, 132, 3.97%, 0, 0, 1, 121.05
1494000269, 0, 42, 345, 321, 131, 3.97%, 0, 0, 1, 129.75
1494000274, 0, 45, 346, 320, 129, 3.97%, 0, 0, 1, 146.15
1494000279, 0, 50, 346, 319, 128, 3.97%, 0, 0, 1, 132.42
1494000284, 0, 59, 346, 317, 126, 3.97%, 0, 0, 1, 174.00
1494000289, 0, 60, 346, 316, 125, 3.97%, 0, 0, 1, 126.03
1494000294, 0, 61, 346, 315, 124, 3.97%, 0, 0, 1, 119.00
1494000300, 0, 62, 346, 314, 123, 3.97%, 0, 0, 1, 26.35
1494000305, 0, 64, 346, 312, 121, 3.97%, 0, 0, 1, 125.98
1494000310, 0, 65, 346, 311, 120, 3.97%, 0, 0, 1, 120.82
1494000315, 0, 66, 346, 310, 119, 3.97%, 0, 0, 1, 110.99
1494000320, 0, 68, 346, 309, 118, 3.97%, 0, 0, 1, 97.94
1494000325, 0, 70, 346, 308, 117, 3.97%, 0, 0, 1, 155.34
1494000330, 0, 73, 346, 307, 116, 3.97%, 0, 0, 1, 119.77
1494000335, 0, 77, 346, 306, 115, 3.97%, 0, 0, 1, 98.44
1494000345, 0, 80, 346, 305, 114, 3.97%, 0, 0, 1, 59.14
1494000351, 0, 82, 346, 304, 113, 3.97%, 0, 0, 1, 108.16
1494000356, 0, 83, 346, 303, 112, 3.97%, 0, 0, 1, 116.36
1494000361, 0, 84, 346, 302, 111, 3.97%, 0, 0, 1, 144.10
1494000366, 0, 87, 346, 300, 109, 3.97%, 0, 0, 1, 165.00
1494000371, 0, 89, 346, 299, 108, 3.97%, 0, 0, 1, 132.53
1494000376, 0, 92, 346, 298, 107, 3.97%, 0, 0, 1, 108.03
1494000382, 0, 93, 346, 297, 106, 3.97%, 0, 0, 1, 109.13
1494000387, 0, 94, 346, 296, 105, 3.97%, 0, 0, 1, 102.44
1494000392, 0, 96, 346, 295, 104, 3.97%, 0, 0, 1, 106.13
1494000397, 0, 97, 346, 294, 103, 3.97%, 0, 0, 1, 129.87
1494000402, 0, 98, 346, 293, 102, 3.97%, 0, 0, 1, 101.44
1494000407, 0, 102, 346, 292, 101, 3.97%, 0, 0, 1, 114.31
1494000412, 0, 103, 346, 291, 100, 3.97%, 0, 0, 1, 98.42
1494000417, 0, 106, 346, 290, 99, 3.97%, 0, 0, 1, 133.69
1494000422, 0, 108, 346, 289, 98, 3.97%, 0, 0, 1, 126.49
1494000427, 0, 110, 346, 287, 96, 3.97%, 0, 0, 1, 138.34
1494000432, 0, 114, 346, 286, 95, 3.97%, 0, 0, 1, 118.21
1494000438, 0, 117, 346, 285, 94, 3.97%, 0, 0, 1, 116.92
1494000443, 0, 118, 346, 284, 93, 3.97%, 0, 0, 1, 136.77
1494000453, 0, 122, 346, 281, 90, 3.97%, 0, 0, 1, 191.92
1494000458, 0, 125, 346, 280, 89, 3.97%, 0, 0, 1, 159.44
1494000463, 0, 126, 346, 279, 88, 3.97%, 0, 0, 1, 138.58
1494000474, 0, 128, 346, 277, 86, 3.97%, 0, 0, 1, 152.50
1494000479, 0, 129, 346, 276, 85, 3.97%, 0, 0, 1, 161.58
1494000484, 0, 133, 346, 274, 83, 3.97%, 0, 0, 1, 115.73
1494000489, 0, 135, 346, 273, 82, 3.97%, 0, 0, 1, 126.13
1494000499, 0, 136, 346, 272, 81, 3.97%, 0, 0, 1, 100.05
1494000510, 0, 138, 346, 270, 79, 3.97%, 0, 0, 1, 131.80
1494000520, 0, 139, 346, 269, 78, 3.97%, 0, 0, 1, 89.96
1494000530, 0, 140, 346, 268, 77, 3.97%, 0, 0, 1, 84.88
1494000535, 0, 141, 346, 267, 76, 3.97%, 0, 0, 1, 109.81
1494000545, 0, 146, 346, 266, 75, 3.97%, 0, 0, 1, 178.79
1494000550, 0, 150, 346, 265, 74, 3.97%, 0, 0, 1, 182.89
1494000556, 0, 154, 346, 264, 73, 3.97%, 0, 0, 1, 196.17
1494000561, 0, 155, 346, 263, 72, 3.97%, 0, 0, 1, 193.25
1494000566, 0, 156, 346, 262, 71, 3.97%, 0, 0, 1, 194.06
1494000571, 0, 157, 346, 261, 70, 3.97%, 0, 0, 1, 197.08
1494000576, 0, 159, 346, 260, 69, 3.97%, 0, 0, 1, 119.10
1494000581, 0, 161, 346, 259, 68, 3.97%, 0, 0, 1, 147.99
1494000586, 0, 164, 346, 258, 67, 3.97%, 0, 0, 1, 169.84
1494000596, 0, 167, 346, 256, 65, 3.97%, 0, 0, 1, 172.46
1494000602, 0, 169, 347, 256, 64, 3.97%, 0, 0, 1, 171.41
1494000612, 0, 170, 347, 255, 63, 3.97%, 0, 0, 1, 88.22
1494000617, 0, 177, 347, 254, 62, 3.97%, 0, 0, 1, 105.03
1494000622, 0, 178, 347, 253, 61, 3.97%, 0, 0, 1, 147.25
1494000637, 0, 179, 347, 252, 60, 3.97%, 0, 0, 1, 122.29
1494000642, 0, 186, 347, 251, 59, 3.97%, 0, 0, 1, 123.90
1494000653, 0, 187, 347, 250, 58, 3.97%, 0, 0, 1, 88.79
1494000658, 0, 188, 347, 249, 57, 3.97%, 0, 0, 1, 131.84
1494000663, 0, 190, 347, 248, 56, 3.97%, 0, 0, 1, 97.77
1494000668, 0, 191, 347, 247, 55, 3.97%, 0, 0, 1, 102.27
1494000673, 0, 195, 347, 246, 54, 3.97%, 0, 0, 1, 151.96
1494000678, 0, 196, 347, 245, 53, 3.97%, 0, 0, 1, 182.80
1494000683, 0, 201, 347, 243, 51, 3.97%, 0, 0, 1, 197.76
1494000694, 0, 204, 347, 242, 50, 3.97%, 0, 0, 1, 115.37
1494000699, 0, 210, 347, 241, 49, 3.97%, 0, 0, 1, 110.18
1494000704, 0, 219, 347, 239, 47, 3.97%, 0, 0, 1, 145.90
1494000714, 0, 223, 347, 238, 46, 3.97%, 0, 0, 1, 118.08
1494000719, 0, 229, 347, 237, 45, 3.97%, 0, 0, 1, 157.17
1494000724, 0, 231, 348, 237, 43, 3.97%, 0, 0, 1, 35.72
1494000729, 0, 232, 348, 236, 42, 3.97%, 0, 0, 1, 102.79
1494000735, 0, 233, 348, 235, 41, 3.97%, 0, 0, 1, 155.52
1494000740, 0, 234, 348, 234, 40, 3.97%, 0, 0, 1, 125.43
1494000745, 0, 239, 348, 233, 39, 3.97%, 0, 0, 1, 130.30
1494000755, 0, 243, 348, 232, 38, 3.97%, 0, 0, 1, 200.61
1494000760, 0, 248, 348, 231, 37, 3.97%, 0, 0, 1, 195.41
1494000766, 0, 251, 348, 229, 35, 3.97%, 0, 0, 1, 192.88
1494000771, 0, 261, 348, 227, 33, 3.97%, 0, 0, 1, 180.13
1494000781, 0, 263, 348, 226, 32, 3.97%, 0, 0, 1, 160.45
1494000786, 0, 264, 348, 225, 31, 3.97%, 0, 0, 1, 195.86
1494000791, 0, 265, 348, 224, 30, 3.97%, 0, 0, 1, 145.65
1494000796, 0, 266, 348, 223, 29, 3.97%, 0, 0, 1, 143.05
1494000802, 0, 267, 348, 222, 28, 3.97%, 0, 0, 1, 207.90
1494000807, 0, 270, 348, 220, 27, 3.97%, 0, 0, 1, 157.81
1494000817, 0, 272, 348, 218, 25, 3.97%, 0, 0, 1, 131.67
1494000822, 0, 273, 349, 218, 24, 3.97%, 0, 0, 1, 104.76
1494000832, 0, 275, 349, 217, 23, 3.97%, 0, 0, 1, 3.26
1494000837, 0, 276, 349, 216, 22, 3.97%, 0, 0, 1, 108.35
1494000847, 0, 280, 349, 215, 21, 3.97%, 0, 0, 1, 103.59
1494000853, 0, 281, 349, 214, 20, 3.97%, 0, 0, 1, 159.32
1494000858, 0, 283, 351, 215, 20, 3.97%, 0, 0, 1, 38.18
1494000868, 0, 286, 351, 214, 19, 3.97%, 0, 0, 1, 180.04
1494000873, 0, 289, 351, 213, 18, 3.97%, 0, 0, 1, 112.77
1494000878, 0, 290, 351, 212, 17, 3.97%, 0, 0, 1, 127.37
1494000899, 0, 293, 351, 211, 16, 3.97%, 0, 0, 1, 70.16
1494000904, 0, 295, 353, 212, 15, 3.97%, 0, 0, 1, 127.09
1494000909, 0, 300, 353, 211, 14, 3.97%, 0, 0, 1, 187.45
1494000919, 0, 302, 353, 210, 13, 3.97%, 0, 0, 1, 127.47
1494000924, 0, 304, 353, 209, 12, 3.97%, 0, 0, 1, 156.09
1494000929, 0, 310, 353, 208, 11, 3.97%, 0, 0, 1, 104.79
1494000935, 0, 311, 354, 208, 11, 3.97%, 0, 0, 1, 154.44
1494000940, 0, 312, 354, 207, 10, 3.97%, 0, 0, 1, 188.67
1494000945, 0, 317, 354, 206, 9, 3.97%, 0, 0, 1, 101.45
1494000950, 0, 318, 354, 205, 9, 3.97%, 0, 0, 1, 167.53
1494000955, 0, 320, 354, 204, 9, 3.97%, 0, 0, 1, 189.71
1494000966, 0, 330, 355, 203, 7, 3.97%, 0, 0, 1, 137.40
1494000971, 0, 334, 355, 202, 6, 3.97%, 0, 0, 1, 181.74
1494000976, 0, 337, 355, 201, 5, 3.97%, 0, 0, 1, 205.88
1494000981, 0, 343, 355, 200, 4, 3.97%, 0, 0, 1, 114.61
1494000986, 0, 347, 356, 200, 3, 3.97%, 0, 0, 1, 109.60
1494000996, 0, 353, 357, 199, 2, 3.97%, 0, 0, 2, 139.61
1494001002, 0, 356, 357, 198, 1, 3.97%, 0, 0, 2, 118.72
1494001007, 1, 1, 358, 198, 0, 3.97%, 0, 0, 2, 147.65
1494001012, 1, 5, 358, 198, 0, 3.97%, 0, 0, 2, 177.70
1494001017, 1, 9, 362, 202, 0, 3.97%, 0, 0, 2, 177.84
1494001022, 1, 10, 362, 201, 0, 3.97%, 0, 0, 2, 191.93
1494001027, 1, 13, 362, 201, 0, 3.97%, 0, 0, 2, 215.41
1494001032, 1, 15, 364, 202, 0, 3.97%, 0, 0, 2, 170.94
1494001038, 1, 20, 364, 202, 0, 3.97%, 0, 0, 2, 174.47
1494001043, 1, 21, 364, 202, 0, 3.97%, 0, 0, 2, 173.83
1494001048, 1, 25, 365, 203, 0, 3.97%, 0, 0, 2, 175.07
1494001053, 1, 26, 365, 202, 0, 3.97%, 0, 0, 2, 167.74
1494001058, 1, 27, 365, 201, 0, 3.97%, 0, 0, 2, 193.33
1494001063, 1, 31, 366, 202, 0, 3.97%, 0, 0, 2, 162.93
1494001068, 1, 33, 366, 202, 0, 3.97%, 0, 0, 2, 179.61
1494001074, 1, 36, 366, 202, 0, 3.97%, 0, 0, 2, 166.66
1494001079, 1, 37, 366, 202, 0, 3.97%, 0, 0, 2, 213.83
1494001084, 1, 38, 366, 202, 0, 3.97%, 0, 0, 2, 21.73
1494001089, 1, 40, 370, 205, 0, 3.97%, 0, 0, 2, 185.70
1494001094, 1, 42, 370, 205, 0, 3.97%, 0, 0, 2, 179.65
1494001099, 1, 46, 370, 205, 0, 3.97%, 0, 0, 2, 148.21
1494001104, 1, 49, 370, 204, 0, 3.97%, 0, 0, 2, 181.38
1494001109, 1, 54, 370, 203, 0, 3.97%, 0, 0, 2, 183.19
1494001114, 1, 59, 370, 202, 0, 3.97%, 0, 0, 2, 203.45
1494001120, 1, 61, 370, 202, 0, 3.97%, 0, 0, 2, 191.72
1494001125, 1, 63, 371, 203, 0, 3.97%, 0, 0, 2, 182.50
1494001130, 1, 66, 371, 203, 0, 3.97%, 0, 0, 2, 178.98
1494001135, 1, 68, 371, 202, 0, 3.97%, 0, 0, 2, 193.60
1494001141, 1, 73, 371, 202, 0, 3.97%, 0, 0, 2, 195.03
1494001146, 1, 74, 371, 202, 0, 3.97%, 0, 0, 2, 205.06
1494001151, 1, 79, 373, 203, 0, 3.97%, 0, 0, 2, 166.75
1494001156, 1, 80, 373, 202, 0, 3.97%, 0, 0, 2, 183.16
1494001161, 1, 83, 373, 202, 0, 3.97%, 0, 0, 2, 186.37
1494001166, 1, 86, 373, 202, 0, 3.97%, 0, 0, 2, 171.37
1494001171, 1, 87, 373, 202, 0, 3.97%, 0, 0, 2, 200.40
1494001176, 1, 92, 373, 201, 0, 3.97%, 0, 0, 2, 181.48
1494001181, 1, 94, 374, 202, 0, 3.97%, 0, 0, 2, 170.36
1494001187, 1, 96, 374, 202, 0, 3.97%, 0, 0, 2, 184.95
1494001192, 1, 102, 374, 202, 0, 3.97%, 0, 0, 2, 168.94
1494001197, 1, 106, 374, 202, 0, 3.97%, 0, 0, 2, 173.65
1494001202, 1, 109, 374, 202, 0, 3.97%, 0, 0, 2, 173.51
1494001207, 1, 111, 374, 202, 0, 3.97%, 0, 0, 2, 179.84
1494001212, 1, 117, 374, 201, 0, 3.97%, 0, 0, 2, 178.17
1494001217, 1, 118, 374, 201, 0, 3.97%, 0, 0, 2, 176.61
1494001222, 1, 122, 375, 202, 0, 3.97%, 0, 0, 2, 184.36
1494001227, 1, 124, 375, 202, 0, 3.97%, 0, 0, 2, 180.95
1494001233, 1, 125, 375, 201, 0, 3.97%, 0, 0, 2, 189.80
1494001238, 1, 128, 377, 203, 0, 3.97%, 0, 0, 2, 185.39
1494001243, 1, 129, 377, 203, 0, 3.97%, 0, 0, 2, 190.76
1494001248, 1, 133, 377, 203, 0, 3.97%, 0, 0, 2, 180.26
1494001253, 1, 135, 377, 202, 0, 3.97%, 0, 0, 2, 198.71
1494001258, 1, 136, 377, 202, 0, 3.97%, 0, 0, 2, 183.92
1494001263, 1, 137, 377, 202, 0, 3.97%, 0, 0, 2, 171.42
1494001268, 1, 139, 377, 202, 0, 3.97%, 0, 0, 2, 152.31
1494001274, 1, 140, 377, 202, 0, 3.97%, 0, 0, 2, 145.82
