# unix_time, cycles_done, cur_path, paths_total, pending_total, pending_favs, map_size, unique_crashes, unique_hangs, max_depth, execs_per_sec
1494755793, 0, 0, 222, 222, 172, 3.23%, 0, 0, 1, 223.71
1494755798, 0, 0, 223, 222, 171, 3.23%, 0, 0, 1, 159.38
1494755839, 0, 1, 223, 222, 171, 3.23%, 0, 0, 1, 138.21
1494755844, 0, 2, 223, 221, 170, 3.23%, 0, 0, 1, 148.52
1494755849, 0, 3, 223, 220, 169, 3.23%, 0, 0, 1, 152.80
1494755860, 0, 4, 223, 219, 168, 3.23%, 0, 0, 1, 159.23
1494755865, 0, 5, 223, 218, 167, 3.23%, 0, 0, 1, 151.26
1494755870, 0, 7, 223, 216, 165, 3.23%, 0, 0, 1, 149.58
1494755880, 0, 8, 223, 215, 164, 3.23%, 0, 0, 1, 153.52
1494755885, 0, 10, 223, 213, 162, 3.23%, 0, 0, 1, 147.81
1494755890, 0, 12, 223, 212, 161, 3.23%, 0, 0, 1, 153.13
1494755895, 0, 13, 223, 211, 160, 3.23%, 0, 0, 1, 164.58
1494755900, 0, 15, 223, 209, 158, 3.23%, 0, 0, 1, 153.10
1494755906, 0, 17, 223, 207, 156, 3.23%, 0, 0, 1, 156.06
1494755911, 0, 19, 223, 205, 154, 3.23%, 0, 0, 1, 150.92
1494755916, 0, 21, 223, 203, 152, 3.23%, 0, 0, 1, 152.44
1494755921, 0, 23, 223, 201, 150, 3.23%, 0, 0, 1, 154.60
1494755936, 0, 24, 223, 200, 149, 3.23%, 0, 0, 1, 129.00
1494755942, 0, 25, 223, 199, 148, 3.23%, 0, 0, 1, 138.96
1494755947, 0, 29, 223, 195, 144, 3.23%, 0, 0, 1, 139.06
1494755952, 0, 30, 223, 194, 143, 3.23%, 0, 0, 1, 134.87
1494755957, 0, 31, 223, 193, 142, 3.23%, 0, 0, 1, 145.28
1494755972, 0, 33, 223, 191, 140, 3.23%, 0, 0, 1, 139.22
1494755988, 0, 34, 223, 190, 139, 3.23%, 0, 0, 1, 143.57
1494755998, 0, 37, 223, 189, 138, 3.23%, 0, 0, 1, 138.88
1494756009, 0, 38, 223, 188, 137, 3.23%, 0, 0, 1, 129.47
1494756014, 0, 39, 223, 187, 136, 3.23%, 0, 0, 1, 133.79
1494756019, 0, 42, 223, 185, 134, 3.23%, 0, 0, 1, 134.94
1494756034, 0, 43, 223, 184, 133, 3.23%, 0, 0, 1, 138.00
1494756039, 0, 44, 223, 183, 132, 3.23%, 0, 0, 1, 133.94
1494756044, 0, 45, 223, 182, 131, 3.23%, 0, 0, 1, 147.47
1494756065, 0, 46, 223, 181, 130, 3.23%, 0, 0, 1, 143.95
1494756070, 0, 47, 223, 180, 129, 3.23%, 0, 0, 1, 135.97
1494756085, 0, 48, 223, 179, 128, 3.23%, 0, 0, 1, 141.01
1494756090, 0, 49, 223, 178, 127, 3.23%, 0, 0, 1, 138.60
1494756105, 0, 51, 223, 176, 125, 3.23%, 0, 0, 1, 135.18
1494756121, 0, 52, 223, 175, 124, 3.23%, 0, 0, 1, 141.86
1494756126, 0, 54, 223, 174, 123, 3.23%, 0, 0, 1, 134.98
1494756141, 0, 55, 223, 173, 122, 3.23%, 0, 0, 1, 134.38
1494756146, 0, 56, 223, 172, 121, 3.23%, 0, 0, 1, 126.43
1494756172, 0, 57, 223, 171, 120, 3.23%, 0, 0, 1, 143.74
1494756177, 0, 58, 223, 170, 119, 3.23%, 0, 0, 1, 145.29
1494756187, 0, 60, 223, 169, 118, 3.23%, 0, 0, 1, 150.17
1494756203, 0, 61, 223, 168, 117, 3.23%, 0, 0, 1, 156.38
1494756208, 0, 62, 223, 167, 116, 3.23%, 0, 0, 1, 151.89
1494756223, 0, 64, 223, 166, 115, 3.23%, 0, 0, 1, 154.48
1494756239, 0, 67, 223, 165, 114, 3.23%, 0, 0, 1, 148.31
1494756249, 0, 68, 223, 164, 113, 3.23%, 0, 0, 1, 146.48
1494756254, 0, 70, 223, 163, 112, 3.23%, 0, 0, 1, 152.21
1494756259, 0, 71, 223, 162, 111, 3.23%, 0, 0, 1, 152.59
1494756275, 0, 74, 223, 160, 109, 3.23%, 0, 0, 1, 163.56
1494756285, 0, 75, 223, 159, 108, 3.23%, 0, 0, 1, 164.23
1494756300, 0, 77, 223, 157, 106, 3.23%, 0, 0, 1, 149.57
1494756316, 0, 79, 223, 155, 104, 3.23%, 0, 0, 1, 160.94
1494756331, 0, 81, 223, 154, 103, 3.23%, 0, 0, 1, 159.56
1494756342, 0, 82, 223, 153, 102, 3.23%, 0, 0, 1, 156.57
1494756357, 0, 84, 223, 152, 101, 3.23%, 0, 0, 1, 161.88
1494756367, 0, 85, 223, 151, 100, 3.23%, 0, 0, 1, 145.39
1494756372, 0, 86, 223, 150, 99, 3.23%, 0, 0, 1, 156.74
1494756377, 0, 87, 223, 149, 98, 3.23%, 0, 0, 1, 155.77
1494756392, 0, 88, 223, 148, 97, 3.23%, 0, 0, 1, 159.39
1494756408, 0, 89, 223, 147, 96, 3.23%, 0, 0, 1, 149.20
1494756413, 0, 90, 223, 146, 95, 3.23%, 0, 0, 1, 141.41
1494756428, 0, 91, 223, 145, 94, 3.23%, 0, 0, 1, 130.39
1494756433, 0, 92, 223, 144, 93, 3.23%, 0, 0, 1, 131.06
1494756444, 0, 94, 223, 142, 91, 3.23%, 0, 0, 1, 135.88
1494756449, 0, 95, 223, 141, 90, 3.23%, 0, 0, 1, 136.87
1494756465, 0, 96, 223, 140, 89, 3.23%, 0, 0, 1, 149.76
1494756470, 0, 98, 223, 139, 88, 3.23%, 0, 0, 1, 146.96
1494756475, 0, 101, 223, 137, 86, 3.23%, 0, 0, 1, 139.21
1494756490, 0, 102, 223, 136, 85, 3.23%, 0, 0, 1, 141.62
1494756495, 0, 103, 223, 135, 84, 3.23%, 0, 0, 1, 151.32
1494756500, 0, 104, 223, 134, 83, 3.23%, 0, 0, 1, 138.91
1494756511, 0, 105, 223, 133, 82, 3.23%, 0, 0, 1, 142.39
1494756516, 0, 106, 223, 132, 81, 3.23%, 0, 0, 1, 136.43
1494756531, 0, 107, 223, 131, 80, 3.23%, 0, 0, 1, 132.27
1494756537, 0, 108, 223, 130, 79, 3.23%, 0, 0, 1, 134.29
1494756552, 0, 110, 223, 129, 78, 3.23%, 0, 0, 1, 137.75
1494756567, 0, 111, 223, 128, 77, 3.23%, 0, 0, 1, 132.01
1494756572, 0, 112, 223, 127, 76, 3.23%, 0, 0, 1, 127.11
1494756583, 0, 114, 223, 126, 75, 3.23%, 0, 0, 1, 130.69
1494756588, 0, 115, 223, 125, 74, 3.23%, 0, 0, 1, 149.22
1494756593, 0, 116, 223, 124, 73, 3.23%, 0, 0, 1, 145.31
1494756598, 0, 117, 223, 123, 72, 3.23%, 0, 0, 1, 141.57
1494756603, 0, 118, 223, 122, 71, 3.23%, 0, 0, 1, 143.50
1494756608, 0, 119, 223, 121, 70, 3.23%, 0, 0, 1, 146.08
1494756623, 0, 120, 223, 120, 69, 3.23%, 0, 0, 1, 132.86
1494756628, 0, 121, 223, 119, 68, 3.23%, 0, 0, 1, 135.63
1494756644, 0, 122, 223, 118, 67, 3.23%, 0, 0, 1, 132.45
1494756649, 0, 123, 223, 117, 66, 3.23%, 0, 0, 1, 127.84
1494756664, 0, 129, 223, 115, 64, 3.23%, 0, 0, 1, 156.73
1494756684, 0, 133, 223, 114, 63, 3.23%, 0, 0, 1, 159.02
1494756694, 0, 134, 223, 113, 62, 3.23%, 0, 0, 1, 151.04
1494756700, 0, 135, 223, 112, 61, 3.23%, 0, 0, 1, 146.24
1494756710, 0, 137, 223, 111, 60, 3.23%, 0, 0, 1, 157.85
1494756730, 0, 139, 223, 110, 59, 3.23%, 0, 0, 1, 152.66
1494756735, 0, 140, 223, 109, 58, 3.23%, 0, 0, 1, 161.02
1494756751, 0, 141, 223, 108, 57, 3.23%, 0, 0, 1, 157.48
1494756761, 0, 142, 223, 107, 56, 3.23%, 0, 0, 1, 153.75
1494756777, 0, 143, 223, 106, 55, 3.23%, 0, 0, 1, 143.84
1494756782, 0, 144, 223, 105, 54, 3.23%, 0, 0, 1, 151.45
1494756792, 0, 145, 223, 104, 53, 3.23%, 0, 0, 1, 151.94
1494756797, 0, 146, 223, 103, 52, 3.23%, 0, 0, 1, 153.10
1494756813, 0, 148, 223, 102, 51, 3.23%, 0, 0, 1, 146.30
1494756834, 0, 150, 223, 101, 50, 3.23%, 0, 0, 1, 155.01
1494756839, 0, 153, 223, 100, 49, 3.23%, 0, 0, 1, 151.66
1494756844, 0, 154, 223, 99, 48, 3.23%, 0, 0, 1, 141.54
1494756854, 0, 155, 223, 98, 47, 3.23%, 0, 0, 1, 158.87
1494756859, 0, 156, 223, 97, 46, 3.23%, 0, 0, 1, 153.55
1494756870, 0, 157, 223, 96, 45, 3.23%, 0, 0, 1, 162.92
1494756875, 0, 158, 223, 95, 44, 3.23%, 0, 0, 1, 167.52
1494756890, 0, 160, 223, 93, 42, 3.23%, 0, 0, 1, 153.54
1494756906, 0, 163, 223, 92, 41, 3.23%, 0, 0, 1, 133.68
1494756911, 0, 164, 223, 91, 40, 3.23%, 0, 0, 1, 129.27
1494756926, 0, 166, 223, 90, 39, 3.23%, 0, 0, 1, 139.52
1494756942, 0, 167, 223, 89, 38, 3.23%, 0, 0, 1, 145.10
1494756957, 0, 169, 223, 87, 36, 3.23%, 0, 0, 1, 142.89
1494756962, 0, 171, 223, 86, 35, 3.23%, 0, 0, 1, 140.15
1494756968, 0, 172, 223, 85, 34, 3.23%, 0, 0, 1, 136.56
1494756983, 0, 173, 223, 84, 33, 3.23%, 0, 0, 1, 143.89
1494756998, 0, 174, 223, 83, 32, 3.23%, 0, 0, 1, 136.44
1494757003, 0, 176, 223, 82, 31, 3.23%, 0, 0, 1, 140.94
1494757014, 0, 178, 223, 81, 30, 3.23%, 0, 0, 1, 144.30
1494757039, 0, 179, 223, 80, 29, 3.23%, 0, 0, 1, 139.45
1494757044, 0, 182, 223, 78, 27, 3.23%, 0, 0, 1, 141.62
1494757070, 0, 184, 223, 77, 26, 3.23%, 0, 0, 1, 135.19
1494757080, 0, 185, 223, 76, 25, 3.23%, 0, 0, 1, 137.92
1494757095, 0, 186, 223, 75, 24, 3.23%, 0, 0, 1, 137.67
1494757116, 0, 187, 223, 74, 23, 3.23%, 0, 0, 1, 130.84
1494757121, 0, 189, 223, 73, 22, 3.23%, 0, 0, 1, 136.57
1494757126, 0, 190, 223, 72, 21, 3.23%, 0, 0, 1, 136.47
1494757131, 0, 191, 223, 71, 20, 3.23%, 0, 0, 1, 142.54
1494757147, 0, 193, 223, 70, 19, 3.23%, 0, 0, 1, 139.72
1494757152, 0, 194, 223, 69, 18, 3.23%, 0, 0, 1, 148.51
1494757167, 0, 196, 223, 68, 17, 3.23%, 0, 0, 1, 152.90
1494757172, 0, 197, 223, 67, 16, 3.23%, 0, 0, 1, 147.18
1494757193, 0, 199, 223, 66, 15, 3.23%, 0, 0, 1, 163.21
1494757208, 0, 200, 223, 65, 14, 3.23%, 0, 0, 1, 156.20
1494757218, 0, 202, 223, 64, 13, 3.23%, 0, 0, 1, 157.38
1494757224, 0, 203, 223, 63, 12, 3.23%, 0, 0, 1, 148.32
1494757239, 0, 204, 223, 62, 11, 3.23%, 0, 0, 1, 147.11
1494757244, 0, 205, 223, 61, 10, 3.23%, 0, 0, 1, 149.90
1494757254, 0, 207, 223, 60, 9, 3.23%, 0, 0, 1, 157.38
1494757270, 0, 208, 223, 59, 8, 3.23%, 0, 0, 1, 156.11
1494757275, 0, 209, 223, 58, 7, 3.23%, 0, 0, 1, 149.90
1494757285, 0, 210, 223, 57, 6, 3.23%, 0, 0, 1, 158.10
1494757290, 0, 211, 223, 56, 5, 3.23%, 0, 0, 1, 153.34
1494757305, 0, 212, 223, 55, 4, 3.23%, 0, 0, 1, 150.89
1494757310, 0, 213, 223, 54, 3, 3.23%, 0, 0, 1, 158.23
1494757321, 0, 214, 223, 53, 2, 3.23%, 0, 0, 1, 160.49
1494757326, 0, 215, 223, 52, 1, 3.23%, 0, 0, 1, 148.50
1494757341, 1, 0, 223, 51, 0, 3.23%, 0, 0, 1, 150.18
1494757346, 1, 1, 223, 51, 0, 3.23%, 0, 0, 1, 156.07
1494757351, 1, 3, 223, 51, 0, 3.23%, 0, 0, 1, 149.28
1494757361, 1, 4, 223, 51, 0, 3.23%, 0, 0, 1, 151.56
1494757367, 1, 5, 223, 51, 0, 3.23%, 0, 0, 1, 152.35
1494757372, 1, 7, 223, 51, 0, 3.23%, 0, 0, 1, 144.60
1494757387, 1, 9, 223, 51, 0, 3.23%, 0, 0, 1, 142.74
1494757392, 1, 10, 223, 51, 0, 3.23%, 0, 0, 1, 138.82
1494757397, 1, 12, 223, 51, 0, 3.23%, 0, 0, 1, 131.45
1494757402, 1, 13, 223, 51, 0, 3.23%, 0, 0, 1, 138.14
1494757407, 1, 15, 223, 51, 0, 3.23%, 0, 0, 1, 146.42
1494757413, 1, 17, 223, 51, 0, 3.23%, 0, 0, 1, 137.29
1494757418, 1, 18, 223, 51, 0, 3.23%, 0, 0, 1, 129.75
1494757423, 1, 19, 223, 51, 0, 3.23%, 0, 0, 1, 127.05
1494757428, 1, 21, 223, 51, 0, 3.23%, 0, 0, 1, 125.94
1494757433, 1, 23, 223, 51, 0, 3.23%, 0, 0, 1, 137.47
1494757448, 1, 24, 223, 51, 0, 3.23%, 0, 0, 1, 129.12
1494757453, 1, 25, 223, 51, 0, 3.23%, 0, 0, 1, 124.33
1494757459, 1, 28, 223, 51, 0, 3.23%, 0, 0, 1, 133.21
1494757464, 1, 29, 223, 51, 0, 3.23%, 0, 0, 1, 135.51
1494757469, 1, 31, 223, 51, 0, 3.23%, 0, 0, 1, 140.40
1494757489, 1, 33, 223, 51, 0, 3.23%, 0, 0, 1, 134.35
1494757504, 1, 34, 223, 51, 0, 3.23%, 0, 0, 1, 134.74
1494757520, 1, 35, 223, 51, 0, 3.23%, 0, 0, 1, 139.32
1494757525, 1, 37, 223, 50, 0, 3.23%, 0, 0, 1, 137.64
1494757530, 1, 38, 223, 50, 0, 3.23%, 0, 0, 1, 128.45
1494757535, 1, 39, 223, 50, 0, 3.23%, 0, 0, 1, 136.54
1494757540, 1, 42, 223, 50, 0, 3.23%, 0, 0, 1, 142.77
1494757555, 1, 44, 223, 50, 0, 3.23%, 0, 0, 1, 138.77
1494757561, 1, 45, 223, 50, 0, 3.23%, 0, 0, 1, 140.02
1494757586, 1, 47, 223, 50, 0, 3.23%, 0, 0, 1, 128.58
1494757602, 1, 48, 223, 50, 0, 3.23%, 0, 0, 1, 128.87
1494757607, 1, 49, 223, 50, 0, 3.23%, 0, 0, 1, 135.58
1494757622, 1, 51, 223, 50, 0, 3.23%, 0, 0, 1, 136.04
1494757637, 1, 52, 223, 50, 0, 3.23%, 0, 0, 1, 148.08
1494757643, 1, 54, 223, 50, 0, 3.23%, 0, 0, 1, 152.73
1494757653, 1, 55, 223, 50, 0, 3.23%, 0, 0, 1, 148.75
1494757658, 1, 56, 223, 50, 0, 3.23%, 0, 0, 1, 121.89
1494757684, 1, 58, 223, 50, 0, 3.23%, 0, 0, 1, 129.48
1494757699, 1, 60, 223, 50, 0, 3.23%, 0, 0, 1, 150.76
1494757714, 1, 61, 223, 50, 0, 3.23%, 0, 0, 1, 155.45
1494757719, 1, 62, 223, 50, 0, 3.23%, 0, 0, 1, 155.67
1494757735, 1, 64, 223, 49, 0, 3.23%, 0, 0, 1, 154.16
1494757750, 1, 67, 223, 49, 0, 3.23%, 0, 0, 1, 153.25
1494757766, 1, 70, 223, 49, 0, 3.23%, 0, 0, 1, 173.51
1494757771, 1, 71, 223, 49, 0, 3.23%, 0, 0, 1, 168.55
1494757786, 1, 74, 223, 49, 0, 3.23%, 0, 0, 1, 148.30
1494757802, 1, 75, 223, 49, 0, 3.23%, 0, 0, 1, 161.14
1494757812, 1, 77, 223, 49, 0, 3.23%, 0, 0, 1, 149.84
1494757827, 1, 79, 223, 49, 0, 3.23%, 0, 0, 1, 158.64
1494757843, 1, 81, 223, 49, 0, 3.23%, 0, 0, 1, 155.26
1494757858, 1, 82, 223, 49, 0, 3.23%, 0, 0, 1, 155.74
1494757873, 1, 84, 223, 49, 0, 3.23%, 0, 0, 1, 132.02
1494757889, 1, 86, 223, 49, 0, 3.23%, 0, 0, 1, 136.60
1494757894, 1, 87, 223, 49, 0, 3.23%, 0, 0, 1, 142.03
1494757919, 1, 88, 223, 49, 0, 3.23%, 0, 0, 1, 133.80
1494757930, 1, 89, 223, 49, 0, 3.23%, 0, 0, 1, 152.31
1494757940, 1, 90, 223, 49, 0, 3.23%, 0, 0, 1, 149.07
1494757950, 1, 91, 223, 49, 0, 3.23%, 0, 0, 1, 130.98
1494757960, 1, 92, 223, 49, 0, 3.23%, 0, 0, 1, 131.77
1494757966, 1, 93, 223, 49, 0, 3.23%, 0, 0, 1, 135.39
1494757971, 1, 94, 223, 49, 0, 3.23%, 0, 0, 1, 138.30
1494757976, 1, 95, 223, 49, 0, 3.23%, 0, 0, 1, 130.72
1494757991, 1, 96, 223, 49, 0, 3.23%, 0, 0, 1, 136.77
1494757996, 1, 98, 223, 49, 0, 3.23%, 0, 0, 1, 137.66
1494758001, 1, 101, 223, 49, 0, 3.23%, 0, 0, 1, 125.63
1494758017, 1, 102, 223, 49, 0, 3.23%, 0, 0, 1, 126.61
1494758022, 1, 103, 223, 49, 0, 3.23%, 0, 0, 1, 130.25
1494758027, 1, 104, 223, 49, 0, 3.23%, 0, 0, 1, 133.46
1494758043, 1, 105, 223, 49, 0, 3.23%, 0, 0, 1, 133.36
1494758048, 1, 106, 223, 49, 0, 3.23%, 0, 0, 1, 128.13
1494758063, 1, 107, 223, 49, 0, 3.23%, 0, 0, 1, 134.96
1494758068, 1, 108, 223, 49, 0, 3.23%, 0, 0, 1, 138.64
1494758078, 1, 110, 223, 49, 0, 3.23%, 0, 0, 1, 143.08
1494758094, 1, 111, 223, 49, 0, 3.23%, 0, 0, 1, 135.13
1494758099, 1, 112, 223, 49, 0, 3.23%, 0, 0, 1, 145.81
1494758114, 1, 114, 223, 49, 0, 3.23%, 0, 0, 1, 150.31
1494758119, 1, 115, 223, 49, 0, 3.23%, 0, 0, 1, 151.16
1494758124, 1, 117, 223, 49, 0, 3.23%, 0, 0, 1, 149.99
1494758135, 1, 118, 223, 49, 0, 3.23%, 0, 0, 1, 148.10
1494758140, 1, 119, 223, 49, 0, 3.23%, 0, 0, 1, 147.62
1494758150, 1, 120, 223, 49, 0, 3.23%, 0, 0, 1, 154.65
1494758155, 1, 121, 223, 49, 0, 3.23%, 0, 0, 1, 150.81
1494758170, 1, 123, 223, 49, 0, 3.23%, 0, 0, 1, 139.48
1494758186, 1, 126, 223, 49, 0, 3.23%, 0, 0, 1, 147.79
1494758191, 1, 129, 223, 49, 0, 3.23%, 0, 0, 1, 150.89
1494758212, 1, 133, 223, 49, 0, 3.23%, 0, 0, 1, 147.40
1494758222, 1, 134, 223, 49, 0, 3.23%, 0, 0, 1, 143.35
1494758227, 1, 135, 223, 49, 0, 3.23%, 0, 0, 1, 144.11
1494758242, 1, 137, 223, 49, 0, 3.23%, 0, 0, 1, 144.30
1494758262, 1, 139, 223, 49, 0, 3.23%, 0, 0, 1, 148.73
1494758267, 1, 140, 223, 49, 0, 3.23%, 0, 0, 1, 155.75
1494758278, 1, 141, 223, 49, 0, 3.23%, 0, 0, 1, 158.22
1494758293, 1, 142, 223, 49, 0, 3.23%, 0, 0, 1, 159.66
1494758303, 1, 143, 223, 49, 0, 3.23%, 0, 0, 1, 153.16
1494758308, 1, 144, 223, 49, 0, 3.23%, 0, 0, 1, 145.86
1494758324, 1, 145, 223, 49, 0, 3.23%, 0, 0, 1, 148.16
1494758329, 1, 146, 223, 49, 0, 3.23%, 0, 0, 1, 147.23
1494758339, 1, 148, 223, 49, 0, 3.23%, 0, 0, 1, 136.97
1494758365, 1, 150, 223, 49, 0, 3.23%, 0, 0, 1, 140.07
1494758370, 1, 153, 223, 49, 0, 3.23%, 0, 0, 1, 129.04
1494758375, 1, 154, 223, 49, 0, 3.23%, 0, 0, 1, 133.46
1494758390, 1, 155, 223, 49, 0, 3.23%, 0, 0, 1, 133.70
1494758395, 1, 156, 223, 49, 0, 3.23%, 0, 0, 1, 143.50
1494758411, 1, 157, 223, 49, 0, 3.23%, 0, 0, 1, 134.51
1494758416, 1, 158, 223, 49, 0, 3.23%, 0, 0, 1, 137.62
1494758431, 1, 160, 223, 49, 0, 3.23%, 0, 0, 1, 142.93
1494758447, 1, 163, 223, 49, 0, 3.23%, 0, 0, 1, 128.96
1494758452, 1, 164, 223, 49, 0, 3.23%, 0, 0, 1, 128.16
1494758467, 1, 166, 223, 49, 0, 3.23%, 0, 0, 1, 136.13
1494758483, 1, 167, 223, 49, 0, 3.23%, 0, 0, 1, 132.40
1494758498, 1, 168, 223, 49, 0, 3.23%, 0, 0, 1, 140.51
1494758503, 1, 169, 223, 49, 0, 3.23%, 0, 0, 1, 136.58
1494758508, 1, 171, 223, 49, 0, 3.23%, 0, 0, 1, 124.10
1494758513, 1, 172, 223, 49, 0, 3.23%, 0, 0, 1, 134.15
1494758529, 1, 173, 223, 49, 0, 3.23%, 0, 0, 1, 129.52
1494758544, 1, 174, 223, 49, 0, 3.23%, 0, 0, 1, 147.84
1494758549, 1, 176, 223, 49, 0, 3.23%, 0, 0, 1, 129.83
1494758564, 1, 178, 223, 49, 0, 3.23%, 0, 0, 1, 134.17
1494758585, 1, 179, 223, 49, 0, 3.23%, 0, 0, 1, 143.85
1494758590, 1, 182, 223, 49, 0, 3.23%, 0, 0, 1, 159.84
1494758611, 1, 183, 223, 49, 0, 3.23%, 0, 0, 1, 143.23
1494758616, 1, 184, 223, 48, 0, 3.23%, 0, 0, 1, 151.32
1494758626, 1, 185, 223, 48, 0, 3.23%, 0, 0, 1, 156.91
1494758636, 1, 186, 223, 48, 0, 3.23%, 0, 0, 1, 152.38
1494758657, 1, 187, 223, 48, 0, 3.23%, 0, 0, 1, 145.58
1494758662, 1, 189, 223, 48, 0, 3.23%, 0, 0, 1, 139.02
1494758667, 1, 190, 223, 48, 0, 3.23%, 0, 0, 1, 154.40
1494758672, 1, 191, 223, 48, 0, 3.23%, 0, 0, 1, 147.45
1494758682, 1, 193, 223, 48, 0, 3.23%, 0, 0, 1, 153.28
1494758687, 1, 194, 223, 48, 0, 3.23%, 0, 0, 1, 143.24
1494758703, 1, 196, 223, 48, 0, 3.23%, 0, 0, 1, 147.00
1494758708, 1, 197, 223, 48, 0, 3.23%, 0, 0, 1, 144.83
1494758734, 1, 199, 223, 48, 0, 3.23%, 0, 0, 1, 150.40
1494758744, 1, 200, 223, 48, 0, 3.23%, 0, 0, 1, 158.38
1494758759, 1, 202, 223, 48, 0, 3.23%, 0, 0, 1, 162.20
1494758764, 1, 203, 223, 48, 0, 3.23%, 0, 0, 1, 153.31
1494758775, 1, 204, 223, 48, 0, 3.23%, 0, 0, 1, 145.04
1494758780, 1, 205, 223, 48, 0, 3.23%, 0, 0, 1, 149.18
1494758790, 1, 207, 223, 48, 0, 3.23%, 0, 0, 1, 141.91
1494758805, 1, 208, 223, 48, 0, 3.23%, 0, 0, 1, 152.28
1494758810, 1, 209, 223, 48, 0, 3.23%, 0, 0, 1, 154.99
1494758826, 1, 210, 223, 48, 0, 3.23%, 0, 0, 1, 133.46
1494758831, 1, 211, 223, 48, 0, 3.23%, 0, 0, 1, 133.59
1494758841, 1, 212, 223, 48, 0, 3.23%, 0, 0, 1, 127.37
1494758847, 1, 213, 223, 48, 0, 3.23%, 0, 0, 1, 140.50
1494758862, 1, 214, 223, 48, 0, 3.23%, 0, 0, 1, 131.78
1494758867, 1, 215, 223, 48, 0, 3.23%, 0, 0, 1, 134.55
1494758882, 1, 217, 223, 48, 0, 3.23%, 0, 0, 1, 132.29
1494758893, 2, 1, 223, 47, 0, 3.23%, 0, 0, 1, 131.64
1494758898, 2, 2, 223, 47, 0, 3.23%, 0, 0, 1, 141.97
1494758903, 2, 3, 223, 47, 0, 3.23%, 0, 0, 1, 137.39
1494758918, 2, 4, 223, 47, 0, 3.23%, 0, 0, 1, 131.24
1494758923, 2, 5, 223, 47, 0, 3.23%, 0, 0, 1, 138.37
1494758928, 2, 7, 223, 47, 0, 3.23%, 0, 0, 1, 145.60
1494758944, 2, 9, 223, 47, 0, 3.23%, 0, 0, 1, 125.14
1494758949, 2, 10, 223, 47, 0, 3.23%, 0, 0, 1, 138.99
1494758954, 2, 11, 223, 47, 0, 3.23%, 0, 0, 1, 140.70
1494758959, 2, 12, 223, 46, 0, 3.23%, 0, 0, 1, 139.50
1494758964, 2, 13, 223, 46, 0, 3.23%, 0, 0, 1, 135.72
1494758969, 2, 15, 223, 46, 0, 3.23%, 0, 0, 1, 143.48
1494758975, 2, 17, 223, 46, 0, 3.23%, 0, 0, 1, 152.31
1494758980, 2, 19, 223, 46, 0, 3.23%, 0, 0, 1, 145.30
1494758985, 2, 20, 223, 46, 0, 3.23%, 0, 0, 1, 135.20
1494758990, 2, 21, 223, 46, 0, 3.23%, 0, 0, 1, 138.27
1494758995, 2, 23, 223, 46, 0, 3.23%, 0, 0, 1, 134.41
1494759011, 2, 25, 223, 46, 0, 3.23%, 0, 0, 1, 128.78
1494759016, 2, 26, 223, 46, 0, 3.23%, 0, 0, 1, 125.05
1494759021, 2, 29, 223, 46, 0, 3.23%, 0, 0, 1, 127.75
1494759026, 2, 30, 223, 46, 0, 3.23%, 0, 0, 1, 130.98
1494759031, 2, 31, 223, 46, 0, 3.23%, 0, 0, 1, 128.75
1494759051, 2, 33, 223, 46, 0, 3.23%, 0, 0, 1, 131.69
1494759061, 2, 34, 223, 46, 0, 3.23%, 0, 0, 1, 148.31
1494759077, 2, 36, 223, 46, 0, 3.23%, 0, 0, 1, 145.83
1494759082, 2, 37, 223, 45, 0, 3.23%, 0, 0, 1, 145.12
1494759087, 2, 38, 223, 45, 0, 3.23%, 0, 0, 1, 150.97
1494759092, 2, 39, 223, 45, 0, 3.23%, 0, 0, 1, 143.04
1494759097, 2, 40, 223, 45, 0, 3.23%, 0, 0, 1, 142.51
1494759107, 2, 41, 223, 44, 0, 3.23%, 0, 0, 1, 154.84
1494759112, 2, 42, 223, 44, 0, 3.23%, 0, 0, 1, 152.80
1494759128, 2, 44, 223, 44, 0, 3.23%, 0, 0, 1, 153.23
1494759133, 2, 45, 223, 44, 0, 3.23%, 0, 0, 1, 156.48
1494759153, 2, 46, 223, 44, 0, 3.23%, 0, 0, 1, 155.94
1494759158, 2, 47, 223, 44, 0, 3.23%, 0, 0, 1, 147.44
1494759169, 2, 48, 223, 44, 0, 3.23%, 0, 0, 1, 149.29
1494759174, 2, 49, 223, 44, 0, 3.23%, 0, 0, 1, 145.53
1494759184, 2, 50, 223, 44, 0, 3.23%, 0, 0, 1, 156.57
1494759189, 2, 51, 223, 44, 0, 3.23%, 0, 0, 1, 158.90
1494759205, 2, 53, 223, 44, 0, 3.23%, 0, 0, 1, 154.56
1494759210, 2, 54, 223, 43, 0, 3.23%, 0, 0, 1, 153.92
1494759220, 2, 55, 223, 43, 0, 3.23%, 0, 0, 1, 152.47
1494759225, 2, 56, 223, 43, 0, 3.23%, 0, 0, 1, 137.75
1494759246, 2, 57, 223, 43, 0, 3.23%, 0, 0, 1, 146.09
1494759251, 2, 58, 223, 43, 0, 3.23%, 0, 0, 1, 142.52
1494759261, 2, 60, 223, 43, 0, 3.23%, 0, 0, 1, 142.31
1494759277, 2, 61, 223, 43, 0, 3.23%, 0, 0, 1, 148.27
1494759282, 2, 62, 223, 43, 0, 3.23%, 0, 0, 1, 143.17
1494759297, 2, 64, 223, 43, 0, 3.23%, 0, 0, 1, 135.46
1494759313, 2, 66, 223, 43, 0, 3.23%, 0, 0, 1, 132.57
1494759318, 2, 67, 223, 42, 0, 3.23%, 0, 0, 1, 137.60
1494759333, 2, 68, 223, 42, 0, 3.23%, 0, 0, 1, 121.71
1494759338, 2, 70, 223, 42, 0, 3.23%, 0, 0, 1, 174.80
1494759343, 2, 71, 223, 42, 0, 3.23%, 0, 0, 1, 133.79
1494759359, 2, 74, 223, 42, 0, 3.23%, 0, 0, 1, 123.96
1494759374, 2, 75, 223, 42, 0, 3.23%, 0, 0, 1, 132.59
1494759394, 2, 77, 223, 42, 0, 3.23%, 0, 0, 1, 125.34
1494759410, 2, 78, 223, 42, 0, 3.23%, 0, 0, 1, 119.38
1494759415, 2, 79, 223, 42, 0, 3.23%, 0, 0, 1, 125.90
1494759430, 2, 81, 223, 42, 0, 3.23%, 0, 0, 1, 132.92
1494759446, 2, 82, 223, 42, 0, 3.23%, 0, 0, 1, 133.37
1494759461, 2, 83, 223, 42, 0, 3.23%, 0, 0, 1, 151.33
1494759466, 2, 84, 223, 41, 0, 3.23%, 0, 0, 1, 144.52
1494759482, 2, 85, 223, 41, 0, 3.23%, 0, 0, 1, 131.27
1494759487, 2, 86, 223, 41, 0, 3.23%, 0, 0, 1, 131.59
1494759492, 2, 87, 223, 41, 0, 3.23%, 0, 0, 1, 184.80
1494759513, 2, 88, 223, 41, 0, 3.23%, 0, 0, 1, 148.58
1494759528, 2, 89, 223, 41, 0, 3.23%, 0, 0, 1, 145.45
1494759533, 2, 90, 223, 41, 0, 3.23%, 0, 0, 1, 150.04
1494759549, 2, 91, 223, 41, 0, 3.23%, 0, 0, 1, 151.51
1494759554, 2, 92, 223, 41, 0, 3.23%, 0, 0, 1, 148.53
1494759559, 2, 93, 223, 41, 0, 3.23%, 0, 0, 1, 158.00
1494759564, 2, 95, 223, 41, 0, 3.23%, 0, 0, 1, 161.91
1494759579, 2, 96, 223, 41, 0, 3.23%, 0, 0, 1, 156.58
1494759585, 2, 97, 223, 41, 0, 3.23%, 0, 0, 1, 153.13
1494759595, 2, 98, 223, 40, 0, 3.23%, 0, 0, 1, 156.39
1494759600, 2, 100, 223, 40, 0, 3.23%, 0, 0, 1, 150.60
1494759605, 2, 101, 223, 40, 0, 3.23%, 0, 0, 1, 148.23
1494759615, 2, 102, 223, 40, 0, 3.23%, 0, 0, 1, 153.03
1494759621, 2, 104, 223, 40, 0, 3.23%, 0, 0, 1, 145.50
1494759636, 2, 105, 223, 40, 0, 3.23%, 0, 0, 1, 159.34
1494759641, 2, 106, 223, 40, 0, 3.23%, 0, 0, 1, 165.05
1494759656, 2, 108, 223, 40, 0, 3.23%, 0, 0, 1, 163.18
1494759667, 2, 110, 223, 40, 0, 3.23%, 0, 0, 1, 162.24
1494759682, 2, 111, 223, 40, 0, 3.23%, 0, 0, 1, 143.87
1494759687, 2, 112, 223, 40, 0, 3.23%, 0, 0, 1, 117.74
1494759703, 2, 114, 223, 40, 0, 3.23%, 0, 0, 1, 156.36
1494759708, 2, 116, 223, 40, 0, 3.23%, 0, 0, 1, 159.49
1494759713, 2, 117, 223, 40, 0, 3.23%, 0, 0, 1, 149.68
1494759723, 2, 119, 223, 40, 0, 3.23%, 0, 0, 1, 164.28
1494759739, 2, 120, 223, 40, 0, 3.23%, 0, 0, 1, 138.31
1494759744, 2, 121, 223, 40, 0, 3.23%, 0, 0, 1, 135.63
1494759759, 2, 123, 223, 40, 0, 3.23%, 0, 0, 1, 132.22
1494759780, 2, 126, 223, 39, 0, 3.23%, 0, 0, 1, 135.44
1494759785, 2, 129, 223, 39, 0, 3.23%, 0, 0, 1, 108.13
1494759810, 2, 133, 223, 38, 0, 3.23%, 0, 0, 1, 130.30
1494759826, 2, 134, 223, 38, 0, 3.23%, 0, 0, 1, 136.78
1494759831, 2, 135, 223, 38, 0, 3.23%, 0, 0, 1, 139.83
1494759846, 2, 136, 223, 38, 0, 3.23%, 0, 0, 1, 139.45
1494759851, 2, 137, 223, 37, 0, 3.23%, 0, 0, 1, 128.90
1494759877, 2, 140, 223, 37, 0, 3.23%, 0, 0, 1, 128.39
1494759892, 2, 141, 223, 37, 0, 3.23%, 0, 0, 1, 143.22
1494759908, 2, 142, 223, 37, 0, 3.23%, 0, 0, 1, 129.60
1494759923, 2, 143, 223, 37, 0, 3.23%, 0, 0, 1, 141.80
1494759928, 2, 144, 223, 37, 0, 3.23%, 0, 0, 1, 133.26
1494759944, 2, 145, 223, 37, 0, 3.23%, 0, 0, 1, 134.75
1494759949, 2, 146, 223, 37, 0, 3.23%, 0, 0, 1, 132.44
1494759964, 2, 148, 223, 37, 0, 3.23%, 0, 0, 1, 124.59
1494759985, 2, 150, 223, 37, 0, 3.23%, 0, 0, 1, 133.46
1494759995, 2, 154, 223, 37, 0, 3.23%, 0, 0, 1, 132.47
1494760010, 2, 155, 223, 37, 0, 3.23%, 0, 0, 1, 147.17
1494760015, 2, 156, 223, 37, 0, 3.23%, 0, 0, 1, 144.60
1494760026, 2, 157, 223, 37, 0, 3.23%, 0, 0, 1, 146.50
1494760031, 2, 158, 223, 37, 0, 3.23%, 0, 0, 1, 153.92
1494760041, 2, 159, 223, 37, 0, 3.23%, 0, 0, 1, 153.00
1494760046, 2, 160, 223, 37, 0, 3.23%, 0, 0, 1, 146.31
1494760062, 2, 162, 223, 37, 0, 3.23%, 0, 0, 1, 148.68
1494760082, 2, 164, 223, 36, 0, 3.23%, 0, 0, 1, 151.93
1494760098, 2, 165, 223, 36, 0, 3.23%, 0, 0, 1, 132.85
1494760103, 2, 166, 223, 35, 0, 3.23%, 0, 0, 1, 151.93
1494760113, 2, 167, 223, 35, 0, 3.23%, 0, 0, 1, 144.51
1494760128, 2, 168, 223, 35, 0, 3.23%, 0, 0, 1, 150.51
1494760133, 2, 169, 223, 35, 0, 3.23%, 0, 0, 1, 158.06
1494760139, 2, 172, 223, 35, 0, 3.23%, 0, 0, 1, 162.98
1494760154, 2, 173, 223, 35, 0, 3.23%, 0, 0, 1, 156.98
1494760164, 2, 174, 223, 35, 0, 3.23%, 0, 0, 1, 168.03
1494760169, 2, 176, 223, 35, 0, 3.23%, 0, 0, 1, 165.01
1494760185, 2, 178, 223, 35, 0, 3.23%, 0, 0, 1, 145.43
1494760205, 2, 181, 223, 35, 0, 3.23%, 0, 0, 1, 153.20
1494760210, 2, 182, 223, 35, 0, 3.23%, 0, 0, 1, 147.88
1494760231, 2, 184, 223, 35, 0, 3.23%, 0, 0, 1, 115.74
1494760241, 2, 185, 223, 35, 0, 3.23%, 0, 0, 1, 144.10
1494760256, 2, 186, 223, 35, 0, 3.23%, 0, 0, 1, 133.95
1494760282, 2, 189, 223, 35, 0, 3.23%, 0, 0, 1, 132.25
1494760287, 2, 190, 223, 35, 0, 3.23%, 0, 0, 1, 134.18
1494760292, 2, 191, 223, 35, 0, 3.23%, 0, 0, 1, 147.53
1494760308, 2, 193, 223, 35, 0, 3.23%, 0, 0, 1, 130.12
1494760318, 2, 194, 223, 35, 0, 3.23%, 0, 0, 1, 149.96
1494760333, 2, 196, 223, 35, 0, 3.23%, 0, 0, 1, 134.57
1494760338, 2, 197, 223, 35, 0, 3.23%, 0, 0, 1, 144.31
1494760364, 2, 199, 223, 35, 0, 3.23%, 0, 0, 1, 136.21
1494760379, 2, 200, 223, 35, 0, 3.23%, 0, 0, 1, 123.76
1494760394, 2, 202, 223, 34, 0, 3.23%, 0, 0, 1, 143.75
1494760399, 2, 203, 223, 34, 0, 3.23%, 0, 0, 1, 130.88
1494760420, 2, 204, 223, 34, 0, 3.23%, 0, 0, 1, 125.52
1494760425, 2, 205, 223, 34, 0, 3.23%, 0, 0, 1, 126.58
1494760440, 2, 207, 223, 34, 0, 3.23%, 0, 0, 1, 130.96
1494760456, 2, 208, 223, 34, 0, 3.23%, 0, 0, 1, 128.35
1494760461, 2, 209, 223, 34, 0, 3.23%, 0, 0, 1, 133.29
1494760476, 2, 211, 223, 34, 0, 3.23%, 0, 0, 1, 154.51
1494760492, 2, 212, 223, 34, 0, 3.23%, 0, 0, 1, 144.10
1494760497, 2, 213, 223, 34, 0, 3.23%, 0, 0, 1, 164.60
1494760512, 2, 214, 223, 34, 0, 3.23%, 0, 0, 1, 149.28
1494760517, 2, 215, 223, 34, 0, 3.23%, 0, 0, 1, 138.28
1494760533, 2, 218, 223, 33, 0, 3.23%, 0, 0, 1, 162.11
1494760548, 2, 219, 223, 32, 0, 3.23%, 0, 0, 1, 143.83
1494760553, 3, 0, 223, 31, 0, 3.23%, 0, 0, 1, 156.22
1494760558, 3, 1, 223, 31, 0, 3.23%, 0, 0, 1, 156.96
1494760563, 3, 3, 223, 31, 0, 3.23%, 0, 0, 1, 148.30
1494760579, 3, 5, 223, 31, 0, 3.23%, 0, 0, 1, 147.92
1494760584, 3, 6, 223, 31, 0, 3.23%, 0, 0, 1, 144.73
1494760589, 3, 7, 223, 31, 0, 3.23%, 0, 0, 1, 165.37
1494760599, 3, 8, 223, 31, 0, 3.23%, 0, 0, 1, 138.76
1494760604, 3, 10, 223, 31, 0, 3.23%, 0, 0, 1, 134.40
1494760610, 3, 12, 223, 31, 0, 3.23%, 0, 0, 1, 140.23
1494760615, 3, 13, 223, 31, 0, 3.23%, 0, 0, 1, 150.81
1494760620, 3, 15, 223, 31, 0, 3.23%, 0, 0, 1, 158.62
1494760625, 3, 17, 223, 31, 0, 3.23%, 0, 0, 1, 168.29
1494760630, 3, 19, 223, 31, 0, 3.23%, 0, 0, 1, 146.64
1494760635, 3, 21, 223, 31, 0, 3.23%, 0, 0, 1, 151.90
1494760640, 3, 22, 223, 31, 0, 3.23%, 0, 0, 1, 141.28
1494760645, 3, 23, 223, 31, 0, 3.23%, 0, 0, 1, 146.48
1494760656, 3, 24, 223, 31, 0, 3.23%, 0, 0, 1, 143.04
1494760661, 3, 25, 223, 31, 0, 3.23%, 0, 0, 1, 151.99
1494760666, 3, 29, 223, 31, 0, 3.23%, 0, 0, 1, 164.56
1494760671, 3, 30, 223, 31, 0, 3.23%, 0, 0, 1, 167.71
1494760676, 3, 31, 223, 31, 0, 3.23%, 0, 0, 1, 146.12
1494760691, 3, 33, 223, 31, 0, 3.23%, 0, 0, 1, 153.23
1494760707, 3, 34, 223, 31, 0, 3.23%, 0, 0, 1, 135.70
1494760722, 3, 36, 223, 31, 0, 3.23%, 0, 0, 1, 135.38
1494760727, 3, 37, 223, 31, 0, 3.23%, 0, 0, 1, 120.07
1494760732, 3, 38, 223, 31, 0, 3.23%, 0, 0, 1, 118.97
1494760737, 3, 39, 223, 31, 0, 3.23%, 0, 0, 1, 133.45
1494760743, 3, 41, 223, 31, 0, 3.23%, 0, 0, 1, 138.82
1494760748, 3, 42, 223, 31, 0, 3.23%, 0, 0, 1, 133.30
1494760763, 3, 44, 223, 31, 0, 3.23%, 0, 0, 1, 137.12
1494760768, 3, 45, 223, 31, 0, 3.23%, 0, 0, 1, 140.85
1494760794, 3, 47, 223, 31, 0, 3.23%, 0, 0, 1, 133.12
1494760814, 3, 49, 223, 31, 0, 3.23%, 0, 0, 1, 132.13
1494760834, 3, 51, 223, 31, 0, 3.23%, 0, 0, 1, 123.45
1494760850, 3, 52, 223, 31, 0, 3.23%, 0, 0, 1, 134.28
1494760855, 3, 54, 223, 31, 0, 3.23%, 0, 0, 1, 134.45
1494760870, 3, 56, 223, 31, 0, 3.23%, 0, 0, 1, 119.33
1494760896, 3, 57, 223, 31, 0, 3.23%, 0, 0, 1, 144.23
1494760901, 3, 58, 223, 31, 0, 3.23%, 0, 0, 1, 140.74
1494760916, 3, 60, 223, 31, 0, 3.23%, 0, 0, 1, 153.74
1494760932, 3, 61, 223, 31, 0, 3.23%, 0, 0, 1, 120.10
1494760942, 3, 62, 223, 31, 0, 3.23%, 0, 0, 1, 153.59
1494760957, 3, 64, 223, 31, 0, 3.23%, 0, 0, 1, 155.72
1494760967, 3, 67, 223, 30, 0, 3.23%, 0, 0, 1, 127.75
1494760983, 3, 68, 223, 30, 0, 3.23%, 0, 0, 1, 153.61
1494760988, 3, 70, 223, 30, 0, 3.23%, 0, 0, 1, 145.51
1494760993, 3, 71, 223, 30, 0, 3.23%, 0, 0, 1, 138.49
1494761008, 3, 74, 223, 30, 0, 3.23%, 0, 0, 1, 149.17
1494761024, 3, 75, 223, 30, 0, 3.23%, 0, 0, 1, 156.92
1494761034, 3, 76, 223, 30, 0, 3.23%, 0, 0, 1, 142.87
1494761039, 3, 77, 223, 30, 0, 3.23%, 0, 0, 1, 159.03
1494761055, 3, 79, 223, 30, 0, 3.23%, 0, 0, 1, 142.20
1494761070, 3, 81, 223, 30, 0, 3.23%, 0, 0, 1, 149.25
1494761085, 3, 82, 223, 30, 0, 3.23%, 0, 0, 1, 159.44
1494761101, 3, 84, 223, 30, 0, 3.23%, 0, 0, 1, 143.17
1494761111, 3, 85, 223, 30, 0, 3.23%, 0, 0, 1, 152.99
1494761116, 3, 86, 223, 30, 0, 3.23%, 0, 0, 1, 161.67
1494761121, 3, 87, 223, 30, 0, 3.23%, 0, 0, 1, 148.29
1494761142, 3, 88, 223, 30, 0, 3.23%, 0, 0, 1, 202.24
1494761152, 3, 89, 223, 30, 0, 3.23%, 0, 0, 1, 150.91
1494761157, 3, 90, 223, 30, 0, 3.23%, 0, 0, 1, 133.17
1494761173, 3, 91, 223, 30, 0, 3.23%, 0, 0, 1, 132.92
1494761178, 3, 92, 223, 30, 0, 3.23%, 0, 0, 1, 132.28
1494761188, 3, 93, 223, 30, 0, 3.23%, 0, 0, 1, 140.58
1494761193, 3, 94, 223, 30, 0, 3.23%, 0, 0, 1, 125.78
1494761199, 3, 95, 223, 30, 0, 3.23%, 0, 0, 1, 144.29
1494761214, 3, 98, 223, 30, 0, 3.23%, 0, 0, 1, 131.90
1494761219, 3, 100, 223, 30, 0, 3.23%, 0, 0, 1, 137.54
1494761224, 3, 101, 223, 30, 0, 3.23%, 0, 0, 1, 138.08
1494761239, 3, 103, 223, 30, 0, 3.23%, 0, 0, 1, 127.04
1494761245, 3, 104, 223, 30, 0, 3.23%, 0, 0, 1, 150.37
1494761260, 3, 106, 223, 30, 0, 3.23%, 0, 0, 1, 138.88
1494761280, 3, 108, 223, 30, 0, 3.23%, 0, 0, 1, 130.60
1494761296, 3, 110, 223, 30, 0, 3.23%, 0, 0, 1, 140.60
1494761311, 3, 111, 223, 30, 0, 3.23%, 0, 0, 1, 155.23
1494761316, 3, 112, 223, 30, 0, 3.23%, 0, 0, 1, 143.58
1494761331, 3, 114, 223, 30, 0, 3.23%, 0, 0, 1, 136.45
1494761342, 3, 116, 223, 30, 0, 3.23%, 0, 0, 1, 142.91
1494761347, 3, 117, 223, 30, 0, 3.23%, 0, 0, 1, 165.78
1494761357, 3, 119, 223, 30, 0, 3.23%, 0, 0, 1, 143.35
1494761372, 3, 120, 223, 30, 0, 3.23%, 0, 0, 1, 159.27
1494761377, 3, 121, 223, 30, 0, 3.23%, 0, 0, 1, 130.92
1494761393, 3, 123, 223, 30, 0, 3.23%, 0, 0, 1, 172.02
1494761408, 3, 125, 223, 30, 0, 3.23%, 0, 0, 1, 134.90
1494761423, 3, 126, 223, 29, 0, 3.23%, 0, 0, 1, 156.85
1494761428, 3, 129, 223, 29, 0, 3.23%, 0, 0, 1, 172.09
1494761449, 3, 131, 223, 29, 0, 3.23%, 0, 0, 1, 152.17
1494761454, 3, 133, 223, 28, 0, 3.23%, 0, 0, 1, 152.49
1494761469, 3, 135, 223, 28, 0, 3.23%, 0, 0, 1, 150.34
1494761484, 3, 137, 223, 28, 0, 3.23%, 0, 0, 1, 152.54
1494761505, 3, 140, 223, 28, 0, 3.23%, 0, 0, 1, 144.71
1494761520, 3, 141, 223, 28, 0, 3.23%, 0, 0, 1, 153.84
1494761535, 3, 142, 223, 28, 0, 3.23%, 0, 0, 1, 142.91
1494761551, 3, 144, 223, 28, 0, 3.23%, 0, 0, 1, 157.03
1494761566, 3, 145, 223, 28, 0, 3.23%, 0, 0, 1, 171.67
1494761571, 3, 146, 223, 28, 0, 3.23%, 0, 0, 1, 157.85
1494761582, 3, 148, 223, 28, 0, 3.23%, 0, 0, 1, 157.55
1494761607, 3, 150, 223, 28, 0, 3.23%, 0, 0, 1, 145.80
1494761612, 3, 154, 223, 28, 0, 3.23%, 0, 0, 1, 153.80
1494761628, 3, 155, 223, 28, 0, 3.23%, 0, 0, 1, 139.03
1494761633, 3, 156, 223, 28, 0, 3.23%, 0, 0, 1, 156.69
1494761648, 3, 158, 223, 28, 0, 3.23%, 0, 0, 1, 134.68
1494761664, 3, 159, 223, 28, 0, 3.23%, 0, 0, 1, 133.13
1494761669, 3, 160, 223, 28, 0, 3.23%, 0, 0, 1, 132.39
1494761679, 3, 163, 223, 28, 0, 3.23%, 0, 0, 1, 133.96
1494761684, 3, 164, 223, 28, 0, 3.23%, 0, 0, 1, 136.21
1494761699, 3, 166, 223, 28, 0, 3.23%, 0, 0, 1, 132.79
1494761720, 3, 167, 223, 28, 0, 3.23%, 0, 0, 1, 128.86
1494761736, 3, 169, 223, 28, 0, 3.23%, 0, 0, 1, 117.24
1494761741, 3, 171, 223, 28, 0, 3.23%, 0, 0, 1, 134.86
1494761746, 3, 172, 223, 28, 0, 3.23%, 0, 0, 1, 133.01
1494761761, 3, 173, 223, 28, 0, 3.23%, 0, 0, 1, 129.36
1494761782, 3, 176, 223, 28, 0, 3.23%, 0, 0, 1, 135.34
1494761797, 3, 178, 223, 28, 0, 3.23%, 0, 0, 1, 111.51
1494761823, 3, 179, 223, 28, 0, 3.23%, 0, 0, 1, 137.40
1494761828, 3, 182, 223, 28, 0, 3.23%, 0, 0, 1, 133.40
1494761853, 3, 184, 223, 28, 0, 3.23%, 0, 0, 1, 122.25
1494761864, 3, 185, 223, 28, 0, 3.23%, 0, 0, 1, 120.27
1494761879, 3, 186, 223, 28, 0, 3.23%, 0, 0, 1, 148.81
1494761899, 3, 187, 223, 28, 0, 3.23%, 0, 0, 1, 142.66
1494761904, 3, 189, 223, 28, 0, 3.23%, 0, 0, 1, 149.36
1494761910, 3, 190, 223, 28, 0, 3.23%, 0, 0, 1, 144.41
1494761915, 3, 191, 223, 28, 0, 3.23%, 0, 0, 1, 137.48
1494761925, 3, 193, 223, 28, 0, 3.23%, 0, 0, 1, 149.86
1494761935, 3, 194, 223, 28, 0, 3.23%, 0, 0, 1, 150.66
1494761951, 3, 196, 223, 28, 0, 3.23%, 0, 0, 1, 145.89
1494761956, 3, 197, 223, 28, 0, 3.23%, 0, 0, 1, 139.75
1494761976, 3, 198, 223, 28, 0, 3.23%, 0, 0, 1, 142.70
1494761981, 3, 199, 223, 27, 0, 3.23%, 0, 0, 1, 148.55
1494761997, 3, 200, 223, 27, 0, 3.23%, 0, 0, 1, 138.39
1494762007, 3, 202, 223, 27, 0, 3.23%, 0, 0, 1, 138.89
1494762012, 3, 203, 223, 27, 0, 3.23%, 0, 0, 1, 142.08
1494762028, 3, 205, 223, 27, 0, 3.23%, 0, 0, 1, 155.77
1494762044, 3, 207, 223, 27, 0, 3.23%, 0, 0, 1, 161.75
1494762054, 3, 208, 223, 27, 0, 3.23%, 0, 0, 1, 155.78
1494762059, 3, 209, 223, 27, 0, 3.23%, 0, 0, 1, 146.75
1494762074, 3, 210, 223, 27, 0, 3.23%, 0, 0, 1, 146.51
1494762079, 3, 211, 223, 27, 0, 3.23%, 0, 0, 1, 136.84
1494762090, 3, 212, 223, 27, 0, 3.23%, 0, 0, 1, 163.66
1494762095, 3, 213, 223, 27, 0, 3.23%, 0, 0, 1, 147.19
1494762110, 3, 214, 223, 27, 0, 3.23%, 0, 0, 1, 146.36
1494762116, 3, 215, 223, 27, 0, 3.23%, 0, 0, 1, 124.23
1494762131, 3, 216, 223, 27, 0, 3.23%, 0, 0, 1, 131.46
1494762136, 4, 0, 223, 26, 0, 3.23%, 0, 0, 1, 132.08
1494762141, 4, 1, 223, 26, 0, 3.23%, 0, 0, 1, 126.17
1494762146, 4, 2, 223, 26, 0, 3.23%, 0, 0, 1, 117.31
1494762151, 4, 3, 223, 26, 0, 3.23%, 0, 0, 1, 147.82
1494762167, 4, 5, 223, 26, 0, 3.23%, 0, 0, 1, 124.49
1494762172, 4, 6, 223, 26, 0, 3.23%, 0, 0, 1, 138.14
1494762177, 4, 7, 223, 26, 0, 3.23%, 0, 0, 1, 142.78
1494762187, 4, 8, 223, 26, 0, 3.23%, 0, 0, 1, 137.10
1494762193, 4, 10, 223, 26, 0, 3.23%, 0, 0, 1, 137.64
1494762198, 4, 11, 223, 26, 0, 3.23%, 0, 0, 1, 115.30
1494762203, 4, 12, 223, 26, 0, 3.23%, 0, 0, 1, 132.67
1494762208, 4, 13, 223, 26, 0, 3.23%, 0, 0, 1, 133.87
1494762213, 4, 15, 223, 26, 0, 3.23%, 0, 0, 1, 143.60
1494762218, 4, 16, 223, 26, 0, 3.23%, 0, 0, 1, 138.36
1494762223, 4, 17, 223, 26, 0, 3.23%, 0, 0, 1, 140.75
1494762228, 4, 19, 223, 26, 0, 3.23%, 0, 0, 1, 134.66
1494762233, 4, 21, 223, 26, 0, 3.23%, 0, 0, 1, 158.93
1494762238, 4, 22, 223, 26, 0, 3.23%, 0, 0, 1, 141.45
1494762244, 4, 23, 223, 26, 0, 3.23%, 0, 0, 1, 132.15
1494762259, 4, 25, 223, 26, 0, 3.23%, 0, 0, 1, 143.83
1494762264, 4, 29, 223, 26, 0, 3.23%, 0, 0, 1, 117.06
1494762274, 4, 31, 223, 26, 0, 3.23%, 0, 0, 1, 145.03
1494762290, 4, 32, 223, 26, 0, 3.23%, 0, 0, 1, 132.95
1494762295, 4, 33, 223, 26, 0, 3.23%, 0, 0, 1, 134.91
1494762310, 4, 34, 223, 26, 0, 3.23%, 0, 0, 1, 133.58
1494762326, 4, 37, 223, 26, 0, 3.23%, 0, 0, 1, 127.61
1494762331, 4, 38, 223, 26, 0, 3.23%, 0, 0, 1, 146.70
1494762336, 4, 39, 223, 26, 0, 3.23%, 0, 0, 1, 129.35
1494762341, 4, 41, 223, 26, 0, 3.23%, 0, 0, 1, 144.41
1494762346, 4, 42, 223, 26, 0, 3.23%, 0, 0, 1, 153.15
1494762356, 4, 43, 223, 26, 0, 3.23%, 0, 0, 1, 150.45
1494762361, 4, 44, 223, 26, 0, 3.23%, 0, 0, 1, 139.79
1494762367, 4, 45, 223, 26, 0, 3.23%, 0, 0, 1, 152.99
1494762387, 4, 47, 223, 26, 0, 3.23%, 0, 0, 1, 177.50
1494762397, 4, 48, 223, 26, 0, 3.23%, 0, 0, 1, 162.39
1494762403, 4, 49, 223, 26, 0, 3.23%, 0, 0, 1, 150.93
1494762418, 4, 51, 223, 26, 0, 3.23%, 0, 0, 1, 154.56
1494762433, 4, 54, 223, 26, 0, 3.23%, 0, 0, 1, 149.51
1494762448, 4, 56, 223, 26, 0, 3.23%, 0, 0, 1, 137.02
1494762474, 4, 57, 223, 26, 0, 3.23%, 0, 0, 1, 134.09
1494762479, 4, 58, 223, 26, 0, 3.23%, 0, 0, 1, 144.54
1494762489, 4, 60, 223, 26, 0, 3.23%, 0, 0, 1, 134.15
1494762505, 4, 61, 223, 26, 0, 3.23%, 0, 0, 1, 145.09
1494762510, 4, 62, 223, 26, 0, 3.23%, 0, 0, 1, 154.14
1494762525, 4, 64, 223, 26, 0, 3.23%, 0, 0, 1, 151.49
1494762535, 4, 67, 223, 26, 0, 3.23%, 0, 0, 1, 148.64
1494762550, 4, 68, 223, 26, 0, 3.23%, 0, 0, 1, 140.87
1494762556, 4, 70, 223, 26, 0, 3.23%, 0, 0, 1, 149.16
1494762561, 4, 71, 223, 26, 0, 3.23%, 0, 0, 1, 142.33
1494762576, 4, 72, 223, 26, 0, 3.23%, 0, 0, 1, 136.30
1494762581, 4, 74, 223, 25, 0, 3.23%, 0, 0, 1, 136.61
1494762601, 4, 75, 223, 25, 0, 3.23%, 0, 0, 1, 133.11
1494762617, 4, 77, 223, 25, 0, 3.23%, 0, 0, 1, 135.90
1494762632, 4, 78, 223, 25, 0, 3.23%, 0, 0, 1, 124.77
1494762637, 4, 79, 223, 25, 0, 3.23%, 0, 0, 1, 130.75
1494762653, 4, 81, 223, 25, 0, 3.23%, 0, 0, 1, 137.96
1494762668, 4, 82, 223, 25, 0, 3.23%, 0, 0, 1, 126.62
1494762683, 4, 84, 223, 25, 0, 3.23%, 0, 0, 1, 136.59
1494762704, 4, 86, 223, 25, 0, 3.23%, 0, 0, 1, 140.47
1494762709, 4, 87, 223, 25, 0, 3.23%, 0, 0, 1, 137.08
1494762735, 4, 88, 223, 25, 0, 3.23%, 0, 0, 1, 128.03
1494762750, 4, 89, 223, 25, 0, 3.23%, 0, 0, 1, 143.35
1494762755, 4, 90, 223, 25, 0, 3.23%, 0, 0, 1, 135.70
1494762771, 4, 91, 223, 25, 0, 3.23%, 0, 0, 1, 122.38
1494762776, 4, 92, 223, 25, 0, 3.23%, 0, 0, 1, 123.93
1494762786, 4, 94, 223, 25, 0, 3.23%, 0, 0, 1, 128.92
1494762791, 4, 95, 223, 25, 0, 3.23%, 0, 0, 1, 131.91
1494762806, 4, 96, 223, 25, 0, 3.23%, 0, 0, 1, 141.31
1494762811, 4, 98, 223, 25, 0, 3.23%, 0, 0, 1, 132.07
1494762817, 4, 101, 223, 25, 0, 3.23%, 0, 0, 1, 128.78
1494762832, 4, 102, 223, 25, 0, 3.23%, 0, 0, 1, 117.17
1494762837, 4, 104, 223, 25, 0, 3.23%, 0, 0, 1, 145.47
1494762853, 4, 105, 223, 25, 0, 3.23%, 0, 0, 1, 151.25
1494762858, 4, 106, 223, 25, 0, 3.23%, 0, 0, 1, 160.65
1494762868, 4, 107, 223, 25, 0, 3.23%, 0, 0, 1, 151.45
1494762873, 4, 108, 223, 25, 0, 3.23%, 0, 0, 1, 132.43
1494762884, 4, 110, 223, 25, 0, 3.23%, 0, 0, 1, 139.41
1494762899, 4, 111, 223, 25, 0, 3.23%, 0, 0, 1, 151.56
1494762904, 4, 112, 223, 25, 0, 3.23%, 0, 0, 1, 139.52
1494762920, 4, 114, 223, 25, 0, 3.23%, 0, 0, 1, 154.24
1494762925, 4, 115, 223, 25, 0, 3.23%, 0, 0, 1, 148.89
1494762930, 4, 117, 223, 25, 0, 3.23%, 0, 0, 1, 152.94
1494762940, 4, 118, 223, 25, 0, 3.23%, 0, 0, 1, 146.08
1494762945, 4, 119, 223, 25, 0, 3.23%, 0, 0, 1, 151.87
1494762956, 4, 120, 223, 25, 0, 3.23%, 0, 0, 1, 153.53
1494762961, 4, 121, 223, 25, 0, 3.23%, 0, 0, 1, 153.60
1494762976, 4, 123, 223, 25, 0, 3.23%, 0, 0, 1, 151.53
1494762991, 4, 127, 223, 25, 0, 3.23%, 0, 0, 1, 176.03
1494763007, 4, 129, 223, 24, 0, 3.23%, 0, 0, 1, 137.10
1494763027, 4, 133, 223, 24, 0, 3.23%, 0, 0, 1, 153.78
1494763042, 4, 135, 223, 24, 0, 3.23%, 0, 0, 1, 140.87
1494763058, 4, 137, 223, 24, 0, 3.23%, 0, 0, 1, 135.37
1494763084, 4, 139, 223, 24, 0, 3.23%, 0, 0, 1, 129.65
1494763089, 4, 140, 223, 24, 0, 3.23%, 0, 0, 1, 132.31
1494763104, 4, 141, 223, 24, 0, 3.23%, 0, 0, 1, 119.67
1494763119, 4, 142, 223, 24, 0, 3.23%, 0, 0, 1, 134.46
1494763129, 4, 143, 223, 24, 0, 3.23%, 0, 0, 1, 133.15
1494763135, 4, 144, 223, 24, 0, 3.23%, 0, 0, 1, 136.59
1494763150, 4, 145, 223, 24, 0, 3.23%, 0, 0, 1, 126.59
1494763155, 4, 146, 223, 24, 0, 3.23%, 0, 0, 1, 129.68
1494763170, 4, 148, 223, 24, 0, 3.23%, 0, 0, 1, 130.25
1494763191, 4, 150, 223, 24, 0, 3.23%, 0, 0, 1, 124.70
1494763201, 4, 153, 223, 24, 0, 3.23%, 0, 0, 1, 133.96
1494763206, 4, 154, 223, 24, 0, 3.23%, 0, 0, 1, 135.62
1494763216, 4, 155, 223, 24, 0, 3.23%, 0, 0, 1, 135.15
1494763221, 4, 156, 223, 24, 0, 3.23%, 0, 0, 1, 124.94
1494763237, 4, 157, 223, 24, 0, 3.23%, 0, 0, 1, 128.39
1494763242, 4, 158, 223, 24, 0, 3.23%, 0, 0, 1, 133.85
1494763257, 4, 159, 223, 24, 0, 3.23%, 0, 0, 1, 128.52
1494763263, 4, 160, 223, 24, 0, 3.23%, 0, 0, 1, 142.95
1494763278, 4, 163, 223, 24, 0, 3.23%, 0, 0, 1, 138.87
1494763283, 4, 164, 223, 24, 0, 3.23%, 0, 0, 1, 143.85
1494763298, 4, 165, 223, 24, 0, 3.23%, 0, 0, 1, 144.33
1494763303, 4, 166, 223, 24, 0, 3.23%, 0, 0, 1, 142.88
1494763313, 4, 167, 223, 24, 0, 3.23%, 0, 0, 1, 144.25
1494763329, 4, 168, 223, 24, 0, 3.23%, 0, 0, 1, 146.05
1494763334, 4, 169, 223, 24, 0, 3.23%, 0, 0, 1, 146.55
1494763339, 4, 172, 223, 24, 0, 3.23%, 0, 0, 1, 148.13
1494763355, 4, 173, 223, 24, 0, 3.23%, 0, 0, 1, 138.61
1494763370, 4, 176, 223, 24, 0, 3.23%, 0, 0, 1, 145.80
1494763385, 4, 178, 223, 24, 0, 3.23%, 0, 0, 1, 137.80
1494763406, 4, 179, 223, 24, 0, 3.23%, 0, 0, 1, 144.88
1494763411, 4, 181, 223, 24, 0, 3.23%, 0, 0, 1, 151.65
1494763416, 4, 182, 223, 24, 0, 3.23%, 0, 0, 1, 145.63
1494763436, 4, 184, 223, 24, 0, 3.23%, 0, 0, 1, 146.61
1494763441, 4, 185, 223, 24, 0, 3.23%, 0, 0, 1, 134.06
1494763456, 4, 186, 223, 24, 0, 3.23%, 0, 0, 1, 175.07
1494763477, 4, 187, 223, 24, 0, 3.23%, 0, 0, 1, 178.23
1494763482, 4, 188, 223, 24, 0, 3.23%, 0, 0, 1, 195.58
1494763497, 4, 190, 223, 23, 0, 3.23%, 0, 0, 1, 110.40
1494763502, 4, 191, 223, 23, 0, 3.23%, 0, 0, 1, 128.92
1494763518, 4, 193, 223, 23, 0, 3.23%, 0, 0, 1, 120.84
1494763528, 4, 194, 223, 23, 0, 3.23%, 0, 0, 1, 147.82
1494763543, 4, 196, 223, 23, 0, 3.23%, 0, 0, 1, 131.11
1494763554, 4, 197, 223, 23, 0, 3.23%, 0, 0, 1, 127.72
1494763574, 4, 199, 223, 23, 0, 3.23%, 0, 0, 1, 133.24
1494763590, 4, 200, 223, 23, 0, 3.23%, 0, 0, 1, 142.19
1494763605, 4, 202, 223, 23, 0, 3.23%, 0, 0, 1, 147.52
1494763610, 4, 203, 223, 23, 0, 3.23%, 0, 0, 1, 133.53
1494763631, 4, 205, 223, 23, 0, 3.23%, 0, 0, 1, 127.86
1494763646, 4, 207, 223, 23, 0, 3.23%, 0, 0, 1, 135.76
1494763661, 4, 208, 223, 23, 0, 3.23%, 0, 0, 1, 136.92
1494763666, 4, 209, 223, 23, 0, 3.23%, 0, 0, 1, 121.66
1494763682, 4, 210, 223, 23, 0, 3.23%, 0, 0, 1, 158.04
1494763687, 4, 211, 223, 23, 0, 3.23%, 0, 0, 1, 139.25
1494763702, 4, 212, 223, 23, 0, 3.23%, 0, 0, 1, 126.86
1494763707, 4, 213, 223, 23, 0, 3.23%, 0, 0, 1, 133.98
1494763722, 4, 214, 223, 23, 0, 3.23%, 0, 0, 1, 134.11
1494763728, 4, 215, 223, 23, 0, 3.23%, 0, 0, 1, 137.26
1494763743, 4, 220, 223, 23, 0, 3.23%, 0, 0, 1, 155.54
1494763748, 5, 0, 223, 22, 0, 3.23%, 0, 0, 1, 146.81
1494763753, 5, 1, 223, 22, 0, 3.23%, 0, 0, 1, 145.68
1494763758, 5, 3, 223, 22, 0, 3.23%, 0, 0, 1, 133.25
1494763774, 5, 4, 223, 22, 0, 3.23%, 0, 0, 1, 158.84
1494763779, 5, 5, 223, 22, 0, 3.23%, 0, 0, 1, 148.27
1494763784, 5, 7, 223, 22, 0, 3.23%, 0, 0, 1, 148.74
1494763799, 5, 9, 223, 22, 0, 3.23%, 0, 0, 1, 145.51
1494763804, 5, 12, 223, 22, 0, 3.23%, 0, 0, 1, 156.02
1494763809, 5, 13, 223, 22, 0, 3.23%, 0, 0, 1, 150.94
1494763814, 5, 15, 223, 22, 0, 3.23%, 0, 0, 1, 147.01
1494763819, 5, 17, 223, 22, 0, 3.23%, 0, 0, 1, 147.18
1494763824, 5, 19, 223, 22, 0, 3.23%, 0, 0, 1, 147.41
1494763830, 5, 21, 223, 22, 0, 3.23%, 0, 0, 1, 150.82
1494763835, 5, 22, 223, 22, 0, 3.23%, 0, 0, 1, 147.63
1494763840, 5, 23, 223, 22, 0, 3.23%, 0, 0, 1, 153.13
1494763850, 5, 25, 223, 22, 0, 3.23%, 0, 0, 1, 166.58
1494763855, 5, 26, 223, 22, 0, 3.23%, 0, 0, 1, 159.61
1494763860, 5, 29, 223, 22, 0, 3.23%, 0, 0, 1, 167.72
1494763865, 5, 30, 223, 22, 0, 3.23%, 0, 0, 1, 155.12
1494763870, 5, 31, 223, 22, 0, 3.23%, 0, 0, 1, 143.91
1494763886, 5, 33, 223, 22, 0, 3.23%, 0, 0, 1, 150.07
1494763896, 5, 34, 223, 22, 0, 3.23%, 0, 0, 1, 156.84
1494763911, 5, 37, 223, 22, 0, 3.23%, 0, 0, 1, 188.19
1494763921, 5, 38, 223, 22, 0, 3.23%, 0, 0, 1, 159.08
1494763926, 5, 41, 223, 22, 0, 3.23%, 0, 0, 1, 157.86
1494763931, 5, 42, 223, 22, 0, 3.23%, 0, 0, 1, 148.18
1494763941, 5, 43, 223, 22, 0, 3.23%, 0, 0, 1, 167.02
1494763947, 5, 44, 223, 22, 0, 3.23%, 0, 0, 1, 128.66
1494763952, 5, 45, 223, 22, 0, 3.23%, 0, 0, 1, 143.86
1494763972, 5, 46, 223, 22, 0, 3.23%, 0, 0, 1, 122.16
1494763977, 5, 47, 223, 22, 0, 3.23%, 0, 0, 1, 129.11
1494763993, 5, 48, 223, 22, 0, 3.23%, 0, 0, 1, 132.75
1494763998, 5, 49, 223, 22, 0, 3.23%, 0, 0, 1, 134.86
1494764013, 5, 50, 223, 22, 0, 3.23%, 0, 0, 1, 125.21
1494764018, 5, 51, 223, 22, 0, 3.23%, 0, 0, 1, 137.27
1494764028, 5, 52, 223, 22, 0, 3.23%, 0, 0, 1, 139.51
1494764033, 5, 54, 223, 22, 0, 3.23%, 0, 0, 1, 142.72
1494764049, 5, 55, 223, 22, 0, 3.23%, 0, 0, 1, 144.77
1494764054, 5, 56, 223, 22, 0, 3.23%, 0, 0, 1, 122.20
1494764080, 5, 58, 223, 22, 0, 3.23%, 0, 0, 1, 123.10
1494764095, 5, 59, 223, 22, 0, 3.23%, 0, 0, 1, 128.76
1494764100, 5, 60, 223, 21, 0, 3.23%, 0, 0, 1, 131.61
1494764116, 5, 61, 223, 21, 0, 3.23%, 0, 0, 1, 119.27
1494764126, 5, 62, 223, 21, 0, 3.23%, 0, 0, 1, 146.13
1494764141, 5, 64, 223, 21, 0, 3.23%, 0, 0, 1, 128.53
1494764157, 5, 67, 223, 21, 0, 3.23%, 0, 0, 1, 129.02
1494764177, 5, 70, 223, 21, 0, 3.23%, 0, 0, 1, 136.32
1494764182, 5, 71, 223, 21, 0, 3.23%, 0, 0, 1, 128.50
1494764202, 5, 74, 223, 21, 0, 3.23%, 0, 0, 1, 145.58
1494764218, 5, 75, 223, 21, 0, 3.23%, 0, 0, 1, 148.53
1494764228, 5, 76, 223, 21, 0, 3.23%, 0, 0, 1, 152.30
1494764233, 5, 77, 223, 21, 0, 3.23%, 0, 0, 1, 129.51
1494764249, 5, 79, 223, 21, 0, 3.23%, 0, 0, 1, 112.65
1494764264, 5, 81, 223, 21, 0, 3.23%, 0, 0, 1, 152.29
1494764279, 5, 82, 223, 21, 0, 3.23%, 0, 0, 1, 145.55
1494764294, 5, 84, 223, 21, 0, 3.23%, 0, 0, 1, 144.25
1494764310, 5, 86, 223, 21, 0, 3.23%, 0, 0, 1, 148.81
1494764315, 5, 87, 223, 21, 0, 3.23%, 0, 0, 1, 146.74
1494764335, 5, 88, 223, 21, 0, 3.23%, 0, 0, 1, 148.88
1494764351, 5, 89, 223, 21, 0, 3.23%, 0, 0, 1, 154.03
1494764356, 5, 90, 223, 21, 0, 3.23%, 0, 0, 1, 161.65
1494764371, 5, 91, 223, 21, 0, 3.23%, 0, 0, 1, 148.95
1494764376, 5, 92, 223, 21, 0, 3.23%, 0, 0, 1, 150.60
1494764382, 5, 93, 223, 21, 0, 3.23%, 0, 0, 1, 149.00
1494764387, 5, 94, 223, 21, 0, 3.23%, 0, 0, 1, 145.31
1494764392, 5, 95, 223, 21, 0, 3.23%, 0, 0, 1, 149.98
1494764407, 5, 98, 223, 21, 0, 3.23%, 0, 0, 1, 147.06
1494764412, 5, 99, 223, 21, 0, 3.23%, 0, 0, 1, 138.47
1494764423, 5, 100, 223, 20, 0, 3.23%, 0, 0, 1, 157.27
1494764428, 5, 101, 223, 20, 0, 3.23%, 0, 0, 1, 132.05
1494764443, 5, 102, 223, 20, 0, 3.23%, 0, 0, 1, 135.50
1494764448, 5, 103, 223, 20, 0, 3.23%, 0, 0, 1, 129.11
1494764453, 5, 104, 223, 20, 0, 3.23%, 0, 0, 1, 135.42
1494764468, 5, 105, 223, 20, 0, 3.23%, 0, 0, 1, 141.65
1494764473, 5, 106, 223, 20, 0, 3.23%, 0, 0, 1, 134.36
1494764489, 5, 107, 223, 20, 0, 3.23%, 0, 0, 1, 125.59
1494764494, 5, 108, 223, 20, 0, 3.23%, 0, 0, 1, 133.35
1494764509, 5, 110, 223, 20, 0, 3.23%, 0, 0, 1, 117.97
1494764524, 5, 111, 223, 20, 0, 3.23%, 0, 0, 1, 157.34
1494764529, 5, 112, 223, 20, 0, 3.23%, 0, 0, 1, 129.87
1494764545, 5, 114, 223, 20, 0, 3.23%, 0, 0, 1, 132.01
1494764555, 5, 115, 223, 20, 0, 3.23%, 0, 0, 1, 132.98
1494764560, 5, 117, 223, 20, 0, 3.23%, 0, 0, 1, 119.64
1494764570, 5, 118, 223, 20, 0, 3.23%, 0, 0, 1, 114.58
1494764576, 5, 119, 223, 20, 0, 3.23%, 0, 0, 1, 128.87
1494764591, 5, 120, 223, 20, 0, 3.23%, 0, 0, 1, 127.74
1494764596, 5, 121, 223, 20, 0, 3.23%, 0, 0, 1, 137.40
1494764611, 5, 123, 223, 20, 0, 3.23%, 0, 0, 1, 132.59
1494764627, 5, 126, 223, 20, 0, 3.23%, 0, 0, 1, 145.78
1494764632, 5, 129, 223, 20, 0, 3.23%, 0, 0, 1, 139.85
1494764658, 5, 130, 223, 20, 0, 3.23%, 0, 0, 1, 146.85
1494764663, 5, 133, 223, 19, 0, 3.23%, 0, 0, 1, 122.89
1494764673, 5, 134, 223, 19, 0, 3.23%, 0, 0, 1, 141.17
1494764678, 5, 135, 223, 19, 0, 3.23%, 0, 0, 1, 172.52
1494764693, 5, 137, 223, 19, 0, 3.23%, 0, 0, 1, 147.62
1494764714, 5, 139, 223, 19, 0, 3.23%, 0, 0, 1, 144.00
1494764719, 5, 140, 223, 19, 0, 3.23%, 0, 0, 1, 155.18
1494764734, 5, 141, 223, 19, 0, 3.23%, 0, 0, 1, 137.48
1494764744, 5, 142, 223, 19, 0, 3.23%, 0, 0, 1, 155.10
1494764760, 5, 143, 223, 19, 0, 3.23%, 0, 0, 1, 149.56
1494764765, 5, 144, 223, 19, 0, 3.23%, 0, 0, 1, 148.98
1494764775, 5, 145, 223, 19, 0, 3.23%, 0, 0, 1, 160.83
1494764780, 5, 146, 223, 19, 0, 3.23%, 0, 0, 1, 161.13
1494764790, 5, 147, 223, 19, 0, 3.23%, 0, 0, 1, 145.41
1494764795, 5, 148, 223, 18, 0, 3.23%, 0, 0, 1, 155.66
1494764810, 5, 149, 223, 18, 0, 3.23%, 0, 0, 1, 156.94
1494764815, 5, 150, 223, 17, 0, 3.23%, 0, 0, 1, 144.64
1494764826, 5, 154, 223, 17, 0, 3.23%, 0, 0, 1, 143.50
1494764841, 5, 156, 223, 17, 0, 3.23%, 0, 0, 1, 148.32
1494764851, 5, 157, 223, 17, 0, 3.23%, 0, 0, 1, 152.56
1494764856, 5, 158, 223, 17, 0, 3.23%, 0, 0, 1, 145.25
1494764872, 5, 160, 223, 17, 0, 3.23%, 0, 0, 1, 160.78
1494764887, 5, 163, 223, 17, 0, 3.23%, 0, 0, 1, 148.27
1494764892, 5, 164, 223, 17, 0, 3.23%, 0, 0, 1, 151.67
1494764902, 5, 166, 223, 17, 0, 3.23%, 0, 0, 1, 142.68
1494764923, 5, 167, 223, 17, 0, 3.23%, 0, 0, 1, 103.14
1494764938, 5, 169, 223, 17, 0, 3.23%, 0, 0, 1, 122.13
1494764948, 5, 172, 223, 17, 0, 3.23%, 0, 0, 1, 122.33
1494764969, 5, 173, 223, 17, 0, 3.23%, 0, 0, 1, 126.38
1494764984, 5, 176, 223, 17, 0, 3.23%, 0, 0, 1, 144.02
1494764999, 5, 178, 223, 17, 0, 3.23%, 0, 0, 1, 133.22
1494765025, 5, 181, 223, 17, 0, 3.23%, 0, 0, 1, 143.45
1494765030, 5, 182, 223, 17, 0, 3.23%, 0, 0, 1, 128.26
1494765055, 5, 184, 223, 17, 0, 3.23%, 0, 0, 1, 125.77
1494765065, 5, 185, 223, 17, 0, 3.23%, 0, 0, 1, 123.90
1494765081, 5, 186, 223, 17, 0, 3.23%, 0, 0, 1, 127.64
1494765101, 5, 187, 223, 17, 0, 3.23%, 0, 0, 1, 137.66
1494765106, 5, 189, 223, 17, 0, 3.23%, 0, 0, 1, 137.71
1494765112, 5, 190, 223, 17, 0, 3.23%, 0, 0, 1, 129.79
1494765117, 5, 191, 223, 17, 0, 3.23%, 0, 0, 1, 133.37
1494765132, 5, 193, 223, 17, 0, 3.23%, 0, 0, 1, 163.19
1494765137, 5, 194, 223, 17, 0, 3.23%, 0, 0, 1, 170.76
1494765152, 5, 196, 223, 17, 0, 3.23%, 0, 0, 1, 139.10
1494765157, 5, 197, 223, 17, 0, 3.23%, 0, 0, 1, 150.38
1494765178, 5, 199, 223, 17, 0, 3.23%, 0, 0, 1, 124.24
1494765193, 5, 200, 223, 17, 0, 3.23%, 0, 0, 1, 135.07
1494765209, 5, 202, 223, 17, 0, 3.23%, 0, 0, 1, 152.05
1494765214, 5, 203, 223, 17, 0, 3.23%, 0, 0, 1, 158.01
1494765224, 5, 204, 223, 17, 0, 3.23%, 0, 0, 1, 141.30
1494765229, 5, 205, 223, 17, 0, 3.23%, 0, 0, 1, 141.66
1494765244, 5, 207, 223, 17, 0, 3.23%, 0, 0, 1, 171.02
1494765260, 5, 209, 223, 17, 0, 3.23%, 0, 0, 1, 147.27
1494765275, 5, 210, 223, 17, 0, 3.23%, 0, 0, 1, 150.73
1494765280, 5, 211, 223, 17, 0, 3.23%, 0, 0, 1, 143.68
1494765291, 5, 212, 223, 17, 0, 3.23%, 0, 0, 1, 138.44
1494765296, 5, 213, 223, 17, 0, 3.23%, 0, 0, 1, 151.66
1494765311, 5, 214, 223, 17, 0, 3.23%, 0, 0, 1, 166.45
1494765316, 5, 215, 223, 17, 0, 3.23%, 0, 0, 1, 145.00
1494765326, 6, 0, 223, 17, 0, 3.23%, 0, 0, 1, 149.73
1494765331, 6, 1, 223, 17, 0, 3.23%, 0, 0, 1, 184.57
1494765337, 6, 3, 223, 17, 0, 3.23%, 0, 0, 1, 155.02
1494765352, 6, 4, 223, 17, 0, 3.23%, 0, 0, 1, 180.87
1494765357, 6, 5, 223, 17, 0, 3.23%, 0, 0, 1, 150.17
1494765362, 6, 7, 223, 17, 0, 3.23%, 0, 0, 1, 143.74
1494765377, 6, 9, 223, 17, 0, 3.23%, 0, 0, 1, 140.11
1494765382, 6, 10, 223, 17, 0, 3.23%, 0, 0, 1, 130.98
1494765388, 6, 11, 223, 17, 0, 3.23%, 0, 0, 1, 127.03
1494765393, 6, 12, 223, 17, 0, 3.23%, 0, 0, 1, 136.12
1494765398, 6, 13, 223, 17, 0, 3.23%, 0, 0, 1, 129.27
1494765403, 6, 15, 223, 17, 0, 3.23%, 0, 0, 1, 123.78
1494765408, 6, 16, 223, 17, 0, 3.23%, 0, 0, 1, 120.49
1494765413, 6, 17, 223, 17, 0, 3.23%, 0, 0, 1, 149.60
1494765418, 6, 19, 223, 17, 0, 3.23%, 0, 0, 1, 143.65
1494765424, 6, 21, 223, 17, 0, 3.23%, 0, 0, 1, 127.48
1494765429, 6, 22, 223, 17, 0, 3.23%, 0, 0, 1, 126.92
1494765434, 6, 23, 223, 17, 0, 3.23%, 0, 0, 1, 134.79
1494765444, 6, 24, 223, 17, 0, 3.23%, 0, 0, 1, 138.93
1494765449, 6, 25, 223, 17, 0, 3.23%, 0, 0, 1, 122.85
1494765455, 6, 28, 223, 17, 0, 3.23%, 0, 0, 1, 126.26
1494765460, 6, 29, 223, 17, 0, 3.23%, 0, 0, 1, 136.53
1494765465, 6, 30, 223, 17, 0, 3.23%, 0, 0, 1, 129.23
1494765470, 6, 31, 223, 17, 0, 3.23%, 0, 0, 1, 122.88
1494765485, 6, 33, 223, 17, 0, 3.23%, 0, 0, 1, 127.63
1494765501, 6, 34, 223, 17, 0, 3.23%, 0, 0, 1, 124.04
1494765516, 6, 37, 223, 17, 0, 3.23%, 0, 0, 1, 128.99
1494765526, 6, 38, 223, 17, 0, 3.23%, 0, 0, 1, 120.77
1494765531, 6, 41, 223, 17, 0, 3.23%, 0, 0, 1, 138.01
1494765536, 6, 42, 223, 17, 0, 3.23%, 0, 0, 1, 151.01
1494765552, 6, 44, 223, 17, 0, 3.23%, 0, 0, 1, 125.81
1494765562, 6, 45, 223, 17, 0, 3.23%, 0, 0, 1, 132.17
1494765583, 6, 46, 223, 17, 0, 3.23%, 0, 0, 1, 142.86
1494765588, 6, 47, 223, 17, 0, 3.23%, 0, 0, 1, 147.21
1494765603, 6, 49, 223, 17, 0, 3.23%, 0, 0, 1, 139.76
1494765618, 6, 50, 223, 17, 0, 3.23%, 0, 0, 1, 145.04
1494765624, 6, 51, 223, 17, 0, 3.23%, 0, 0, 1, 136.10
1494765634, 6, 52, 223, 17, 0, 3.23%, 0, 0, 1, 143.66
1494765639, 6, 54, 223, 17, 0, 3.23%, 0, 0, 1, 149.58
1494765654, 6, 56, 223, 17, 0, 3.23%, 0, 0, 1, 138.36
1494765680, 6, 57, 223, 17, 0, 3.23%, 0, 0, 1, 156.63
1494765685, 6, 58, 223, 17, 0, 3.23%, 0, 0, 1, 151.27
1494765700, 6, 60, 223, 17, 0, 3.23%, 0, 0, 1, 133.67
1494765711, 6, 61, 223, 17, 0, 3.23%, 0, 0, 1, 145.11
1494765721, 6, 62, 223, 17, 0, 3.23%, 0, 0, 1, 127.11
1494765731, 6, 64, 223, 17, 0, 3.23%, 0, 0, 1, 158.15
1494765746, 6, 66, 223, 17, 0, 3.23%, 0, 0, 1, 158.60
1494765751, 6, 67, 223, 17, 0, 3.23%, 0, 0, 1, 143.41
1494765762, 6, 68, 223, 17, 0, 3.23%, 0, 0, 1, 152.44
1494765767, 6, 69, 223, 17, 0, 3.23%, 0, 0, 1, 153.12
1494765777, 6, 70, 223, 16, 0, 3.23%, 0, 0, 1, 173.27
1494765782, 6, 71, 223, 16, 0, 3.23%, 0, 0, 1, 146.00
1494765792, 6, 74, 223, 16, 0, 3.23%, 0, 0, 1, 149.26
1494765808, 6, 75, 223, 16, 0, 3.23%, 0, 0, 1, 126.40
1494765823, 6, 76, 223, 16, 0, 3.23%, 0, 0, 1, 158.44
1494765828, 6, 77, 223, 16, 0, 3.23%, 0, 0, 1, 131.94
1494765844, 6, 78, 223, 16, 0, 3.23%, 0, 0, 1, 123.14
1494765849, 6, 79, 223, 16, 0, 3.23%, 0, 0, 1, 120.06
1494765864, 6, 81, 223, 16, 0, 3.23%, 0, 0, 1, 126.46
1494765879, 6, 82, 223, 16, 0, 3.23%, 0, 0, 1, 131.59
1494765895, 6, 84, 223, 16, 0, 3.23%, 0, 0, 1, 131.39
1494765910, 6, 85, 223, 16, 0, 3.23%, 0, 0, 1, 136.83
1494765915, 6, 86, 223, 16, 0, 3.23%, 0, 0, 1, 126.14
1494765920, 6, 87, 223, 16, 0, 3.23%, 0, 0, 1, 136.16
1494765941, 6, 88, 223, 16, 0, 3.23%, 0, 0, 1, 127.86
1494765956, 6, 89, 223, 16, 0, 3.23%, 0, 0, 1, 137.75
1494765966, 6, 90, 223, 16, 0, 3.23%, 0, 0, 1, 138.09
1494765976, 6, 91, 223, 16, 0, 3.23%, 0, 0, 1, 134.53
1494765986, 6, 92, 223, 16, 0, 3.23%, 0, 0, 1, 99.53
1494765991, 6, 93, 223, 16, 0, 3.23%, 0, 0, 1, 121.05
1494765997, 6, 94, 223, 16, 0, 3.23%, 0, 0, 1, 129.37
1494766002, 6, 95, 223, 16, 0, 3.23%, 0, 0, 1, 126.83
1494766017, 6, 96, 223, 16, 0, 3.23%, 0, 0, 1, 155.28
1494766022, 6, 98, 223, 16, 0, 3.23%, 0, 0, 1, 147.45
1494766027, 6, 101, 223, 16, 0, 3.23%, 0, 0, 1, 134.74
1494766043, 6, 102, 223, 16, 0, 3.23%, 0, 0, 1, 125.15
1494766048, 6, 103, 223, 16, 0, 3.23%, 0, 0, 1, 164.33
1494766053, 6, 104, 223, 16, 0, 3.23%, 0, 0, 1, 149.52
1494766068, 6, 106, 223, 16, 0, 3.23%, 0, 0, 1, 145.43
1494766083, 6, 107, 223, 16, 0, 3.23%, 0, 0, 1, 158.11
1494766089, 6, 108, 223, 16, 0, 3.23%, 0, 0, 1, 154.89
1494766099, 6, 109, 223, 16, 0, 3.23%, 0, 0, 1, 140.27
1494766104, 6, 110, 223, 15, 0, 3.23%, 0, 0, 1, 154.66
1494766119, 6, 112, 223, 15, 0, 3.23%, 0, 0, 1, 146.65
1494766134, 6, 113, 223, 15, 0, 3.23%, 0, 0, 1, 120.39
1494766140, 6, 114, 223, 14, 0, 3.23%, 0, 0, 1, 141.80
1494766145, 6, 115, 223, 14, 0, 3.23%, 0, 0, 1, 137.65
1494766150, 6, 117, 223, 14, 0, 3.23%, 0, 0, 1, 143.19
1494766160, 6, 118, 223, 14, 0, 3.23%, 0, 0, 1, 146.18
1494766165, 6, 119, 223, 14, 0, 3.23%, 0, 0, 1, 141.24
1494766175, 6, 120, 223, 14, 0, 3.23%, 0, 0, 1, 149.25
1494766180, 6, 121, 223, 14, 0, 3.23%, 0, 0, 1, 146.69
1494766190, 6, 122, 223, 14, 0, 3.23%, 0, 0, 1, 149.36
1494766196, 6, 123, 223, 14, 0, 3.23%, 0, 0, 1, 150.80
1494766206, 6, 126, 223, 14, 0, 3.23%, 0, 0, 1, 134.29
1494766211, 6, 129, 223, 14, 0, 3.23%, 0, 0, 1, 131.93
1494766232, 6, 133, 223, 14, 0, 3.23%, 0, 0, 1, 158.10
1494766247, 6, 135, 223, 14, 0, 3.23%, 0, 0, 1, 151.58
1494766263, 6, 137, 223, 14, 0, 3.23%, 0, 0, 1, 152.88
1494766283, 6, 139, 223, 14, 0, 3.23%, 0, 0, 1, 121.14
1494766288, 6, 140, 223, 14, 0, 3.23%, 0, 0, 1, 125.79
1494766304, 6, 141, 223, 14, 0, 3.23%, 0, 0, 1, 131.85
1494766319, 6, 142, 223, 14, 0, 3.23%, 0, 0, 1, 113.16
1494766335, 6, 143, 223, 14, 0, 3.23%, 0, 0, 1, 124.09
1494766340, 6, 144, 223, 14, 0, 3.23%, 0, 0, 1, 120.67
1494766355, 6, 145, 223, 14, 0, 3.23%, 0, 0, 1, 129.44
1494766360, 6, 146, 223, 14, 0, 3.23%, 0, 0, 1, 131.81
1494766375, 6, 148, 223, 14, 0, 3.23%, 0, 0, 1, 130.67
1494766401, 6, 150, 223, 14, 0, 3.23%, 0, 0, 1, 129.07
1494766406, 6, 153, 223, 14, 0, 3.23%, 0, 0, 1, 117.14
1494766411, 6, 154, 223, 14, 0, 3.23%, 0, 0, 1, 127.72
1494766426, 6, 155, 223, 14, 0, 3.23%, 0, 0, 1, 127.58
1494766431, 6, 156, 223, 14, 0, 3.23%, 0, 0, 1, 138.46
1494766447, 6, 157, 223, 14, 0, 3.23%, 0, 0, 1, 128.39
1494766452, 6, 158, 223, 14, 0, 3.23%, 0, 0, 1, 124.14
