# unix_time, cycles_done, cur_path, paths_total, pending_total, pending_favs, map_size, unique_crashes, unique_hangs, max_depth, execs_per_sec
1494022222, 0, 0, 474, 474, 161, 4.08%, 0, 0, 2, 73.46
1494022232, 0, 0, 474, 473, 160, 4.08%, 0, 0, 2, 89.88
1494022355, 0, 1, 474, 473, 160, 4.08%, 0, 0, 2, 91.57
1494022360, 0, 2, 474, 472, 159, 4.08%, 0, 0, 2, 105.08
1494022365, 0, 5, 474, 470, 157, 4.08%, 0, 0, 2, 218.83
1494022370, 0, 10, 474, 468, 155, 4.08%, 0, 0, 2, 158.58
1494022375, 0, 15, 474, 466, 153, 4.08%, 0, 0, 2, 181.10
1494022381, 0, 18, 474, 465, 152, 4.08%, 0, 0, 2, 113.35
1494022386, 0, 19, 474, 464, 151, 4.08%, 0, 0, 2, 59.51
1494022391, 0, 20, 474, 463, 150, 4.08%, 0, 0, 2, 170.08
1494022396, 0, 25, 474, 462, 149, 4.08%, 0, 0, 2, 186.78
1494022401, 0, 28, 474, 460, 147, 4.08%, 0, 0, 2, 136.19
1494022411, 0, 31, 474, 458, 145, 4.08%, 0, 0, 2, 147.11
1494022416, 0, 33, 474, 457, 144, 4.08%, 0, 0, 2, 86.37
1494022427, 0, 34, 474, 456, 143, 4.08%, 0, 0, 2, 124.44
1494022432, 0, 38, 474, 454, 141, 4.08%, 0, 0, 2, 165.89
1494022437, 0, 44, 474, 453, 140, 4.08%, 0, 0, 2, 130.39
1494022442, 0, 48, 474, 452, 139, 4.08%, 0, 0, 2, 24.29
1494022447, 0, 49, 474, 451, 138, 4.08%, 0, 0, 2, 66.96
1494022452, 0, 50, 474, 450, 137, 4.08%, 0, 0, 2, 44.42
1494022457, 0, 52, 474, 448, 135, 4.08%, 0, 0, 2, 105.80
1494022462, 0, 53, 474, 447, 134, 4.08%, 0, 0, 2, 109.61
1494022468, 0, 55, 474, 446, 133, 4.08%, 0, 0, 2, 107.48
1494022478, 0, 62, 474, 444, 131, 4.08%, 0, 0, 2, 102.36
1494022483, 0, 63, 474, 443, 130, 4.08%, 0, 0, 2, 126.70
1494022488, 0, 65, 474, 442, 129, 4.08%, 0, 0, 2, 98.90
1494022498, 0, 68, 474, 440, 127, 4.08%, 0, 0, 2, 127.72
1494022509, 0, 69, 474, 439, 126, 4.08%, 0, 0, 2, 111.50
1494022514, 0, 72, 474, 437, 124, 4.08%, 0, 0, 2, 97.89
1494022519, 0, 73, 474, 436, 123, 4.08%, 0, 0, 2, 151.06
1494022524, 0, 75, 474, 435, 122, 4.08%, 0, 0, 2, 145.95
1494022529, 0, 78, 474, 434, 121, 4.08%, 0, 0, 2, 72.29
1494022534, 0, 79, 474, 433, 120, 4.08%, 0, 0, 2, 105.78
1494022539, 0, 81, 474, 432, 119, 4.08%, 0, 0, 2, 67.39
1494022544, 0, 86, 474, 430, 117, 4.08%, 0, 0, 2, 119.02
1494022554, 0, 87, 474, 429, 116, 4.08%, 0, 0, 2, 214.67
1494022559, 0, 90, 474, 428, 115, 4.08%, 0, 0, 2, 138.68
1494022565, 0, 92, 474, 426, 113, 4.08%, 0, 0, 2, 143.62
1494022570, 0, 97, 474, 425, 112, 4.08%, 0, 0, 2, 147.22
1494022575, 0, 100, 474, 424, 111, 4.08%, 0, 0, 2, 184.43
1494022585, 0, 103, 474, 422, 109, 4.08%, 0, 0, 2, 141.34
1494022590, 0, 106, 474, 420, 107, 4.08%, 0, 0, 2, 207.24
1494022595, 0, 109, 474, 419, 106, 4.08%, 0, 0, 2, 149.16
1494022600, 0, 110, 474, 418, 105, 4.08%, 0, 0, 2, 60.68
1494022606, 0, 111, 474, 417, 104, 4.08%, 0, 0, 2, 126.86
1494022611, 0, 112, 474, 416, 103, 4.08%, 0, 0, 2, 169.93
1494022616, 0, 113, 474, 415, 102, 4.08%, 0, 0, 2, 128.06
1494022621, 0, 119, 474, 412, 99, 4.08%, 0, 0, 2, 151.17
1494022626, 0, 120, 474, 411, 98, 4.08%, 0, 0, 2, 105.84
1494022631, 0, 121, 474, 410, 97, 4.08%, 0, 0, 2, 101.82
1494022642, 0, 122, 474, 409, 96, 4.08%, 0, 0, 2, 67.05
1494022647, 0, 123, 474, 408, 95, 4.08%, 0, 0, 2, 91.14
1494022657, 0, 124, 474, 407, 94, 4.08%, 0, 0, 2, 84.58
1494022662, 0, 128, 474, 406, 93, 4.08%, 0, 0, 2, 134.19
1494022667, 0, 130, 474, 405, 92, 4.08%, 0, 0, 2, 186.26
1494022677, 0, 135, 474, 403, 90, 4.08%, 0, 0, 2, 200.46
1494022682, 0, 139, 474, 401, 88, 4.08%, 0, 0, 2, 186.84
1494022687, 0, 140, 474, 400, 87, 4.08%, 0, 0, 2, 176.88
1494022692, 0, 142, 474, 399, 86, 4.08%, 0, 0, 2, 156.27
1494022698, 0, 146, 474, 398, 85, 4.08%, 0, 0, 2, 87.03
1494022703, 0, 150, 474, 397, 84, 4.08%, 0, 0, 2, 146.84
1494022718, 0, 151, 474, 396, 83, 4.08%, 0, 0, 2, 126.92
1494022728, 0, 154, 474, 393, 80, 4.08%, 0, 0, 2, 175.83
1494022739, 0, 160, 474, 391, 78, 4.08%, 0, 0, 2, 168.83
1494022749, 0, 162, 474, 390, 77, 4.08%, 0, 0, 2, 102.44
1494022754, 0, 165, 474, 389, 76, 4.08%, 0, 0, 2, 121.66
1494022764, 0, 169, 474, 387, 74, 4.08%, 0, 0, 2, 72.07
1494022769, 0, 173, 474, 386, 73, 4.08%, 0, 0, 2, 188.89
1494022774, 0, 178, 474, 385, 72, 4.08%, 0, 0, 2, 199.81
1494022779, 0, 188, 474, 383, 70, 4.08%, 0, 0, 2, 199.25
1494022784, 0, 191, 474, 382, 69, 4.08%, 0, 0, 2, 136.13
1494022794, 0, 197, 474, 381, 68, 4.08%, 0, 0, 2, 53.08
1494022799, 0, 203, 474, 380, 67, 4.08%, 0, 0, 2, 143.67
1494022804, 0, 206, 474, 379, 66, 4.08%, 0, 0, 2, 153.04
1494022809, 0, 220, 474, 377, 64, 4.08%, 0, 0, 2, 170.97
1494022815, 0, 224, 474, 376, 63, 4.08%, 0, 0, 2, 176.62
1494022820, 0, 226, 474, 375, 62, 4.08%, 0, 0, 2, 186.55
1494022825, 0, 231, 474, 374, 61, 4.08%, 0, 0, 2, 199.72
1494022830, 0, 232, 474, 373, 61, 4.08%, 0, 0, 2, 175.70
1494022835, 0, 235, 474, 372, 60, 4.08%, 0, 0, 2, 195.20
1494022840, 0, 238, 474, 371, 59, 4.08%, 0, 0, 2, 132.00
1494022845, 0, 240, 474, 369, 57, 4.08%, 0, 0, 2, 168.73
1494022856, 0, 245, 474, 368, 56, 4.08%, 0, 0, 2, 70.46
1494022861, 0, 247, 474, 367, 55, 4.08%, 0, 0, 2, 125.57
1494022871, 0, 261, 474, 365, 53, 4.08%, 0, 0, 2, 151.16
1494022881, 0, 262, 474, 364, 52, 4.08%, 0, 0, 2, 150.25
1494022886, 0, 263, 474, 363, 51, 4.08%, 0, 0, 2, 130.83
1494022892, 0, 267, 474, 362, 50, 4.08%, 0, 0, 2, 166.58
1494022897, 0, 268, 474, 361, 49, 4.08%, 0, 0, 2, 159.41
1494022902, 0, 274, 474, 359, 47, 4.08%, 0, 0, 2, 184.69
1494022912, 0, 277, 474, 358, 46, 4.08%, 0, 0, 2, 146.02
1494022917, 0, 278, 474, 357, 45, 4.08%, 0, 0, 2, 112.60
1494022922, 0, 282, 474, 356, 44, 4.08%, 0, 0, 2, 98.66
1494022933, 0, 288, 474, 355, 43, 4.08%, 0, 0, 2, 168.51
1494022938, 0, 298, 474, 354, 42, 4.08%, 0, 0, 2, 171.72
1494022948, 0, 305, 474, 352, 40, 4.08%, 0, 0, 2, 174.74
1494022953, 0, 307, 474, 351, 39, 4.08%, 0, 0, 2, 185.49
1494022963, 0, 313, 474, 349, 37, 4.08%, 0, 0, 2, 152.14
1494022969, 0, 315, 474, 348, 36, 4.08%, 0, 0, 2, 149.68
1494022974, 0, 319, 474, 347, 35, 4.08%, 0, 0, 2, 152.12
1494022979, 0, 321, 474, 346, 34, 4.08%, 0, 0, 2, 176.62
1494022984, 0, 322, 474, 345, 33, 4.08%, 0, 0, 2, 178.71
1494022989, 0, 327, 474, 343, 32, 4.08%, 0, 0, 2, 135.43
1494022994, 0, 328, 474, 342, 31, 4.08%, 0, 0, 2, 87.58
1494023015, 0, 334, 474, 340, 30, 4.08%, 0, 0, 2, 158.80
1494023020, 0, 337, 474, 339, 29, 4.08%, 0, 0, 2, 113.99
1494023025, 0, 343, 474, 338, 28, 4.08%, 0, 0, 2, 166.62
1494023030, 0, 349, 474, 337, 27, 4.08%, 0, 0, 2, 76.10
1494023035, 0, 354, 474, 336, 26, 4.08%, 0, 0, 2, 126.94
1494023040, 0, 355, 474, 335, 25, 4.08%, 0, 0, 2, 128.73
1494023045, 0, 364, 474, 334, 24, 4.08%, 0, 0, 2, 59.91
1494023050, 0, 374, 474, 333, 23, 4.08%, 0, 0, 2, 109.22
1494023076, 0, 396, 474, 332, 22, 4.08%, 0, 0, 2, 45.53
1494023081, 0, 397, 474, 331, 21, 4.08%, 0, 0, 2, 154.65
1494023101, 0, 401, 474, 330, 20, 4.08%, 0, 0, 2, 138.38
1494023106, 0, 407, 474, 329, 19, 4.08%, 0, 0, 2, 188.48
1494023111, 0, 413, 474, 328, 18, 4.08%, 0, 0, 2, 130.89
1494023122, 0, 420, 474, 327, 17, 4.08%, 0, 0, 2, 76.11
1494023127, 0, 424, 474, 326, 16, 4.08%, 0, 0, 2, 125.89
1494023137, 0, 425, 474, 325, 15, 4.08%, 0, 0, 2, 106.93
1494023142, 0, 426, 474, 324, 14, 4.08%, 0, 0, 2, 28.68
1494023173, 0, 436, 474, 323, 13, 4.08%, 0, 0, 2, 69.94
1494023184, 0, 437, 474, 322, 12, 4.08%, 0, 0, 2, 45.94
1494023199, 0, 447, 474, 321, 11, 4.08%, 0, 0, 2, 36.87
1494023220, 0, 451, 474, 320, 10, 4.08%, 0, 0, 2, 100.80
1494023230, 0, 454, 474, 319, 9, 4.08%, 0, 0, 2, 134.70
1494023235, 0, 455, 474, 318, 8, 4.08%, 0, 0, 2, 18.65
1494023301, 0, 461, 474, 317, 7, 4.08%, 0, 0, 2, 125.02
1494023306, 0, 462, 474, 316, 6, 4.08%, 0, 0, 2, 75.02
1494023317, 0, 463, 474, 315, 5, 4.08%, 0, 0, 2, 92.51
1494023322, 0, 465, 474, 314, 4, 4.08%, 0, 0, 2, 26.79
1494023409, 0, 467, 474, 313, 3, 4.08%, 0, 0, 2, 29.90
1494023425, 0, 468, 474, 312, 2, 4.08%, 0, 0, 2, 68.31
1494023435, 0, 472, 474, 311, 1, 4.08%, 0, 0, 2, 101.58
1494023440, 1, 0, 474, 310, 0, 4.08%, 0, 0, 2, 144.74
1494023445, 1, 2, 474, 310, 0, 4.08%, 0, 0, 2, 158.33
1494023450, 1, 5, 474, 310, 0, 4.08%, 0, 0, 2, 240.06
1494023456, 1, 12, 474, 310, 0, 4.08%, 0, 0, 2, 206.65
1494023461, 1, 16, 474, 310, 0, 4.08%, 0, 0, 2, 118.50
1494023466, 1, 18, 474, 308, 0, 4.08%, 0, 0, 2, 152.13
1494023471, 1, 20, 474, 308, 0, 4.08%, 0, 0, 2, 174.07
1494023476, 1, 22, 474, 307, 0, 4.08%, 0, 0, 2, 162.62
1494023481, 1, 25, 474, 306, 0, 4.08%, 0, 0, 2, 181.50
1494023486, 1, 28, 474, 306, 0, 4.08%, 0, 0, 2, 170.31
1494023496, 1, 31, 474, 306, 0, 4.08%, 0, 0, 2, 185.46
1494023501, 1, 33, 474, 305, 0, 4.08%, 0, 0, 2, 156.53
1494023507, 1, 37, 474, 305, 0, 4.08%, 0, 0, 2, 165.79
1494023512, 1, 41, 474, 305, 0, 4.08%, 0, 0, 2, 143.85
1494023517, 1, 48, 474, 304, 0, 4.08%, 0, 0, 2, 197.94
1494023522, 1, 49, 474, 304, 0, 4.08%, 0, 0, 2, 166.27
1494023527, 1, 52, 474, 304, 0, 4.08%, 0, 0, 2, 156.99
1494023532, 1, 55, 474, 304, 0, 4.08%, 0, 0, 2, 159.21
1494023538, 1, 62, 474, 304, 0, 4.08%, 0, 0, 2, 17.54
1494023543, 1, 65, 474, 304, 0, 4.08%, 0, 0, 2, 142.59
1494023548, 1, 68, 474, 304, 0, 4.08%, 0, 0, 2, 139.83
1494023553, 1, 69, 474, 304, 0, 4.08%, 0, 0, 2, 157.41
1494023558, 1, 72, 474, 304, 0, 4.08%, 0, 0, 2, 156.21
1494023563, 1, 75, 474, 303, 0, 4.08%, 0, 0, 2, 177.24
1494023568, 1, 78, 474, 302, 0, 4.08%, 0, 0, 2, 169.38
1494023574, 1, 80, 474, 302, 0, 4.08%, 0, 0, 2, 166.35
1494023579, 1, 82, 474, 301, 0, 4.08%, 0, 0, 2, 177.18
1494023584, 1, 86, 474, 300, 0, 4.08%, 0, 0, 2, 147.11
1494023589, 1, 87, 474, 300, 0, 4.08%, 0, 0, 2, 166.18
1494023594, 1, 89, 474, 300, 0, 4.08%, 0, 0, 2, 162.25
1494023599, 1, 91, 474, 299, 0, 4.08%, 0, 0, 2, 166.11
1494023604, 1, 95, 474, 299, 0, 4.08%, 0, 0, 2, 191.24
1494023609, 1, 100, 474, 297, 0, 4.08%, 0, 0, 2, 183.85
1494023614, 1, 101, 474, 297, 0, 4.08%, 0, 0, 2, 169.75
1494023619, 1, 106, 474, 297, 0, 4.08%, 0, 0, 2, 200.89
1494023624, 1, 107, 474, 297, 0, 4.08%, 0, 0, 2, 181.95
1494023629, 1, 111, 474, 296, 0, 4.08%, 0, 0, 2, 172.87
1494023634, 1, 112, 474, 296, 0, 4.08%, 0, 0, 2, 188.54
1494023640, 1, 119, 474, 296, 0, 4.08%, 0, 0, 2, 187.80
1494023645, 1, 121, 474, 296, 0, 4.08%, 0, 0, 2, 192.37
1494023650, 1, 122, 474, 296, 0, 4.08%, 0, 0, 2, 200.87
1494023655, 1, 124, 474, 296, 0, 4.08%, 0, 0, 2, 167.00
1494023660, 1, 128, 474, 296, 0, 4.08%, 0, 0, 2, 161.16
1494023665, 1, 130, 474, 296, 0, 4.08%, 0, 0, 2, 194.34
1494023670, 1, 133, 474, 296, 0, 4.08%, 0, 0, 2, 206.32
1494023675, 1, 135, 474, 295, 0, 4.08%, 0, 0, 2, 205.01
1494023681, 1, 138, 474, 295, 0, 4.08%, 0, 0, 2, 180.73
1494023686, 1, 140, 474, 294, 0, 4.08%, 0, 0, 2, 189.91
1494023691, 1, 142, 474, 294, 0, 4.08%, 0, 0, 2, 187.46
1494023696, 1, 284, 475, 295, 1, 4.09%, 0, 0, 2, 76.85
1494023701, 1, 332, 475, 294, 1, 4.09%, 0, 0, 2, 129.31
1494023706, 1, 474, 475, 293, 1, 4.09%, 0, 0, 2, 118.60
1494023711, 2, 0, 475, 292, 0, 4.09%, 0, 0, 2, 145.19
1494023716, 2, 1, 475, 292, 0, 4.09%, 0, 0, 2, 174.69
1494023722, 2, 5, 475, 292, 0, 4.09%, 0, 0, 2, 152.29
1494023727, 2, 7, 475, 292, 0, 4.09%, 0, 0, 2, 160.06
1494023732, 2, 8, 475, 291, 0, 4.09%, 0, 0, 2, 167.53
1494023737, 2, 10, 475, 290, 0, 4.09%, 0, 0, 2, 129.20
1494023742, 2, 15, 475, 290, 0, 4.09%, 0, 0, 2, 177.45
1494023747, 2, 19, 475, 290, 0, 4.09%, 0, 0, 2, 126.27
1494023752, 2, 25, 475, 290, 0, 4.09%, 0, 0, 2, 172.32
1494023757, 2, 28, 475, 290, 0, 4.09%, 0, 0, 2, 121.55
1494023767, 2, 31, 475, 290, 0, 4.09%, 0, 0, 2, 174.91
1494023772, 2, 34, 475, 290, 0, 4.09%, 0, 0, 2, 172.64
1494023777, 2, 38, 475, 290, 0, 4.09%, 0, 0, 2, 181.42
1494023783, 2, 48, 475, 290, 0, 4.09%, 0, 0, 2, 200.11
1494023788, 2, 50, 475, 290, 0, 4.09%, 0, 0, 2, 184.23
1494023793, 2, 53, 475, 290, 0, 4.09%, 0, 0, 2, 173.23
1494023798, 2, 56, 475, 290, 0, 4.09%, 0, 0, 2, 166.33
1494023803, 2, 58, 475, 289, 0, 4.09%, 0, 0, 2, 171.34
1494023808, 2, 62, 475, 288, 0, 4.09%, 0, 0, 2, 159.92
1494023813, 2, 64, 475, 288, 0, 4.09%, 0, 0, 2, 162.93
1494023819, 2, 67, 475, 287, 0, 4.09%, 0, 0, 2, 155.81
1494023824, 2, 69, 475, 287, 0, 4.09%, 0, 0, 2, 127.62
1494023829, 2, 70, 475, 287, 0, 4.09%, 0, 0, 2, 163.06
1494023834, 2, 73, 475, 287, 0, 4.09%, 0, 0, 2, 183.82
1494023839, 2, 76, 475, 287, 0, 4.09%, 0, 0, 2, 180.54
1494023844, 2, 79, 475, 286, 0, 4.09%, 0, 0, 2, 172.73
1494023849, 2, 84, 475, 286, 0, 4.09%, 0, 0, 2, 96.16
1494023854, 2, 86, 475, 285, 0, 4.09%, 0, 0, 2, 141.81
1494023859, 2, 87, 475, 285, 0, 4.09%, 0, 0, 2, 175.82
1494023865, 2, 91, 475, 285, 0, 4.09%, 0, 0, 2, 124.65
1494023870, 2, 97, 475, 285, 0, 4.09%, 0, 0, 2, 132.60
1494023875, 2, 98, 475, 285, 0, 4.09%, 0, 0, 2, 200.36
1494023880, 2, 101, 475, 284, 0, 4.09%, 0, 0, 2, 166.36
1494023885, 2, 104, 475, 284, 0, 4.09%, 0, 0, 2, 172.95
1494023890, 2, 106, 475, 283, 0, 4.09%, 0, 0, 2, 175.34
1494023895, 2, 111, 475, 283, 0, 4.09%, 0, 0, 2, 169.07
1494023901, 2, 112, 475, 283, 0, 4.09%, 0, 0, 2, 179.55
1494023906, 2, 117, 475, 283, 0, 4.09%, 0, 0, 2, 179.80
1494023911, 2, 120, 475, 282, 0, 4.09%, 0, 0, 2, 172.95
1494023916, 2, 122, 475, 282, 0, 4.09%, 0, 0, 2, 130.55
1494023921, 2, 123, 475, 282, 0, 4.09%, 0, 0, 2, 159.32
1494023926, 2, 128, 475, 282, 0, 4.09%, 0, 0, 2, 153.78
1494023931, 2, 130, 475, 282, 0, 4.09%, 0, 0, 2, 175.70
1494023941, 2, 135, 475, 282, 0, 4.09%, 0, 0, 2, 188.14
1494023946, 2, 137, 475, 282, 0, 4.09%, 0, 0, 2, 176.13
1494023952, 2, 140, 475, 281, 0, 4.09%, 0, 0, 2, 182.67
1494023957, 2, 142, 475, 280, 0, 4.09%, 0, 0, 2, 177.13
1494023962, 2, 143, 475, 280, 0, 4.09%, 0, 0, 2, 122.93
1494023967, 2, 146, 475, 279, 0, 4.09%, 0, 0, 2, 163.02
1494023972, 2, 150, 475, 278, 0, 4.09%, 0, 0, 2, 176.79
1494023977, 2, 151, 475, 278, 0, 4.09%, 0, 0, 2, 168.66
1494023982, 2, 154, 475, 278, 0, 4.09%, 0, 0, 2, 185.21
1494023987, 2, 156, 475, 278, 0, 4.09%, 0, 0, 2, 197.30
1494023998, 2, 160, 475, 277, 0, 4.09%, 0, 0, 2, 187.29
1494024003, 2, 162, 475, 277, 0, 4.09%, 0, 0, 2, 102.43
1494024008, 2, 165, 475, 276, 0, 4.09%, 0, 0, 2, 186.06
1494024013, 2, 167, 475, 276, 0, 4.09%, 0, 0, 2, 187.45
1494024018, 2, 173, 475, 276, 0, 4.09%, 0, 0, 2, 169.99
1494024023, 2, 174, 475, 276, 0, 4.09%, 0, 0, 2, 185.00
1494024028, 2, 178, 475, 274, 0, 4.09%, 0, 0, 2, 179.14
1494024038, 2, 183, 475, 274, 0, 4.09%, 0, 0, 2, 161.70
1494024043, 2, 188, 475, 273, 0, 4.09%, 0, 0, 2, 184.46
1494024049, 2, 191, 475, 272, 0, 4.09%, 0, 0, 2, 179.81
1494024054, 2, 194, 475, 272, 0, 4.09%, 0, 0, 2, 178.97
1494024059, 2, 197, 475, 271, 0, 4.09%, 0, 0, 2, 179.36
1494024064, 2, 203, 475, 270, 0, 4.09%, 0, 0, 2, 165.30
1494024069, 2, 206, 476, 271, 0, 4.09%, 0, 0, 2, 149.60
1494024074, 2, 212, 476, 271, 0, 4.09%, 0, 0, 2, 129.31
1494024084, 2, 213, 476, 270, 0, 4.09%, 0, 0, 2, 94.90
1494024095, 2, 215, 476, 269, 0, 4.09%, 0, 0, 2, 133.01
1494024100, 2, 216, 476, 268, 0, 4.09%, 0, 0, 2, 19.39
1494024174, 2, 220, 476, 267, 0, 4.09%, 0, 1, 2, 144.50
1494024179, 2, 223, 476, 267, 0, 4.09%, 0, 1, 2, 145.55
1494024204, 2, 224, 476, 266, 0, 4.09%, 0, 1, 2, 176.79
1494024209, 2, 226, 476, 266, 0, 4.09%, 0, 1, 2, 188.88
1494024214, 2, 232, 476, 265, 0, 4.09%, 0, 1, 2, 185.94
1494024220, 2, 234, 476, 265, 0, 4.09%, 0, 1, 2, 129.37
1494024225, 2, 235, 476, 264, 0, 4.09%, 0, 1, 2, 163.33
1494024230, 2, 240, 476, 264, 0, 4.09%, 0, 1, 2, 167.55
1494024235, 2, 244, 476, 263, 0, 4.09%, 0, 1, 2, 132.34
1494024246, 2, 246, 476, 262, 0, 4.09%, 0, 1, 2, 133.60
1494024251, 2, 247, 476, 261, 0, 4.09%, 0, 1, 2, 210.65
1494024256, 2, 249, 476, 261, 0, 4.09%, 0, 1, 2, 194.53
1494024261, 2, 261, 476, 259, 0, 4.09%, 0, 1, 2, 183.17
1494024266, 2, 262, 476, 259, 0, 4.09%, 0, 1, 2, 178.03
1494024271, 2, 263, 476, 259, 0, 4.09%, 0, 1, 2, 180.14
1494024276, 2, 267, 476, 258, 0, 4.09%, 0, 1, 2, 181.00
1494024281, 2, 268, 476, 258, 0, 4.09%, 0, 1, 2, 179.70
1494024286, 2, 274, 476, 258, 0, 4.09%, 0, 1, 2, 192.72
1494024292, 2, 275, 476, 258, 0, 4.09%, 0, 1, 2, 183.37
1494024297, 2, 277, 476, 257, 0, 4.09%, 0, 1, 2, 195.78
1494024302, 2, 278, 476, 257, 0, 4.09%, 0, 1, 2, 127.90
1494024307, 2, 279, 476, 257, 0, 4.09%, 0, 1, 2, 156.22
1494024312, 2, 282, 476, 256, 0, 4.09%, 0, 1, 2, 174.69
1494024317, 2, 288, 476, 256, 0, 4.09%, 0, 1, 2, 125.10
1494024322, 2, 295, 476, 256, 0, 4.09%, 0, 1, 2, 191.62
1494024327, 2, 298, 476, 255, 0, 4.09%, 0, 1, 2, 183.62
1494024333, 2, 299, 476, 255, 0, 4.09%, 0, 1, 2, 169.37
1494024348, 2, 300, 476, 254, 0, 4.09%, 0, 1, 2, 192.78
1494024353, 2, 303, 477, 253, 0, 4.09%, 0, 1, 2, 197.09
1494024358, 2, 305, 477, 253, 0, 4.09%, 0, 1, 2, 187.41
1494024363, 2, 307, 477, 252, 0, 4.09%, 0, 1, 2, 184.30
1494024369, 2, 308, 477, 252, 0, 4.09%, 0, 1, 2, 153.86
1494024379, 2, 309, 477, 251, 0, 4.09%, 0, 1, 2, 148.24
1494024384, 2, 312, 477, 250, 0, 4.09%, 0, 1, 2, 158.61
1494024389, 2, 313, 477, 249, 0, 4.09%, 0, 1, 2, 170.33
1494024394, 2, 319, 477, 249, 0, 4.09%, 0, 1, 2, 178.20
1494024399, 2, 324, 477, 249, 0, 4.09%, 0, 1, 2, 184.68
1494024404, 2, 328, 477, 249, 0, 4.09%, 0, 1, 2, 91.79
1494024409, 2, 337, 477, 249, 0, 4.09%, 0, 1, 2, 174.85
1494024415, 2, 347, 477, 248, 0, 4.09%, 0, 1, 2, 208.40
1494024430, 2, 348, 477, 247, 0, 4.09%, 0, 1, 2, 194.65
1494024435, 2, 354, 477, 246, 0, 4.09%, 0, 1, 2, 183.43
1494024440, 2, 363, 477, 246, 0, 4.09%, 0, 1, 2, 129.35
1494024445, 2, 364, 477, 245, 0, 4.09%, 0, 1, 2, 185.17
1494024450, 2, 374, 478, 246, 0, 4.09%, 0, 1, 2, 101.44
1494024455, 2, 375, 478, 246, 0, 4.09%, 0, 1, 2, 131.68
1494024466, 2, 382, 478, 244, 0, 4.09%, 0, 1, 2, 174.46
1494024471, 2, 385, 478, 243, 0, 4.09%, 0, 1, 2, 185.58
1494024476, 2, 391, 478, 242, 0, 4.09%, 0, 1, 2, 72.19
1494024486, 2, 396, 478, 241, 0, 4.09%, 0, 1, 2, 111.07
1494024491, 2, 398, 478, 241, 0, 4.09%, 0, 1, 2, 148.53
1494024496, 2, 401, 478, 240, 0, 4.09%, 0, 1, 2, 214.60
1494024502, 2, 402, 478, 240, 0, 4.09%, 0, 1, 2, 120.77
1494024507, 2, 405, 478, 239, 0, 4.09%, 0, 1, 2, 126.26
1494024527, 2, 410, 478, 238, 0, 4.09%, 0, 1, 2, 120.74
1494024542, 2, 411, 478, 237, 0, 4.09%, 0, 1, 2, 62.93
1494024548, 2, 413, 478, 236, 0, 4.09%, 0, 1, 2, 13.99
1494024553, 2, 414, 478, 236, 0, 4.09%, 0, 1, 2, 181.42
1494024558, 2, 418, 478, 235, 0, 4.09%, 0, 1, 2, 80.07
1494024578, 2, 422, 478, 234, 0, 4.09%, 0, 1, 2, 167.53
1494024589, 2, 424, 478, 233, 0, 4.09%, 0, 1, 2, 167.16
1494024594, 2, 426, 478, 233, 0, 4.09%, 0, 1, 2, 151.08
1494024599, 2, 427, 478, 233, 0, 4.09%, 0, 1, 2, 105.89
1494024604, 2, 431, 478, 232, 0, 4.09%, 0, 1, 2, 116.86
1494024619, 2, 434, 478, 231, 0, 4.09%, 0, 1, 2, 128.03
1494024629, 2, 435, 478, 230, 0, 4.09%, 0, 1, 2, 58.68
1494024655, 2, 437, 478, 229, 0, 4.09%, 0, 1, 2, 151.08
1494024660, 2, 443, 478, 228, 0, 4.09%, 0, 1, 2, 58.69
1494024691, 2, 444, 478, 227, 0, 4.09%, 0, 1, 2, 63.55
1494024711, 2, 447, 478, 226, 0, 4.09%, 0, 1, 2, 96.07
1494024716, 2, 453, 478, 226, 0, 4.09%, 0, 1, 2, 117.22
1494024727, 2, 455, 478, 225, 0, 4.09%, 0, 1, 2, 137.49
1494024732, 2, 457, 478, 225, 0, 4.09%, 0, 1, 2, 169.93
1494024747, 2, 461, 478, 224, 0, 4.09%, 0, 1, 2, 153.92
1494024752, 2, 462, 478, 224, 0, 4.09%, 0, 1, 2, 137.60
1494024757, 2, 463, 478, 224, 0, 4.09%, 0, 1, 2, 163.62
1494024763, 2, 467, 478, 224, 0, 4.09%, 0, 1, 2, 123.45
1494024768, 2, 468, 478, 224, 0, 4.09%, 0, 1, 2, 155.97
1494024773, 2, 470, 478, 224, 0, 4.09%, 0, 1, 2, 116.24
1494024793, 2, 472, 478, 223, 0, 4.09%, 0, 1, 2, 158.24
1494024799, 3, 0, 478, 223, 0, 4.09%, 0, 1, 2, 159.50
1494024804, 3, 2, 478, 223, 0, 4.09%, 0, 1, 2, 180.19
1494024809, 3, 5, 478, 223, 0, 4.09%, 0, 1, 2, 175.82
1494024814, 3, 8, 478, 223, 0, 4.09%, 0, 1, 2, 190.26
1494024824, 3, 15, 478, 223, 0, 4.09%, 0, 1, 2, 200.70
1494024829, 3, 18, 478, 223, 0, 4.09%, 0, 1, 2, 184.09
1494024834, 3, 20, 478, 223, 0, 4.09%, 0, 1, 2, 167.26
1494024839, 3, 23, 478, 223, 0, 4.09%, 0, 1, 2, 189.50
1494024844, 3, 25, 478, 222, 0, 4.09%, 0, 1, 2, 172.58
1494024849, 3, 28, 478, 222, 0, 4.09%, 0, 1, 2, 169.80
1494024855, 3, 30, 478, 222, 0, 4.09%, 0, 1, 2, 163.95
1494024860, 3, 33, 478, 222, 0, 4.09%, 0, 1, 2, 161.32
1494024865, 3, 37, 478, 222, 0, 4.09%, 0, 1, 2, 171.19
1494024870, 3, 40, 478, 222, 0, 4.09%, 0, 1, 2, 190.20
1494024875, 3, 44, 478, 221, 0, 4.09%, 0, 1, 2, 189.48
1494024880, 3, 48, 478, 221, 0, 4.09%, 0, 1, 2, 180.64
1494024885, 3, 51, 478, 221, 0, 4.09%, 0, 1, 2, 175.70
1494024891, 3, 53, 478, 221, 0, 4.09%, 0, 1, 2, 162.75
1494024896, 3, 56, 478, 221, 0, 4.09%, 0, 1, 2, 164.80
1494024901, 3, 61, 478, 220, 0, 4.09%, 0, 1, 2, 238.96
1494024906, 3, 63, 479, 220, 0, 4.09%, 0, 1, 2, 216.79
1494024911, 3, 67, 479, 220, 0, 4.09%, 0, 1, 2, 179.62
1494024916, 3, 69, 479, 220, 0, 4.09%, 0, 1, 2, 162.60
1494024921, 3, 70, 479, 220, 0, 4.09%, 0, 1, 2, 159.90
1494024926, 3, 73, 479, 220, 0, 4.09%, 0, 1, 2, 173.67
1494024932, 3, 78, 479, 220, 0, 4.09%, 0, 1, 2, 168.26
1494024937, 3, 82, 479, 220, 0, 4.09%, 0, 1, 2, 172.00
1494024942, 3, 87, 479, 220, 0, 4.09%, 0, 1, 2, 195.80
1494024947, 3, 90, 479, 220, 0, 4.09%, 0, 1, 2, 176.57
1494024952, 3, 92, 479, 220, 0, 4.09%, 0, 1, 2, 173.11
1494024957, 3, 97, 479, 219, 0, 4.09%, 0, 1, 2, 180.39
1494024962, 3, 101, 479, 219, 0, 4.09%, 0, 1, 2, 162.96
1494024967, 3, 104, 479, 219, 0, 4.09%, 0, 1, 2, 178.71
1494024973, 3, 109, 479, 219, 0, 4.09%, 0, 1, 2, 187.87
1494024978, 3, 111, 479, 219, 0, 4.09%, 0, 1, 2, 169.55
1494024983, 3, 113, 479, 219, 0, 4.09%, 0, 1, 2, 179.58
1494024988, 3, 114, 479, 219, 0, 4.09%, 0, 1, 2, 149.79
1494024993, 3, 119, 479, 218, 0, 4.09%, 0, 1, 2, 154.51
1494024998, 3, 121, 479, 218, 0, 4.09%, 0, 1, 2, 153.59
1494025003, 3, 123, 479, 218, 0, 4.09%, 0, 1, 2, 154.15
1494025009, 3, 124, 479, 218, 0, 4.09%, 0, 1, 2, 153.85
1494025014, 3, 128, 479, 218, 0, 4.09%, 0, 1, 2, 169.45
1494025019, 3, 130, 479, 218, 0, 4.09%, 0, 1, 2, 179.01
1494025024, 3, 135, 479, 218, 0, 4.09%, 0, 1, 2, 176.49
1494025029, 3, 136, 479, 218, 0, 4.09%, 0, 1, 2, 195.04
1494025034, 3, 140, 479, 218, 0, 4.09%, 0, 1, 2, 180.72
1494025039, 3, 142, 479, 218, 0, 4.09%, 0, 1, 2, 181.19
1494025044, 3, 147, 479, 218, 0, 4.09%, 0, 1, 2, 86.24
1494025049, 3, 150, 479, 217, 0, 4.09%, 0, 1, 2, 136.69
1494025054, 3, 152, 479, 217, 0, 4.09%, 0, 1, 2, 175.03
1494025059, 3, 154, 479, 217, 0, 4.09%, 0, 1, 2, 201.58
1494025065, 3, 155, 479, 217, 0, 4.09%, 0, 1, 2, 147.91
1494025070, 3, 159, 479, 215, 0, 4.09%, 0, 1, 2, 190.44
1494025075, 3, 161, 479, 215, 0, 4.09%, 0, 1, 2, 181.26
1494025080, 3, 162, 479, 214, 0, 4.09%, 0, 1, 2, 144.35
1494025085, 3, 165, 479, 213, 0, 4.09%, 0, 1, 2, 217.81
1494025090, 3, 167, 479, 213, 0, 4.09%, 0, 1, 2, 198.47
1494025095, 3, 168, 479, 213, 0, 4.09%, 0, 1, 2, 157.83
1494025100, 3, 170, 479, 212, 0, 4.09%, 0, 1, 2, 164.78
1494025105, 3, 171, 479, 211, 0, 4.09%, 0, 1, 2, 82.91
1494025110, 3, 178, 479, 209, 0, 4.09%, 0, 1, 2, 140.63
1494025121, 3, 185, 480, 209, 0, 4.09%, 0, 1, 2, 183.73
1494025126, 3, 188, 480, 207, 0, 4.09%, 0, 1, 2, 190.14
1494025131, 3, 191, 480, 207, 0, 4.09%, 0, 1, 2, 182.96
1494025136, 3, 195, 480, 207, 0, 4.09%, 0, 1, 2, 172.91
1494025141, 3, 202, 480, 206, 0, 4.09%, 0, 1, 2, 161.26
1494025146, 3, 205, 480, 205, 0, 4.09%, 0, 1, 2, 162.38
1494025151, 3, 206, 480, 204, 0, 4.09%, 0, 1, 2, 188.07
1494025156, 3, 218, 480, 204, 0, 4.09%, 0, 1, 2, 141.23
1494025161, 3, 220, 480, 203, 0, 4.09%, 0, 1, 2, 178.43
1494025166, 3, 222, 480, 203, 0, 4.09%, 0, 1, 2, 86.18
1494025171, 3, 226, 480, 202, 0, 4.09%, 0, 1, 2, 186.16
1494025176, 3, 227, 480, 202, 0, 4.09%, 0, 1, 2, 178.79
1494025182, 3, 229, 481, 202, 0, 4.09%, 0, 1, 2, 175.54
1494025192, 3, 230, 481, 201, 0, 4.09%, 0, 1, 2, 140.66
1494025197, 3, 235, 481, 200, 0, 4.09%, 0, 1, 2, 166.33
1494025202, 3, 240, 481, 200, 0, 4.09%, 0, 1, 2, 167.98
1494025207, 3, 247, 481, 200, 0, 4.09%, 0, 1, 2, 176.97
1494025212, 3, 249, 481, 200, 0, 4.09%, 0, 1, 2, 170.11
1494025218, 3, 255, 481, 200, 0, 4.09%, 0, 1, 2, 130.17
1494025223, 3, 260, 481, 199, 0, 4.09%, 0, 1, 2, 150.38
1494025228, 3, 262, 481, 198, 0, 4.09%, 0, 1, 2, 167.34
1494025233, 3, 263, 481, 198, 0, 4.09%, 0, 1, 2, 171.36
1494025238, 3, 267, 482, 199, 0, 4.09%, 0, 1, 2, 179.46
1494025243, 3, 269, 482, 199, 0, 4.09%, 0, 1, 2, 151.07
1494025254, 3, 272, 482, 198, 0, 4.09%, 0, 1, 2, 81.14
1494025259, 3, 273, 482, 197, 0, 4.09%, 0, 1, 2, 127.42
1494025264, 3, 400, 484, 198, 1, 4.09%, 0, 1, 2, 184.99
1494025269, 3, 483, 484, 197, 1, 4.09%, 0, 1, 2, 200.70
1494025274, 4, 0, 484, 196, 0, 4.09%, 0, 1, 2, 190.08
1494025279, 4, 1, 484, 196, 0, 4.09%, 0, 1, 2, 93.82
1494025284, 4, 5, 484, 196, 0, 4.09%, 0, 1, 2, 168.58
1494025289, 4, 11, 484, 196, 0, 4.09%, 0, 1, 2, 166.49
1494025295, 4, 13, 484, 195, 0, 4.09%, 0, 1, 2, 218.24
1494025300, 4, 15, 484, 194, 0, 4.09%, 0, 1, 2, 186.72
1494025305, 4, 19, 484, 194, 0, 4.09%, 0, 1, 2, 162.83
1494025310, 4, 28, 484, 194, 0, 4.09%, 0, 1, 2, 181.46
1494025320, 4, 29, 484, 194, 0, 4.09%, 0, 1, 2, 104.47
1494025325, 4, 30, 484, 193, 0, 4.09%, 0, 1, 2, 130.46
1494025331, 4, 33, 484, 193, 0, 4.09%, 0, 1, 2, 155.68
1494025336, 4, 37, 484, 193, 0, 4.09%, 0, 1, 2, 160.98
1494025341, 4, 44, 484, 193, 0, 4.09%, 0, 1, 2, 146.95
1494025346, 4, 48, 484, 193, 0, 4.09%, 0, 1, 2, 185.29
1494025351, 4, 51, 484, 193, 0, 4.09%, 0, 1, 2, 172.95
1494025356, 4, 55, 484, 193, 0, 4.09%, 0, 1, 2, 164.70
1494025361, 4, 62, 484, 193, 0, 4.09%, 0, 1, 2, 157.08
1494025366, 4, 63, 484, 193, 0, 4.09%, 0, 1, 2, 186.09
1494025372, 4, 67, 484, 193, 0, 4.09%, 0, 1, 2, 165.06
1494025377, 4, 69, 484, 193, 0, 4.09%, 0, 1, 2, 148.12
1494025382, 4, 72, 484, 193, 0, 4.09%, 0, 1, 2, 169.75
1494025387, 4, 75, 484, 193, 0, 4.09%, 0, 1, 2, 172.57
1494025392, 4, 79, 484, 193, 0, 4.09%, 0, 1, 2, 165.08
1494025397, 4, 84, 484, 193, 0, 4.09%, 0, 1, 2, 170.68
1494025402, 4, 87, 484, 193, 0, 4.09%, 0, 1, 2, 162.95
1494025413, 4, 92, 484, 193, 0, 4.09%, 0, 1, 2, 160.33
1494025418, 4, 97, 484, 192, 0, 4.09%, 0, 1, 2, 170.68
1494025423, 4, 101, 484, 192, 0, 4.09%, 0, 1, 2, 173.85
1494025428, 4, 104, 484, 192, 0, 4.09%, 0, 1, 2, 200.21
1494025433, 4, 108, 484, 192, 0, 4.09%, 0, 1, 2, 199.32
1494025438, 4, 109, 484, 191, 0, 4.09%, 0, 1, 2, 172.01
1494025443, 4, 111, 484, 191, 0, 4.09%, 0, 1, 2, 135.79
1494025449, 4, 112, 484, 191, 0, 4.09%, 0, 1, 2, 165.24
1494025454, 4, 117, 484, 190, 0, 4.09%, 0, 1, 2, 175.34
1494025459, 4, 119, 484, 190, 0, 4.09%, 0, 1, 2, 207.79
1494025459, 4, 120, 484, 190, 0, 4.09%, 0, 1, 2, 0.00
1494025464, 4, 122, 484, 190, 0, 4.09%, 0, 1, 2, 148.93
1494025469, 4, 123, 484, 190, 0, 4.09%, 0, 1, 2, 159.28
1494025474, 4, 125, 484, 190, 0, 4.09%, 0, 1, 2, 145.34
1494025479, 4, 127, 484, 189, 0, 4.09%, 0, 1, 2, 145.49
1494025484, 4, 128, 484, 188, 0, 4.09%, 0, 1, 2, 192.17
1494025489, 4, 130, 484, 188, 0, 4.09%, 0, 1, 2, 185.40
1494025494, 4, 134, 484, 187, 0, 4.09%, 0, 1, 2, 180.00
1494025499, 4, 136, 484, 187, 0, 4.09%, 0, 1, 2, 200.26
1494025504, 4, 140, 484, 187, 0, 4.09%, 0, 1, 2, 183.11
1494025509, 4, 142, 484, 187, 0, 4.09%, 0, 1, 2, 168.48
1494025514, 4, 148, 484, 187, 0, 4.09%, 0, 1, 2, 146.76
1494025520, 4, 150, 484, 186, 0, 4.09%, 0, 1, 2, 144.26
1494025525, 4, 151, 484, 186, 0, 4.09%, 0, 1, 2, 144.68
1494025530, 4, 154, 484, 186, 0, 4.09%, 0, 1, 2, 190.44
1494025540, 4, 156, 484, 186, 0, 4.09%, 0, 1, 2, 201.09
1494025545, 4, 160, 484, 186, 0, 4.09%, 0, 1, 2, 188.34
1494025551, 4, 162, 484, 186, 0, 4.09%, 0, 1, 2, 165.85
1494025556, 4, 165, 484, 186, 0, 4.09%, 0, 1, 2, 186.22
1494025561, 4, 169, 484, 186, 0, 4.09%, 0, 1, 2, 186.21
1494025566, 4, 174, 484, 186, 0, 4.09%, 0, 1, 2, 196.20
1494025571, 4, 178, 484, 186, 0, 4.09%, 0, 1, 2, 218.24
1494025576, 4, 180, 484, 186, 0, 4.09%, 0, 1, 2, 199.43
1494025581, 4, 189, 484, 186, 0, 4.09%, 0, 1, 2, 194.19
1494025586, 4, 191, 484, 185, 0, 4.09%, 0, 1, 2, 191.63
1494025591, 4, 192, 484, 185, 0, 4.09%, 0, 1, 2, 191.68
1494025597, 4, 197, 484, 183, 0, 4.09%, 0, 1, 2, 175.17
1494025602, 4, 198, 484, 183, 0, 4.09%, 0, 1, 2, 108.70
1494025607, 4, 201, 484, 181, 0, 4.09%, 0, 1, 2, 180.82
1494025617, 4, 206, 484, 180, 0, 4.09%, 0, 1, 2, 170.88
1494025622, 4, 209, 484, 180, 0, 4.09%, 0, 1, 2, 151.43
1494025627, 4, 211, 484, 179, 0, 4.09%, 0, 1, 2, 164.63
1494025632, 4, 214, 484, 179, 0, 4.09%, 0, 1, 2, 106.51
1494025637, 4, 219, 484, 178, 0, 4.09%, 0, 1, 2, 153.08
1494025643, 4, 224, 484, 177, 0, 4.09%, 0, 1, 2, 181.72
1494025648, 4, 225, 484, 177, 0, 4.09%, 0, 1, 2, 172.72
1494025653, 4, 226, 484, 176, 0, 4.09%, 0, 1, 2, 188.54
1494025658, 4, 233, 485, 177, 0, 4.09%, 0, 1, 2, 187.77
1494025663, 4, 238, 485, 175, 0, 4.09%, 0, 1, 2, 177.86
1494025668, 4, 240, 485, 175, 0, 4.09%, 0, 1, 2, 164.34
1494025673, 4, 247, 485, 175, 0, 4.09%, 0, 1, 2, 168.00
1494025678, 4, 248, 485, 175, 0, 4.09%, 0, 1, 2, 169.38
1494025688, 4, 261, 485, 174, 0, 4.09%, 0, 1, 2, 190.47
1494025694, 4, 262, 485, 174, 0, 4.09%, 0, 1, 2, 172.35
1494025699, 4, 263, 485, 174, 0, 4.09%, 0, 1, 2, 87.34
1494025704, 4, 267, 486, 175, 0, 4.09%, 0, 1, 2, 156.76
1494025709, 4, 273, 486, 175, 0, 4.09%, 0, 1, 2, 164.39
1494025714, 4, 274, 486, 175, 0, 4.09%, 0, 1, 2, 185.57
1494025719, 4, 277, 486, 175, 0, 4.09%, 0, 1, 2, 198.78
1494025724, 4, 282, 486, 175, 0, 4.09%, 0, 1, 2, 180.61
1494025729, 4, 287, 486, 175, 0, 4.09%, 0, 1, 2, 193.71
1494025734, 4, 288, 486, 174, 0, 4.09%, 0, 1, 2, 187.37
1494025739, 4, 292, 486, 174, 0, 4.09%, 0, 1, 2, 214.69
1494025744, 4, 294, 486, 173, 0, 4.09%, 0, 1, 2, 124.46
1494025749, 4, 298, 486, 172, 0, 4.09%, 0, 1, 2, 172.42
1494025754, 4, 304, 486, 172, 0, 4.09%, 0, 1, 2, 117.61
1494025760, 4, 305, 486, 171, 0, 4.09%, 0, 1, 2, 143.18
1494025770, 4, 307, 486, 171, 0, 4.09%, 0, 1, 2, 191.47
1494025775, 4, 319, 486, 171, 0, 4.09%, 0, 1, 2, 185.98
1494025785, 4, 327, 486, 171, 0, 4.09%, 0, 1, 2, 192.88
1494025790, 4, 331, 486, 171, 0, 4.09%, 0, 1, 2, 151.70
1494025795, 4, 337, 486, 170, 0, 4.09%, 0, 1, 2, 163.78
1494025800, 4, 341, 486, 169, 0, 4.09%, 0, 1, 2, 156.94
1494025805, 4, 343, 486, 168, 0, 4.09%, 0, 1, 2, 179.13
1494025810, 4, 349, 486, 167, 0, 4.09%, 0, 1, 2, 177.11
1494025816, 4, 354, 486, 166, 0, 4.09%, 0, 1, 2, 193.79
1494025821, 4, 356, 486, 166, 0, 4.09%, 0, 1, 2, 155.16
1494025831, 4, 358, 487, 166, 0, 4.09%, 0, 1, 2, 168.29
1494025836, 4, 374, 487, 165, 0, 4.09%, 0, 1, 2, 153.87
1494025841, 4, 376, 487, 165, 0, 4.09%, 0, 1, 2, 132.47
1494025847, 4, 377, 487, 164, 0, 4.09%, 0, 1, 2, 158.51
1494025857, 4, 384, 487, 163, 0, 4.09%, 0, 1, 2, 95.01
1494025872, 4, 387, 487, 162, 0, 4.09%, 0, 1, 2, 114.43
1494025893, 4, 388, 487, 161, 0, 4.09%, 0, 1, 2, 120.16
1494025903, 4, 397, 487, 160, 0, 4.09%, 0, 1, 2, 128.62
1494025908, 4, 399, 488, 161, 0, 4.09%, 0, 1, 2, 72.22
1494025913, 4, 401, 488, 160, 0, 4.09%, 0, 1, 2, 141.06
1494025918, 4, 406, 488, 160, 0, 4.09%, 0, 1, 2, 176.18
1494025939, 4, 409, 488, 159, 0, 4.09%, 0, 1, 2, 171.97
1494025944, 4, 415, 488, 158, 0, 4.09%, 0, 1, 2, 180.49
1494025949, 4, 419, 488, 157, 0, 4.09%, 0, 1, 2, 179.17
1494025954, 4, 423, 488, 156, 0, 4.09%, 0, 1, 2, 145.03
1494025964, 4, 424, 488, 155, 0, 4.09%, 0, 1, 2, 153.13
1494025969, 4, 426, 488, 155, 0, 4.09%, 0, 1, 2, 146.22
1494025975, 4, 430, 488, 155, 0, 4.09%, 0, 1, 2, 128.55
1494025990, 4, 432, 488, 154, 0, 4.09%, 0, 1, 2, 126.23
1494026005, 4, 436, 488, 153, 0, 4.09%, 0, 1, 2, 176.83
1494026010, 4, 439, 488, 153, 0, 4.09%, 0, 1, 2, 131.84
1494026031, 4, 444, 488, 152, 0, 4.09%, 0, 1, 2, 118.86
1494026036, 4, 488, 489, 153, 1, 4.09%, 0, 1, 2, 22.68
1494026133, 5, 1, 489, 152, 0, 4.09%, 0, 1, 2, 160.48
1494026138, 5, 4, 489, 152, 0, 4.09%, 0, 1, 2, 27.50
1494026143, 5, 5, 489, 152, 0, 4.09%, 0, 1, 2, 180.18
1494026149, 5, 10, 489, 151, 0, 4.09%, 0, 1, 2, 171.11
1494026154, 5, 15, 489, 151, 0, 4.09%, 0, 1, 2, 53.78
1494026159, 5, 20, 489, 151, 0, 4.09%, 0, 1, 2, 205.43
1494026164, 5, 28, 489, 151, 0, 4.09%, 0, 1, 2, 183.58
1494026174, 5, 31, 489, 151, 0, 4.09%, 0, 1, 2, 176.40
1494026179, 5, 34, 489, 151, 0, 4.09%, 0, 1, 2, 167.49
1494026184, 5, 38, 489, 151, 0, 4.09%, 0, 1, 2, 176.34
1494026189, 5, 44, 489, 151, 0, 4.09%, 0, 1, 2, 196.89
1494026194, 5, 49, 489, 151, 0, 4.09%, 0, 1, 2, 117.03
1494026200, 5, 52, 489, 151, 0, 4.09%, 0, 1, 2, 146.85
1494026205, 5, 54, 489, 151, 0, 4.09%, 0, 1, 2, 182.39
1494026210, 5, 56, 489, 150, 0, 4.09%, 0, 1, 2, 215.82
1494026215, 5, 62, 489, 149, 0, 4.09%, 0, 1, 2, 52.62
1494026220, 5, 65, 489, 149, 0, 4.09%, 0, 1, 2, 146.42
1494026225, 5, 67, 489, 148, 0, 4.09%, 0, 1, 2, 188.36
1494026230, 5, 68, 489, 148, 0, 4.09%, 0, 1, 2, 157.33
1494026235, 5, 69, 490, 149, 0, 4.09%, 0, 1, 2, 17.56
1494026241, 5, 73, 490, 149, 0, 4.09%, 0, 1, 2, 171.56
1494026246, 5, 78, 490, 149, 0, 4.09%, 0, 1, 2, 175.31
1494026251, 5, 81, 490, 149, 0, 4.09%, 0, 1, 2, 168.07
1494026256, 5, 86, 490, 149, 0, 4.09%, 0, 1, 2, 190.51
1494026261, 5, 87, 490, 149, 0, 4.09%, 0, 1, 2, 176.95
1494026266, 5, 90, 490, 148, 0, 4.09%, 0, 1, 2, 167.08
1494026271, 5, 92, 490, 148, 0, 4.09%, 0, 1, 2, 163.13
1494026276, 5, 97, 490, 148, 0, 4.09%, 0, 1, 2, 172.14
1494026282, 5, 101, 490, 148, 0, 4.09%, 0, 1, 2, 167.31
1494026287, 5, 103, 490, 147, 0, 4.09%, 0, 1, 2, 179.61
1494026292, 5, 106, 490, 147, 0, 4.09%, 0, 1, 2, 183.22
1494026297, 5, 110, 490, 147, 0, 4.09%, 0, 1, 2, 159.45
1494026302, 5, 112, 490, 147, 0, 4.09%, 0, 1, 2, 178.55
1494026307, 5, 117, 490, 147, 0, 4.09%, 0, 1, 2, 174.34
1494026312, 5, 120, 490, 147, 0, 4.09%, 0, 1, 2, 167.71
1494026317, 5, 122, 490, 147, 0, 4.09%, 0, 1, 2, 159.36
1494026323, 5, 123, 490, 147, 0, 4.09%, 0, 1, 2, 159.94
1494026328, 5, 128, 490, 147, 0, 4.09%, 0, 1, 2, 146.93
1494026338, 5, 130, 490, 147, 0, 4.09%, 0, 1, 2, 195.23
1494026343, 5, 134, 490, 146, 0, 4.09%, 0, 1, 2, 184.81
1494026348, 5, 135, 490, 146, 0, 4.09%, 0, 1, 2, 188.78
1494026354, 5, 139, 490, 146, 0, 4.09%, 0, 1, 2, 147.30
1494026359, 5, 140, 490, 146, 0, 4.09%, 0, 1, 2, 172.02
1494026364, 5, 146, 490, 146, 0, 4.09%, 0, 1, 2, 166.72
1494026369, 5, 150, 490, 146, 0, 4.09%, 0, 1, 2, 140.04
1494026374, 5, 152, 490, 146, 0, 4.09%, 0, 1, 2, 145.90
1494026379, 5, 154, 490, 146, 0, 4.09%, 0, 1, 2, 201.18
1494026384, 5, 158, 490, 146, 0, 4.09%, 0, 1, 2, 202.55
1494026389, 5, 160, 490, 145, 0, 4.09%, 0, 1, 2, 191.83
1494026394, 5, 162, 490, 145, 0, 4.09%, 0, 1, 2, 173.62
1494026399, 5, 165, 490, 145, 0, 4.09%, 0, 1, 2, 196.16
1494026405, 5, 169, 490, 145, 0, 4.09%, 0, 1, 2, 153.89
1494026410, 5, 177, 490, 145, 0, 4.09%, 0, 1, 2, 204.07
1494026415, 5, 178, 490, 144, 0, 4.09%, 0, 1, 2, 198.71
1494026420, 5, 181, 490, 144, 0, 4.09%, 0, 1, 2, 184.14
1494026440, 5, 187, 490, 143, 0, 4.09%, 0, 1, 2, 98.60
1494026446, 5, 188, 490, 142, 0, 4.09%, 0, 1, 2, 158.90
1494026451, 5, 191, 490, 142, 0, 4.09%, 0, 1, 2, 183.93
1494026456, 5, 197, 490, 142, 0, 4.09%, 0, 1, 2, 172.21
1494026461, 5, 206, 490, 142, 0, 4.09%, 0, 1, 2, 166.99
1494026466, 5, 220, 490, 142, 0, 4.09%, 0, 1, 2, 154.95
1494026471, 5, 224, 490, 142, 0, 4.09%, 0, 1, 2, 170.13
1494026476, 5, 226, 490, 142, 0, 4.09%, 0, 1, 2, 196.19
1494026481, 5, 235, 490, 142, 0, 4.09%, 0, 1, 2, 194.56
1494026486, 5, 239, 490, 142, 0, 4.09%, 0, 1, 2, 190.04
1494026491, 5, 245, 490, 142, 0, 4.09%, 0, 1, 2, 145.41
1494026496, 5, 247, 490, 142, 0, 4.09%, 0, 1, 2, 198.36
1494026501, 5, 249, 490, 142, 0, 4.09%, 0, 1, 2, 182.62
1494026506, 5, 250, 490, 142, 0, 4.09%, 0, 1, 2, 148.23
1494026512, 5, 251, 490, 141, 0, 4.09%, 0, 1, 2, 162.26
1494026517, 5, 262, 490, 140, 0, 4.09%, 0, 1, 2, 169.51
1494026522, 5, 263, 490, 140, 0, 4.09%, 0, 1, 2, 179.53
1494026527, 5, 267, 490, 140, 0, 4.09%, 0, 1, 2, 188.96
1494026532, 5, 271, 490, 140, 0, 4.09%, 0, 1, 2, 182.85
1494026537, 5, 274, 490, 139, 0, 4.09%, 0, 1, 2, 194.03
1494026542, 5, 277, 490, 139, 0, 4.09%, 0, 1, 2, 193.70
1494026547, 5, 278, 490, 139, 0, 4.09%, 0, 1, 2, 183.77
1494026552, 5, 282, 490, 138, 0, 4.09%, 0, 1, 2, 172.89
1494026563, 5, 288, 490, 138, 0, 4.09%, 0, 1, 2, 195.03
1494026568, 5, 290, 490, 138, 0, 4.09%, 0, 1, 2, 187.23
1494026573, 5, 296, 490, 136, 0, 4.09%, 0, 1, 2, 162.19
1494026578, 5, 298, 490, 135, 0, 4.09%, 0, 1, 2, 187.47
1494026583, 5, 303, 490, 135, 0, 4.09%, 0, 1, 2, 141.77
1494026588, 5, 305, 490, 135, 0, 4.09%, 0, 1, 2, 183.53
1494026593, 5, 306, 490, 135, 0, 4.09%, 0, 1, 2, 173.06
1494026599, 5, 307, 490, 135, 0, 4.09%, 0, 1, 2, 186.45
1494026604, 5, 315, 490, 135, 0, 4.09%, 0, 1, 2, 176.10
1494026609, 5, 319, 490, 135, 0, 4.09%, 0, 1, 2, 203.10
1494026614, 5, 327, 490, 135, 0, 4.09%, 0, 1, 2, 176.32
1494026619, 5, 332, 490, 135, 0, 4.09%, 0, 1, 2, 157.70
1494026624, 5, 337, 490, 135, 0, 4.09%, 0, 1, 2, 87.45
1494026629, 5, 349, 490, 135, 0, 4.09%, 0, 1, 2, 173.47
1494026634, 5, 351, 490, 135, 0, 4.09%, 0, 1, 2, 97.47
1494026654, 5, 355, 490, 134, 0, 4.09%, 0, 1, 2, 162.65
1494026660, 5, 360, 490, 133, 0, 4.09%, 0, 1, 2, 191.63
1494026665, 5, 364, 490, 132, 0, 4.09%, 0, 1, 2, 183.67
1494026670, 5, 368, 490, 131, 0, 4.09%, 0, 1, 2, 174.03
1494026680, 5, 369, 490, 130, 0, 4.09%, 0, 1, 2, 124.31
1494026685, 5, 372, 490, 129, 0, 4.09%, 0, 1, 2, 49.23
1494026716, 5, 374, 490, 128, 0, 4.09%, 0, 1, 2, 102.08
1494026721, 5, 380, 491, 129, 0, 4.09%, 0, 1, 2, 54.62
1494026741, 5, 390, 491, 128, 0, 4.09%, 0, 1, 2, 25.81
1494026818, 5, 396, 491, 127, 0, 4.09%, 0, 1, 2, 76.19
1494026823, 5, 401, 491, 127, 0, 4.09%, 0, 1, 2, 171.51
1494026828, 5, 407, 491, 127, 0, 4.09%, 0, 1, 2, 192.16
1494026833, 5, 413, 491, 127, 0, 4.09%, 0, 1, 2, 161.66
1494026838, 5, 420, 491, 126, 0, 4.09%, 0, 1, 2, 140.54
1494026844, 5, 424, 491, 126, 0, 4.09%, 0, 1, 2, 129.07
1494026849, 5, 426, 491, 126, 0, 4.09%, 0, 1, 2, 151.10
1494026854, 5, 437, 491, 126, 0, 4.09%, 0, 1, 2, 149.74
1494026859, 5, 440, 491, 126, 0, 4.09%, 0, 1, 2, 9.95
1494026953, 5, 447, 491, 125, 0, 4.09%, 0, 1, 2, 85.07
1494026958, 5, 449, 491, 125, 0, 4.09%, 0, 1, 2, 53.97
1494026984, 5, 454, 491, 124, 0, 4.09%, 0, 1, 2, 192.62
1494026989, 5, 455, 492, 125, 0, 4.09%, 0, 1, 2, 218.93
1494026994, 5, 461, 492, 125, 0, 4.09%, 0, 1, 2, 170.28
1494027000, 5, 462, 492, 125, 0, 4.09%, 0, 1, 2, 180.29
1494027005, 5, 464, 492, 125, 0, 4.09%, 0, 1, 2, 174.02
1494027010, 5, 466, 492, 124, 0, 4.09%, 0, 1, 2, 166.15
1494027020, 5, 467, 492, 123, 0, 4.09%, 0, 1, 2, 134.55
1494027025, 5, 471, 492, 123, 0, 4.09%, 0, 1, 2, 159.61
1494027046, 5, 472, 492, 122, 0, 4.09%, 0, 1, 2, 162.60
1494027051, 5, 483, 492, 122, 0, 4.09%, 0, 1, 2, 182.49
1494027061, 5, 488, 492, 122, 0, 4.09%, 0, 1, 2, 75.13
1494027066, 5, 489, 492, 122, 0, 4.09%, 0, 1, 2, 19.41
1494027123, 6, 0, 492, 121, 0, 4.09%, 0, 1, 2, 98.42
1494027128, 6, 2, 492, 121, 0, 4.09%, 0, 1, 2, 146.56
1494027133, 6, 3, 492, 121, 0, 4.09%, 0, 1, 2, 173.02
1494027138, 6, 5, 494, 122, 0, 4.09%, 0, 1, 2, 224.29
1494027143, 6, 7, 494, 122, 0, 4.09%, 0, 1, 2, 184.39
1494027149, 6, 11, 494, 122, 0, 4.09%, 0, 1, 2, 146.99
1494027154, 6, 15, 494, 121, 0, 4.09%, 0, 1, 2, 184.09
1494027159, 6, 19, 494, 121, 0, 4.09%, 0, 1, 2, 157.89
1494027164, 6, 20, 494, 121, 0, 4.09%, 0, 1, 2, 163.89
1494027169, 6, 26, 494, 120, 0, 4.09%, 0, 1, 2, 150.36
1494027174, 6, 27, 494, 120, 0, 4.09%, 0, 1, 2, 185.59
1494027179, 6, 28, 494, 119, 0, 4.09%, 0, 1, 2, 103.03
1494027184, 6, 31, 494, 119, 0, 4.09%, 0, 1, 2, 133.46
1494027189, 6, 34, 494, 119, 0, 4.09%, 0, 1, 2, 141.70
1494027195, 6, 38, 494, 119, 0, 4.09%, 0, 1, 2, 161.64
1494027200, 6, 39, 494, 119, 0, 4.09%, 0, 1, 2, 148.51
1494027205, 6, 47, 494, 118, 0, 4.09%, 0, 1, 2, 194.38
1494027210, 6, 48, 494, 117, 0, 4.09%, 0, 1, 2, 205.43
1494027215, 6, 51, 494, 117, 0, 4.09%, 0, 1, 2, 184.86
1494027220, 6, 53, 494, 117, 0, 4.09%, 0, 1, 2, 165.34
1494027226, 6, 56, 494, 117, 0, 4.09%, 0, 1, 2, 173.99
1494027231, 6, 63, 494, 117, 0, 4.09%, 0, 1, 2, 182.29
1494027236, 6, 67, 494, 117, 0, 4.09%, 0, 1, 2, 161.17
1494027241, 6, 69, 494, 117, 0, 4.09%, 0, 1, 2, 164.49
1494027246, 6, 72, 494, 117, 0, 4.09%, 0, 1, 2, 177.25
1494027251, 6, 75, 494, 117, 0, 4.09%, 0, 1, 2, 181.12
1494027256, 6, 79, 494, 117, 0, 4.09%, 0, 1, 2, 128.83
1494027261, 6, 82, 495, 118, 0, 4.09%, 0, 1, 2, 161.05
1494027266, 6, 87, 495, 118, 0, 4.09%, 0, 1, 2, 176.75
1494027272, 6, 90, 495, 118, 0, 4.09%, 0, 1, 2, 167.51
1494027277, 6, 92, 495, 118, 0, 4.09%, 0, 1, 2, 183.67
1494027282, 6, 100, 495, 118, 0, 4.09%, 0, 1, 2, 171.50
1494027287, 6, 103, 495, 118, 0, 4.09%, 0, 1, 2, 162.47
1494027292, 6, 106, 495, 118, 0, 4.09%, 0, 1, 2, 186.59
1494027297, 6, 110, 495, 118, 0, 4.09%, 0, 1, 2, 171.88
1494027302, 6, 112, 495, 118, 0, 4.09%, 0, 1, 2, 174.61
1494027307, 6, 116, 495, 118, 0, 4.09%, 0, 1, 2, 183.15
1494027312, 6, 120, 495, 118, 0, 4.09%, 0, 1, 2, 176.14
1494027318, 6, 122, 495, 118, 0, 4.09%, 0, 1, 2, 157.93
1494027323, 6, 123, 495, 118, 0, 4.09%, 0, 1, 2, 148.37
1494027328, 6, 124, 495, 118, 0, 4.09%, 0, 1, 2, 137.10
1494027333, 6, 128, 495, 118, 0, 4.09%, 0, 1, 2, 161.99
1494027338, 6, 130, 495, 118, 0, 4.09%, 0, 1, 2, 185.29
1494027343, 6, 135, 496, 119, 0, 4.09%, 0, 1, 2, 166.08
1494027353, 6, 139, 496, 119, 0, 4.09%, 0, 1, 2, 178.62
1494027359, 6, 140, 496, 119, 0, 4.09%, 0, 1, 2, 175.51
1494027364, 6, 146, 496, 119, 0, 4.09%, 0, 1, 2, 153.95
1494027369, 6, 150, 496, 119, 0, 4.09%, 0, 1, 2, 166.48
1494027374, 6, 152, 496, 119, 0, 4.09%, 0, 1, 2, 158.52
1494027379, 6, 154, 496, 119, 0, 4.09%, 0, 1, 2, 187.67
1494027384, 6, 159, 496, 119, 0, 4.09%, 0, 1, 2, 196.07
1494027389, 6, 160, 496, 119, 0, 4.09%, 0, 1, 2, 155.54
1494027394, 6, 165, 496, 119, 0, 4.09%, 0, 1, 2, 171.81
1494027399, 6, 166, 496, 119, 0, 4.09%, 0, 1, 2, 193.79
1494027404, 6, 169, 496, 118, 0, 4.09%, 0, 1, 2, 184.57
1494027410, 6, 178, 496, 117, 0, 4.09%, 0, 1, 2, 189.08
1494027415, 6, 180, 496, 117, 0, 4.09%, 0, 1, 2, 201.25
1494027420, 6, 182, 496, 117, 0, 4.09%, 0, 1, 2, 178.19
1494027425, 6, 191, 496, 116, 0, 4.09%, 0, 1, 2, 191.29
1494027435, 6, 197, 496, 115, 0, 4.09%, 0, 1, 2, 171.78
1494027441, 6, 206, 496, 115, 0, 4.09%, 0, 1, 2, 185.29
1494027446, 6, 208, 496, 115, 0, 4.09%, 0, 1, 2, 162.46
1494027451, 6, 220, 496, 114, 0, 4.09%, 0, 1, 2, 174.98
1494027456, 6, 226, 496, 114, 0, 4.09%, 0, 1, 2, 175.41
1494027466, 6, 238, 496, 114, 0, 4.09%, 0, 1, 2, 189.27
1494027471, 6, 240, 496, 114, 0, 4.09%, 0, 1, 2, 172.79
1494027477, 6, 247, 497, 115, 0, 4.09%, 0, 1, 2, 194.44
1494027482, 6, 248, 497, 115, 0, 4.09%, 0, 1, 2, 177.08
1494027487, 6, 261, 497, 115, 0, 4.09%, 0, 1, 2, 176.37
1494027492, 6, 262, 497, 115, 0, 4.09%, 0, 1, 2, 158.69
1494027497, 6, 264, 497, 115, 0, 4.09%, 0, 1, 2, 143.22
1494027533, 6, 267, 497, 114, 0, 4.09%, 0, 1, 2, 146.14
1494027538, 6, 268, 497, 114, 0, 4.09%, 0, 1, 2, 182.86
1494027544, 6, 270, 497, 114, 0, 4.09%, 0, 1, 2, 184.76
1494027549, 6, 274, 497, 113, 0, 4.09%, 0, 1, 2, 204.54
1494027554, 6, 277, 497, 113, 0, 4.09%, 0, 1, 2, 184.33
1494027559, 6, 278, 497, 113, 0, 4.09%, 0, 1, 2, 182.85
1494027564, 6, 279, 497, 113, 0, 4.09%, 0, 1, 2, 165.47
1494027569, 6, 282, 497, 113, 0, 4.09%, 0, 1, 2, 167.02
1494027574, 6, 288, 497, 113, 0, 4.09%, 0, 1, 2, 194.06
1494027585, 6, 298, 497, 113, 0, 4.09%, 0, 1, 2, 175.28
1494027590, 6, 300, 497, 113, 0, 4.09%, 0, 1, 2, 201.64
1494027595, 6, 305, 497, 113, 0, 4.09%, 0, 1, 2, 189.59
1494027600, 6, 307, 497, 113, 0, 4.09%, 0, 1, 2, 175.37
1494027610, 6, 316, 497, 113, 0, 4.09%, 0, 1, 2, 149.53
1494027615, 6, 319, 497, 112, 0, 4.09%, 0, 1, 2, 301.26
1494027621, 6, 320, 497, 112, 0, 4.09%, 0, 1, 2, 220.36
1494027626, 6, 324, 497, 111, 0, 4.09%, 0, 1, 2, 183.44
1494027631, 6, 326, 497, 111, 0, 4.09%, 0, 1, 2, 50.19
1494027672, 6, 328, 497, 110, 0, 4.09%, 0, 1, 2, 160.69
1494027677, 6, 335, 499, 112, 0, 4.09%, 0, 1, 2, 33.79
1494027687, 6, 337, 499, 111, 0, 4.09%, 0, 1, 2, 170.34
1494027692, 6, 342, 499, 111, 0, 4.09%, 0, 1, 2, 160.39
1494027697, 6, 344, 499, 110, 0, 4.09%, 0, 1, 2, 75.05
1494027708, 6, 354, 499, 109, 0, 4.09%, 0, 1, 2, 157.08
1494027713, 6, 364, 499, 109, 0, 4.09%, 0, 1, 2, 161.42
1494027718, 6, 366, 499, 109, 0, 4.09%, 0, 1, 2, 24.57
1494027795, 6, 373, 499, 108, 0, 4.09%, 0, 1, 2, 64.58
1494027831, 6, 389, 499, 107, 0, 4.09%, 0, 1, 2, 149.81
1494027841, 6, 390, 499, 106, 0, 4.09%, 0, 1, 2, 199.50
1494027846, 6, 397, 500, 107, 0, 4.09%, 0, 1, 2, 144.05
1494027851, 6, 398, 500, 107, 0, 4.09%, 0, 1, 2, 165.31
1494027856, 6, 401, 500, 107, 0, 4.09%, 0, 1, 2, 198.02
1494027861, 6, 407, 500, 107, 0, 4.09%, 0, 1, 2, 146.16
1494027866, 6, 413, 500, 107, 0, 4.09%, 0, 1, 2, 175.06
1494027872, 6, 424, 500, 107, 0, 4.09%, 0, 1, 2, 169.90
1494027877, 6, 426, 500, 107, 0, 4.09%, 0, 1, 2, 36.69
1494027882, 6, 428, 500, 107, 0, 4.09%, 0, 1, 2, 23.82
1494027954, 6, 436, 500, 106, 0, 4.09%, 0, 1, 2, 161.34
1494027959, 6, 437, 500, 106, 0, 4.09%, 0, 2, 2, 140.23
1494027964, 6, 438, 501, 107, 0, 4.09%, 0, 2, 2, 123.58
1494027979, 6, 446, 501, 106, 0, 4.09%, 0, 2, 2, 94.93
1494028004, 6, 451, 501, 105, 0, 4.09%, 0, 2, 2, 166.75
1494028010, 6, 455, 502, 106, 0, 4.09%, 0, 2, 2, 150.83
1494028015, 6, 456, 502, 106, 0, 4.09%, 0, 2, 2, 96.37
1494028056, 6, 459, 502, 105, 0, 4.09%, 0, 2, 2, 69.40
1494028066, 6, 461, 502, 104, 0, 4.09%, 0, 2, 2, 107.25
1494028071, 6, 462, 502, 104, 0, 4.09%, 0, 2, 2, 93.07
1494028076, 6, 463, 504, 106, 0, 4.09%, 0, 2, 2, 102.56
1494028081, 6, 465, 504, 106, 0, 4.09%, 0, 2, 2, 95.55
1494028086, 6, 467, 504, 106, 0, 4.09%, 0, 2, 2, 127.17
1494028091, 6, 468, 504, 106, 0, 4.09%, 0, 2, 2, 147.58
1494028097, 6, 472, 505, 107, 0, 4.09%, 0, 2, 2, 143.44
1494028102, 6, 474, 505, 107, 0, 4.09%, 0, 2, 2, 160.94
1494028107, 6, 478, 505, 107, 0, 4.09%, 0, 2, 2, 37.99
1494028122, 6, 483, 505, 106, 0, 4.09%, 0, 2, 2, 194.78
1494028127, 6, 484, 505, 106, 0, 4.09%, 0, 2, 2, 187.63
1494028137, 6, 487, 505, 105, 0, 4.09%, 0, 2, 2, 176.20
1494028173, 6, 488, 505, 104, 0, 4.09%, 0, 2, 2, 128.23
1494028178, 6, 496, 505, 104, 0, 4.09%, 0, 2, 2, 158.06
1494028183, 6, 497, 505, 103, 0, 4.09%, 0, 2, 2, 145.93
1494028199, 7, 1, 506, 103, 0, 4.09%, 0, 2, 2, 184.95
1494028204, 7, 2, 506, 103, 0, 4.09%, 0, 2, 2, 23.50
1494028209, 7, 6, 506, 103, 0, 4.09%, 0, 2, 2, 223.64
1494028214, 7, 12, 506, 103, 0, 4.09%, 0, 2, 2, 196.13
1494028214, 7, 15, 506, 103, 0, 4.09%, 0, 2, 2, 0.00
1494028219, 7, 19, 506, 103, 0, 4.09%, 0, 2, 2, 147.81
1494028224, 7, 20, 506, 103, 0, 4.09%, 0, 2, 2, 160.72
1494028229, 7, 28, 506, 103, 0, 4.09%, 0, 2, 2, 181.36
1494028234, 7, 30, 506, 103, 0, 4.09%, 0, 2, 2, 200.00
1494028239, 7, 33, 506, 103, 0, 4.09%, 0, 2, 2, 177.52
1494028244, 7, 35, 506, 103, 0, 4.09%, 0, 2, 2, 83.65
1494028250, 7, 38, 506, 102, 0, 4.09%, 0, 2, 2, 145.56
1494028255, 7, 44, 506, 101, 0, 4.09%, 0, 2, 2, 176.01
1494028260, 7, 48, 506, 100, 0, 4.09%, 0, 2, 2, 204.87
1494028265, 7, 49, 506, 100, 0, 4.09%, 0, 2, 2, 157.67
1494028270, 7, 52, 506, 100, 0, 4.09%, 0, 2, 2, 191.27
1494028275, 7, 55, 506, 100, 0, 4.09%, 0, 2, 2, 153.88
1494028281, 7, 62, 506, 100, 0, 4.09%, 0, 2, 2, 163.92
1494028286, 7, 65, 506, 100, 0, 4.09%, 0, 2, 2, 187.66
1494028291, 7, 67, 506, 100, 0, 4.09%, 0, 2, 2, 163.49
1494028296, 7, 69, 506, 100, 0, 4.09%, 0, 2, 2, 168.61
1494028301, 7, 72, 506, 100, 0, 4.09%, 0, 2, 2, 147.73
1494028306, 7, 75, 506, 100, 0, 4.09%, 0, 2, 2, 177.89
1494028311, 7, 78, 506, 100, 0, 4.09%, 0, 2, 2, 104.48
1494028316, 7, 82, 506, 100, 0, 4.09%, 0, 2, 2, 138.25
1494028322, 7, 87, 506, 100, 0, 4.09%, 0, 2, 2, 157.83
1494028332, 7, 92, 506, 100, 0, 4.09%, 0, 2, 2, 155.86
1494028337, 7, 96, 506, 100, 0, 4.09%, 0, 2, 2, 120.27
1494028342, 7, 97, 506, 99, 0, 4.09%, 0, 2, 2, 158.80
1494028347, 7, 100, 506, 99, 0, 4.09%, 0, 2, 2, 140.16
1494028352, 7, 104, 506, 99, 0, 4.09%, 0, 2, 2, 160.38
1494028357, 7, 109, 506, 99, 0, 4.09%, 0, 2, 2, 195.37
1494028363, 7, 111, 506, 99, 0, 4.09%, 0, 2, 2, 138.36
1494028368, 7, 112, 506, 99, 0, 4.09%, 0, 2, 2, 164.25
1494028373, 7, 117, 506, 99, 0, 4.09%, 0, 2, 2, 177.66
1494028378, 7, 120, 506, 99, 0, 4.09%, 0, 2, 2, 171.07
1494028383, 7, 122, 506, 99, 0, 4.09%, 0, 2, 2, 149.78
1494028388, 7, 123, 506, 99, 0, 4.09%, 0, 2, 2, 155.95
1494028393, 7, 126, 506, 99, 0, 4.09%, 0, 2, 2, 164.19
1494028398, 7, 128, 506, 98, 0, 4.09%, 0, 2, 2, 194.00
1494028403, 7, 130, 506, 98, 0, 4.09%, 0, 2, 2, 184.61
1494028409, 7, 133, 506, 98, 0, 4.09%, 0, 2, 2, 195.04
1494028414, 7, 135, 506, 98, 0, 4.09%, 0, 2, 2, 195.40
1494028419, 7, 139, 506, 98, 0, 4.09%, 0, 2, 2, 195.30
1494028424, 7, 140, 506, 98, 0, 4.09%, 0, 2, 2, 171.40
1494028429, 7, 144, 506, 98, 0, 4.09%, 0, 2, 2, 158.36
1494028434, 7, 150, 506, 97, 0, 4.09%, 0, 2, 2, 174.53
1494028439, 7, 151, 506, 97, 0, 4.09%, 0, 2, 2, 166.67
1494028444, 7, 153, 506, 97, 0, 4.09%, 0, 2, 2, 157.32
1494028450, 7, 154, 506, 97, 0, 4.09%, 0, 2, 2, 196.73
1494028455, 7, 160, 506, 97, 0, 4.09%, 0, 2, 2, 198.69
1494028460, 7, 162, 506, 97, 0, 4.09%, 0, 2, 2, 27.69
1494028465, 7, 165, 506, 97, 0, 4.09%, 0, 2, 2, 28.71
1494028475, 7, 173, 506, 97, 0, 4.09%, 0, 2, 2, 154.54
1494028480, 7, 178, 506, 97, 0, 4.09%, 0, 2, 2, 192.67
1494028486, 7, 188, 506, 97, 0, 4.09%, 0, 2, 2, 190.35
1494028491, 7, 191, 506, 97, 0, 4.09%, 0, 2, 2, 198.14
1494028496, 7, 197, 506, 97, 0, 4.09%, 0, 2, 2, 180.19
1494028501, 7, 206, 506, 97, 0, 4.09%, 0, 2, 2, 169.60
1494028506, 7, 207, 506, 97, 0, 4.09%, 0, 2, 2, 174.42
1494028511, 7, 220, 506, 96, 0, 4.09%, 0, 2, 2, 192.22
1494028516, 7, 224, 506, 96, 0, 4.09%, 0, 2, 2, 201.81
1494028522, 7, 226, 506, 96, 0, 4.09%, 0, 2, 2, 189.08
1494028527, 7, 235, 506, 96, 0, 4.09%, 0, 2, 2, 181.85
1494028532, 7, 240, 506, 96, 0, 4.09%, 0, 2, 2, 173.12
1494028537, 7, 245, 506, 96, 0, 4.09%, 0, 2, 2, 152.59
1494028542, 7, 247, 506, 96, 0, 4.09%, 0, 2, 2, 160.89
1494028547, 7, 254, 506, 96, 0, 4.09%, 0, 2, 2, 144.00
1494028557, 7, 262, 506, 95, 0, 4.09%, 0, 2, 2, 170.98
1494028562, 7, 263, 506, 95, 0, 4.09%, 0, 2, 2, 148.23
1494028568, 7, 266, 506, 95, 0, 4.09%, 0, 2, 2, 161.19
1494028573, 7, 267, 506, 94, 0, 4.09%, 0, 2, 2, 207.29
1494028578, 7, 273, 506, 94, 0, 4.09%, 0, 2, 2, 173.53
1494028583, 7, 274, 506, 94, 0, 4.09%, 0, 2, 2, 202.69
1494028588, 7, 277, 506, 94, 0, 4.09%, 0, 2, 2, 23.81
1494028593, 7, 282, 506, 94, 0, 4.09%, 0, 2, 2, 178.96
1494028598, 7, 282, 507, 95, 0, 4.09%, 0, 2, 2, 20.55
1494028603, 7, 286, 507, 94, 0, 4.09%, 0, 2, 2, 162.17
1494028609, 7, 288, 507, 93, 0, 4.09%, 0, 2, 2, 155.15
1494028614, 7, 298, 507, 92, 0, 4.09%, 0, 2, 2, 195.00
1494028624, 7, 305, 507, 92, 0, 4.09%, 0, 2, 2, 173.27
1494028629, 7, 307, 507, 92, 0, 4.09%, 0, 2, 2, 176.04
1494028634, 7, 310, 507, 92, 0, 4.09%, 0, 2, 2, 208.46
1494028640, 7, 317, 507, 92, 0, 4.09%, 0, 2, 2, 173.13
1494028645, 7, 319, 507, 91, 0, 4.09%, 0, 2, 2, 195.85
1494028650, 7, 324, 507, 91, 0, 4.09%, 0, 2, 2, 176.97
1494028655, 7, 328, 507, 91, 0, 4.09%, 0, 2, 2, 147.40
1494028660, 7, 337, 507, 91, 0, 4.09%, 0, 2, 2, 155.49
1494028665, 7, 345, 507, 91, 0, 4.09%, 0, 2, 2, 21.46
1494028742, 7, 349, 507, 90, 0, 4.09%, 0, 2, 2, 139.76
1494028747, 7, 350, 507, 90, 0, 4.09%, 0, 2, 2, 33.95
1494028773, 7, 354, 507, 89, 0, 4.09%, 0, 2, 2, 200.96
1494028778, 7, 364, 507, 89, 0, 4.09%, 0, 2, 2, 199.66
1494028783, 7, 385, 507, 89, 0, 4.09%, 0, 2, 2, 177.95
1494028793, 7, 395, 507, 88, 0, 4.09%, 0, 2, 2, 149.29
1494028798, 7, 397, 507, 87, 0, 4.09%, 0, 2, 2, 129.65
1494028803, 7, 401, 507, 87, 0, 4.09%, 0, 2, 2, 175.12
1494028808, 7, 407, 507, 87, 0, 4.09%, 0, 2, 2, 186.84
1494028813, 7, 420, 507, 87, 0, 4.09%, 0, 2, 2, 156.34
1494028819, 7, 421, 507, 87, 0, 4.09%, 0, 2, 2, 131.89
1494028834, 7, 424, 507, 86, 0, 4.09%, 0, 2, 2, 158.32
1494028839, 7, 426, 507, 86, 0, 4.09%, 0, 2, 2, 147.12
1494028844, 7, 437, 507, 86, 0, 4.09%, 0, 2, 2, 146.06
1494028849, 7, 447, 507, 86, 0, 4.09%, 0, 2, 2, 96.21
1494028854, 7, 449, 507, 86, 0, 4.09%, 0, 2, 2, 116.44
1494028860, 7, 454, 507, 86, 0, 4.09%, 0, 2, 2, 144.32
1494028865, 7, 455, 507, 86, 0, 4.09%, 0, 2, 2, 202.10
1494028870, 7, 462, 507, 86, 0, 4.09%, 0, 2, 2, 161.98
1494028875, 7, 463, 507, 86, 0, 4.09%, 0, 2, 2, 153.93
1494028880, 7, 465, 507, 86, 0, 4.09%, 0, 2, 2, 130.82
1494028885, 7, 468, 507, 86, 0, 4.09%, 0, 2, 2, 125.08
1494028896, 7, 474, 507, 86, 0, 4.09%, 0, 2, 2, 174.51
1494028901, 7, 477, 507, 86, 0, 4.09%, 0, 2, 2, 69.93
1494028906, 7, 481, 507, 85, 0, 4.09%, 0, 2, 2, 141.58
1494028911, 7, 483, 507, 84, 0, 4.09%, 0, 2, 2, 170.66
1494028916, 7, 488, 507, 84, 0, 4.09%, 0, 2, 2, 124.27
1494028921, 7, 495, 507, 84, 0, 4.09%, 0, 2, 2, 142.49
1494028937, 7, 498, 507, 83, 0, 4.09%, 0, 2, 2, 138.79
1494028952, 7, 500, 507, 82, 0, 4.09%, 0, 2, 2, 188.66
1494028962, 7, 501, 507, 81, 0, 4.09%, 0, 2, 2, 155.82
1494028972, 8, 0, 507, 80, 0, 4.09%, 0, 2, 2, 164.36
1494028978, 8, 1, 508, 81, 0, 4.09%, 0, 2, 2, 159.55
1494028983, 8, 5, 508, 81, 0, 4.09%, 0, 2, 2, 181.40
1494028988, 8, 10, 509, 82, 0, 4.09%, 0, 2, 2, 146.95
1494028993, 8, 15, 509, 82, 0, 4.09%, 0, 2, 2, 203.21
1494028998, 8, 19, 509, 82, 0, 4.09%, 0, 2, 2, 163.71
1494029003, 8, 20, 509, 82, 0, 4.09%, 0, 2, 2, 163.25
1494029008, 8, 28, 509, 82, 0, 4.09%, 0, 2, 2, 158.49
1494029014, 8, 30, 509, 82, 0, 4.09%, 0, 2, 2, 153.38
1494029019, 8, 33, 509, 82, 0, 4.09%, 0, 2, 2, 156.94
1494029024, 8, 37, 509, 82, 0, 4.09%, 0, 2, 2, 150.19
1494029029, 8, 40, 509, 82, 0, 4.09%, 0, 2, 2, 175.68
1494029034, 8, 44, 509, 82, 0, 4.09%, 0, 2, 2, 193.58
1494029039, 8, 46, 509, 82, 0, 4.09%, 0, 2, 2, 159.93
1494029044, 8, 49, 509, 81, 0, 4.09%, 0, 2, 2, 144.00
1494029049, 8, 52, 509, 81, 0, 4.09%, 0, 2, 2, 172.99
1494029054, 8, 55, 509, 81, 0, 4.09%, 0, 2, 2, 124.52
1494029059, 8, 62, 509, 81, 0, 4.09%, 0, 2, 2, 154.61
1494029065, 8, 65, 509, 81, 0, 4.09%, 0, 2, 2, 175.58
1494029070, 8, 67, 509, 81, 0, 4.09%, 0, 2, 2, 153.41
1494029075, 8, 69, 509, 81, 0, 4.09%, 0, 2, 2, 174.45
1494029080, 8, 72, 509, 81, 0, 4.09%, 0, 2, 2, 75.81
1494029085, 8, 75, 509, 81, 0, 4.09%, 0, 2, 2, 193.57
1494029090, 8, 79, 509, 81, 0, 4.09%, 0, 2, 2, 164.36
1494029095, 8, 82, 509, 81, 0, 4.09%, 0, 2, 2, 171.51
1494029100, 8, 87, 509, 81, 0, 4.09%, 0, 2, 2, 180.41
1494029106, 8, 90, 509, 81, 0, 4.09%, 0, 2, 2, 174.76
1494029111, 8, 92, 509, 81, 0, 4.09%, 0, 2, 2, 155.67
1494029116, 8, 100, 510, 82, 0, 4.09%, 0, 2, 2, 147.20
1494029121, 8, 103, 510, 82, 0, 4.09%, 0, 2, 2, 160.35
1494029126, 8, 106, 510, 82, 0, 4.09%, 0, 2, 2, 175.55
1494029131, 8, 110, 510, 82, 0, 4.09%, 0, 2, 2, 171.58
1494029136, 8, 112, 510, 82, 0, 4.09%, 0, 2, 2, 174.01
1494029141, 8, 113, 510, 82, 0, 4.09%, 0, 2, 2, 165.84
1494029147, 8, 119, 510, 82, 0, 4.09%, 0, 2, 2, 164.65
1494029152, 8, 121, 510, 82, 0, 4.09%, 0, 2, 2, 111.89
1494029157, 8, 122, 510, 82, 0, 4.09%, 0, 2, 2, 108.21
1494029162, 8, 124, 510, 82, 0, 4.09%, 0, 2, 2, 166.71
1494029167, 8, 128, 510, 82, 0, 4.09%, 0, 2, 2, 174.75
1494029172, 8, 129, 510, 82, 0, 4.09%, 0, 2, 2, 171.63
1494029177, 8, 130, 510, 81, 0, 4.09%, 0, 2, 2, 177.13
1494029187, 8, 134, 510, 81, 0, 4.09%, 0, 2, 2, 198.08
1494029192, 8, 135, 510, 81, 0, 4.09%, 0, 2, 2, 200.14
1494029198, 8, 139, 510, 81, 0, 4.09%, 0, 2, 2, 194.11
1494029203, 8, 142, 510, 81, 0, 4.09%, 0, 2, 2, 155.15
1494029208, 8, 146, 510, 81, 0, 4.09%, 0, 2, 2, 149.66
1494029213, 8, 151, 510, 81, 0, 4.09%, 0, 2, 2, 176.27
1494029218, 8, 153, 510, 81, 0, 4.09%, 0, 2, 2, 160.27
1494029224, 8, 154, 510, 81, 0, 4.09%, 0, 2, 2, 198.57
1494029229, 8, 159, 510, 81, 0, 4.09%, 0, 2, 2, 202.28
1494029234, 8, 162, 510, 81, 0, 4.09%, 0, 2, 2, 167.77
1494029239, 8, 165, 510, 81, 0, 4.09%, 0, 2, 2, 182.79
1494029244, 8, 169, 510, 81, 0, 4.09%, 0, 2, 2, 182.02
1494029249, 8, 171, 510, 81, 0, 4.09%, 0, 2, 2, 213.44
1494029254, 8, 178, 510, 81, 0, 4.09%, 0, 2, 2, 221.00
1494029265, 8, 188, 510, 81, 0, 4.09%, 0, 2, 2, 200.33
1494029270, 8, 191, 510, 81, 0, 4.09%, 0, 2, 2, 188.87
1494029275, 8, 194, 510, 81, 0, 4.09%, 0, 2, 2, 219.49
1494029280, 8, 197, 510, 81, 0, 4.09%, 0, 2, 2, 186.16
1494029285, 8, 206, 510, 81, 0, 4.09%, 0, 2, 2, 169.30
1494029290, 8, 213, 510, 81, 0, 4.09%, 0, 2, 2, 83.12
1494029295, 8, 220, 510, 81, 0, 4.09%, 0, 2, 2, 177.70
1494029300, 8, 226, 510, 81, 0, 4.09%, 0, 2, 2, 192.99
1494029306, 8, 227, 510, 81, 0, 4.09%, 0, 2, 2, 193.71
1494029311, 8, 238, 510, 81, 0, 4.09%, 0, 2, 2, 190.11
1494029316, 8, 240, 510, 81, 0, 4.09%, 0, 2, 2, 143.17
1494029321, 8, 245, 510, 81, 0, 4.09%, 0, 2, 2, 145.51
1494029326, 8, 247, 510, 81, 0, 4.09%, 0, 2, 2, 202.54
1494029331, 8, 261, 510, 81, 0, 4.09%, 0, 2, 2, 176.05
1494029336, 8, 262, 510, 81, 0, 4.09%, 0, 2, 2, 190.23
1494029341, 8, 267, 510, 81, 0, 4.09%, 0, 2, 2, 167.85
1494029347, 8, 268, 510, 81, 0, 4.09%, 0, 2, 2, 181.21
1494029352, 8, 274, 510, 81, 0, 4.09%, 0, 2, 2, 182.04
1494029357, 8, 276, 510, 81, 0, 4.09%, 0, 2, 2, 183.81
1494029362, 8, 277, 510, 80, 0, 4.09%, 0, 2, 2, 184.42
1494029367, 8, 282, 510, 80, 0, 4.09%, 0, 2, 2, 179.77
1494029377, 8, 288, 510, 80, 0, 4.09%, 0, 2, 2, 184.78
1494029382, 8, 298, 510, 80, 0, 4.09%, 0, 2, 2, 178.89
1494029387, 8, 305, 510, 80, 0, 4.09%, 0, 2, 2, 185.97
1494029392, 8, 307, 510, 80, 0, 4.09%, 0, 2, 2, 190.32
1494029403, 8, 313, 510, 80, 0, 4.09%, 0, 2, 2, 171.74
1494029408, 8, 319, 510, 80, 0, 4.09%, 0, 2, 2, 185.32
1494029413, 8, 321, 510, 80, 0, 4.09%, 0, 2, 2, 173.27
1494029418, 8, 323, 510, 80, 0, 4.09%, 0, 2, 2, 125.35
1494029423, 8, 324, 510, 79, 0, 4.09%, 0, 2, 2, 147.41
1494029428, 8, 328, 510, 79, 0, 4.09%, 0, 2, 2, 144.42
1494029433, 8, 330, 510, 79, 0, 4.09%, 0, 2, 2, 165.25
1494029438, 8, 339, 510, 78, 0, 4.09%, 0, 2, 2, 161.59
1494029469, 8, 344, 510, 77, 0, 4.09%, 0, 2, 2, 168.67
1494029474, 8, 349, 510, 77, 0, 4.09%, 0, 2, 2, 144.00
1494029479, 8, 354, 510, 77, 0, 4.09%, 0, 2, 2, 163.85
1494029484, 8, 359, 510, 77, 0, 4.09%, 0, 2, 2, 164.53
1494029490, 8, 364, 510, 76, 0, 4.09%, 0, 2, 2, 144.56
1494029495, 8, 367, 510, 76, 0, 4.09%, 0, 2, 2, 118.20
1494029500, 8, 374, 510, 75, 0, 4.09%, 0, 2, 2, 145.06
1494029505, 8, 391, 510, 74, 0, 4.09%, 0, 2, 2, 156.86
1494029510, 8, 392, 510, 74, 0, 4.09%, 0, 2, 2, 111.50
1494029526, 8, 396, 511, 74, 0, 4.09%, 0, 2, 2, 147.87
1494029531, 8, 401, 511, 74, 0, 4.09%, 0, 2, 2, 162.94
1494029536, 8, 407, 511, 74, 0, 4.09%, 0, 2, 2, 196.24
1494029541, 8, 420, 511, 74, 0, 4.09%, 0, 2, 2, 158.29
1494029546, 8, 425, 511, 74, 0, 4.09%, 0, 2, 2, 155.98
1494029551, 8, 436, 511, 74, 0, 4.09%, 0, 2, 2, 140.83
1494029556, 8, 437, 511, 74, 0, 4.09%, 0, 2, 2, 140.57
1494029562, 8, 445, 511, 74, 0, 4.09%, 0, 2, 2, 72.94
1494029598, 8, 447, 511, 73, 0, 4.09%, 0, 2, 2, 120.03
1494029603, 8, 448, 511, 73, 0, 4.09%, 0, 2, 2, 88.04
1494029629, 8, 450, 511, 72, 0, 4.09%, 0, 2, 2, 121.91
1494029634, 8, 454, 511, 71, 0, 4.09%, 0, 2, 2, 87.24
1494029639, 8, 455, 511, 71, 0, 4.09%, 0, 2, 2, 110.63
1494029644, 8, 458, 511, 71, 0, 4.09%, 0, 2, 2, 53.69
1494029659, 8, 461, 511, 70, 0, 4.09%, 0, 2, 2, 142.09
1494029664, 8, 462, 511, 70, 0, 4.09%, 0, 2, 2, 146.06
1494029670, 8, 465, 511, 70, 0, 4.09%, 0, 2, 2, 132.98
1494029675, 8, 467, 511, 70, 0, 4.09%, 0, 2, 2, 178.26
1494029680, 8, 468, 511, 70, 0, 4.09%, 0, 2, 2, 170.66
1494029685, 8, 474, 511, 70, 0, 4.09%, 0, 2, 2, 155.65
1494029690, 8, 476, 511, 70, 0, 4.09%, 0, 2, 2, 184.80
1494029695, 8, 483, 511, 69, 0, 4.09%, 0, 2, 2, 163.39
1494029700, 8, 489, 511, 69, 0, 4.09%, 0, 2, 2, 112.42
1494029705, 8, 491, 511, 69, 0, 4.09%, 0, 2, 2, 136.99
1494029726, 8, 493, 511, 68, 0, 4.09%, 0, 2, 2, 12.12
1494029891, 8, 502, 511, 67, 0, 4.09%, 0, 2, 2, 12.27
1494029917, 9, 1, 511, 66, 0, 4.09%, 0, 2, 2, 177.81
1494029922, 9, 2, 511, 66, 0, 4.09%, 0, 2, 2, 158.36
1494029927, 9, 10, 511, 66, 0, 4.09%, 0, 2, 2, 188.82
1494029933, 9, 15, 511, 66, 0, 4.09%, 0, 2, 2, 157.65
1494029938, 9, 19, 511, 66, 0, 4.09%, 0, 2, 2, 167.99
1494029943, 9, 24, 511, 66, 0, 4.09%, 0, 2, 2, 197.10
1494029948, 9, 28, 511, 66, 0, 4.09%, 0, 2, 2, 88.39
1494029953, 9, 30, 511, 66, 0, 4.09%, 0, 2, 2, 144.57
1494029958, 9, 33, 511, 66, 0, 4.09%, 0, 2, 2, 168.27
1494029963, 9, 37, 511, 66, 0, 4.09%, 0, 2, 2, 158.69
1494029969, 9, 39, 511, 66, 0, 4.09%, 0, 2, 2, 175.37
1494029974, 9, 45, 511, 66, 0, 4.09%, 0, 2, 2, 188.95
1494029979, 9, 49, 511, 66, 0, 4.09%, 0, 2, 2, 185.04
1494029984, 9, 51, 511, 66, 0, 4.09%, 0, 2, 2, 89.21
1494029989, 9, 53, 511, 66, 0, 4.09%, 0, 2, 2, 172.38
1494029994, 9, 56, 511, 66, 0, 4.09%, 0, 2, 2, 183.57
1494029999, 9, 62, 511, 66, 0, 4.09%, 0, 2, 2, 163.57
1494030005, 9, 65, 511, 66, 0, 4.09%, 0, 2, 2, 180.88
1494030010, 9, 68, 511, 66, 0, 4.09%, 0, 2, 2, 139.05
1494030015, 9, 69, 511, 66, 0, 4.09%, 0, 2, 2, 167.29
1494030020, 9, 73, 511, 66, 0, 4.09%, 0, 2, 2, 160.34
1494030025, 9, 75, 511, 66, 0, 4.09%, 0, 2, 2, 162.65
1494030030, 9, 79, 511, 66, 0, 4.09%, 0, 2, 2, 171.38
1494030035, 9, 86, 511, 66, 0, 4.09%, 0, 2, 2, 166.06
1494030040, 9, 87, 511, 66, 0, 4.09%, 0, 2, 2, 204.19
1494030045, 9, 90, 511, 66, 0, 4.09%, 0, 2, 2, 136.73
1494030050, 9, 92, 511, 66, 0, 4.09%, 0, 2, 2, 174.95
1494030056, 9, 100, 511, 66, 0, 4.09%, 0, 2, 2, 173.99
1494030061, 9, 104, 511, 66, 0, 4.09%, 0, 2, 2, 161.59
1494030066, 9, 108, 511, 66, 0, 4.09%, 0, 2, 2, 196.45
1494030071, 9, 110, 511, 66, 0, 4.09%, 0, 2, 2, 154.91
1494030076, 9, 112, 511, 66, 0, 4.09%, 0, 2, 2, 169.60
1494030081, 9, 115, 511, 66, 0, 4.09%, 0, 2, 2, 173.23
1494030086, 9, 120, 511, 66, 0, 4.09%, 0, 2, 2, 163.47
1494030092, 9, 122, 511, 66, 0, 4.09%, 0, 2, 2, 147.54
1494030097, 9, 123, 511, 66, 0, 4.09%, 0, 2, 2, 159.91
1494030102, 9, 128, 511, 66, 0, 4.09%, 0, 2, 2, 165.77
1494030112, 9, 130, 511, 66, 0, 4.09%, 0, 2, 2, 179.35
1494030117, 9, 133, 511, 66, 0, 4.09%, 0, 2, 2, 184.31
1494030122, 9, 135, 511, 66, 0, 4.09%, 0, 2, 2, 203.99
1494030127, 9, 136, 512, 67, 0, 4.09%, 0, 2, 2, 185.18
1494030132, 9, 140, 512, 67, 0, 4.09%, 0, 2, 2, 183.03
1494030138, 9, 142, 512, 67, 0, 4.09%, 0, 2, 2, 167.94
1494030143, 9, 150, 512, 67, 0, 4.09%, 0, 2, 2, 140.41
1494030148, 9, 152, 512, 67, 0, 4.09%, 0, 2, 2, 160.53
1494030153, 9, 154, 512, 67, 0, 4.09%, 0, 2, 2, 189.08
1494030158, 9, 159, 512, 67, 0, 4.09%, 0, 2, 2, 168.57
1494030163, 9, 160, 512, 67, 0, 4.09%, 0, 2, 2, 177.55
1494030168, 9, 162, 512, 67, 0, 4.09%, 0, 2, 2, 130.50
1494030173, 9, 165, 512, 67, 0, 4.09%, 0, 2, 2, 170.53
1494030178, 9, 169, 512, 67, 0, 4.09%, 0, 2, 2, 159.89
1494030183, 9, 173, 512, 67, 0, 4.09%, 0, 2, 2, 175.83
1494030189, 9, 178, 512, 67, 0, 4.09%, 0, 2, 2, 168.38
1494030194, 9, 180, 512, 67, 0, 4.09%, 0, 2, 2, 191.19
1494030199, 9, 188, 512, 67, 0, 4.09%, 0, 2, 2, 186.16
1494030204, 9, 191, 512, 67, 0, 4.09%, 0, 2, 2, 168.85
1494030209, 9, 197, 512, 67, 0, 4.09%, 0, 2, 2, 156.79
1494030214, 9, 206, 512, 67, 0, 4.09%, 0, 2, 2, 154.71
1494030219, 9, 220, 512, 67, 0, 4.09%, 0, 2, 2, 156.89
1494030230, 9, 224, 512, 66, 0, 4.09%, 0, 2, 2, 181.27
1494030235, 9, 226, 512, 66, 0, 4.09%, 0, 2, 2, 194.36
1494030240, 9, 235, 512, 66, 0, 4.09%, 0, 2, 2, 77.91
1494030245, 9, 238, 513, 67, 0, 4.09%, 0, 2, 2, 7.93
1494030250, 9, 240, 513, 67, 0, 4.09%, 0, 2, 2, 131.98
1494030255, 9, 245, 513, 67, 0, 4.09%, 0, 2, 2, 148.72
1494030260, 9, 247, 513, 67, 0, 4.09%, 0, 2, 2, 151.55
1494030265, 9, 249, 513, 67, 0, 4.09%, 0, 2, 2, 180.67
1494030270, 9, 259, 513, 67, 0, 4.09%, 0, 2, 2, 46.53
1494030276, 9, 260, 513, 66, 0, 4.09%, 0, 2, 2, 161.56
1494030281, 9, 262, 513, 66, 0, 4.09%, 0, 2, 2, 164.04
1494030286, 9, 263, 513, 66, 0, 4.09%, 0, 2, 2, 100.60
1494030291, 9, 267, 513, 66, 0, 4.09%, 0, 2, 2, 159.46
1494030296, 9, 273, 513, 66, 0, 4.09%, 0, 2, 2, 161.12
1494030301, 9, 274, 513, 66, 0, 4.09%, 0, 2, 2, 194.41
1494030306, 9, 277, 513, 66, 0, 4.09%, 0, 2, 2, 169.29
1494030312, 9, 278, 513, 66, 0, 4.09%, 0, 2, 2, 146.86
1494030317, 9, 282, 513, 66, 0, 4.09%, 0, 2, 2, 178.25
1494030322, 9, 288, 513, 66, 0, 4.09%, 0, 2, 2, 180.05
1494030327, 9, 298, 513, 66, 0, 4.09%, 0, 2, 2, 173.75
1494030337, 9, 302, 513, 66, 0, 4.09%, 0, 2, 2, 33.58
1494030368, 9, 305, 513, 65, 0, 4.09%, 0, 2, 2, 186.33
1494030373, 9, 307, 513, 65, 0, 4.09%, 0, 2, 2, 171.47
1494030378, 9, 310, 513, 65, 0, 4.09%, 0, 2, 2, 175.26
1494030383, 9, 316, 513, 65, 0, 4.09%, 0, 2, 2, 157.20
1494030388, 9, 319, 513, 65, 0, 4.09%, 0, 2, 2, 173.86
1494030393, 9, 321, 513, 65, 0, 4.09%, 0, 2, 2, 201.22
1494030399, 9, 326, 513, 65, 0, 4.09%, 0, 2, 2, 123.66
1494030404, 9, 328, 513, 65, 0, 4.09%, 0, 2, 2, 135.53
1494030409, 9, 337, 513, 65, 0, 4.09%, 0, 2, 2, 142.58
1494030414, 9, 343, 513, 65, 0, 4.09%, 0, 2, 2, 154.74
1494030419, 9, 349, 513, 65, 0, 4.09%, 0, 2, 2, 129.64
1494030424, 9, 361, 514, 66, 1, 4.09%, 0, 2, 2, 98.43
1494030444, 9, 435, 514, 65, 1, 4.09%, 0, 2, 2, 180.98
1494030449, 9, 442, 514, 65, 1, 4.09%, 0, 2, 2, 118.57
1494030460, 9, 507, 514, 64, 1, 4.09%, 0, 2, 2, 118.11
1494030485, 9, 513, 514, 63, 1, 4.09%, 0, 2, 2, 146.24
1494030495, 10, 0, 514, 62, 0, 4.09%, 0, 2, 2, 155.68
1494030500, 10, 2, 514, 62, 0, 4.09%, 0, 2, 2, 156.39
1494030506, 10, 5, 514, 62, 0, 4.09%, 0, 2, 2, 185.58
1494030511, 10, 10, 514, 62, 0, 4.09%, 0, 2, 2, 158.51
1494030516, 10, 15, 514, 62, 0, 4.09%, 0, 2, 2, 160.27
1494030521, 10, 19, 514, 62, 0, 4.09%, 0, 2, 2, 158.56
1494030526, 10, 22, 514, 62, 0, 4.09%, 0, 2, 2, 122.52
1494030531, 10, 28, 514, 62, 0, 4.09%, 0, 2, 2, 148.94
1494030541, 10, 31, 514, 62, 0, 4.09%, 0, 2, 2, 156.34
1494030547, 10, 34, 514, 62, 0, 4.09%, 0, 2, 2, 161.83
1494030552, 10, 38, 514, 62, 0, 4.09%, 0, 2, 2, 133.24
1494030557, 10, 44, 514, 62, 0, 4.09%, 0, 2, 2, 174.00
1494030562, 10, 48, 514, 62, 0, 4.09%, 0, 2, 2, 193.37
1494030567, 10, 50, 514, 62, 0, 4.09%, 0, 2, 2, 157.79
1494030573, 10, 53, 514, 62, 0, 4.09%, 0, 2, 2, 109.07
1494030578, 10, 55, 514, 62, 0, 4.09%, 0, 2, 2, 129.17
1494030583, 10, 63, 514, 62, 0, 4.09%, 0, 2, 2, 149.74
1494030588, 10, 65, 514, 62, 0, 4.09%, 0, 2, 2, 159.77
1494030593, 10, 67, 514, 62, 0, 4.09%, 0, 2, 2, 155.34
1494030598, 10, 69, 514, 62, 0, 4.09%, 0, 2, 2, 152.91
1494030603, 10, 72, 514, 62, 0, 4.09%, 0, 2, 2, 150.15
1494030608, 10, 75, 514, 62, 0, 4.09%, 0, 2, 2, 173.26
1494030613, 10, 78, 514, 62, 0, 4.09%, 0, 2, 2, 145.86
1494030618, 10, 82, 514, 62, 0, 4.09%, 0, 2, 2, 146.17
1494030623, 10, 87, 514, 62, 0, 4.09%, 0, 2, 2, 152.05
1494030634, 10, 91, 514, 62, 0, 4.09%, 0, 2, 2, 172.90
1494030639, 10, 94, 514, 62, 0, 4.09%, 0, 2, 2, 155.21
1494030644, 10, 98, 514, 62, 0, 4.09%, 0, 2, 2, 156.33
1494030649, 10, 100, 514, 62, 0, 4.09%, 0, 2, 2, 165.01
1494030654, 10, 103, 514, 62, 0, 4.09%, 0, 2, 2, 176.61
1494030659, 10, 106, 514, 62, 0, 4.09%, 0, 2, 2, 181.44
1494030664, 10, 110, 514, 62, 0, 4.09%, 0, 2, 2, 177.96
1494030669, 10, 112, 514, 62, 0, 4.09%, 0, 2, 2, 184.28
1494030674, 10, 113, 515, 63, 0, 4.09%, 0, 2, 2, 25.19
1494030679, 10, 119, 515, 63, 0, 4.09%, 0, 2, 2, 187.92
1494030685, 10, 121, 515, 63, 0, 4.09%, 0, 2, 2, 155.90
1494030690, 10, 122, 515, 63, 0, 4.09%, 0, 2, 2, 188.60
1494030695, 10, 124, 515, 63, 0, 4.09%, 0, 2, 2, 148.16
1494030700, 10, 128, 515, 63, 0, 4.09%, 0, 2, 2, 147.56
1494030710, 10, 130, 515, 63, 0, 4.09%, 0, 2, 2, 187.04
1494030720, 10, 135, 515, 63, 0, 4.09%, 0, 2, 2, 187.30
1494030726, 10, 136, 515, 63, 0, 4.09%, 0, 2, 2, 173.71
1494030731, 10, 140, 515, 63, 0, 4.09%, 0, 2, 2, 183.75
1494030736, 10, 142, 515, 63, 0, 4.09%, 0, 2, 2, 12.55
1494030741, 10, 150, 515, 63, 0, 4.09%, 0, 2, 2, 150.37
1494030746, 10, 151, 515, 63, 0, 4.09%, 0, 2, 2, 174.27
1494030751, 10, 154, 515, 63, 0, 4.09%, 0, 2, 2, 186.39
1494030762, 10, 159, 515, 63, 0, 4.09%, 0, 2, 2, 196.91
1494030767, 10, 162, 515, 63, 0, 4.09%, 0, 2, 2, 98.24
1494030772, 10, 165, 515, 63, 0, 4.09%, 0, 2, 2, 157.62
1494030777, 10, 167, 515, 63, 0, 4.09%, 0, 2, 2, 248.55
1494030782, 10, 178, 515, 63, 0, 4.09%, 0, 2, 2, 165.60
1494030792, 10, 184, 515, 63, 0, 4.09%, 0, 2, 2, 141.69
1494030798, 10, 188, 515, 62, 0, 4.09%, 0, 2, 2, 148.80
1494030803, 10, 189, 515, 62, 0, 4.09%, 0, 2, 2, 158.69
1494030808, 10, 191, 515, 62, 0, 4.09%, 0, 2, 2, 171.97
1494030813, 10, 194, 515, 62, 0, 4.09%, 0, 2, 2, 188.22
1494030818, 10, 203, 515, 62, 0, 4.09%, 0, 2, 2, 146.82
1494030823, 10, 211, 515, 62, 0, 4.09%, 0, 2, 2, 157.57
1494030829, 10, 220, 515, 62, 0, 4.09%, 0, 2, 2, 169.65
1494030834, 10, 226, 515, 62, 0, 4.09%, 0, 2, 2, 181.43
1494030839, 10, 232, 515, 62, 0, 4.09%, 0, 2, 2, 167.07
1494030844, 10, 237, 515, 62, 0, 4.09%, 0, 2, 2, 173.84
1494030849, 10, 239, 515, 61, 0, 4.09%, 0, 2, 2, 181.43
1494030854, 10, 240, 515, 61, 0, 4.09%, 0, 2, 2, 154.79
1494030859, 10, 247, 515, 61, 0, 4.09%, 0, 2, 2, 160.97
1494030864, 10, 249, 515, 61, 0, 4.09%, 0, 2, 2, 167.33
1494030869, 10, 262, 515, 61, 0, 4.09%, 0, 2, 2, 156.39
1494030880, 10, 264, 515, 61, 0, 4.09%, 0, 2, 2, 154.45
1494030885, 10, 267, 515, 61, 0, 4.09%, 0, 2, 2, 183.87
1494030890, 10, 273, 515, 61, 0, 4.09%, 0, 2, 2, 188.16
1494030895, 10, 274, 515, 61, 0, 4.09%, 0, 2, 2, 177.43
1494030900, 10, 277, 515, 61, 0, 4.09%, 0, 2, 2, 186.89
1494030905, 10, 278, 515, 61, 0, 4.09%, 0, 2, 2, 174.42
1494030911, 10, 281, 515, 61, 0, 4.09%, 0, 2, 2, 144.45
1494030916, 10, 282, 515, 60, 0, 4.09%, 0, 2, 2, 170.52
1494030921, 10, 288, 515, 60, 0, 4.09%, 0, 2, 2, 181.06
1494030926, 10, 289, 515, 60, 0, 4.09%, 0, 2, 2, 164.36
1494030931, 10, 298, 515, 59, 0, 4.09%, 0, 2, 2, 185.89
1494030941, 10, 305, 515, 59, 0, 4.09%, 0, 2, 2, 179.03
1494030946, 10, 307, 515, 59, 0, 4.09%, 0, 2, 2, 181.78
1494030957, 10, 315, 515, 59, 0, 4.09%, 0, 2, 2, 157.80
1494030962, 10, 319, 515, 59, 0, 4.09%, 0, 2, 2, 190.10
1494030967, 10, 324, 515, 59, 0, 4.09%, 0, 2, 2, 158.19
1494030972, 10, 327, 515, 58, 0, 4.09%, 0, 2, 2, 158.57
1494030977, 10, 328, 515, 58, 0, 4.09%, 0, 2, 2, 102.72
1494030982, 10, 343, 515, 58, 0, 4.09%, 0, 2, 2, 152.96
1494030987, 10, 349, 515, 58, 0, 4.09%, 0, 2, 2, 169.19
1494030992, 10, 354, 516, 59, 0, 4.09%, 0, 2, 2, 166.15
1494030997, 10, 363, 516, 59, 0, 4.09%, 0, 2, 2, 171.91
1494031002, 10, 371, 516, 59, 0, 4.09%, 0, 2, 2, 159.00
1494031013, 10, 374, 516, 58, 0, 4.09%, 0, 2, 2, 145.58
1494031018, 10, 386, 516, 58, 0, 4.09%, 0, 2, 2, 149.99
1494031053, 10, 389, 516, 57, 0, 4.09%, 0, 2, 2, 99.22
1494031063, 10, 397, 516, 57, 0, 4.09%, 0, 2, 2, 97.49
1494031068, 10, 401, 516, 57, 0, 4.09%, 0, 2, 2, 165.66
1494031074, 10, 408, 516, 57, 0, 4.09%, 0, 2, 2, 146.13
1494031084, 10, 417, 516, 56, 0, 4.09%, 0, 2, 2, 100.28
1494031104, 10, 424, 516, 55, 0, 4.09%, 0, 2, 2, 116.32
1494031109, 10, 426, 516, 55, 0, 4.09%, 0, 2, 2, 151.77
1494031114, 10, 433, 516, 54, 0, 4.09%, 0, 2, 2, 152.61
1494031130, 10, 436, 516, 53, 0, 4.09%, 0, 2, 2, 130.57
1494031135, 10, 447, 516, 53, 0, 4.09%, 0, 2, 2, 116.68
1494031140, 10, 454, 516, 53, 0, 4.09%, 0, 2, 2, 141.12
1494031145, 10, 461, 516, 53, 0, 4.09%, 0, 2, 2, 150.24
1494031150, 10, 462, 516, 53, 0, 4.09%, 0, 2, 2, 151.21
1494031155, 10, 463, 516, 53, 0, 4.09%, 0, 2, 2, 137.61
1494031160, 10, 465, 516, 53, 0, 4.09%, 0, 2, 2, 58.16
1494031165, 10, 467, 516, 53, 0, 4.09%, 0, 2, 2, 155.98
1494031170, 10, 468, 516, 53, 0, 4.09%, 0, 2, 2, 166.71
1494031175, 10, 472, 516, 53, 0, 4.09%, 0, 2, 2, 199.03
1494031181, 10, 474, 517, 54, 0, 4.09%, 0, 2, 2, 152.56
1494031186, 10, 475, 517, 54, 0, 4.09%, 0, 2, 2, 22.27
1494031242, 10, 483, 517, 53, 0, 4.09%, 0, 2, 2, 92.93
1494031252, 10, 485, 517, 53, 0, 4.09%, 0, 2, 2, 173.74
1494031257, 10, 488, 517, 52, 0, 4.09%, 0, 2, 2, 31.30
1494031263, 10, 496, 517, 52, 0, 4.09%, 0, 2, 2, 100.52
1494031268, 10, 505, 517, 52, 0, 4.09%, 0, 2, 2, 94.32
1494031278, 10, 513, 517, 51, 0, 4.09%, 0, 2, 2, 143.71
1494031288, 10, 515, 517, 51, 0, 4.09%, 0, 2, 2, 12.62
1494031401, 10, 515, 517, 51, 0, 4.09%, 0, 3, 2, 23.01
1494031406, 11, 0, 517, 50, 0, 4.09%, 0, 3, 2, 149.77
1494031411, 11, 1, 517, 50, 0, 4.09%, 0, 3, 2, 144.76
1494031416, 11, 5, 517, 50, 0, 4.09%, 0, 3, 2, 164.07
1494031421, 11, 10, 517, 50, 0, 4.09%, 0, 3, 2, 151.05
1494031427, 11, 15, 517, 50, 0, 4.09%, 0, 3, 2, 172.46
1494031432, 11, 19, 517, 50, 0, 4.09%, 0, 3, 2, 127.23
1494031437, 11, 26, 517, 50, 0, 4.09%, 0, 3, 2, 155.22
1494031442, 11, 28, 517, 50, 0, 4.09%, 0, 3, 2, 167.81
1494031453, 11, 31, 517, 50, 0, 4.09%, 0, 3, 2, 14.56
1494031458, 11, 33, 517, 50, 0, 4.09%, 0, 3, 2, 162.59
1494031463, 11, 37, 517, 50, 0, 4.09%, 0, 3, 2, 151.76
1494031468, 11, 42, 517, 50, 0, 4.09%, 0, 3, 2, 179.65
1494031473, 11, 44, 517, 49, 0, 4.09%, 0, 3, 2, 198.17
1494031478, 11, 48, 517, 49, 0, 4.09%, 0, 3, 2, 185.20
1494031483, 11, 50, 517, 49, 0, 4.09%, 0, 3, 2, 155.54
1494031488, 11, 53, 517, 49, 0, 4.09%, 0, 3, 2, 147.38
1494031493, 11, 55, 517, 49, 0, 4.09%, 0, 3, 2, 156.57
1494031498, 11, 62, 517, 49, 0, 4.09%, 0, 3, 2, 153.69
1494031504, 11, 65, 517, 49, 0, 4.09%, 0, 3, 2, 168.99
1494031509, 11, 67, 517, 49, 0, 4.09%, 0, 3, 2, 135.05
1494031514, 11, 69, 517, 49, 0, 4.09%, 0, 3, 2, 145.45
1494031519, 11, 70, 517, 49, 0, 4.09%, 0, 3, 2, 116.89
1494031524, 11, 73, 517, 49, 0, 4.09%, 0, 3, 2, 150.65
1494031529, 11, 78, 517, 49, 0, 4.09%, 0, 3, 2, 144.30
1494031534, 11, 81, 517, 49, 0, 4.09%, 0, 3, 2, 157.72
1494031539, 11, 86, 517, 49, 0, 4.09%, 0, 3, 2, 29.13
1494031544, 11, 87, 517, 49, 0, 4.09%, 0, 3, 2, 170.21
1494031549, 11, 91, 517, 49, 0, 4.09%, 0, 3, 2, 162.41
1494031554, 11, 92, 517, 49, 0, 4.09%, 0, 3, 2, 141.08
1494031560, 11, 100, 517, 49, 0, 4.09%, 0, 3, 2, 147.18
1494031565, 11, 104, 517, 49, 0, 4.09%, 0, 3, 2, 161.38
1494031570, 11, 106, 517, 49, 0, 4.09%, 0, 3, 2, 201.60
1494031575, 11, 110, 517, 49, 0, 4.09%, 0, 3, 2, 125.39
1494031580, 11, 112, 517, 49, 0, 4.09%, 0, 3, 2, 154.64
1494031585, 11, 117, 517, 49, 0, 4.09%, 0, 3, 2, 173.68
1494031591, 11, 120, 517, 49, 0, 4.09%, 0, 3, 2, 166.86
1494031596, 11, 121, 517, 49, 0, 4.09%, 0, 3, 2, 161.79
1494031601, 11, 123, 517, 49, 0, 4.09%, 0, 3, 2, 161.43
1494031606, 11, 124, 517, 49, 0, 4.09%, 0, 3, 2, 142.29
1494031611, 11, 128, 517, 49, 0, 4.09%, 0, 3, 2, 179.45
1494031616, 11, 130, 518, 50, 0, 4.09%, 0, 3, 2, 188.35
1494031626, 11, 135, 518, 50, 0, 4.09%, 0, 3, 2, 175.28
1494031631, 11, 138, 518, 50, 0, 4.09%, 0, 3, 2, 181.37
1494031636, 11, 140, 518, 50, 0, 4.09%, 0, 3, 2, 162.16
1494031642, 11, 142, 518, 50, 0, 4.09%, 0, 3, 2, 183.76
1494031647, 11, 150, 518, 50, 0, 4.09%, 0, 3, 2, 141.52
1494031652, 11, 151, 518, 50, 0, 4.09%, 0, 3, 2, 156.99
1494031657, 11, 153, 518, 50, 0, 4.09%, 0, 3, 2, 176.90
1494031663, 11, 154, 518, 50, 0, 4.09%, 0, 3, 2, 196.75
1494031668, 11, 160, 518, 50, 0, 4.09%, 0, 3, 2, 203.48
1494031673, 11, 162, 518, 50, 0, 4.09%, 0, 3, 2, 147.80
1494031678, 11, 165, 518, 50, 0, 4.09%, 0, 3, 2, 167.54
1494031683, 11, 167, 518, 50, 0, 4.09%, 0, 3, 2, 156.44
1494031688, 11, 173, 518, 50, 0, 4.09%, 0, 3, 2, 165.25
1494031693, 11, 178, 518, 50, 0, 4.09%, 0, 3, 2, 167.12
1494031698, 11, 188, 518, 50, 0, 4.09%, 0, 3, 2, 178.48
1494031703, 11, 191, 518, 50, 0, 4.09%, 0, 3, 2, 177.07
1494031714, 11, 203, 518, 50, 0, 4.09%, 0, 3, 2, 113.21
1494031719, 11, 206, 518, 50, 0, 4.09%, 0, 3, 2, 167.99
1494031724, 11, 218, 518, 50, 0, 4.09%, 0, 3, 2, 159.26
1494031729, 11, 220, 518, 50, 0, 4.09%, 0, 3, 2, 158.22
1494031734, 11, 226, 518, 50, 0, 4.09%, 0, 3, 2, 163.24
1494031739, 11, 231, 518, 50, 0, 4.09%, 0, 3, 2, 183.09
1494031744, 11, 235, 518, 50, 0, 4.09%, 0, 3, 2, 170.13
1494031749, 11, 239, 518, 50, 0, 4.09%, 0, 3, 2, 193.06
1494031754, 11, 240, 518, 50, 0, 4.09%, 0, 3, 2, 150.62
1494031759, 11, 243, 518, 50, 0, 4.09%, 0, 3, 2, 200.00
1494031765, 11, 247, 519, 50, 0, 4.09%, 0, 3, 2, 158.76
1494031770, 11, 249, 519, 50, 0, 4.09%, 0, 3, 2, 179.74
1494031775, 11, 252, 519, 50, 0, 4.09%, 0, 3, 2, 144.09
1494031785, 11, 262, 519, 49, 0, 4.09%, 0, 3, 2, 159.99
1494031795, 11, 267, 519, 49, 0, 4.09%, 0, 3, 2, 171.94
1494031801, 11, 268, 519, 49, 0, 4.09%, 0, 3, 2, 168.92
1494031806, 11, 274, 520, 50, 0, 4.09%, 0, 3, 2, 178.00
1494031811, 11, 277, 520, 50, 0, 4.09%, 0, 3, 2, 186.12
1494031816, 11, 278, 520, 50, 0, 4.09%, 0, 3, 2, 168.70
1494031821, 11, 281, 520, 50, 0, 4.09%, 0, 3, 2, 213.07
1494031826, 11, 282, 520, 50, 0, 4.09%, 0, 3, 2, 158.96
1494031831, 11, 285, 520, 50, 0, 4.09%, 0, 3, 2, 141.15
1494031836, 11, 288, 520, 49, 0, 4.09%, 0, 3, 2, 167.36
1494031847, 11, 298, 520, 49, 0, 4.09%, 0, 3, 2, 173.93
1494031852, 11, 305, 520, 49, 0, 4.09%, 0, 3, 2, 175.49
1494031862, 11, 307, 521, 50, 0, 4.09%, 0, 3, 2, 134.87
1494031867, 11, 310, 521, 50, 0, 4.09%, 0, 3, 2, 157.63
1494031872, 11, 315, 521, 49, 0, 4.09%, 0, 3, 2, 161.17
1494031877, 11, 319, 521, 49, 0, 4.09%, 0, 3, 2, 160.98
1494031883, 11, 321, 521, 49, 0, 4.09%, 0, 3, 2, 112.92
1494031888, 11, 327, 521, 49, 0, 4.09%, 0, 3, 2, 148.13
1494031893, 11, 329, 521, 49, 0, 4.09%, 0, 3, 2, 129.29
1494031898, 11, 334, 521, 48, 0, 4.09%, 0, 3, 2, 197.51
1494031903, 11, 343, 521, 48, 0, 4.09%, 0, 3, 2, 177.55
1494031908, 11, 344, 521, 48, 0, 4.09%, 0, 3, 2, 167.97
1494031913, 11, 349, 521, 48, 0, 4.09%, 0, 3, 2, 174.16
1494031918, 11, 355, 521, 48, 0, 4.09%, 0, 3, 2, 152.75
1494031924, 11, 362, 521, 48, 0, 4.09%, 0, 3, 2, 143.61
1494031939, 11, 364, 521, 47, 0, 4.09%, 0, 3, 2, 166.20
1494031944, 11, 370, 521, 47, 0, 4.09%, 0, 3, 2, 23.83
1494032021, 11, 374, 521, 46, 0, 4.09%, 0, 3, 2, 84.45
1494032026, 11, 381, 521, 46, 0, 4.09%, 0, 3, 2, 123.46
1494032047, 11, 397, 521, 45, 0, 4.09%, 0, 3, 2, 125.92
1494032052, 11, 401, 521, 45, 0, 4.09%, 0, 3, 2, 167.58
1494032057, 11, 413, 521, 45, 0, 4.09%, 0, 3, 2, 135.97
1494032062, 11, 420, 521, 45, 0, 4.09%, 0, 3, 2, 126.65
1494032067, 11, 421, 521, 45, 0, 4.09%, 0, 3, 2, 179.15
1494032072, 11, 424, 521, 45, 0, 4.09%, 0, 3, 2, 149.01
1494032077, 11, 426, 521, 45, 0, 4.09%, 0, 3, 2, 133.34
1494032082, 11, 436, 521, 45, 0, 4.09%, 0, 3, 2, 177.61
1494032088, 11, 444, 521, 45, 0, 4.09%, 0, 3, 2, 150.35
1494032093, 11, 447, 521, 45, 0, 4.09%, 0, 3, 2, 135.97
1494032098, 11, 455, 521, 45, 0, 4.09%, 0, 3, 2, 193.31
1494032103, 11, 456, 521, 45, 0, 4.09%, 0, 3, 2, 100.14
1494032108, 11, 462, 521, 45, 0, 4.09%, 0, 3, 2, 155.30
1494032113, 11, 463, 521, 45, 0, 4.09%, 0, 3, 2, 163.22
1494032118, 11, 465, 522, 46, 0, 4.09%, 0, 3, 2, 106.98
1494032124, 11, 467, 522, 46, 0, 4.09%, 0, 3, 2, 128.39
1494032129, 11, 468, 522, 46, 0, 4.09%, 0, 3, 2, 147.02
1494032134, 11, 474, 522, 46, 0, 4.09%, 0, 3, 2, 155.05
1494032139, 11, 483, 522, 46, 0, 4.09%, 0, 3, 2, 148.57
1494032144, 11, 488, 522, 46, 0, 4.09%, 0, 3, 2, 63.52
1494032149, 11, 492, 522, 46, 0, 4.09%, 0, 3, 2, 19.97
1494032206, 11, 492, 522, 46, 0, 4.09%, 0, 4, 2, 72.46
1494032211, 11, 494, 522, 45, 0, 4.09%, 0, 4, 2, 131.23
1494032221, 11, 495, 522, 44, 0, 4.09%, 0, 4, 2, 180.01
1494032227, 11, 503, 522, 44, 0, 4.09%, 0, 4, 2, 79.25
1494032237, 11, 506, 522, 43, 0, 4.09%, 0, 4, 2, 107.15
1494032314, 11, 509, 522, 42, 0, 4.09%, 0, 4, 2, 117.12
1494032335, 11, 510, 522, 41, 0, 4.09%, 0, 4, 2, 134.31
1494032345, 11, 513, 522, 40, 0, 4.09%, 0, 4, 2, 171.68
1494032350, 11, 514, 522, 40, 0, 4.09%, 0, 4, 2, 20.28
1494032470, 11, 515, 522, 39, 0, 4.09%, 0, 4, 2, 182.65
1494032475, 11, 516, 522, 39, 0, 4.09%, 0, 4, 2, 66.22
1494032490, 12, 1, 522, 38, 0, 4.09%, 0, 4, 2, 155.63
1494032496, 12, 5, 523, 39, 0, 4.09%, 0, 4, 2, 159.55
1494032501, 12, 10, 523, 39, 0, 4.09%, 0, 4, 2, 172.87
1494032506, 12, 15, 524, 40, 0, 4.09%, 0, 4, 2, 183.10
1494032511, 12, 19, 524, 40, 0, 4.09%, 0, 4, 2, 186.35
1494032516, 12, 20, 524, 40, 0, 4.09%, 0, 4, 2, 182.19
1494032521, 12, 28, 524, 40, 0, 4.09%, 0, 4, 2, 172.90
1494032531, 12, 31, 524, 40, 0, 4.09%, 0, 4, 2, 139.79
1494032536, 12, 34, 524, 40, 0, 4.09%, 0, 4, 2, 148.35
1494032542, 12, 38, 524, 40, 0, 4.09%, 0, 4, 2, 184.95
1494032547, 12, 40, 524, 40, 0, 4.09%, 0, 4, 2, 174.38
1494032552, 12, 44, 524, 40, 0, 4.09%, 0, 4, 2, 180.78
1494032557, 12, 49, 524, 40, 0, 4.09%, 0, 4, 2, 143.85
1494032562, 12, 51, 524, 40, 0, 4.09%, 0, 4, 2, 32.23
1494032567, 12, 55, 524, 40, 0, 4.09%, 0, 4, 2, 159.63
1494032572, 12, 56, 524, 40, 0, 4.09%, 0, 4, 2, 160.16
1494032577, 12, 63, 524, 40, 0, 4.09%, 0, 4, 2, 168.23
1494032583, 12, 67, 524, 40, 0, 4.09%, 0, 4, 2, 154.44
1494032588, 12, 68, 524, 40, 0, 4.09%, 0, 4, 2, 163.13
1494032593, 12, 70, 524, 40, 0, 4.09%, 0, 4, 2, 166.50
1494032598, 12, 73, 524, 40, 0, 4.09%, 0, 4, 2, 164.51
1494032603, 12, 78, 524, 40, 0, 4.09%, 0, 4, 2, 158.55
1494032608, 12, 81, 524, 40, 0, 4.09%, 0, 4, 2, 133.28
1494032613, 12, 83, 524, 40, 0, 4.09%, 0, 4, 2, 171.03
1494032618, 12, 87, 524, 39, 0, 4.09%, 0, 4, 2, 170.05
1494032629, 12, 91, 524, 39, 0, 4.09%, 0, 4, 2, 171.78
1494032634, 12, 97, 524, 39, 0, 4.09%, 0, 4, 2, 169.53
