# unix_time, cycles_done, cur_path, paths_total, pending_total, pending_favs, map_size, unique_crashes, unique_hangs, max_depth, execs_per_sec
1494627285, 0, 0, 223, 223, 174, 3.23%, 0, 0, 1, 216.77
1494627290, 0, 0, 224, 223, 173, 3.23%, 0, 0, 1, 235.16
1494627320, 0, 1, 224, 223, 173, 3.23%, 0, 0, 1, 160.62
1494627325, 0, 3, 224, 221, 171, 3.23%, 0, 0, 1, 180.71
1494627330, 0, 4, 224, 220, 170, 3.23%, 0, 0, 1, 190.23
1494627340, 0, 5, 224, 219, 169, 3.23%, 0, 0, 1, 193.43
1494627346, 0, 8, 224, 217, 167, 3.23%, 0, 0, 1, 195.78
1494627351, 0, 10, 224, 215, 165, 3.23%, 0, 0, 1, 194.16
1494627361, 0, 12, 224, 214, 164, 3.23%, 0, 0, 1, 188.31
1494627376, 0, 14, 224, 212, 162, 3.23%, 0, 0, 1, 117.63
1494627382, 0, 16, 224, 210, 160, 3.23%, 0, 0, 1, 171.84
1494627387, 0, 18, 224, 208, 158, 3.23%, 0, 0, 1, 172.94
1494627392, 0, 20, 224, 206, 156, 3.23%, 0, 0, 1, 185.72
1494627397, 0, 22, 224, 204, 154, 3.23%, 0, 0, 1, 195.87
1494627402, 0, 23, 224, 203, 153, 3.23%, 0, 0, 1, 192.77
1494627413, 0, 24, 224, 202, 152, 3.23%, 0, 0, 1, 195.78
1494627418, 0, 26, 224, 200, 150, 3.23%, 0, 0, 1, 198.48
1494627423, 0, 28, 224, 198, 148, 3.23%, 0, 0, 1, 190.33
1494627428, 0, 30, 224, 196, 146, 3.23%, 0, 0, 1, 183.60
1494627438, 0, 31, 224, 195, 145, 3.23%, 0, 0, 1, 184.20
1494627444, 0, 32, 224, 194, 144, 3.23%, 0, 0, 1, 188.32
1494627449, 0, 33, 224, 193, 143, 3.23%, 0, 0, 1, 184.99
1494627459, 0, 34, 224, 192, 142, 3.23%, 0, 0, 1, 193.10
1494627469, 0, 35, 224, 191, 141, 3.23%, 0, 0, 1, 178.71
1494627479, 0, 37, 224, 190, 140, 3.23%, 0, 0, 1, 189.05
1494627484, 0, 38, 224, 189, 139, 3.23%, 0, 0, 1, 188.97
1494627489, 0, 39, 224, 188, 138, 3.23%, 0, 0, 1, 187.48
1494627494, 0, 41, 224, 187, 137, 3.23%, 0, 0, 1, 188.03
1494627505, 0, 42, 224, 186, 136, 3.23%, 0, 0, 1, 189.50
1494627510, 0, 43, 224, 185, 135, 3.23%, 0, 0, 1, 189.44
1494627515, 0, 44, 224, 184, 134, 3.23%, 0, 0, 1, 189.31
1494627520, 0, 45, 224, 183, 133, 3.23%, 0, 0, 1, 192.40
1494627525, 0, 46, 224, 182, 132, 3.23%, 0, 0, 1, 201.80
1494627530, 0, 47, 224, 181, 131, 3.23%, 0, 0, 1, 188.56
1494627541, 0, 48, 224, 180, 130, 3.23%, 0, 0, 1, 189.52
1494627546, 0, 49, 224, 179, 129, 3.23%, 0, 0, 1, 170.73
1494627556, 0, 51, 224, 177, 127, 3.23%, 0, 0, 1, 182.59
1494627566, 0, 52, 224, 176, 126, 3.23%, 0, 0, 1, 154.39
1494627571, 0, 53, 224, 175, 125, 3.23%, 0, 0, 1, 161.92
1494627577, 0, 56, 224, 173, 123, 3.23%, 0, 0, 1, 172.30
1494627582, 0, 56, 224, 173, 123, 3.23%, 0, 1, 1, 131.99
1494627587, 0, 57, 224, 172, 122, 3.23%, 0, 1, 1, 171.67
1494627597, 0, 61, 224, 170, 120, 3.23%, 0, 1, 1, 186.47
1494627602, 0, 62, 224, 169, 119, 3.23%, 0, 1, 1, 190.93
1494627612, 0, 64, 224, 168, 118, 3.23%, 0, 1, 1, 184.27
1494627617, 0, 67, 224, 167, 117, 3.23%, 0, 1, 1, 184.33
1494627628, 0, 68, 224, 166, 116, 3.23%, 0, 1, 1, 192.36
1494627633, 0, 69, 224, 165, 115, 3.23%, 0, 1, 1, 192.11
1494627648, 0, 72, 224, 163, 113, 3.23%, 0, 1, 1, 185.81
1494627654, 0, 73, 224, 162, 112, 3.23%, 0, 1, 1, 187.95
1494627659, 0, 74, 224, 161, 111, 3.23%, 0, 1, 1, 190.36
1494627664, 0, 75, 224, 160, 110, 3.23%, 0, 1, 1, 188.79
1494627674, 0, 76, 224, 159, 109, 3.23%, 0, 1, 1, 189.70
1494627679, 0, 77, 224, 158, 108, 3.23%, 0, 1, 1, 205.63
1494627689, 0, 78, 224, 157, 107, 3.23%, 0, 1, 1, 171.68
1494627695, 0, 79, 224, 156, 106, 3.23%, 0, 1, 1, 184.58
1494627705, 0, 81, 224, 155, 105, 3.23%, 0, 1, 1, 188.35
1494627710, 0, 82, 224, 154, 104, 3.23%, 0, 1, 1, 192.09
1494627720, 0, 85, 224, 153, 103, 3.23%, 0, 1, 1, 152.19
1494627725, 0, 86, 224, 152, 102, 3.23%, 0, 1, 1, 170.51
1494627735, 0, 88, 224, 151, 101, 3.23%, 0, 1, 1, 186.01
1494627745, 0, 89, 224, 150, 100, 3.23%, 0, 1, 1, 188.11
1494627751, 0, 90, 224, 149, 99, 3.23%, 0, 1, 1, 189.48
1494627761, 0, 91, 224, 148, 98, 3.23%, 0, 1, 1, 194.52
1494627766, 0, 93, 224, 147, 97, 3.23%, 0, 1, 1, 193.15
1494627776, 0, 95, 224, 146, 96, 3.23%, 0, 1, 1, 187.66
1494627786, 0, 97, 224, 144, 94, 3.23%, 0, 1, 1, 179.22
1494627797, 0, 98, 224, 143, 93, 3.23%, 0, 1, 1, 187.69
1494627802, 0, 101, 224, 141, 91, 3.23%, 0, 1, 1, 104.21
1494627812, 0, 102, 224, 140, 90, 3.23%, 0, 1, 1, 181.65
1494627817, 0, 104, 224, 138, 88, 3.23%, 0, 1, 1, 185.34
1494627832, 0, 106, 224, 136, 86, 3.23%, 0, 1, 1, 204.17
1494627842, 0, 107, 224, 135, 85, 3.23%, 0, 1, 1, 188.72
1494627853, 0, 108, 224, 134, 84, 3.23%, 0, 1, 1, 185.43
1494627858, 0, 110, 224, 133, 83, 3.23%, 0, 1, 1, 192.48
1494627868, 0, 112, 224, 131, 81, 3.23%, 0, 1, 1, 197.33
1494627883, 0, 115, 224, 129, 79, 3.23%, 0, 1, 1, 194.49
1494627893, 0, 117, 224, 127, 77, 3.23%, 0, 1, 1, 186.90
1494627898, 0, 118, 224, 126, 76, 3.23%, 0, 1, 1, 192.10
1494627903, 0, 120, 224, 124, 74, 3.23%, 0, 1, 1, 180.22
1494627914, 0, 121, 224, 123, 73, 3.23%, 0, 1, 1, 188.70
1494627919, 0, 122, 224, 122, 72, 3.23%, 0, 1, 1, 185.56
1494627929, 0, 124, 224, 120, 70, 3.23%, 0, 1, 1, 186.27
1494627939, 0, 126, 224, 119, 69, 3.23%, 0, 1, 1, 183.25
1494627944, 0, 127, 224, 118, 68, 3.23%, 0, 1, 1, 184.10
1494627955, 0, 129, 224, 116, 67, 3.23%, 0, 1, 1, 193.25
1494627975, 0, 132, 224, 115, 66, 3.23%, 0, 1, 1, 194.35
1494627985, 0, 134, 224, 113, 64, 3.23%, 0, 1, 1, 184.39
1494627990, 0, 135, 224, 112, 63, 3.23%, 0, 1, 1, 199.59
1494628001, 0, 138, 224, 110, 61, 3.23%, 0, 1, 1, 191.77
1494628016, 0, 139, 224, 109, 60, 3.23%, 0, 1, 1, 182.64
1494628021, 0, 141, 224, 107, 58, 3.23%, 0, 1, 1, 182.32
1494628031, 0, 142, 224, 106, 57, 3.23%, 0, 1, 1, 182.39
1494628047, 0, 144, 224, 104, 55, 3.23%, 0, 1, 1, 188.55
1494628057, 0, 146, 224, 102, 53, 3.23%, 0, 1, 1, 192.20
1494628067, 0, 150, 224, 101, 52, 3.23%, 0, 1, 1, 188.24
1494628072, 0, 153, 224, 100, 51, 3.23%, 0, 1, 1, 189.22
1494628077, 0, 154, 224, 99, 50, 3.23%, 0, 1, 1, 189.85
1494628087, 0, 156, 224, 97, 48, 3.23%, 0, 1, 1, 183.50
1494628092, 0, 157, 224, 96, 47, 3.23%, 0, 1, 1, 190.91
1494628103, 0, 159, 224, 94, 45, 3.23%, 0, 1, 1, 194.09
1494628113, 0, 161, 224, 92, 43, 3.23%, 0, 1, 1, 183.08
1494628118, 0, 164, 224, 90, 41, 3.23%, 0, 1, 1, 191.41
1494628133, 0, 167, 224, 88, 39, 3.23%, 0, 1, 1, 203.99
1494628143, 0, 168, 224, 87, 38, 3.23%, 0, 1, 1, 186.28
1494628148, 0, 169, 224, 86, 37, 3.23%, 0, 1, 1, 185.75
1494628159, 0, 172, 224, 84, 35, 3.23%, 0, 1, 1, 186.26
1494628169, 0, 173, 224, 83, 34, 3.23%, 0, 1, 1, 191.26
1494628174, 0, 174, 224, 82, 33, 3.23%, 0, 1, 1, 191.70
1494628184, 0, 176, 224, 81, 32, 3.23%, 0, 1, 1, 194.67
1494628195, 0, 178, 224, 80, 31, 3.23%, 0, 1, 1, 191.42
1494628200, 0, 179, 224, 79, 30, 3.23%, 0, 1, 1, 193.39
1494628210, 0, 182, 224, 77, 28, 3.23%, 0, 1, 1, 192.43
1494628226, 0, 184, 224, 76, 27, 3.23%, 0, 1, 1, 189.27
1494628236, 0, 185, 224, 75, 26, 3.23%, 0, 1, 1, 185.16
1494628241, 0, 186, 224, 74, 25, 3.23%, 0, 1, 1, 187.07
1494628246, 0, 187, 224, 73, 24, 3.23%, 0, 1, 1, 187.73
1494628256, 0, 189, 224, 72, 23, 3.23%, 0, 1, 1, 182.88
1494628266, 0, 191, 224, 70, 21, 3.23%, 0, 1, 1, 175.03
1494628277, 0, 193, 224, 69, 20, 3.23%, 0, 1, 1, 185.89
1494628282, 0, 195, 224, 68, 19, 3.23%, 0, 1, 1, 181.41
1494628292, 0, 197, 224, 66, 17, 3.23%, 0, 1, 1, 194.68
1494628297, 0, 199, 224, 65, 16, 3.23%, 0, 1, 1, 176.54
1494628302, 0, 200, 224, 64, 15, 3.23%, 0, 1, 1, 194.65
1494628312, 0, 202, 224, 63, 14, 3.23%, 0, 1, 1, 194.54
1494628323, 0, 203, 224, 62, 13, 3.23%, 0, 1, 1, 19.80
1494628328, 0, 204, 224, 61, 12, 3.23%, 0, 2, 1, 168.07
1494628343, 0, 207, 224, 59, 10, 3.23%, 0, 2, 1, 188.25
1494628353, 0, 208, 224, 58, 9, 3.23%, 0, 2, 1, 123.71
1494628358, 0, 209, 224, 57, 8, 3.23%, 0, 2, 1, 172.86
1494628368, 0, 210, 224, 56, 7, 3.23%, 0, 2, 1, 193.19
1494628374, 0, 211, 224, 55, 6, 3.23%, 0, 2, 1, 192.59
1494628384, 0, 213, 224, 53, 4, 3.23%, 0, 2, 1, 186.02
1494628399, 0, 216, 224, 51, 2, 3.23%, 0, 2, 1, 131.41
1494628414, 0, 219, 224, 50, 1, 3.23%, 0, 2, 1, 186.44
1494628425, 1, 0, 224, 48, 0, 3.23%, 0, 2, 1, 184.62
1494628430, 1, 2, 224, 48, 0, 3.23%, 0, 2, 1, 187.27
1494628435, 1, 3, 224, 48, 0, 3.23%, 0, 2, 1, 190.18
1494628440, 1, 4, 224, 48, 0, 3.23%, 0, 2, 1, 186.28
1494628450, 1, 6, 224, 48, 0, 3.23%, 0, 2, 1, 185.19
1494628456, 1, 8, 224, 48, 0, 3.23%, 0, 2, 1, 184.30
1494628461, 1, 10, 224, 48, 0, 3.23%, 0, 2, 1, 180.37
1494628471, 1, 12, 224, 48, 0, 3.23%, 0, 2, 1, 181.97
1494628482, 1, 13, 224, 48, 0, 3.23%, 0, 2, 1, 182.61
1494628487, 1, 15, 224, 48, 0, 3.23%, 0, 2, 1, 182.94
1494628492, 1, 17, 224, 48, 0, 3.23%, 0, 2, 1, 182.16
1494628497, 1, 19, 224, 48, 0, 3.23%, 0, 2, 1, 189.14
1494628502, 1, 21, 224, 48, 0, 3.23%, 0, 2, 1, 198.35
1494628507, 1, 23, 224, 48, 0, 3.23%, 0, 2, 1, 155.51
1494628522, 1, 24, 224, 48, 0, 3.23%, 0, 2, 1, 194.87
1494628528, 1, 26, 224, 48, 0, 3.23%, 0, 2, 1, 196.33
1494628533, 1, 29, 224, 48, 0, 3.23%, 0, 2, 1, 183.03
1494628538, 1, 30, 224, 48, 0, 3.23%, 0, 2, 1, 191.88
1494628543, 1, 31, 224, 48, 0, 3.23%, 0, 2, 1, 186.07
1494628553, 1, 33, 224, 48, 0, 3.23%, 0, 2, 1, 194.05
1494628563, 1, 34, 224, 48, 0, 3.23%, 0, 2, 1, 192.63
1494628574, 1, 35, 224, 48, 0, 3.23%, 0, 2, 1, 197.75
1494628589, 1, 37, 224, 48, 0, 3.23%, 0, 2, 1, 182.41
1494628594, 1, 39, 224, 48, 0, 3.23%, 0, 2, 1, 183.13
1494628599, 1, 41, 224, 48, 0, 3.23%, 0, 2, 1, 191.00
1494628610, 1, 42, 224, 48, 0, 3.23%, 0, 2, 1, 177.35
1494628615, 1, 43, 224, 48, 0, 3.23%, 0, 2, 1, 187.41
1494628620, 1, 44, 224, 48, 0, 3.23%, 0, 2, 1, 180.73
1494628625, 1, 45, 224, 48, 0, 3.23%, 0, 2, 1, 26.55
1494628630, 1, 46, 224, 48, 0, 3.23%, 0, 2, 1, 200.90
1494628635, 1, 47, 224, 48, 0, 3.23%, 0, 2, 1, 196.89
1494628646, 1, 48, 224, 48, 0, 3.23%, 0, 2, 1, 190.17
1494628651, 1, 49, 224, 48, 0, 3.23%, 0, 2, 1, 191.93
1494628661, 1, 50, 224, 48, 0, 3.23%, 0, 2, 1, 191.37
1494628666, 1, 51, 224, 48, 0, 3.23%, 0, 2, 1, 196.52
1494628676, 1, 53, 224, 48, 0, 3.23%, 0, 2, 1, 180.82
1494628681, 1, 55, 224, 48, 0, 3.23%, 0, 2, 1, 181.11
1494628686, 1, 56, 224, 48, 0, 3.23%, 0, 2, 1, 172.17
1494628692, 1, 57, 224, 48, 0, 3.23%, 0, 2, 1, 184.93
1494628702, 1, 61, 224, 48, 0, 3.23%, 0, 2, 1, 180.80
1494628707, 1, 62, 224, 48, 0, 3.23%, 0, 2, 1, 182.91
1494628717, 1, 64, 224, 48, 0, 3.23%, 0, 2, 1, 187.26
1494628723, 1, 65, 224, 48, 0, 3.23%, 0, 2, 1, 190.66
1494628728, 1, 67, 224, 47, 0, 3.23%, 0, 2, 1, 183.54
1494628738, 1, 68, 224, 47, 0, 3.23%, 0, 2, 1, 188.17
1494628743, 1, 69, 224, 47, 0, 3.23%, 0, 2, 1, 173.92
1494628758, 1, 70, 224, 47, 0, 3.23%, 0, 2, 1, 191.68
1494628763, 1, 73, 224, 47, 0, 3.23%, 0, 2, 1, 194.82
1494628769, 1, 74, 224, 47, 0, 3.23%, 0, 2, 1, 192.27
1494628774, 1, 75, 224, 47, 0, 3.23%, 0, 2, 1, 189.61
1494628784, 1, 76, 224, 47, 0, 3.23%, 0, 2, 1, 194.74
1494628789, 1, 77, 224, 47, 0, 3.23%, 0, 2, 1, 187.21
1494628800, 1, 78, 224, 47, 0, 3.23%, 0, 2, 1, 187.80
1494628805, 1, 79, 224, 47, 0, 3.23%, 0, 2, 1, 184.98
1494628815, 1, 81, 224, 47, 0, 3.23%, 0, 2, 1, 186.20
1494628820, 1, 82, 224, 47, 0, 3.23%, 0, 2, 1, 186.72
1494628830, 1, 85, 224, 47, 0, 3.23%, 0, 2, 1, 161.74
1494628836, 1, 86, 224, 47, 0, 3.23%, 0, 2, 1, 176.41
1494628846, 1, 88, 224, 47, 0, 3.23%, 0, 2, 1, 188.78
1494628856, 1, 89, 224, 47, 0, 3.23%, 0, 2, 1, 190.75
1494628861, 1, 90, 224, 47, 0, 3.23%, 0, 2, 1, 191.42
1494628871, 1, 91, 224, 47, 0, 3.23%, 0, 2, 1, 187.55
1494628876, 1, 93, 224, 47, 0, 3.23%, 0, 2, 1, 190.94
1494628887, 1, 95, 224, 47, 0, 3.23%, 0, 2, 1, 186.46
1494628897, 1, 97, 224, 47, 0, 3.23%, 0, 2, 1, 189.51
1494628912, 1, 100, 224, 47, 0, 3.23%, 0, 2, 1, 187.25
1494628917, 1, 101, 224, 47, 0, 3.23%, 0, 2, 1, 189.70
1494628928, 1, 102, 224, 47, 0, 3.23%, 0, 2, 1, 187.12
1494628933, 1, 104, 224, 47, 0, 3.23%, 0, 2, 1, 193.44
1494628943, 1, 105, 224, 47, 0, 3.23%, 0, 2, 1, 183.31
1494628948, 1, 106, 224, 47, 0, 3.23%, 0, 2, 1, 174.33
1494628958, 1, 107, 224, 47, 0, 3.23%, 0, 2, 1, 183.37
1494628969, 1, 109, 224, 47, 0, 3.23%, 0, 2, 1, 194.51
1494628974, 1, 110, 224, 46, 0, 3.23%, 0, 2, 1, 194.55
1494628984, 1, 111, 224, 46, 0, 3.23%, 0, 2, 1, 187.63
1494628989, 1, 112, 224, 46, 0, 3.23%, 0, 2, 1, 196.98
1494628999, 1, 113, 224, 46, 0, 3.23%, 0, 2, 1, 140.44
1494629010, 1, 114, 224, 45, 0, 3.23%, 0, 2, 1, 189.87
1494629015, 1, 115, 224, 45, 0, 3.23%, 0, 2, 1, 182.96
1494629025, 1, 117, 224, 45, 0, 3.23%, 0, 2, 1, 111.34
1494629030, 1, 118, 224, 45, 0, 3.23%, 0, 2, 1, 165.38
1494629035, 1, 120, 224, 45, 0, 3.23%, 0, 2, 1, 187.79
1494629046, 1, 122, 224, 45, 0, 3.23%, 0, 2, 1, 177.08
1494629056, 1, 123, 224, 45, 0, 3.23%, 0, 2, 1, 180.01
1494629061, 1, 124, 224, 45, 0, 3.23%, 0, 2, 1, 176.85
1494629071, 1, 126, 224, 45, 0, 3.23%, 0, 2, 1, 186.46
1494629076, 1, 127, 224, 45, 0, 3.23%, 0, 2, 1, 147.03
1494629086, 1, 129, 224, 45, 0, 3.23%, 0, 2, 1, 187.60
1494629101, 1, 131, 224, 45, 0, 3.23%, 0, 2, 1, 124.95
1494629107, 1, 132, 224, 44, 0, 3.23%, 0, 2, 1, 185.98
1494629117, 1, 134, 224, 44, 0, 3.23%, 0, 2, 1, 186.67
1494629122, 1, 135, 224, 44, 0, 3.23%, 0, 2, 1, 186.46
1494629132, 1, 137, 224, 44, 0, 3.23%, 0, 2, 1, 191.09
1494629137, 1, 138, 224, 44, 0, 3.23%, 0, 2, 1, 187.02
1494629153, 1, 140, 224, 44, 0, 3.23%, 0, 2, 1, 189.10
1494629158, 1, 141, 224, 44, 0, 3.23%, 0, 2, 1, 184.57
1494629168, 1, 142, 224, 44, 0, 3.23%, 0, 2, 1, 189.28
1494629178, 1, 143, 224, 44, 0, 3.23%, 0, 2, 1, 179.43
1494629184, 1, 144, 224, 44, 0, 3.23%, 0, 2, 1, 187.68
1494629194, 1, 145, 224, 44, 0, 3.23%, 0, 2, 1, 188.48
1494629199, 1, 146, 224, 44, 0, 3.23%, 0, 2, 1, 191.00
1494629209, 1, 152, 224, 44, 0, 3.23%, 0, 2, 1, 192.74
1494629214, 1, 154, 224, 43, 0, 3.23%, 0, 2, 1, 192.84
1494629224, 1, 155, 224, 43, 0, 3.23%, 0, 2, 1, 182.64
1494629229, 1, 157, 224, 43, 0, 3.23%, 0, 2, 1, 182.88
1494629240, 1, 158, 224, 43, 0, 3.23%, 0, 2, 1, 183.10
1494629245, 1, 159, 224, 43, 0, 3.23%, 0, 2, 1, 190.67
1494629255, 1, 161, 224, 43, 0, 3.23%, 0, 2, 1, 142.83
1494629260, 1, 164, 224, 43, 0, 3.23%, 0, 2, 1, 173.89
1494629271, 1, 166, 224, 43, 0, 3.23%, 0, 2, 1, 192.35
1494629276, 1, 167, 224, 43, 0, 3.23%, 0, 2, 1, 196.75
1494629286, 1, 169, 224, 43, 0, 3.23%, 0, 2, 1, 188.59
1494629296, 1, 171, 224, 43, 0, 3.23%, 0, 2, 1, 186.54
1494629301, 1, 172, 224, 43, 0, 3.23%, 0, 2, 1, 149.65
1494629311, 1, 173, 224, 43, 0, 3.23%, 0, 2, 1, 187.40
1494629316, 1, 174, 224, 43, 0, 3.23%, 0, 2, 1, 186.98
1494629327, 1, 176, 224, 43, 0, 3.23%, 0, 2, 1, 168.68
1494629337, 1, 179, 224, 43, 0, 3.23%, 0, 2, 1, 181.18
1494629352, 1, 182, 224, 43, 0, 3.23%, 0, 2, 1, 170.25
1494629373, 1, 184, 224, 42, 0, 3.23%, 0, 2, 1, 166.71
1494629383, 1, 185, 224, 42, 0, 3.23%, 0, 2, 1, 195.18
1494629388, 1, 187, 224, 42, 0, 3.23%, 0, 2, 1, 180.36
1494629398, 1, 188, 224, 42, 0, 3.23%, 0, 2, 1, 196.16
1494629403, 1, 189, 224, 41, 0, 3.23%, 0, 2, 1, 194.70
1494629414, 1, 190, 224, 41, 0, 3.23%, 0, 2, 1, 195.86
1494629419, 1, 191, 224, 41, 0, 3.23%, 0, 2, 1, 191.35
1494629429, 1, 193, 224, 41, 0, 3.23%, 0, 2, 1, 179.91
1494629434, 1, 195, 224, 41, 0, 3.23%, 0, 2, 1, 188.02
1494629444, 1, 197, 224, 41, 0, 3.23%, 0, 2, 1, 182.32
1494629450, 1, 200, 224, 41, 0, 3.23%, 0, 2, 1, 169.33
1494629465, 1, 202, 224, 41, 0, 3.23%, 0, 2, 1, 78.67
1494629475, 1, 204, 224, 41, 0, 3.23%, 0, 2, 1, 177.76
1494629486, 1, 205, 224, 41, 0, 3.23%, 0, 2, 1, 183.46
1494629491, 1, 207, 224, 41, 0, 3.23%, 0, 2, 1, 182.34
1494629501, 1, 208, 224, 41, 0, 3.23%, 0, 2, 1, 185.72
1494629506, 1, 209, 224, 41, 0, 3.23%, 0, 2, 1, 184.89
1494629517, 1, 211, 224, 41, 0, 3.23%, 0, 2, 1, 186.23
1494629527, 1, 212, 224, 41, 0, 3.23%, 0, 2, 1, 190.36
1494629532, 1, 213, 224, 41, 0, 3.23%, 0, 2, 1, 194.61
1494629542, 1, 214, 224, 41, 0, 3.23%, 0, 2, 1, 179.10
1494629547, 1, 216, 224, 40, 0, 3.23%, 0, 2, 1, 179.42
1494629563, 1, 219, 224, 40, 0, 3.23%, 0, 2, 1, 193.25
1494629573, 2, 0, 224, 40, 0, 3.23%, 0, 2, 1, 187.78
1494629578, 2, 2, 224, 40, 0, 3.23%, 0, 2, 1, 188.32
1494629583, 2, 4, 224, 40, 0, 3.23%, 0, 2, 1, 184.30
1494629599, 2, 6, 224, 40, 0, 3.23%, 0, 2, 1, 51.30
1494629604, 2, 9, 224, 40, 0, 3.23%, 0, 2, 1, 145.13
1494629609, 2, 10, 224, 40, 0, 3.23%, 0, 2, 1, 206.95
1494629619, 2, 12, 224, 40, 0, 3.23%, 0, 2, 1, 190.15
1494629629, 2, 14, 224, 40, 0, 3.23%, 0, 2, 1, 198.32
1494629634, 2, 16, 224, 40, 0, 3.23%, 0, 2, 1, 195.25
1494629640, 2, 17, 224, 40, 0, 3.23%, 0, 2, 1, 190.89
1494629645, 2, 19, 224, 40, 0, 3.23%, 0, 2, 1, 188.89
1494629650, 2, 21, 224, 40, 0, 3.23%, 0, 2, 1, 191.14
1494629655, 2, 23, 224, 40, 0, 3.23%, 0, 2, 1, 193.52
1494629665, 2, 24, 224, 40, 0, 3.23%, 0, 2, 1, 196.05
1494629670, 2, 25, 224, 40, 0, 3.23%, 0, 2, 1, 196.17
1494629676, 2, 27, 224, 40, 0, 3.23%, 0, 2, 1, 189.67
1494629681, 2, 30, 224, 40, 0, 3.23%, 0, 2, 1, 193.68
1494629691, 2, 31, 224, 40, 0, 3.23%, 0, 2, 1, 186.05
1494629701, 2, 33, 224, 40, 0, 3.23%, 0, 2, 1, 161.54
1494629711, 2, 34, 224, 40, 0, 3.23%, 0, 2, 1, 174.97
1494629727, 2, 35, 224, 40, 0, 3.23%, 0, 2, 1, 175.58
1494629737, 2, 37, 224, 40, 0, 3.23%, 0, 2, 1, 177.76
1494629742, 2, 38, 224, 40, 0, 3.23%, 0, 2, 1, 186.71
1494629747, 2, 39, 224, 40, 0, 3.23%, 0, 2, 1, 185.95
1494629752, 2, 41, 224, 39, 0, 3.23%, 0, 2, 1, 186.89
1494629767, 2, 43, 224, 39, 0, 3.23%, 0, 2, 1, 192.10
1494629773, 2, 44, 224, 39, 0, 3.23%, 0, 2, 1, 193.54
1494629778, 2, 45, 224, 39, 0, 3.23%, 0, 2, 1, 193.86
1494629788, 2, 47, 224, 39, 0, 3.23%, 0, 2, 1, 187.88
1494629798, 2, 48, 224, 39, 0, 3.23%, 0, 2, 1, 187.19
1494629804, 2, 49, 224, 39, 0, 3.23%, 0, 2, 1, 188.31
1494629814, 2, 50, 224, 39, 0, 3.23%, 0, 2, 1, 188.25
1494629819, 2, 51, 224, 39, 0, 3.23%, 0, 2, 1, 182.03
1494629829, 2, 52, 224, 39, 0, 3.23%, 0, 2, 1, 178.68
1494629834, 2, 55, 224, 39, 0, 3.23%, 0, 2, 1, 182.37
1494629839, 2, 56, 224, 39, 0, 3.23%, 0, 2, 1, 170.87
1494629845, 2, 57, 224, 39, 0, 3.23%, 0, 2, 1, 193.45
1494629855, 2, 61, 224, 39, 0, 3.23%, 0, 2, 1, 190.33
1494629860, 2, 62, 224, 39, 0, 3.23%, 0, 2, 1, 182.28
1494629870, 2, 64, 224, 39, 0, 3.23%, 0, 2, 1, 186.63
1494629875, 2, 66, 224, 39, 0, 3.23%, 0, 2, 1, 182.55
1494629880, 2, 67, 224, 38, 0, 3.23%, 0, 2, 1, 185.93
1494629891, 2, 68, 224, 38, 0, 3.23%, 0, 2, 1, 186.34
1494629896, 2, 69, 224, 38, 0, 3.23%, 0, 2, 1, 188.01
1494629911, 2, 70, 224, 38, 0, 3.23%, 0, 2, 1, 177.34
1494629916, 2, 73, 224, 38, 0, 3.23%, 0, 2, 1, 181.54
1494629921, 2, 74, 224, 38, 0, 3.23%, 0, 2, 1, 184.81
1494629926, 2, 75, 224, 38, 0, 3.23%, 0, 2, 1, 181.70
1494629937, 2, 76, 224, 38, 0, 3.23%, 0, 2, 1, 185.50
1494629942, 2, 77, 224, 38, 0, 3.23%, 0, 2, 1, 187.02
1494629952, 2, 78, 224, 38, 0, 3.23%, 0, 2, 1, 186.47
1494629957, 2, 79, 224, 38, 0, 3.23%, 0, 2, 1, 185.24
1494629967, 2, 82, 224, 38, 0, 3.23%, 0, 2, 1, 191.94
1494629978, 2, 85, 224, 38, 0, 3.23%, 0, 2, 1, 189.20
1494629983, 2, 86, 224, 38, 0, 3.23%, 0, 2, 1, 195.03
1494629993, 2, 88, 224, 38, 0, 3.23%, 0, 2, 1, 184.82
1494630009, 2, 89, 224, 38, 0, 3.23%, 0, 2, 1, 183.37
1494630014, 2, 90, 224, 38, 0, 3.23%, 0, 2, 1, 186.26
1494630024, 2, 91, 224, 38, 0, 3.23%, 0, 2, 1, 187.80
1494630029, 2, 93, 224, 38, 0, 3.23%, 0, 2, 1, 187.28
1494630039, 2, 95, 224, 38, 0, 3.23%, 0, 2, 1, 192.92
1494630049, 2, 97, 224, 38, 0, 3.23%, 0, 2, 1, 145.58
1494630064, 2, 99, 224, 38, 0, 3.23%, 0, 2, 1, 186.00
1494630075, 2, 100, 224, 37, 0, 3.23%, 0, 2, 1, 198.88
1494630080, 2, 101, 224, 37, 0, 3.23%, 0, 2, 1, 203.80
1494630090, 2, 102, 224, 37, 0, 3.23%, 0, 2, 1, 175.23
1494630095, 2, 104, 224, 37, 0, 3.23%, 0, 2, 1, 182.71
1494630105, 2, 105, 224, 37, 0, 3.23%, 0, 2, 1, 183.86
1494630111, 2, 106, 224, 37, 0, 3.23%, 0, 2, 1, 189.48
1494630121, 2, 107, 224, 37, 0, 3.23%, 0, 2, 1, 180.45
1494630131, 2, 110, 224, 37, 0, 3.23%, 0, 2, 1, 181.90
1494630141, 2, 111, 224, 37, 0, 3.23%, 0, 2, 1, 150.18
1494630146, 2, 112, 224, 37, 0, 3.23%, 0, 2, 1, 191.88
1494630157, 2, 115, 224, 37, 0, 3.23%, 0, 2, 1, 173.55
1494630167, 2, 116, 224, 37, 0, 3.23%, 0, 2, 1, 196.28
1494630172, 2, 118, 224, 37, 0, 3.23%, 0, 2, 1, 187.90
1494630177, 2, 120, 224, 37, 0, 3.23%, 0, 2, 1, 187.61
1494630188, 2, 121, 224, 37, 0, 3.23%, 0, 2, 1, 189.09
1494630193, 2, 122, 224, 37, 0, 3.23%, 0, 2, 1, 192.99
1494630203, 2, 124, 224, 37, 0, 3.23%, 0, 2, 1, 181.97
1494630218, 2, 127, 224, 36, 0, 3.23%, 0, 2, 1, 188.71
1494630233, 2, 129, 224, 36, 0, 3.23%, 0, 2, 1, 160.22
1494630249, 2, 132, 224, 36, 0, 3.23%, 0, 2, 1, 191.45
1494630259, 2, 134, 224, 36, 0, 3.23%, 0, 2, 1, 179.99
1494630264, 2, 135, 224, 36, 0, 3.23%, 0, 2, 1, 186.54
1494630274, 2, 137, 224, 36, 0, 3.23%, 0, 2, 1, 184.05
1494630279, 2, 138, 224, 36, 0, 3.23%, 0, 2, 1, 188.43
1494630295, 2, 139, 224, 36, 0, 3.23%, 0, 2, 1, 180.44
1494630300, 2, 141, 224, 36, 0, 3.23%, 0, 2, 1, 87.18
1494630315, 2, 142, 224, 36, 0, 3.23%, 0, 2, 1, 181.21
1494630325, 2, 144, 224, 36, 0, 3.23%, 0, 2, 1, 182.86
1494630335, 2, 145, 224, 36, 0, 3.23%, 0, 2, 1, 195.08
1494630340, 2, 146, 224, 36, 0, 3.23%, 0, 2, 1, 191.44
1494630351, 2, 149, 224, 36, 0, 3.23%, 0, 2, 1, 184.70
1494630366, 2, 153, 224, 35, 0, 3.23%, 0, 2, 1, 172.60
1494630371, 2, 154, 224, 35, 0, 3.23%, 0, 2, 1, 165.46
1494630381, 2, 155, 224, 35, 0, 3.23%, 0, 2, 1, 173.41
1494630386, 2, 157, 224, 35, 0, 3.23%, 0, 2, 1, 165.82
1494630397, 2, 158, 224, 35, 0, 3.23%, 0, 2, 1, 176.67
1494630402, 2, 159, 224, 35, 0, 3.23%, 0, 2, 1, 172.26
1494630412, 2, 161, 224, 35, 0, 3.23%, 0, 2, 1, 188.25
1494630417, 2, 164, 224, 35, 0, 3.23%, 0, 2, 1, 190.67
1494630432, 2, 167, 224, 35, 0, 3.23%, 0, 2, 1, 195.94
1494630443, 2, 168, 224, 35, 0, 3.23%, 0, 2, 1, 189.26
1494630448, 2, 169, 224, 35, 0, 3.23%, 0, 2, 1, 188.15
1494630453, 2, 170, 224, 35, 0, 3.23%, 0, 2, 1, 186.63
1494630458, 2, 172, 224, 34, 0, 3.23%, 0, 2, 1, 189.98
1494630468, 2, 173, 224, 34, 0, 3.23%, 0, 2, 1, 192.77
1494630473, 2, 174, 224, 34, 0, 3.23%, 0, 2, 1, 194.24
1494630484, 2, 176, 224, 34, 0, 3.23%, 0, 2, 1, 185.26
1494630494, 2, 178, 224, 34, 0, 3.23%, 0, 2, 1, 186.11
1494630499, 2, 179, 224, 34, 0, 3.23%, 0, 2, 1, 187.57
1494630509, 2, 182, 224, 34, 0, 3.23%, 0, 2, 1, 170.99
1494630530, 2, 184, 224, 34, 0, 3.23%, 0, 2, 1, 186.39
1494630540, 2, 185, 224, 34, 0, 3.23%, 0, 2, 1, 189.41
1494630545, 2, 187, 224, 34, 0, 3.23%, 0, 2, 1, 188.84
1494630555, 2, 189, 224, 34, 0, 3.23%, 0, 2, 1, 192.97
1494630566, 2, 190, 224, 34, 0, 3.23%, 0, 2, 1, 185.23
1494630571, 2, 191, 224, 34, 0, 3.23%, 0, 2, 1, 185.02
1494630581, 2, 193, 224, 34, 0, 3.23%, 0, 2, 1, 189.94
1494630586, 2, 195, 224, 34, 0, 3.23%, 0, 2, 1, 185.68
1494630597, 2, 197, 224, 34, 0, 3.23%, 0, 2, 1, 185.92
1494630602, 2, 198, 224, 34, 0, 3.23%, 0, 2, 1, 187.68
1494630612, 2, 200, 224, 33, 0, 3.23%, 0, 2, 1, 186.78
1494630622, 2, 202, 224, 33, 0, 3.23%, 0, 2, 1, 202.48
1494630638, 2, 204, 224, 33, 0, 3.23%, 0, 2, 1, 185.73
1494630648, 2, 205, 224, 33, 0, 3.23%, 0, 2, 1, 156.57
1494630653, 2, 207, 224, 33, 0, 3.23%, 0, 2, 1, 189.53
1494630663, 2, 209, 224, 33, 0, 3.23%, 0, 2, 1, 188.17
1494630674, 2, 210, 224, 33, 0, 3.23%, 0, 2, 1, 193.54
1494630679, 2, 211, 224, 33, 0, 3.23%, 0, 2, 1, 192.21
1494630689, 2, 212, 224, 33, 0, 3.23%, 0, 2, 1, 185.80
1494630694, 2, 213, 224, 33, 0, 3.23%, 0, 2, 1, 127.51
1494630705, 2, 216, 224, 33, 0, 3.23%, 0, 2, 1, 195.84
1494630720, 2, 219, 224, 33, 0, 3.23%, 0, 2, 1, 188.07
1494630730, 3, 1, 224, 33, 0, 3.23%, 0, 2, 1, 191.33
1494630735, 3, 2, 224, 33, 0, 3.23%, 0, 2, 1, 187.21
1494630740, 3, 4, 224, 33, 0, 3.23%, 0, 2, 1, 185.86
1494630751, 3, 5, 224, 33, 0, 3.23%, 0, 2, 1, 179.34
1494630756, 3, 8, 224, 33, 0, 3.23%, 0, 2, 1, 179.23
1494630761, 3, 10, 224, 33, 0, 3.23%, 0, 2, 1, 189.74
1494630776, 3, 12, 224, 33, 0, 3.23%, 0, 2, 1, 187.25
1494630786, 3, 14, 224, 33, 0, 3.23%, 0, 2, 1, 186.77
1494630791, 3, 16, 224, 33, 0, 3.23%, 0, 2, 1, 193.94
1494630797, 3, 18, 224, 33, 0, 3.23%, 0, 2, 1, 188.94
1494630802, 3, 20, 224, 33, 0, 3.23%, 0, 2, 1, 146.81
1494630807, 3, 22, 224, 33, 0, 3.23%, 0, 2, 1, 181.45
1494630812, 3, 23, 224, 33, 0, 3.23%, 0, 2, 1, 190.44
1494630822, 3, 24, 224, 33, 0, 3.23%, 0, 2, 1, 186.02
1494630827, 3, 26, 224, 33, 0, 3.23%, 0, 2, 1, 185.09
1494630832, 3, 28, 224, 33, 0, 3.23%, 0, 2, 1, 190.93
1494630837, 3, 30, 224, 33, 0, 3.23%, 0, 2, 1, 189.15
1494630848, 3, 31, 224, 33, 0, 3.23%, 0, 2, 1, 197.64
1494630853, 3, 32, 224, 33, 0, 3.23%, 0, 2, 1, 190.71
1494630858, 3, 33, 224, 33, 0, 3.23%, 0, 2, 1, 179.39
1494630868, 3, 34, 224, 33, 0, 3.23%, 0, 2, 1, 86.22
1494630879, 3, 35, 224, 33, 0, 3.23%, 0, 2, 1, 52.68
1494630889, 3, 37, 224, 33, 0, 3.23%, 0, 2, 1, 25.32
1494630894, 3, 38, 224, 33, 0, 3.23%, 0, 2, 1, 184.36
1494630899, 3, 40, 224, 33, 0, 3.23%, 0, 2, 1, 189.48
1494630904, 3, 41, 224, 33, 0, 3.23%, 0, 2, 1, 189.21
1494630914, 3, 42, 224, 33, 0, 3.23%, 0, 2, 1, 189.25
1494630919, 3, 43, 224, 33, 0, 3.23%, 0, 2, 1, 181.36
1494630924, 3, 44, 224, 33, 0, 3.23%, 0, 2, 1, 185.56
1494630929, 3, 45, 224, 33, 0, 3.23%, 0, 2, 1, 187.10
1494630935, 3, 46, 224, 33, 0, 3.23%, 0, 2, 1, 185.38
1494630940, 3, 47, 224, 33, 0, 3.23%, 0, 2, 1, 186.63
1494630950, 3, 49, 224, 33, 0, 3.23%, 0, 2, 1, 147.24
1494630965, 3, 51, 224, 33, 0, 3.23%, 0, 2, 1, 186.64
1494630975, 3, 52, 224, 33, 0, 3.23%, 0, 2, 1, 172.51
1494630980, 3, 53, 224, 33, 0, 3.23%, 0, 2, 1, 184.94
1494630986, 3, 54, 224, 33, 0, 3.23%, 0, 2, 1, 166.27
1494630996, 3, 55, 224, 32, 0, 3.23%, 0, 2, 1, 180.74
1494631001, 3, 56, 224, 32, 0, 3.23%, 0, 2, 1, 162.83
1494631006, 3, 57, 224, 32, 0, 3.23%, 0, 2, 1, 186.79
1494631011, 3, 58, 224, 32, 0, 3.23%, 0, 2, 1, 186.93
1494631016, 3, 62, 224, 32, 0, 3.23%, 0, 2, 1, 189.12
1494631032, 3, 66, 224, 32, 0, 3.23%, 0, 2, 1, 187.83
1494631037, 3, 67, 224, 32, 0, 3.23%, 0, 2, 1, 184.56
1494631047, 3, 68, 224, 32, 0, 3.23%, 0, 2, 1, 165.22
1494631052, 3, 69, 224, 32, 0, 3.23%, 0, 2, 1, 177.96
1494631068, 3, 71, 224, 32, 0, 3.23%, 0, 2, 1, 184.13
1494631073, 3, 72, 224, 31, 0, 3.23%, 0, 2, 1, 192.07
1494631078, 3, 73, 224, 31, 0, 3.23%, 0, 2, 1, 186.60
1494631083, 3, 75, 224, 31, 0, 3.23%, 0, 2, 1, 189.27
1494631099, 3, 77, 224, 31, 0, 3.23%, 0, 2, 1, 174.58
1494631109, 3, 78, 224, 31, 0, 3.23%, 0, 2, 1, 187.08
1494631114, 3, 79, 224, 31, 0, 3.23%, 0, 2, 1, 184.05
1494631124, 3, 81, 224, 31, 0, 3.23%, 0, 2, 1, 187.63
1494631129, 3, 82, 224, 31, 0, 3.23%, 0, 2, 1, 185.98
1494631139, 3, 85, 224, 31, 0, 3.23%, 0, 2, 1, 202.61
1494631145, 3, 86, 224, 31, 0, 3.23%, 0, 2, 1, 161.21
1494631155, 3, 88, 224, 30, 0, 3.23%, 0, 2, 1, 182.64
1494631170, 3, 90, 224, 30, 0, 3.23%, 0, 2, 1, 183.44
1494631186, 3, 93, 224, 30, 0, 3.23%, 0, 2, 1, 186.77
1494631196, 3, 95, 224, 30, 0, 3.23%, 0, 2, 1, 189.79
1494631206, 3, 96, 224, 30, 0, 3.23%, 0, 2, 1, 192.07
1494631211, 3, 97, 224, 30, 0, 3.23%, 0, 2, 1, 126.58
1494631222, 3, 98, 224, 30, 0, 3.23%, 0, 2, 1, 182.38
1494631227, 3, 101, 224, 30, 0, 3.23%, 0, 2, 1, 181.64
1494631237, 3, 102, 224, 30, 0, 3.23%, 0, 2, 1, 183.87
1494631242, 3, 104, 224, 30, 0, 3.23%, 0, 2, 1, 185.34
1494631257, 3, 106, 224, 30, 0, 3.23%, 0, 2, 1, 183.09
1494631267, 3, 107, 224, 30, 0, 3.23%, 0, 2, 1, 185.54
1494631278, 3, 108, 224, 30, 0, 3.23%, 0, 2, 1, 188.22
1494631283, 3, 110, 224, 30, 0, 3.23%, 0, 2, 1, 191.08
1494631293, 3, 112, 224, 30, 0, 3.23%, 0, 2, 1, 170.92
1494631303, 3, 114, 224, 30, 0, 3.23%, 0, 2, 1, 191.39
1494631308, 3, 115, 224, 30, 0, 3.23%, 0, 2, 1, 195.75
1494631319, 3, 117, 224, 30, 0, 3.23%, 0, 2, 1, 154.30
1494631325, 3, 118, 224, 30, 0, 3.23%, 0, 2, 1, 5.42
1494631330, 3, 120, 224, 30, 0, 3.23%, 0, 2, 1, 192.34
1494631341, 3, 121, 224, 30, 0, 3.23%, 0, 2, 1, 188.98
1494631346, 3, 122, 224, 30, 0, 3.23%, 0, 2, 1, 188.33
1494631356, 3, 124, 224, 30, 0, 3.23%, 0, 2, 1, 150.91
1494631366, 3, 126, 224, 30, 0, 3.23%, 0, 2, 1, 139.23
1494631372, 3, 127, 224, 30, 0, 3.23%, 0, 2, 1, 175.45
1494631382, 3, 129, 224, 30, 0, 3.23%, 0, 2, 1, 186.45
1494631402, 3, 132, 224, 30, 0, 3.23%, 0, 2, 1, 183.43
1494631413, 3, 134, 224, 30, 0, 3.23%, 0, 2, 1, 159.18
1494631418, 3, 135, 224, 30, 0, 3.23%, 0, 2, 1, 200.95
1494631428, 3, 137, 224, 30, 0, 3.23%, 0, 2, 1, 181.23
1494631433, 3, 138, 224, 30, 0, 3.23%, 0, 2, 1, 185.61
1494631448, 3, 140, 224, 30, 0, 3.23%, 0, 2, 1, 189.22
1494631454, 3, 141, 224, 30, 0, 3.23%, 0, 2, 1, 185.88
1494631464, 3, 142, 224, 30, 0, 3.23%, 0, 2, 1, 179.25
1494631474, 3, 143, 224, 30, 0, 3.23%, 0, 2, 1, 185.83
1494631479, 3, 144, 224, 30, 0, 3.23%, 0, 2, 1, 187.93
1494631489, 3, 146, 224, 30, 0, 3.23%, 0, 2, 1, 189.68
1494631500, 3, 149, 224, 30, 0, 3.23%, 0, 2, 1, 186.21
1494631520, 3, 153, 224, 30, 0, 3.23%, 0, 2, 1, 186.10
1494631525, 3, 154, 224, 30, 0, 3.23%, 0, 2, 1, 184.74
1494631536, 3, 156, 224, 30, 0, 3.23%, 0, 2, 1, 188.25
1494631541, 3, 157, 224, 30, 0, 3.23%, 0, 2, 1, 191.26
1494631551, 3, 158, 224, 30, 0, 3.23%, 0, 2, 1, 193.51
1494631556, 3, 159, 224, 30, 0, 3.23%, 0, 2, 1, 186.50
1494631567, 3, 161, 224, 30, 0, 3.23%, 0, 2, 1, 187.14
1494631572, 3, 164, 224, 30, 0, 3.23%, 0, 2, 1, 187.07
1494631582, 3, 166, 224, 30, 0, 3.23%, 0, 2, 1, 186.74
1494631587, 3, 167, 224, 30, 0, 3.23%, 0, 2, 1, 181.91
1494631598, 3, 169, 224, 30, 0, 3.23%, 0, 2, 1, 183.23
1494631613, 3, 172, 224, 30, 0, 3.23%, 0, 2, 1, 196.31
1494631623, 3, 173, 224, 30, 0, 3.23%, 0, 2, 1, 184.20
1494631628, 3, 174, 224, 30, 0, 3.23%, 0, 2, 1, 193.54
1494631639, 3, 176, 224, 30, 0, 3.23%, 0, 2, 1, 180.08
1494631649, 3, 178, 224, 30, 0, 3.23%, 0, 2, 1, 197.22
1494631654, 3, 179, 224, 30, 0, 3.23%, 0, 2, 1, 190.23
1494631664, 3, 182, 224, 30, 0, 3.23%, 0, 2, 1, 123.90
1494631685, 3, 184, 224, 30, 0, 3.23%, 0, 2, 1, 196.92
1494631695, 3, 186, 224, 30, 0, 3.23%, 0, 2, 1, 194.23
1494631700, 3, 187, 224, 30, 0, 3.23%, 0, 2, 1, 191.54
1494631710, 3, 189, 224, 30, 0, 3.23%, 0, 2, 1, 182.27
1494631726, 3, 191, 224, 30, 0, 3.23%, 0, 2, 1, 172.64
1494631736, 3, 192, 224, 30, 0, 3.23%, 0, 2, 1, 185.79
1494631741, 3, 194, 224, 29, 0, 3.23%, 0, 2, 1, 188.91
1494631747, 3, 195, 224, 28, 0, 3.23%, 0, 2, 1, 185.85
1494631757, 3, 197, 224, 28, 0, 3.23%, 0, 2, 1, 192.84
1494631762, 3, 199, 224, 28, 0, 3.23%, 0, 2, 1, 187.80
1494631767, 3, 200, 224, 28, 0, 3.23%, 0, 2, 1, 185.46
1494631777, 3, 202, 224, 28, 0, 3.23%, 0, 2, 1, 191.58
1494631787, 3, 204, 224, 28, 0, 3.23%, 0, 2, 1, 184.48
1494631803, 3, 206, 224, 28, 0, 3.23%, 0, 2, 1, 176.70
1494631808, 3, 207, 224, 27, 0, 3.23%, 0, 2, 1, 176.45
1494631818, 3, 209, 224, 27, 0, 3.23%, 0, 2, 1, 200.19
1494631834, 3, 211, 224, 27, 0, 3.23%, 0, 2, 1, 163.56
1494631844, 3, 212, 224, 27, 0, 3.23%, 0, 2, 1, 190.18
1494631849, 3, 213, 224, 27, 0, 3.23%, 0, 2, 1, 187.70
1494631859, 3, 215, 224, 27, 0, 3.23%, 0, 2, 1, 189.35
1494631864, 3, 216, 224, 27, 0, 3.23%, 0, 2, 1, 186.99
1494631875, 3, 219, 224, 27, 0, 3.23%, 0, 2, 1, 185.46
1494631885, 3, 221, 224, 27, 0, 3.23%, 0, 2, 1, 180.08
1494631890, 4, 1, 224, 26, 0, 3.23%, 0, 2, 1, 184.62
1494631896, 4, 3, 224, 26, 0, 3.23%, 0, 2, 1, 179.57
1494631901, 4, 4, 224, 26, 0, 3.23%, 0, 2, 1, 190.47
1494631911, 4, 5, 224, 26, 0, 3.23%, 0, 2, 1, 182.97
1494631916, 4, 8, 224, 26, 0, 3.23%, 0, 2, 1, 185.40
1494631921, 4, 10, 224, 26, 0, 3.23%, 0, 2, 1, 181.83
1494631937, 4, 12, 224, 26, 0, 3.23%, 0, 2, 1, 177.36
1494631947, 4, 14, 224, 26, 0, 3.23%, 0, 2, 1, 191.06
1494631952, 4, 16, 224, 26, 0, 3.23%, 0, 2, 1, 190.36
1494631957, 4, 18, 224, 26, 0, 3.23%, 0, 2, 1, 191.73
1494631962, 4, 20, 224, 26, 0, 3.23%, 0, 2, 1, 188.22
1494631967, 4, 22, 224, 26, 0, 3.23%, 0, 2, 1, 190.48
1494631972, 4, 23, 224, 26, 0, 3.23%, 0, 2, 1, 190.67
1494631983, 4, 24, 224, 26, 0, 3.23%, 0, 2, 1, 198.47
1494631988, 4, 26, 224, 26, 0, 3.23%, 0, 2, 1, 201.82
1494631993, 4, 29, 224, 26, 0, 3.23%, 0, 2, 1, 193.63
1494631998, 4, 30, 224, 26, 0, 3.23%, 0, 2, 1, 182.59
1494632009, 4, 31, 224, 26, 0, 3.23%, 0, 2, 1, 193.34
1494632014, 4, 32, 224, 26, 0, 3.23%, 0, 2, 1, 189.60
1494632019, 4, 33, 224, 26, 0, 3.23%, 0, 2, 1, 188.08
1494632029, 4, 34, 224, 26, 0, 3.23%, 0, 2, 1, 181.56
1494632039, 4, 35, 224, 26, 0, 3.23%, 0, 2, 1, 187.13
1494632050, 4, 36, 224, 26, 0, 3.23%, 0, 2, 1, 188.37
1494632055, 4, 37, 224, 25, 0, 3.23%, 0, 2, 1, 181.30
1494632060, 4, 38, 224, 25, 0, 3.23%, 0, 2, 1, 187.10
1494632065, 4, 39, 224, 25, 0, 3.23%, 0, 2, 1, 173.80
1494632070, 4, 41, 224, 25, 0, 3.23%, 0, 2, 1, 179.09
1494632080, 4, 42, 224, 25, 0, 3.23%, 0, 2, 1, 163.23
1494632085, 4, 43, 224, 25, 0, 3.23%, 0, 2, 1, 180.71
1494632090, 4, 44, 224, 25, 0, 3.23%, 0, 2, 1, 182.84
1494632096, 4, 45, 224, 25, 0, 3.23%, 0, 2, 1, 18.35
1494632101, 4, 46, 224, 25, 0, 3.23%, 0, 2, 1, 185.77
1494632106, 4, 47, 224, 25, 0, 3.23%, 0, 2, 1, 196.51
1494632116, 4, 48, 224, 25, 0, 3.23%, 0, 2, 1, 188.73
1494632121, 4, 49, 224, 25, 0, 3.23%, 0, 2, 1, 195.56
1494632131, 4, 51, 224, 25, 0, 3.23%, 0, 2, 1, 185.27
1494632147, 4, 53, 224, 25, 0, 3.23%, 0, 2, 1, 177.37
1494632152, 4, 55, 224, 25, 0, 3.23%, 0, 2, 1, 178.51
1494632157, 4, 56, 224, 25, 0, 3.23%, 0, 2, 1, 177.79
1494632162, 4, 57, 224, 25, 0, 3.23%, 0, 2, 1, 178.63
1494632172, 4, 58, 224, 25, 0, 3.23%, 0, 2, 1, 178.45
1494632177, 4, 62, 224, 25, 0, 3.23%, 0, 2, 1, 180.37
1494632188, 4, 64, 224, 25, 0, 3.23%, 0, 2, 1, 189.09
1494632193, 4, 67, 224, 25, 0, 3.23%, 0, 2, 1, 188.05
1494632203, 4, 68, 224, 25, 0, 3.23%, 0, 2, 1, 195.83
1494632208, 4, 69, 224, 25, 0, 3.23%, 0, 2, 1, 190.68
1494632224, 4, 70, 224, 25, 0, 3.23%, 0, 2, 1, 191.89
1494632229, 4, 72, 224, 25, 0, 3.23%, 0, 2, 1, 189.53
1494632234, 4, 73, 224, 25, 0, 3.23%, 0, 2, 1, 182.88
1494632239, 4, 75, 224, 25, 0, 3.23%, 0, 2, 1, 174.50
1494632255, 4, 77, 224, 25, 0, 3.23%, 0, 2, 1, 187.87
1494632265, 4, 78, 224, 25, 0, 3.23%, 0, 2, 1, 180.17
1494632270, 4, 79, 224, 25, 0, 3.23%, 0, 2, 1, 184.22
1494632280, 4, 81, 224, 25, 0, 3.23%, 0, 2, 1, 180.42
1494632286, 4, 82, 224, 25, 0, 3.23%, 0, 2, 1, 183.48
1494632296, 4, 85, 224, 25, 0, 3.23%, 0, 2, 1, 188.89
1494632301, 4, 86, 224, 25, 0, 3.23%, 0, 2, 1, 181.02
1494632311, 4, 88, 224, 25, 0, 3.23%, 0, 2, 1, 189.15
1494632322, 4, 89, 224, 25, 0, 3.23%, 0, 2, 1, 177.17
1494632327, 4, 90, 224, 25, 0, 3.23%, 0, 2, 1, 179.21
1494632337, 4, 91, 224, 25, 0, 3.23%, 0, 2, 1, 184.47
1494632342, 4, 92, 224, 25, 0, 3.23%, 0, 2, 1, 184.20
1494632357, 4, 93, 224, 24, 0, 3.23%, 0, 2, 1, 176.55
1494632367, 4, 95, 224, 24, 0, 3.23%, 0, 2, 1, 150.47
1494632378, 4, 96, 224, 24, 0, 3.23%, 0, 2, 1, 183.25
1494632383, 4, 97, 224, 24, 0, 3.23%, 0, 2, 1, 36.89
1494632393, 4, 98, 224, 24, 0, 3.23%, 0, 2, 1, 196.09
1494632398, 4, 101, 224, 24, 0, 3.23%, 0, 2, 1, 195.35
1494632408, 4, 102, 224, 24, 0, 3.23%, 0, 2, 1, 191.81
1494632414, 4, 104, 224, 24, 0, 3.23%, 0, 2, 1, 189.76
1494632424, 4, 105, 224, 24, 0, 3.23%, 0, 2, 1, 183.28
1494632429, 4, 106, 224, 24, 0, 3.23%, 0, 2, 1, 187.55
1494632439, 4, 107, 224, 24, 0, 3.23%, 0, 2, 1, 189.47
1494632449, 4, 108, 224, 24, 0, 3.23%, 0, 2, 1, 186.10
1494632455, 4, 110, 224, 24, 0, 3.23%, 0, 2, 1, 166.70
1494632465, 4, 111, 224, 24, 0, 3.23%, 0, 2, 1, 185.82
1494632470, 4, 112, 224, 24, 0, 3.23%, 0, 2, 1, 184.88
1494632480, 4, 115, 224, 24, 0, 3.23%, 0, 2, 1, 195.16
1494632490, 4, 116, 224, 24, 0, 3.23%, 0, 2, 1, 182.29
1494632495, 4, 118, 224, 24, 0, 3.23%, 0, 2, 1, 190.53
1494632501, 4, 120, 224, 24, 0, 3.23%, 0, 2, 1, 193.21
1494632516, 4, 122, 224, 24, 0, 3.23%, 0, 2, 1, 190.26
1494632526, 4, 123, 224, 24, 0, 3.23%, 0, 2, 1, 189.98
1494632531, 4, 124, 224, 24, 0, 3.23%, 0, 2, 1, 189.13
1494632541, 4, 127, 224, 24, 0, 3.23%, 0, 2, 1, 181.59
1494632557, 4, 129, 224, 24, 0, 3.23%, 0, 2, 1, 175.05
1494632572, 4, 132, 224, 23, 0, 3.23%, 0, 2, 1, 184.81
1494632588, 4, 134, 224, 23, 0, 3.23%, 0, 2, 1, 186.54
1494632593, 4, 135, 224, 23, 0, 3.23%, 0, 2, 1, 228.63
1494632603, 4, 138, 224, 23, 0, 3.23%, 0, 2, 1, 188.02
1494632624, 4, 140, 224, 23, 0, 3.23%, 0, 2, 1, 188.59
1494632629, 4, 141, 224, 23, 0, 3.23%, 0, 2, 1, 186.87
1494632639, 4, 142, 224, 23, 0, 3.23%, 0, 2, 1, 189.19
1494632649, 4, 144, 224, 23, 0, 3.23%, 0, 2, 1, 186.75
1494632660, 4, 145, 224, 23, 0, 3.23%, 0, 2, 1, 181.11
1494632665, 4, 146, 224, 23, 0, 3.23%, 0, 2, 1, 186.78
1494632675, 4, 150, 224, 23, 0, 3.23%, 0, 2, 1, 190.15
1494632680, 4, 154, 224, 23, 0, 3.23%, 0, 2, 1, 183.66
1494632690, 4, 155, 224, 23, 0, 3.23%, 0, 2, 1, 178.48
1494632696, 4, 157, 224, 23, 0, 3.23%, 0, 2, 1, 180.99
1494632706, 4, 158, 224, 23, 0, 3.23%, 0, 2, 1, 182.33
1494632711, 4, 159, 224, 23, 0, 3.23%, 0, 2, 1, 187.98
1494632721, 4, 160, 224, 23, 0, 3.23%, 0, 2, 1, 186.73
1494632726, 4, 162, 224, 23, 0, 3.23%, 0, 2, 1, 181.89
1494632741, 4, 164, 224, 22, 0, 3.23%, 0, 2, 1, 191.41
1494632757, 4, 167, 224, 22, 0, 3.23%, 0, 2, 1, 181.82
1494632767, 4, 168, 224, 22, 0, 3.23%, 0, 2, 1, 182.94
1494632772, 4, 169, 224, 22, 0, 3.23%, 0, 2, 1, 184.28
1494632782, 4, 172, 224, 22, 0, 3.23%, 0, 2, 1, 158.56
1494632798, 4, 174, 224, 22, 0, 3.23%, 0, 2, 1, 186.76
1494632808, 4, 176, 224, 22, 0, 3.23%, 0, 2, 1, 174.05
1494632819, 4, 177, 224, 22, 0, 3.23%, 0, 2, 1, 190.09
1494632824, 4, 179, 224, 21, 0, 3.23%, 0, 2, 1, 189.45
1494632839, 4, 182, 224, 21, 0, 3.23%, 0, 2, 1, 189.86
1494632854, 4, 184, 224, 21, 0, 3.23%, 0, 2, 1, 187.26
1494632870, 4, 186, 224, 21, 0, 3.23%, 0, 2, 1, 187.76
1494632875, 4, 187, 224, 21, 0, 3.23%, 0, 2, 1, 188.88
1494632885, 4, 189, 224, 21, 0, 3.23%, 0, 2, 1, 191.33
1494632895, 4, 191, 224, 21, 0, 3.23%, 0, 2, 1, 183.87
1494632906, 4, 193, 224, 21, 0, 3.23%, 0, 2, 1, 182.23
1494632911, 4, 195, 224, 21, 0, 3.23%, 0, 2, 1, 185.26
1494632921, 4, 196, 224, 21, 0, 3.23%, 0, 2, 1, 184.26
1494632926, 4, 199, 224, 21, 0, 3.23%, 0, 2, 1, 182.97
1494632931, 4, 200, 224, 21, 0, 3.23%, 0, 2, 1, 192.22
1494632941, 4, 202, 224, 21, 0, 3.23%, 0, 2, 1, 189.32
1494632952, 4, 203, 224, 21, 0, 3.23%, 0, 2, 1, 189.51
1494632957, 4, 204, 224, 21, 0, 3.23%, 0, 2, 1, 189.63
1494632967, 4, 205, 224, 21, 0, 3.23%, 0, 2, 1, 181.57
1494632972, 4, 207, 224, 21, 0, 3.23%, 0, 2, 1, 182.70
1494632982, 4, 209, 224, 21, 0, 3.23%, 0, 2, 1, 183.08
1494632992, 4, 210, 224, 21, 0, 3.23%, 0, 2, 1, 170.57
1494632997, 4, 211, 224, 21, 0, 3.23%, 0, 2, 1, 187.67
1494633008, 4, 213, 224, 21, 0, 3.23%, 0, 2, 1, 220.29
1494633023, 4, 216, 224, 21, 0, 3.23%, 0, 2, 1, 185.04
1494633034, 4, 218, 224, 21, 0, 3.23%, 0, 2, 1, 186.33
1494633039, 4, 219, 224, 20, 0, 3.23%, 0, 2, 1, 189.25
1494633049, 5, 0, 224, 20, 0, 3.23%, 0, 2, 1, 190.96
1494633054, 5, 2, 224, 20, 0, 3.23%, 0, 2, 1, 190.89
1494633059, 5, 3, 224, 20, 0, 3.23%, 0, 2, 1, 186.59
1494633064, 5, 4, 224, 20, 0, 3.23%, 0, 2, 1, 183.75
1494633074, 5, 6, 224, 20, 0, 3.23%, 0, 2, 1, 187.22
1494633080, 5, 7, 224, 20, 0, 3.23%, 0, 2, 1, 189.02
1494633085, 5, 9, 224, 19, 0, 3.23%, 0, 2, 1, 185.84
1494633090, 5, 10, 224, 19, 0, 3.23%, 0, 2, 1, 176.31
1494633100, 5, 12, 224, 19, 0, 3.23%, 0, 2, 1, 186.93
1494633110, 5, 14, 224, 19, 0, 3.23%, 0, 2, 1, 181.99
1494633115, 5, 16, 224, 19, 0, 3.23%, 0, 2, 1, 192.62
1494633120, 5, 18, 224, 19, 0, 3.23%, 0, 2, 1, 195.95
1494633126, 5, 20, 224, 19, 0, 3.23%, 0, 2, 1, 184.71
1494633131, 5, 22, 224, 19, 0, 3.23%, 0, 2, 1, 189.57
1494633136, 5, 23, 224, 19, 0, 3.23%, 0, 2, 1, 192.78
1494633151, 5, 25, 224, 19, 0, 3.23%, 0, 2, 1, 187.32
1494633156, 5, 27, 224, 19, 0, 3.23%, 0, 2, 1, 188.17
1494633162, 5, 29, 224, 19, 0, 3.23%, 0, 2, 1, 171.56
1494633167, 5, 30, 224, 19, 0, 3.23%, 0, 2, 1, 185.92
1494633172, 5, 31, 224, 19, 0, 3.23%, 0, 2, 1, 185.95
1494633182, 5, 33, 224, 19, 0, 3.23%, 0, 2, 1, 193.71
1494633192, 5, 34, 224, 19, 0, 3.23%, 0, 2, 1, 141.73
1494633203, 5, 35, 224, 19, 0, 3.23%, 0, 2, 1, 187.33
1494633218, 5, 37, 224, 19, 0, 3.23%, 0, 3, 1, 191.23
1494633223, 5, 38, 224, 19, 0, 3.23%, 0, 3, 1, 191.05
1494633229, 5, 41, 224, 19, 0, 3.23%, 0, 3, 1, 176.81
1494633244, 5, 43, 224, 19, 0, 3.23%, 0, 3, 1, 169.50
1494633249, 5, 44, 224, 19, 0, 3.23%, 0, 3, 1, 181.21
1494633254, 5, 45, 224, 19, 0, 3.23%, 0, 3, 1, 176.40
1494633259, 5, 46, 224, 19, 0, 3.23%, 0, 3, 1, 184.24
1494633265, 5, 47, 224, 19, 0, 3.23%, 0, 3, 1, 190.09
1494633275, 5, 49, 224, 19, 0, 3.23%, 0, 3, 1, 192.45
1494633290, 5, 51, 224, 19, 0, 3.23%, 0, 3, 1, 186.39
1494633300, 5, 52, 224, 19, 0, 3.23%, 0, 3, 1, 191.05
1494633306, 5, 53, 224, 19, 0, 3.23%, 0, 3, 1, 189.00
1494633311, 5, 56, 224, 19, 0, 3.23%, 0, 3, 1, 172.10
1494633316, 5, 57, 224, 19, 0, 3.23%, 0, 3, 1, 198.12
1494633331, 5, 59, 224, 19, 0, 3.23%, 0, 3, 1, 181.41
1494633351, 5, 62, 224, 18, 0, 3.23%, 0, 3, 1, 176.40
1494633367, 5, 63, 224, 18, 0, 3.23%, 0, 3, 1, 188.99
1494633372, 5, 67, 224, 17, 0, 3.23%, 0, 3, 1, 190.58
1494633382, 5, 68, 224, 17, 0, 3.23%, 0, 3, 1, 186.56
1494633387, 5, 69, 224, 17, 0, 3.23%, 0, 3, 1, 181.86
1494633403, 5, 70, 224, 17, 0, 3.23%, 0, 3, 1, 186.33
1494633408, 5, 72, 224, 17, 0, 3.23%, 0, 3, 1, 188.42
1494633413, 5, 73, 224, 17, 0, 3.23%, 0, 3, 1, 188.88
1494633418, 5, 75, 224, 17, 0, 3.23%, 0, 3, 1, 184.63
1494633428, 5, 76, 224, 17, 0, 3.23%, 0, 3, 1, 175.28
1494633434, 5, 77, 224, 17, 0, 3.23%, 0, 3, 1, 28.17
1494633444, 5, 78, 224, 17, 0, 3.23%, 0, 3, 1, 188.84
1494633449, 5, 79, 224, 17, 0, 3.23%, 0, 3, 1, 191.53
1494633459, 5, 81, 224, 17, 0, 3.23%, 0, 3, 1, 190.70
1494633464, 5, 82, 224, 17, 0, 3.23%, 0, 3, 1, 185.64
1494633474, 5, 84, 224, 17, 0, 3.23%, 0, 3, 1, 188.22
1494633480, 5, 86, 224, 16, 0, 3.23%, 0, 3, 1, 192.59
1494633495, 5, 88, 224, 16, 0, 3.23%, 0, 3, 1, 186.91
1494633505, 5, 90, 224, 16, 0, 3.23%, 0, 3, 1, 181.93
1494633521, 5, 93, 224, 16, 0, 3.23%, 0, 3, 1, 185.07
1494633531, 5, 95, 224, 16, 0, 3.23%, 0, 3, 1, 182.18
1494633547, 5, 97, 224, 16, 0, 3.23%, 0, 3, 1, 184.06
1494633562, 5, 101, 224, 16, 0, 3.23%, 0, 3, 1, 192.32
1494633578, 5, 103, 224, 16, 0, 3.23%, 0, 3, 1, 192.44
1494633583, 5, 104, 224, 16, 0, 3.23%, 0, 3, 1, 194.62
1494633593, 5, 106, 224, 16, 0, 3.23%, 0, 3, 1, 174.09
1494633603, 5, 107, 224, 16, 0, 3.23%, 0, 3, 1, 181.79
1494633618, 5, 110, 224, 16, 0, 3.23%, 0, 3, 1, 183.49
1494633633, 5, 112, 224, 16, 0, 3.23%, 0, 3, 1, 188.33
1494633644, 5, 115, 224, 16, 0, 3.23%, 0, 3, 1, 186.25
1494633654, 5, 116, 224, 16, 0, 3.23%, 0, 3, 1, 184.12
1494633659, 5, 118, 224, 16, 0, 3.23%, 0, 3, 1, 187.04
1494633665, 5, 120, 224, 16, 0, 3.23%, 0, 3, 1, 190.43
1494633675, 5, 121, 224, 16, 0, 3.23%, 0, 3, 1, 188.65
1494633680, 5, 122, 224, 16, 0, 3.23%, 0, 3, 1, 188.14
1494633690, 5, 124, 224, 16, 0, 3.23%, 0, 3, 1, 185.63
1494633705, 5, 127, 224, 16, 0, 3.23%, 0, 3, 1, 190.82
1494633721, 5, 129, 224, 16, 0, 3.23%, 0, 3, 1, 187.38
1494633736, 5, 132, 224, 16, 0, 3.23%, 0, 3, 1, 187.48
1494633746, 5, 134, 224, 16, 0, 3.23%, 0, 3, 1, 163.72
1494633751, 5, 135, 224, 16, 0, 3.23%, 0, 3, 1, 181.90
1494633762, 5, 138, 224, 16, 0, 3.23%, 0, 3, 1, 175.57
1494633777, 5, 139, 224, 16, 0, 3.23%, 0, 3, 1, 188.29
1494633782, 5, 141, 224, 16, 0, 3.23%, 0, 3, 1, 189.34
1494633792, 5, 142, 224, 16, 0, 3.23%, 0, 3, 1, 190.75
1494633803, 5, 143, 224, 16, 0, 3.23%, 0, 3, 1, 136.93
1494633808, 5, 144, 224, 16, 0, 3.23%, 0, 3, 1, 176.24
1494633818, 5, 145, 224, 16, 0, 3.23%, 0, 3, 1, 191.97
1494633823, 5, 146, 224, 16, 0, 3.23%, 0, 3, 1, 197.47
1494633833, 5, 151, 224, 16, 0, 3.23%, 0, 3, 1, 183.80
1494633849, 5, 154, 224, 15, 0, 3.23%, 0, 3, 1, 183.36
1494633859, 5, 155, 224, 15, 0, 3.23%, 0, 3, 1, 181.60
1494633864, 5, 157, 224, 15, 0, 3.23%, 0, 3, 1, 181.69
1494633874, 5, 158, 224, 15, 0, 3.23%, 0, 3, 1, 180.36
1494633879, 5, 159, 224, 15, 0, 3.23%, 0, 3, 1, 188.96
1494633889, 5, 160, 224, 15, 0, 3.23%, 0, 3, 1, 193.06
1494633895, 5, 164, 224, 15, 0, 3.23%, 0, 3, 1, 187.79
1494633905, 5, 166, 224, 15, 0, 3.23%, 0, 3, 1, 190.36
1494633910, 5, 167, 224, 15, 0, 3.23%, 0, 3, 1, 189.87
1494633920, 5, 169, 224, 15, 0, 3.23%, 0, 3, 1, 187.29
1494633931, 5, 171, 224, 15, 0, 3.23%, 0, 3, 1, 182.56
1494633936, 5, 172, 224, 15, 0, 3.23%, 0, 3, 1, 183.96
1494633946, 5, 173, 224, 15, 0, 3.23%, 0, 3, 1, 153.55
1494633951, 5, 174, 224, 15, 0, 3.23%, 0, 3, 1, 176.91
1494633961, 5, 176, 224, 14, 0, 3.23%, 0, 3, 1, 180.55
1494633977, 5, 179, 224, 14, 0, 3.23%, 0, 3, 1, 190.14
1494633987, 5, 181, 224, 14, 0, 3.23%, 0, 3, 1, 187.76
1494633992, 5, 182, 224, 14, 0, 3.23%, 0, 3, 1, 189.07
1494634007, 5, 184, 224, 14, 0, 3.23%, 0, 3, 1, 181.77
1494634017, 5, 185, 224, 14, 0, 3.23%, 0, 3, 1, 159.68
1494634023, 5, 187, 224, 14, 0, 3.23%, 0, 3, 1, 177.09
1494634038, 5, 189, 224, 14, 0, 3.23%, 0, 3, 1, 183.05
1494634048, 5, 191, 224, 14, 0, 3.23%, 0, 3, 1, 185.66
1494634058, 5, 193, 224, 14, 0, 3.23%, 0, 3, 1, 193.26
1494634063, 5, 195, 224, 14, 0, 3.23%, 0, 3, 1, 185.44
1494634074, 5, 196, 224, 14, 0, 3.23%, 0, 3, 1, 192.88
1494634079, 5, 199, 224, 14, 0, 3.23%, 0, 3, 1, 187.71
1494634084, 5, 200, 224, 14, 0, 3.23%, 0, 3, 1, 181.09
1494634094, 5, 201, 224, 14, 0, 3.23%, 0, 3, 1, 188.50
1494634099, 5, 202, 224, 13, 0, 3.23%, 0, 3, 1, 187.77
1494634109, 5, 204, 224, 13, 0, 3.23%, 0, 3, 1, 184.58
1494634124, 5, 207, 224, 13, 0, 3.23%, 0, 3, 1, 189.44
1494634140, 5, 209, 224, 13, 0, 3.23%, 0, 3, 1, 182.92
1494634150, 5, 210, 224, 13, 0, 3.23%, 0, 3, 1, 194.01
1494634155, 5, 211, 224, 13, 0, 3.23%, 0, 3, 1, 191.72
1494634165, 5, 212, 224, 13, 0, 3.23%, 0, 3, 1, 188.36
1494634170, 5, 213, 224, 13, 0, 3.23%, 0, 3, 1, 183.20
1494634180, 5, 216, 224, 13, 0, 3.23%, 0, 3, 1, 187.24
1494634191, 5, 217, 224, 13, 0, 3.23%, 0, 3, 1, 184.19
1494634196, 5, 219, 224, 12, 0, 3.23%, 0, 3, 1, 184.29
1494634206, 6, 0, 224, 12, 0, 3.23%, 0, 3, 1, 190.70
1494634211, 6, 2, 224, 12, 0, 3.23%, 0, 3, 1, 189.10
1494634216, 6, 4, 224, 12, 0, 3.23%, 0, 3, 1, 180.41
1494634226, 6, 5, 224, 12, 0, 3.23%, 0, 3, 1, 182.80
1494634232, 6, 6, 224, 12, 0, 3.23%, 0, 3, 1, 180.63
1494634237, 6, 9, 224, 12, 0, 3.23%, 0, 3, 1, 176.77
1494634242, 6, 10, 224, 12, 0, 3.23%, 0, 3, 1, 183.74
1494634252, 6, 12, 224, 11, 0, 3.23%, 0, 3, 1, 27.03
1494634262, 6, 14, 224, 11, 0, 3.23%, 0, 3, 1, 188.70
1494634268, 6, 16, 224, 11, 0, 3.23%, 0, 3, 1, 194.95
1494634273, 6, 18, 224, 11, 0, 3.23%, 0, 3, 1, 194.24
1494634278, 6, 20, 224, 11, 0, 3.23%, 0, 3, 1, 195.55
1494634283, 6, 22, 224, 11, 0, 3.23%, 0, 3, 1, 193.25
1494634288, 6, 23, 224, 11, 0, 3.23%, 0, 3, 1, 193.95
1494634298, 6, 24, 224, 11, 0, 3.23%, 0, 3, 1, 188.92
1494634303, 6, 26, 224, 11, 0, 3.23%, 0, 3, 1, 194.28
1494634309, 6, 28, 224, 11, 0, 3.23%, 0, 3, 1, 194.14
1494634314, 6, 30, 224, 11, 0, 3.23%, 0, 3, 1, 193.50
1494634324, 6, 31, 224, 11, 0, 3.23%, 0, 3, 1, 190.79
1494634334, 6, 33, 224, 11, 0, 3.23%, 0, 3, 1, 188.43
1494634344, 6, 34, 224, 11, 0, 3.23%, 0, 3, 1, 185.20
1494634354, 6, 35, 224, 11, 0, 3.23%, 0, 3, 1, 93.36
1494634365, 6, 37, 224, 11, 0, 3.23%, 0, 3, 1, 177.67
1494634370, 6, 38, 224, 11, 0, 3.23%, 0, 3, 1, 182.03
1494634375, 6, 39, 224, 11, 0, 3.23%, 0, 3, 1, 190.35
1494634380, 6, 41, 224, 11, 0, 3.23%, 0, 3, 1, 190.98
1494634390, 6, 42, 224, 11, 0, 3.23%, 0, 3, 1, 187.20
1494634395, 6, 44, 224, 11, 0, 3.23%, 0, 3, 1, 186.47
1494634405, 6, 45, 224, 11, 0, 3.23%, 0, 3, 1, 191.12
1494634410, 6, 47, 224, 11, 0, 3.23%, 0, 3, 1, 190.38
1494634426, 6, 49, 224, 11, 0, 3.23%, 0, 3, 1, 186.36
1494634436, 6, 50, 224, 11, 0, 3.23%, 0, 3, 1, 174.50
1494634441, 6, 51, 224, 11, 0, 3.23%, 0, 3, 1, 170.71
1494634457, 6, 53, 224, 11, 0, 3.23%, 0, 3, 1, 173.35
1494634462, 6, 55, 224, 11, 0, 3.23%, 0, 3, 1, 183.37
1494634467, 6, 56, 224, 11, 0, 3.23%, 0, 3, 1, 165.59
1494634472, 6, 57, 224, 11, 0, 3.23%, 0, 3, 1, 181.69
1494634482, 6, 61, 224, 11, 0, 3.23%, 0, 3, 1, 186.83
1494634487, 6, 62, 224, 11, 0, 3.23%, 0, 3, 1, 187.70
1494634497, 6, 64, 224, 11, 0, 3.23%, 0, 3, 1, 194.36
1494634502, 6, 67, 224, 11, 0, 3.23%, 0, 3, 1, 191.04
1494634513, 6, 69, 224, 11, 0, 3.23%, 0, 3, 1, 193.63
1494634533, 6, 72, 224, 11, 0, 3.23%, 0, 3, 1, 187.84
1494634538, 6, 73, 224, 11, 0, 3.23%, 0, 3, 1, 189.32
1494634543, 6, 74, 224, 11, 0, 3.23%, 0, 3, 1, 186.76
1494634548, 6, 75, 224, 11, 0, 3.23%, 0, 3, 1, 186.28
1494634559, 6, 76, 224, 11, 0, 3.23%, 0, 3, 1, 187.29
1494634564, 6, 77, 224, 11, 0, 3.23%, 0, 3, 1, 185.99
1494634574, 6, 78, 224, 11, 0, 3.23%, 0, 3, 1, 189.65
1494634579, 6, 79, 224, 11, 0, 3.23%, 0, 3, 1, 184.25
1494634589, 6, 81, 224, 11, 0, 3.23%, 0, 3, 1, 185.00
1494634594, 6, 82, 224, 11, 0, 3.23%, 0, 3, 1, 188.22
1494634605, 6, 86, 224, 11, 0, 3.23%, 0, 3, 1, 182.20
1494634620, 6, 88, 224, 11, 0, 3.23%, 0, 3, 1, 178.83
1494634630, 6, 90, 224, 11, 0, 3.23%, 0, 3, 1, 185.45
1494634646, 6, 92, 224, 11, 0, 3.23%, 0, 3, 1, 183.73
1494634661, 6, 93, 224, 11, 0, 3.23%, 0, 3, 1, 185.60
1494634671, 6, 95, 224, 11, 0, 3.23%, 0, 3, 1, 187.91
1494634687, 6, 97, 224, 11, 0, 3.23%, 0, 3, 1, 186.98
1494634697, 6, 98, 224, 11, 0, 3.23%, 0, 3, 1, 168.82
1494634702, 6, 101, 224, 11, 0, 3.23%, 0, 3, 1, 176.68
1494634717, 6, 103, 224, 11, 0, 3.23%, 0, 3, 1, 196.55
1494634722, 6, 104, 224, 11, 0, 3.23%, 0, 3, 1, 192.95
1494634733, 6, 106, 224, 11, 0, 3.23%, 0, 3, 1, 192.55
1494634743, 6, 107, 224, 11, 0, 3.23%, 0, 3, 1, 187.50
1494634753, 6, 108, 224, 11, 0, 3.23%, 0, 3, 1, 191.49
1494634758, 6, 110, 224, 11, 0, 3.23%, 0, 3, 1, 188.54
1494634768, 6, 111, 224, 11, 0, 3.23%, 0, 3, 1, 191.25
1494634773, 6, 112, 224, 11, 0, 3.23%, 0, 3, 1, 190.31
1494634778, 6, 114, 224, 11, 0, 3.23%, 0, 3, 1, 184.19
1494634784, 6, 115, 224, 11, 0, 3.23%, 0, 3, 1, 186.54
1494634794, 6, 117, 224, 11, 0, 3.23%, 0, 3, 1, 183.46
1494634799, 6, 118, 224, 11, 0, 3.23%, 0, 3, 1, 161.16
1494634804, 6, 120, 224, 11, 0, 3.23%, 0, 3, 1, 183.57
1494634814, 6, 121, 224, 11, 0, 3.23%, 0, 3, 1, 190.91
1494634819, 6, 122, 224, 11, 0, 3.23%, 0, 3, 1, 192.29
1494634825, 6, 123, 224, 11, 0, 3.23%, 0, 3, 1, 188.62
1494634830, 6, 124, 224, 11, 0, 3.23%, 0, 3, 1, 187.14
1494634840, 6, 126, 224, 11, 0, 3.23%, 0, 3, 1, 190.65
1494634845, 6, 127, 224, 11, 0, 3.23%, 0, 3, 1, 187.23
1494634855, 6, 129, 224, 11, 0, 3.23%, 0, 3, 1, 188.21
1494634871, 6, 132, 224, 11, 0, 3.23%, 0, 3, 1, 186.71
1494634881, 6, 133, 224, 11, 0, 3.23%, 0, 3, 1, 182.90
1494634886, 6, 135, 224, 11, 0, 3.23%, 0, 3, 1, 183.77
1494634901, 6, 138, 224, 11, 0, 3.23%, 0, 3, 1, 185.19
1494634916, 6, 139, 224, 11, 0, 3.23%, 0, 3, 1, 178.78
1494634922, 6, 141, 224, 11, 0, 3.23%, 0, 3, 1, 185.70
1494634937, 6, 142, 224, 11, 0, 3.23%, 0, 3, 1, 188.72
1494634947, 6, 144, 224, 11, 0, 3.23%, 0, 3, 1, 187.22
1494634958, 6, 145, 224, 11, 0, 3.23%, 0, 3, 1, 188.03
1494634963, 6, 146, 224, 11, 0, 3.23%, 0, 3, 1, 187.18
1494634973, 6, 150, 224, 11, 0, 3.23%, 0, 3, 1, 190.47
1494634978, 6, 154, 224, 11, 0, 3.23%, 0, 3, 1, 184.65
1494634988, 6, 155, 224, 11, 0, 3.23%, 0, 3, 1, 184.76
1494634993, 6, 157, 224, 11, 0, 3.23%, 0, 3, 1, 187.63
1494635003, 6, 159, 224, 11, 0, 3.23%, 0, 3, 1, 160.10
1494635019, 6, 161, 224, 11, 0, 3.23%, 0, 3, 1, 191.83
1494635024, 6, 164, 224, 11, 0, 3.23%, 0, 3, 1, 195.78
1494635034, 6, 166, 224, 11, 0, 3.23%, 0, 3, 1, 192.24
1494635039, 6, 167, 224, 11, 0, 3.23%, 0, 3, 1, 193.53
1494635050, 6, 169, 224, 11, 0, 3.23%, 0, 3, 1, 183.08
1494635060, 6, 171, 224, 11, 0, 3.23%, 0, 3, 1, 179.95
1494635065, 6, 172, 224, 11, 0, 3.23%, 0, 3, 1, 180.53
1494635075, 6, 174, 224, 11, 0, 3.23%, 0, 3, 1, 185.92
1494635086, 6, 176, 224, 11, 0, 3.23%, 0, 3, 1, 183.30
1494635101, 6, 179, 224, 11, 0, 3.23%, 0, 3, 1, 184.20
1494635111, 6, 181, 224, 11, 0, 3.23%, 0, 3, 1, 184.39
1494635116, 6, 182, 224, 11, 0, 3.23%, 0, 3, 1, 183.30
1494635132, 6, 184, 224, 11, 0, 3.23%, 0, 3, 1, 189.93
1494635142, 6, 185, 224, 11, 0, 3.23%, 0, 3, 1, 188.16
1494635147, 6, 187, 224, 11, 0, 3.23%, 0, 3, 1, 186.65
1494635157, 6, 189, 224, 11, 0, 3.23%, 0, 3, 1, 129.29
1494635173, 6, 191, 224, 11, 0, 3.23%, 0, 3, 1, 193.33
1494635183, 6, 193, 224, 11, 0, 3.23%, 0, 3, 1, 188.54
1494635188, 6, 195, 224, 11, 0, 3.23%, 0, 3, 1, 190.63
1494635198, 6, 196, 224, 11, 0, 3.23%, 0, 3, 1, 176.45
1494635204, 6, 199, 224, 11, 0, 3.23%, 0, 3, 1, 189.69
1494635209, 6, 200, 224, 11, 0, 3.23%, 0, 3, 1, 190.77
1494635219, 6, 202, 224, 11, 0, 3.23%, 0, 3, 1, 183.49
1494635229, 6, 204, 224, 11, 0, 3.23%, 0, 3, 1, 187.47
1494635239, 6, 205, 224, 11, 0, 3.23%, 0, 3, 1, 188.72
1494635244, 6, 207, 224, 11, 0, 3.23%, 0, 3, 1, 198.22
1494635255, 6, 209, 224, 11, 0, 3.23%, 0, 3, 1, 199.21
1494635265, 6, 210, 224, 11, 0, 3.23%, 0, 3, 1, 208.59
1494635270, 6, 211, 224, 11, 0, 3.23%, 0, 3, 1, 207.61
1494635280, 6, 213, 224, 11, 0, 3.23%, 0, 3, 1, 217.48
1494635290, 6, 216, 224, 11, 0, 3.23%, 0, 3, 1, 205.31
1494635306, 6, 219, 224, 11, 0, 3.23%, 0, 3, 1, 206.23
1494635316, 6, 220, 224, 11, 0, 3.23%, 0, 3, 1, 210.13
1494635321, 7, 0, 224, 9, 0, 3.23%, 0, 3, 1, 211.86
1494635326, 7, 2, 224, 9, 0, 3.23%, 0, 3, 1, 213.31
1494635331, 7, 4, 224, 9, 0, 3.23%, 0, 3, 1, 211.84
1494635341, 7, 5, 224, 9, 0, 3.23%, 0, 3, 1, 188.78
1494635346, 7, 8, 224, 9, 0, 3.23%, 0, 3, 1, 197.86
1494635352, 7, 10, 224, 9, 0, 3.23%, 0, 3, 1, 196.81
1494635362, 7, 12, 224, 9, 0, 3.23%, 0, 3, 1, 206.45
1494635372, 7, 13, 224, 9, 0, 3.23%, 0, 3, 1, 206.34
1494635377, 7, 15, 224, 9, 0, 3.23%, 0, 3, 1, 206.38
1494635383, 7, 17, 224, 9, 0, 3.23%, 0, 3, 1, 208.55
1494635388, 7, 19, 224, 9, 0, 3.23%, 0, 3, 1, 205.85
1494635393, 7, 22, 224, 9, 0, 3.23%, 0, 3, 1, 213.47
1494635398, 7, 23, 224, 9, 0, 3.23%, 0, 3, 1, 215.56
1494635408, 7, 24, 224, 9, 0, 3.23%, 0, 3, 1, 213.17
1494635413, 7, 26, 224, 9, 0, 3.23%, 0, 3, 1, 212.23
1494635418, 7, 29, 224, 9, 0, 3.23%, 0, 3, 1, 211.35
1494635423, 7, 30, 224, 9, 0, 3.23%, 0, 3, 1, 212.43
1494635428, 7, 31, 224, 9, 0, 3.23%, 0, 3, 1, 211.12
1494635438, 7, 33, 224, 9, 0, 3.23%, 0, 3, 1, 204.39
1494635448, 7, 34, 224, 9, 0, 3.23%, 0, 3, 1, 199.65
1494635459, 7, 35, 224, 9, 0, 3.23%, 0, 3, 1, 167.59
1494635469, 7, 37, 224, 9, 0, 3.23%, 0, 3, 1, 199.82
1494635474, 7, 38, 224, 9, 0, 3.23%, 0, 3, 1, 208.79
1494635479, 7, 41, 224, 9, 0, 3.23%, 0, 3, 1, 208.58
1494635489, 7, 43, 224, 9, 0, 3.23%, 0, 3, 1, 209.10
1494635494, 7, 44, 224, 9, 0, 3.23%, 0, 3, 1, 207.57
1494635499, 7, 45, 224, 9, 0, 3.23%, 0, 3, 1, 209.71
1494635504, 7, 46, 224, 9, 0, 3.23%, 0, 3, 1, 208.94
1494635510, 7, 47, 224, 9, 0, 3.23%, 0, 3, 1, 211.15
1494635520, 7, 49, 224, 9, 0, 3.23%, 0, 3, 1, 147.28
1494635530, 7, 50, 224, 9, 0, 3.23%, 0, 3, 1, 208.57
1494635535, 7, 51, 224, 9, 0, 3.23%, 0, 3, 1, 211.03
1494635545, 7, 53, 224, 9, 0, 3.23%, 0, 3, 1, 203.46
1494635550, 7, 55, 224, 9, 0, 3.23%, 0, 3, 1, 193.27
1494635556, 7, 56, 224, 9, 0, 3.23%, 0, 3, 1, 144.99
1494635561, 7, 57, 224, 9, 0, 3.23%, 0, 3, 1, 190.22
1494635571, 7, 61, 224, 9, 0, 3.23%, 0, 3, 1, 205.25
1494635576, 7, 62, 224, 9, 0, 3.23%, 0, 3, 1, 208.24
1494635586, 7, 67, 224, 9, 0, 3.23%, 0, 3, 1, 197.97
1494635602, 7, 69, 224, 9, 0, 3.23%, 0, 3, 1, 202.27
1494635617, 7, 70, 224, 9, 0, 3.23%, 0, 3, 1, 208.37
1494635622, 7, 73, 224, 9, 0, 3.23%, 0, 3, 1, 206.39
1494635633, 7, 75, 224, 9, 0, 3.23%, 0, 3, 1, 210.88
1494635643, 7, 76, 224, 9, 0, 3.23%, 0, 3, 1, 198.78
1494635648, 7, 77, 224, 9, 0, 3.23%, 0, 3, 1, 196.02
1494635658, 7, 79, 224, 9, 0, 3.23%, 0, 3, 1, 201.57
1494635668, 7, 81, 224, 9, 0, 3.23%, 0, 3, 1, 198.12
1494635673, 7, 82, 224, 9, 0, 3.23%, 0, 3, 1, 194.83
1494635684, 7, 85, 224, 9, 0, 3.23%, 0, 3, 1, 220.49
1494635689, 7, 86, 224, 9, 0, 3.23%, 0, 3, 1, 209.49
1494635699, 7, 88, 224, 9, 0, 3.23%, 0, 3, 1, 207.73
1494635709, 7, 90, 224, 9, 0, 3.23%, 0, 3, 1, 206.71
1494635720, 7, 91, 224, 9, 0, 3.23%, 0, 3, 1, 209.26
1494635725, 7, 93, 224, 9, 0, 3.23%, 0, 3, 1, 202.76
1494635735, 7, 95, 224, 9, 0, 3.23%, 0, 3, 1, 193.43
1494635745, 7, 97, 224, 9, 0, 3.23%, 0, 3, 1, 207.87
1494635755, 7, 98, 224, 9, 0, 3.23%, 0, 3, 1, 210.16
1494635761, 7, 101, 224, 9, 0, 3.23%, 0, 3, 1, 192.83
1494635771, 7, 102, 224, 9, 0, 3.23%, 0, 3, 1, 174.82
1494635776, 7, 104, 224, 9, 0, 3.23%, 0, 3, 1, 196.25
1494635786, 7, 105, 224, 9, 0, 3.23%, 0, 3, 1, 166.86
1494635791, 7, 106, 224, 9, 0, 3.23%, 0, 3, 1, 196.05
1494635797, 7, 107, 224, 9, 0, 3.23%, 0, 3, 1, 207.13
1494635812, 7, 110, 224, 9, 0, 3.23%, 0, 3, 1, 208.28
1494635822, 7, 112, 224, 9, 0, 3.23%, 0, 3, 1, 205.80
1494635833, 7, 115, 224, 9, 0, 3.23%, 0, 3, 1, 213.55
1494635843, 7, 116, 224, 9, 0, 3.23%, 0, 3, 1, 205.58
1494635848, 7, 118, 224, 9, 0, 3.23%, 0, 3, 1, 198.96
1494635853, 7, 120, 224, 9, 0, 3.23%, 0, 3, 1, 204.61
1494635864, 7, 122, 224, 9, 0, 3.23%, 0, 3, 1, 209.57
1494635874, 7, 123, 224, 9, 0, 3.23%, 0, 3, 1, 218.12
1494635879, 7, 124, 224, 9, 0, 3.23%, 0, 3, 1, 215.29
1494635889, 7, 127, 224, 9, 0, 3.23%, 0, 3, 1, 211.33
1494635899, 7, 129, 224, 9, 0, 3.23%, 0, 3, 1, 206.54
1494635915, 7, 132, 224, 9, 0, 3.23%, 0, 3, 1, 209.46
1494635925, 7, 134, 224, 9, 0, 3.23%, 0, 3, 1, 209.68
1494635930, 7, 135, 224, 9, 0, 3.23%, 0, 3, 1, 203.35
1494635941, 7, 138, 224, 9, 0, 3.23%, 0, 3, 1, 211.24
1494635956, 7, 139, 224, 9, 0, 3.23%, 0, 3, 1, 172.88
1494635961, 7, 141, 224, 9, 0, 3.23%, 0, 3, 1, 197.41
1494635971, 7, 142, 224, 9, 0, 3.23%, 0, 3, 1, 206.45
1494635982, 7, 144, 224, 9, 0, 3.23%, 0, 3, 1, 133.20
1494635992, 7, 145, 224, 9, 0, 3.23%, 0, 3, 1, 207.52
1494635997, 7, 146, 224, 9, 0, 3.23%, 0, 3, 1, 213.15
1494636007, 7, 150, 224, 8, 0, 3.23%, 0, 3, 1, 204.69
1494636013, 7, 154, 224, 8, 0, 3.23%, 0, 3, 1, 202.45
1494636023, 7, 156, 224, 8, 0, 3.23%, 0, 3, 1, 202.14
1494636028, 7, 157, 224, 8, 0, 3.23%, 0, 3, 1, 208.62
1494636038, 7, 159, 224, 8, 0, 3.23%, 0, 3, 1, 213.49
1494636049, 7, 161, 224, 8, 0, 3.23%, 0, 3, 1, 206.72
1494636054, 7, 164, 224, 8, 0, 3.23%, 0, 3, 1, 209.50
1494636064, 7, 166, 224, 8, 0, 3.23%, 0, 3, 1, 207.05
1494636069, 7, 167, 224, 8, 0, 3.23%, 0, 3, 1, 210.01
1494636074, 7, 168, 224, 8, 0, 3.23%, 0, 3, 1, 206.79
1494636079, 7, 169, 224, 8, 0, 3.23%, 0, 3, 1, 207.05
1494636089, 7, 172, 224, 8, 0, 3.23%, 0, 3, 1, 212.16
1494636100, 7, 173, 224, 8, 0, 3.23%, 0, 3, 1, 213.56
1494636105, 7, 174, 224, 8, 0, 3.23%, 0, 3, 1, 206.14
1494636115, 7, 176, 224, 8, 0, 3.23%, 0, 3, 1, 202.67
1494636125, 7, 179, 224, 8, 0, 3.23%, 0, 3, 1, 204.92
1494636135, 7, 181, 224, 8, 0, 3.23%, 0, 3, 1, 204.78
1494636140, 7, 182, 224, 8, 0, 3.23%, 0, 3, 1, 204.91
1494636151, 7, 184, 224, 8, 0, 3.23%, 0, 3, 1, 208.61
1494636161, 7, 185, 224, 8, 0, 3.23%, 0, 3, 1, 208.81
1494636166, 7, 187, 224, 8, 0, 3.23%, 0, 3, 1, 207.32
1494636176, 7, 189, 224, 8, 0, 3.23%, 0, 3, 1, 209.76
1494636186, 7, 191, 224, 8, 0, 3.23%, 0, 3, 1, 205.57
1494636197, 7, 193, 224, 8, 0, 3.23%, 0, 3, 1, 211.39
1494636202, 7, 195, 224, 8, 0, 3.23%, 0, 3, 1, 211.69
1494636212, 7, 196, 224, 8, 0, 3.23%, 0, 3, 1, 198.94
1494636217, 7, 199, 224, 8, 0, 3.23%, 0, 3, 1, 200.51
1494636222, 7, 200, 224, 8, 0, 3.23%, 0, 3, 1, 201.40
1494636232, 7, 202, 224, 8, 0, 3.23%, 0, 3, 1, 206.53
1494636243, 7, 204, 224, 8, 0, 3.23%, 0, 3, 1, 204.46
1494636253, 7, 206, 224, 8, 0, 3.23%, 0, 3, 1, 209.67
1494636258, 7, 207, 224, 8, 0, 3.23%, 0, 3, 1, 211.89
1494636268, 7, 209, 224, 8, 0, 3.23%, 0, 3, 1, 191.08
1494636278, 7, 210, 224, 8, 0, 3.23%, 0, 3, 1, 222.67
1494636284, 7, 211, 224, 8, 0, 3.23%, 0, 3, 1, 218.30
1494636294, 7, 213, 224, 8, 0, 3.23%, 0, 3, 1, 212.85
1494636304, 7, 215, 224, 8, 0, 3.23%, 0, 3, 1, 191.22
1494636309, 7, 216, 224, 8, 0, 3.23%, 0, 3, 1, 204.59
1494636320, 7, 219, 224, 8, 0, 3.23%, 0, 3, 1, 204.45
1494636330, 8, 1, 224, 8, 0, 3.23%, 0, 3, 1, 201.29
1494636335, 8, 3, 224, 8, 0, 3.23%, 0, 3, 1, 198.27
1494636340, 8, 4, 224, 8, 0, 3.23%, 0, 3, 1, 204.61
1494636350, 8, 6, 224, 8, 0, 3.23%, 0, 3, 1, 209.02
1494636356, 8, 8, 224, 8, 0, 3.23%, 0, 3, 1, 207.84
1494636361, 8, 10, 224, 8, 0, 3.23%, 0, 3, 1, 208.81
1494636371, 8, 12, 224, 8, 0, 3.23%, 0, 3, 1, 214.13
1494636381, 8, 14, 224, 8, 0, 3.23%, 0, 3, 1, 212.03
1494636386, 8, 16, 224, 8, 0, 3.23%, 0, 3, 1, 211.71
1494636391, 8, 18, 224, 8, 0, 3.23%, 0, 3, 1, 210.18
1494636396, 8, 20, 224, 8, 0, 3.23%, 0, 3, 1, 216.22
1494636401, 8, 22, 224, 8, 0, 3.23%, 0, 3, 1, 206.02
1494636406, 8, 23, 224, 8, 0, 3.23%, 0, 3, 1, 203.97
1494636417, 8, 25, 224, 8, 0, 3.23%, 0, 3, 1, 209.24
1494636422, 8, 27, 224, 8, 0, 3.23%, 0, 3, 1, 209.77
1494636427, 8, 30, 224, 8, 0, 3.23%, 0, 3, 1, 182.99
1494636437, 8, 31, 224, 8, 0, 3.23%, 0, 3, 1, 202.56
1494636443, 8, 32, 224, 8, 0, 3.23%, 0, 3, 1, 204.85
1494636448, 8, 33, 224, 8, 0, 3.23%, 0, 3, 1, 206.09
1494636458, 8, 34, 224, 8, 0, 3.23%, 0, 3, 1, 218.75
1494636468, 8, 35, 224, 8, 0, 3.23%, 0, 3, 1, 212.85
1494636473, 8, 37, 224, 8, 0, 3.23%, 0, 3, 1, 211.07
1494636478, 8, 38, 224, 8, 0, 3.23%, 0, 3, 1, 211.00
1494636483, 8, 39, 224, 8, 0, 3.23%, 0, 3, 1, 202.39
1494636489, 8, 41, 224, 8, 0, 3.23%, 0, 3, 1, 205.44
1494636499, 8, 43, 224, 8, 0, 3.23%, 0, 3, 1, 197.14
1494636504, 8, 44, 224, 8, 0, 3.23%, 0, 3, 1, 204.32
1494636509, 8, 45, 224, 8, 0, 3.23%, 0, 3, 1, 203.77
1494636514, 8, 46, 224, 8, 0, 3.23%, 0, 3, 1, 202.97
1494636519, 8, 47, 224, 8, 0, 3.23%, 0, 3, 1, 207.72
1494636530, 8, 49, 224, 8, 0, 3.23%, 0, 3, 1, 211.91
1494636540, 8, 50, 224, 8, 0, 3.23%, 0, 3, 1, 213.11
1494636545, 8, 51, 224, 8, 0, 3.23%, 0, 3, 1, 203.48
1494636555, 8, 53, 224, 8, 0, 3.23%, 0, 3, 1, 208.28
1494636560, 8, 56, 224, 8, 0, 3.23%, 0, 3, 1, 205.54
1494636571, 8, 57, 224, 8, 0, 3.23%, 0, 3, 1, 193.84
1494636581, 8, 61, 224, 8, 0, 3.23%, 0, 3, 1, 201.82
1494636586, 8, 62, 224, 8, 0, 3.23%, 0, 3, 1, 177.26
1494636596, 8, 67, 224, 8, 0, 3.23%, 0, 3, 1, 205.07
1494636607, 8, 68, 224, 8, 0, 3.23%, 0, 3, 1, 205.56
1494636612, 8, 69, 224, 8, 0, 3.23%, 0, 3, 1, 204.36
1494636627, 8, 72, 224, 8, 0, 3.23%, 0, 3, 1, 207.82
1494636632, 8, 73, 224, 8, 0, 3.23%, 0, 3, 1, 210.23
1494636637, 8, 75, 224, 8, 0, 3.23%, 0, 3, 1, 208.28
1494636648, 8, 76, 224, 8, 0, 3.23%, 0, 3, 1, 188.75
1494636653, 8, 77, 224, 8, 0, 3.23%, 0, 3, 1, 196.34
1494636663, 8, 78, 224, 8, 0, 3.23%, 0, 3, 1, 233.94
1494636668, 8, 79, 224, 8, 0, 3.23%, 0, 3, 1, 213.06
1494636678, 8, 81, 224, 7, 0, 3.23%, 0, 3, 1, 203.03
1494636683, 8, 82, 224, 7, 0, 3.23%, 0, 3, 1, 196.33
1494636694, 8, 85, 224, 7, 0, 3.23%, 0, 3, 1, 198.26
1494636699, 8, 86, 224, 7, 0, 3.23%, 0, 3, 1, 205.25
1494636709, 8, 88, 224, 7, 0, 3.23%, 0, 3, 1, 205.89
1494636714, 8, 89, 224, 7, 0, 3.23%, 0, 3, 1, 205.48
1494636719, 8, 90, 224, 7, 0, 3.23%, 0, 3, 1, 210.05
1494636729, 8, 91, 224, 7, 0, 3.23%, 0, 3, 1, 206.37
1494636734, 8, 93, 224, 7, 0, 3.23%, 0, 3, 1, 208.38
1494636745, 8, 95, 224, 7, 0, 3.23%, 0, 3, 1, 210.20
1494636755, 8, 97, 224, 7, 0, 3.23%, 0, 3, 1, 153.98
1494636765, 8, 100, 224, 7, 0, 3.23%, 0, 3, 1, 203.77
1494636770, 8, 101, 224, 7, 0, 3.23%, 0, 3, 1, 205.50
1494636780, 8, 103, 224, 7, 0, 3.23%, 0, 3, 1, 62.70
1494636786, 8, 104, 224, 7, 0, 3.23%, 0, 3, 1, 169.16
1494636796, 8, 106, 224, 7, 0, 3.23%, 0, 3, 1, 202.05
1494636806, 8, 107, 224, 7, 0, 3.23%, 0, 3, 1, 202.77
1494636816, 8, 109, 224, 7, 0, 3.23%, 0, 3, 1, 202.18
1494636821, 8, 110, 224, 7, 0, 3.23%, 0, 3, 1, 210.30
1494636831, 8, 112, 224, 7, 0, 3.23%, 0, 3, 1, 209.37
1494636842, 8, 114, 224, 7, 0, 3.23%, 0, 3, 1, 210.24
1494636847, 8, 115, 224, 7, 0, 3.23%, 0, 3, 1, 206.03
1494636857, 8, 117, 224, 7, 0, 3.23%, 0, 3, 1, 208.10
1494636862, 8, 120, 224, 7, 0, 3.23%, 0, 3, 1, 205.30
1494636872, 8, 121, 224, 7, 0, 3.23%, 0, 3, 1, 206.13
1494636877, 8, 122, 224, 7, 0, 3.23%, 0, 3, 1, 203.03
1494636888, 8, 124, 224, 7, 0, 3.23%, 0, 3, 1, 198.74
1494636898, 8, 127, 224, 7, 0, 3.23%, 0, 3, 1, 208.60
1494636908, 8, 129, 224, 7, 0, 3.23%, 0, 3, 1, 193.50
1494636924, 8, 132, 224, 7, 0, 3.23%, 0, 3, 1, 208.84
1494636934, 8, 133, 224, 7, 0, 3.23%, 0, 3, 1, 207.41
1494636939, 8, 135, 224, 7, 0, 3.23%, 0, 3, 1, 211.97
1494636949, 8, 137, 224, 7, 0, 3.23%, 0, 3, 1, 213.54
1494636954, 8, 138, 224, 7, 0, 3.23%, 0, 3, 1, 213.54
1494636969, 8, 140, 224, 7, 0, 3.23%, 0, 3, 1, 204.37
1494636975, 8, 141, 224, 7, 0, 3.23%, 0, 3, 1, 202.64
1494636985, 8, 142, 224, 7, 0, 3.23%, 0, 3, 1, 210.17
1494636990, 8, 143, 224, 7, 0, 3.23%, 0, 3, 1, 194.19
1494636995, 8, 144, 224, 7, 0, 3.23%, 0, 3, 1, 200.97
1494637006, 8, 146, 224, 7, 0, 3.23%, 0, 3, 1, 208.59
1494637016, 8, 150, 224, 7, 0, 3.23%, 0, 3, 1, 208.93
1494637021, 8, 154, 224, 7, 0, 3.23%, 0, 3, 1, 206.23
1494637031, 8, 156, 224, 7, 0, 3.23%, 0, 3, 1, 208.69
1494637036, 8, 157, 224, 7, 0, 3.23%, 0, 3, 1, 210.06
1494637046, 8, 159, 224, 7, 0, 3.23%, 0, 3, 1, 205.93
1494637057, 8, 161, 224, 7, 0, 3.23%, 0, 3, 1, 201.71
1494637062, 8, 164, 224, 7, 0, 3.23%, 0, 3, 1, 203.29
1494637072, 8, 166, 224, 7, 0, 3.23%, 0, 3, 1, 197.66
1494637077, 8, 167, 224, 7, 0, 3.23%, 0, 3, 1, 201.41
1494637083, 8, 168, 224, 7, 0, 3.23%, 0, 3, 1, 202.50
1494637088, 8, 169, 224, 7, 0, 3.23%, 0, 3, 1, 204.55
1494637098, 8, 172, 224, 7, 0, 3.23%, 0, 3, 1, 207.03
1494637108, 8, 173, 224, 7, 0, 3.23%, 0, 3, 1, 207.97
1494637113, 8, 174, 224, 7, 0, 3.23%, 0, 3, 1, 197.80
1494637123, 8, 176, 224, 7, 0, 3.23%, 0, 3, 1, 212.19
1494637128, 8, 178, 224, 7, 0, 3.23%, 0, 3, 1, 211.46
1494637133, 8, 179, 224, 7, 0, 3.23%, 0, 3, 1, 211.74
1494637144, 8, 181, 224, 6, 0, 3.23%, 0, 3, 1, 215.07
1494637149, 8, 182, 224, 6, 0, 3.23%, 0, 3, 1, 203.71
1494637164, 8, 184, 224, 6, 0, 3.23%, 0, 3, 1, 187.63
1494637175, 8, 185, 224, 6, 0, 3.23%, 0, 3, 1, 204.80
1494637180, 8, 187, 224, 6, 0, 3.23%, 0, 3, 1, 209.93
1494637190, 8, 189, 224, 6, 0, 3.23%, 0, 3, 1, 209.27
1494637200, 8, 191, 224, 6, 0, 3.23%, 0, 3, 1, 208.21
1494637210, 8, 192, 224, 6, 0, 3.23%, 0, 3, 1, 210.55
1494637216, 8, 195, 224, 6, 0, 3.23%, 0, 3, 1, 213.95
1494637226, 8, 196, 224, 6, 0, 3.23%, 0, 3, 1, 211.73
1494637231, 8, 199, 224, 6, 0, 3.23%, 0, 3, 1, 210.36
1494637236, 8, 200, 224, 6, 0, 3.23%, 0, 3, 1, 201.24
1494637246, 8, 202, 224, 6, 0, 3.23%, 0, 3, 1, 203.63
1494637256, 8, 204, 224, 6, 0, 3.23%, 0, 3, 1, 197.31
1494637267, 8, 205, 224, 6, 0, 3.23%, 0, 3, 1, 203.30
1494637272, 8, 207, 224, 6, 0, 3.23%, 0, 3, 1, 205.93
1494637277, 8, 208, 224, 6, 0, 3.23%, 0, 3, 1, 197.66
1494637282, 8, 209, 224, 6, 0, 3.23%, 0, 3, 1, 203.30
1494637292, 8, 211, 224, 6, 0, 3.23%, 0, 3, 1, 210.56
1494637302, 8, 212, 224, 6, 0, 3.23%, 0, 3, 1, 213.33
1494637308, 8, 213, 224, 6, 0, 3.23%, 0, 3, 1, 212.34
1494637318, 8, 216, 224, 6, 0, 3.23%, 0, 3, 1, 202.33
1494637328, 8, 219, 224, 6, 0, 3.23%, 0, 3, 1, 200.79
1494637338, 9, 0, 224, 6, 0, 3.23%, 0, 3, 1, 203.54
1494637344, 9, 2, 224, 6, 0, 3.23%, 0, 3, 1, 210.03
1494637349, 9, 4, 224, 6, 0, 3.23%, 0, 3, 1, 206.43
1494637359, 9, 5, 224, 6, 0, 3.23%, 0, 3, 1, 210.40
1494637364, 9, 8, 224, 6, 0, 3.23%, 0, 3, 1, 215.79
1494637369, 9, 10, 224, 6, 0, 3.23%, 0, 3, 1, 207.83
1494637379, 9, 12, 224, 6, 0, 3.23%, 0, 3, 1, 211.63
1494637390, 9, 13, 224, 6, 0, 3.23%, 0, 3, 1, 213.15
1494637395, 9, 15, 224, 6, 0, 3.23%, 0, 3, 1, 216.07
1494637400, 9, 17, 224, 6, 0, 3.23%, 0, 3, 1, 208.81
1494637405, 9, 19, 224, 6, 0, 3.23%, 0, 3, 1, 205.40
1494637410, 9, 22, 224, 6, 0, 3.23%, 0, 3, 1, 211.64
1494637416, 9, 23, 224, 6, 0, 3.23%, 0, 3, 1, 210.45
1494637426, 9, 24, 224, 6, 0, 3.23%, 0, 3, 1, 212.22
1494637431, 9, 27, 224, 6, 0, 3.23%, 0, 3, 1, 216.20
1494637436, 9, 30, 224, 6, 0, 3.23%, 0, 3, 1, 214.52
1494637447, 9, 31, 224, 6, 0, 3.23%, 0, 3, 1, 207.94
1494637452, 9, 32, 224, 6, 0, 3.23%, 0, 3, 1, 212.24
1494637457, 9, 33, 224, 6, 0, 3.23%, 0, 3, 1, 216.64
1494637467, 9, 34, 224, 6, 0, 3.23%, 0, 3, 1, 194.43
1494637477, 9, 35, 224, 6, 0, 3.23%, 0, 3, 1, 189.87
1494637487, 9, 37, 224, 6, 0, 3.23%, 0, 3, 1, 192.41
1494637492, 9, 38, 224, 6, 0, 3.23%, 0, 3, 1, 201.59
1494637497, 9, 41, 224, 6, 0, 3.23%, 0, 3, 1, 201.58
1494637508, 9, 42, 224, 6, 0, 3.23%, 0, 3, 1, 208.60
1494637513, 9, 43, 224, 6, 0, 3.23%, 0, 3, 1, 196.28
1494637518, 9, 44, 224, 6, 0, 3.23%, 0, 3, 1, 208.06
1494637523, 9, 45, 224, 6, 0, 3.23%, 0, 3, 1, 206.52
1494637528, 9, 47, 224, 6, 0, 3.23%, 0, 3, 1, 204.66
1494637538, 9, 48, 224, 6, 0, 3.23%, 0, 3, 1, 213.39
1494637543, 9, 49, 224, 6, 0, 3.23%, 0, 3, 1, 213.93
1494637554, 9, 50, 224, 6, 0, 3.23%, 0, 3, 1, 217.25
1494637559, 9, 51, 224, 6, 0, 3.23%, 0, 3, 1, 183.88
1494637569, 9, 53, 224, 6, 0, 3.23%, 0, 3, 1, 203.63
1494637574, 9, 56, 224, 6, 0, 3.23%, 0, 3, 1, 208.94
1494637579, 9, 57, 224, 6, 0, 3.23%, 0, 3, 1, 193.27
1494637589, 9, 58, 224, 6, 0, 3.23%, 0, 3, 1, 209.14
1494637595, 9, 62, 224, 6, 0, 3.23%, 0, 3, 1, 210.23
1494637605, 9, 64, 224, 6, 0, 3.23%, 0, 3, 1, 211.72
1494637610, 9, 67, 224, 6, 0, 3.23%, 0, 3, 1, 204.80
1494637620, 9, 69, 224, 6, 0, 3.23%, 0, 3, 1, 211.86
1494637636, 9, 70, 224, 6, 0, 3.23%, 0, 3, 1, 205.33
1494637641, 9, 72, 224, 6, 0, 3.23%, 0, 3, 1, 209.82
1494637646, 9, 73, 224, 6, 0, 3.23%, 0, 3, 1, 209.47
1494637651, 9, 75, 224, 6, 0, 3.23%, 0, 3, 1, 213.22
1494637661, 9, 76, 224, 6, 0, 3.23%, 0, 3, 1, 196.96
1494637666, 9, 77, 224, 6, 0, 3.23%, 0, 3, 1, 197.87
1494637677, 9, 79, 224, 6, 0, 3.23%, 0, 3, 1, 205.91
1494637687, 9, 81, 224, 6, 0, 3.23%, 0, 3, 1, 208.89
1494637692, 9, 82, 224, 6, 0, 3.23%, 0, 3, 1, 210.98
1494637702, 9, 83, 224, 6, 0, 3.23%, 0, 3, 1, 212.66
1494637707, 9, 86, 224, 5, 0, 3.23%, 0, 3, 1, 213.47
1494637718, 9, 87, 224, 5, 0, 3.23%, 0, 3, 1, 211.70
1494637723, 9, 88, 224, 5, 0, 3.23%, 0, 3, 1, 213.74
1494637733, 9, 90, 224, 5, 0, 3.23%, 0, 3, 1, 201.76
1494637743, 9, 91, 224, 5, 0, 3.23%, 0, 3, 1, 204.15
1494637748, 9, 93, 224, 5, 0, 3.23%, 0, 3, 1, 209.20
1494637759, 9, 95, 224, 5, 0, 3.23%, 0, 3, 1, 206.11
1494637769, 9, 97, 224, 5, 0, 3.23%, 0, 3, 1, 203.19
1494637779, 9, 98, 224, 5, 0, 3.23%, 0, 3, 1, 211.17
1494637784, 9, 101, 224, 5, 0, 3.23%, 0, 3, 1, 211.37
1494637794, 9, 102, 224, 5, 0, 3.23%, 0, 3, 1, 214.44
1494637799, 9, 104, 224, 5, 0, 3.23%, 0, 3, 1, 211.35
1494637810, 9, 106, 224, 5, 0, 3.23%, 0, 3, 1, 215.76
1494637820, 9, 107, 224, 5, 0, 3.23%, 0, 3, 1, 210.08
1494637830, 9, 108, 224, 5, 0, 3.23%, 0, 3, 1, 202.49
1494637835, 9, 110, 224, 5, 0, 3.23%, 0, 3, 1, 189.10
1494637846, 9, 112, 224, 5, 0, 3.23%, 0, 3, 1, 210.02
1494637856, 9, 113, 224, 5, 0, 3.23%, 0, 3, 1, 208.30
1494637866, 9, 115, 224, 5, 0, 3.23%, 0, 3, 1, 213.33
1494637876, 9, 117, 224, 5, 0, 3.23%, 0, 3, 1, 206.31
1494637881, 9, 119, 224, 5, 0, 3.23%, 0, 3, 1, 205.06
1494637886, 9, 120, 224, 5, 0, 3.23%, 0, 3, 1, 210.22
1494637892, 9, 121, 224, 5, 0, 3.23%, 0, 3, 1, 210.47
1494637897, 9, 122, 224, 5, 0, 3.23%, 0, 3, 1, 213.88
