# unix_time, cycles_done, cur_path, paths_total, pending_total, pending_favs, map_size, unique_crashes, unique_hangs, max_depth, execs_per_sec
1494124192, 0, 0, 510, 510, 173, 4.16%, 0, 0, 2, 64.88
1494124202, 0, 0, 510, 509, 172, 4.16%, 0, 0, 2, 10.20
1494124233, 0, 0, 511, 510, 172, 4.16%, 0, 0, 2, 75.27
1494124386, 0, 1, 511, 510, 172, 4.16%, 0, 0, 2, 72.30
1494124391, 0, 2, 511, 509, 171, 4.16%, 0, 0, 2, 109.31
1494124402, 0, 7, 511, 505, 167, 4.16%, 0, 0, 2, 146.89
1494124407, 0, 8, 511, 504, 166, 4.16%, 0, 0, 2, 158.76
1494124412, 0, 13, 511, 502, 164, 4.16%, 0, 0, 2, 145.97
1494124417, 0, 14, 511, 501, 163, 4.16%, 0, 0, 2, 111.30
1494124427, 0, 15, 511, 500, 162, 4.16%, 0, 0, 2, 132.11
1494124432, 0, 20, 511, 498, 160, 4.16%, 0, 0, 2, 139.41
1494124438, 0, 21, 511, 497, 159, 4.16%, 0, 0, 2, 150.70
1494124443, 0, 23, 511, 496, 158, 4.16%, 0, 0, 2, 124.24
1494124448, 0, 26, 511, 494, 156, 4.16%, 0, 0, 2, 162.44
1494124453, 0, 27, 511, 493, 155, 4.16%, 0, 0, 2, 144.37
1494124458, 0, 29, 511, 492, 154, 4.16%, 0, 0, 2, 89.83
1494124463, 0, 30, 511, 491, 153, 4.16%, 0, 0, 2, 106.43
1494124468, 0, 33, 511, 490, 152, 4.16%, 0, 0, 2, 104.67
1494124473, 0, 34, 511, 489, 151, 4.16%, 0, 0, 2, 128.82
1494124478, 0, 39, 511, 488, 150, 4.16%, 0, 0, 2, 165.02
1494124484, 0, 43, 511, 487, 149, 4.16%, 0, 0, 2, 89.12
1494124489, 0, 44, 511, 486, 148, 4.16%, 0, 0, 2, 100.18
1494124494, 0, 46, 511, 484, 146, 4.16%, 0, 0, 2, 144.55
1494124499, 0, 47, 511, 483, 145, 4.16%, 0, 0, 2, 127.28
1494124504, 0, 49, 511, 482, 144, 4.16%, 0, 0, 2, 108.38
1494124514, 0, 50, 511, 481, 143, 4.16%, 0, 0, 2, 158.65
1494124519, 0, 52, 511, 479, 141, 4.16%, 0, 0, 2, 145.65
1494124524, 0, 54, 511, 478, 140, 4.16%, 0, 0, 2, 174.16
1494124530, 0, 56, 511, 477, 139, 4.16%, 0, 0, 2, 185.25
1494124535, 0, 58, 511, 476, 138, 4.16%, 0, 0, 2, 22.21
1494124540, 0, 60, 511, 475, 137, 4.16%, 0, 0, 2, 111.20
1494124550, 0, 61, 511, 474, 136, 4.16%, 0, 0, 2, 113.43
1494124555, 0, 62, 511, 473, 135, 4.16%, 0, 0, 2, 68.48
1494124561, 0, 63, 511, 472, 134, 4.16%, 0, 0, 2, 117.33
1494124566, 0, 65, 511, 471, 133, 4.16%, 0, 0, 2, 99.15
1494124571, 0, 67, 511, 470, 132, 4.16%, 0, 0, 2, 129.22
1494124576, 0, 69, 511, 469, 131, 4.16%, 0, 0, 2, 120.83
1494124581, 0, 71, 511, 468, 130, 4.16%, 0, 0, 2, 87.11
1494124586, 0, 72, 511, 467, 129, 4.16%, 0, 0, 2, 123.31
1494124592, 0, 73, 511, 466, 128, 4.16%, 0, 0, 2, 167.16
1494124597, 0, 74, 511, 465, 127, 4.16%, 0, 0, 2, 43.77
1494124602, 0, 75, 511, 464, 126, 4.16%, 0, 0, 2, 118.97
1494124607, 0, 77, 511, 463, 125, 4.16%, 0, 0, 2, 148.90
1494124612, 0, 79, 511, 462, 124, 4.16%, 0, 0, 2, 115.14
1494124617, 0, 81, 511, 460, 122, 4.16%, 0, 0, 2, 114.39
1494124627, 0, 83, 511, 459, 121, 4.16%, 0, 0, 2, 160.56
1494124632, 0, 85, 511, 458, 120, 4.16%, 0, 0, 2, 119.13
1494124637, 0, 88, 511, 457, 119, 4.16%, 0, 0, 2, 110.97
1494124642, 0, 89, 511, 456, 118, 4.16%, 0, 0, 2, 98.25
1494124648, 0, 92, 511, 454, 116, 4.16%, 0, 0, 2, 147.27
1494124653, 0, 96, 511, 453, 115, 4.16%, 0, 0, 2, 86.29
1494124658, 0, 97, 511, 452, 114, 4.16%, 0, 0, 2, 74.19
1494124663, 0, 98, 511, 451, 113, 4.16%, 0, 0, 2, 124.92
1494124668, 0, 99, 511, 450, 112, 4.16%, 0, 0, 2, 119.19
1494124673, 0, 105, 511, 447, 109, 4.16%, 0, 0, 2, 149.11
1494124683, 0, 106, 511, 446, 108, 4.16%, 0, 0, 2, 85.87
1494124688, 0, 107, 511, 445, 107, 4.16%, 0, 0, 2, 97.57
1494124698, 0, 108, 511, 444, 106, 4.16%, 0, 0, 2, 75.30
1494124704, 0, 113, 511, 443, 105, 4.16%, 0, 0, 2, 115.72
1494124714, 0, 119, 511, 442, 104, 4.16%, 0, 0, 2, 133.55
1494124719, 0, 123, 511, 441, 103, 4.16%, 0, 0, 2, 130.43
1494124724, 0, 125, 511, 440, 102, 4.16%, 0, 0, 2, 157.69
1494124734, 0, 128, 511, 439, 101, 4.16%, 0, 0, 2, 84.75
1494124744, 0, 130, 511, 438, 100, 4.16%, 0, 0, 2, 155.25
1494124749, 0, 137, 511, 436, 98, 4.16%, 0, 0, 2, 172.23
1494124760, 0, 139, 511, 435, 97, 4.16%, 0, 0, 2, 100.20
1494124770, 0, 143, 511, 433, 95, 4.16%, 0, 0, 2, 146.32
1494124775, 0, 144, 511, 432, 94, 4.16%, 0, 0, 2, 106.54
1494124780, 0, 145, 511, 431, 93, 4.16%, 0, 0, 2, 153.93
1494124785, 0, 147, 511, 430, 92, 4.16%, 0, 0, 2, 146.39
1494124795, 0, 149, 511, 429, 91, 4.16%, 0, 0, 2, 178.84
1494124801, 0, 155, 511, 428, 90, 4.16%, 0, 0, 2, 166.61
1494124806, 0, 162, 511, 427, 89, 4.16%, 0, 0, 2, 167.98
1494124816, 0, 165, 511, 426, 88, 4.16%, 0, 0, 2, 167.48
1494124821, 0, 167, 511, 425, 87, 4.16%, 0, 0, 2, 139.78
1494124831, 0, 170, 511, 424, 86, 4.16%, 0, 0, 2, 129.51
1494124841, 0, 175, 511, 422, 84, 4.16%, 0, 0, 2, 138.88
1494124852, 0, 183, 511, 421, 83, 4.16%, 0, 0, 2, 171.95
1494124857, 0, 186, 511, 420, 82, 4.16%, 0, 0, 2, 166.92
1494124862, 0, 191, 511, 419, 81, 4.16%, 0, 0, 2, 153.34
1494124872, 0, 193, 511, 418, 80, 4.16%, 0, 0, 2, 129.26
1494124877, 0, 195, 511, 417, 79, 4.16%, 0, 0, 2, 153.98
1494124882, 0, 196, 511, 416, 78, 4.16%, 0, 0, 2, 160.77
1494124888, 0, 197, 511, 415, 77, 4.16%, 0, 0, 2, 88.53
1494124893, 0, 201, 511, 414, 76, 4.16%, 0, 0, 2, 96.42
1494124903, 0, 205, 511, 413, 75, 4.16%, 0, 0, 2, 107.82
1494124908, 0, 209, 511, 412, 75, 4.16%, 0, 0, 2, 146.61
1494124913, 0, 211, 511, 411, 74, 4.16%, 0, 0, 2, 180.84
1494124918, 0, 215, 511, 410, 73, 4.16%, 0, 0, 2, 166.09
1494124928, 0, 217, 511, 409, 72, 4.16%, 0, 0, 2, 94.09
1494124933, 0, 218, 511, 408, 71, 4.16%, 0, 0, 2, 85.97
1494124969, 0, 222, 511, 406, 69, 4.16%, 0, 0, 2, 116.08
1494124974, 0, 231, 511, 405, 68, 4.16%, 0, 0, 2, 101.76
1494124985, 0, 243, 511, 404, 67, 4.16%, 0, 0, 2, 164.85
1494124990, 0, 255, 511, 403, 66, 4.16%, 0, 0, 2, 24.39
1494124995, 0, 259, 511, 401, 64, 4.16%, 0, 0, 2, 118.94
1494125005, 0, 261, 511, 400, 63, 4.16%, 0, 0, 2, 142.44
1494125010, 0, 266, 511, 399, 62, 4.16%, 0, 0, 2, 153.63
1494125015, 0, 267, 511, 398, 61, 4.16%, 0, 0, 2, 125.39
1494125020, 0, 268, 511, 397, 60, 4.16%, 0, 0, 2, 120.99
1494125025, 0, 269, 511, 396, 59, 4.16%, 0, 0, 2, 159.58
1494125031, 0, 271, 511, 395, 58, 4.16%, 0, 0, 2, 136.14
1494125036, 0, 279, 511, 394, 57, 4.16%, 0, 0, 2, 111.24
1494125041, 0, 286, 511, 393, 56, 4.16%, 0, 0, 2, 113.61
1494125056, 0, 288, 511, 392, 55, 4.16%, 0, 0, 2, 122.90
1494125066, 0, 293, 511, 390, 53, 4.16%, 0, 0, 2, 26.76
1494125072, 0, 296, 511, 389, 52, 4.16%, 0, 0, 2, 84.99
1494125092, 0, 302, 511, 388, 51, 4.16%, 0, 0, 2, 100.42
1494125102, 0, 317, 511, 387, 50, 4.16%, 0, 0, 2, 178.29
1494125107, 0, 323, 511, 386, 50, 4.16%, 0, 0, 2, 31.69
1494125138, 0, 325, 511, 385, 49, 4.16%, 0, 0, 2, 75.63
1494125148, 0, 329, 511, 384, 48, 4.16%, 0, 0, 2, 152.26
1494125153, 0, 339, 511, 383, 47, 4.16%, 0, 0, 2, 24.38
1494125235, 0, 342, 511, 382, 46, 4.16%, 0, 0, 2, 159.92
1494125245, 0, 352, 511, 381, 45, 4.16%, 0, 0, 2, 103.95
1494125276, 0, 354, 511, 380, 44, 4.16%, 0, 0, 2, 63.38
1494125301, 0, 355, 511, 379, 44, 4.16%, 0, 0, 2, 119.64
1494125311, 0, 366, 511, 377, 42, 4.16%, 0, 0, 2, 180.27
1494125321, 0, 367, 511, 376, 41, 4.16%, 0, 0, 2, 150.10
1494125326, 0, 377, 511, 374, 39, 4.16%, 0, 0, 2, 121.26
1494125337, 0, 378, 511, 373, 38, 4.16%, 0, 0, 2, 17.76
1494125409, 0, 382, 511, 372, 37, 4.16%, 0, 0, 2, 104.80
1494125419, 0, 383, 511, 371, 36, 4.16%, 0, 0, 2, 107.37
1494125424, 0, 384, 511, 370, 35, 4.16%, 0, 0, 2, 88.90
1494125429, 0, 389, 511, 369, 34, 4.16%, 0, 0, 2, 116.45
1494125439, 0, 394, 511, 368, 33, 4.16%, 0, 0, 2, 55.34
1494125511, 0, 397, 511, 367, 32, 4.16%, 0, 0, 2, 108.99
1494125521, 0, 399, 511, 366, 31, 4.16%, 0, 0, 2, 120.44
1494125526, 0, 407, 511, 365, 30, 4.16%, 0, 0, 2, 111.92
1494125536, 0, 418, 511, 363, 28, 4.16%, 0, 0, 2, 138.21
1494125541, 0, 420, 511, 362, 27, 4.16%, 0, 0, 2, 85.10
1494125546, 0, 423, 511, 361, 26, 4.16%, 0, 0, 2, 95.17
1494125557, 0, 426, 511, 360, 25, 4.16%, 0, 0, 2, 83.42
1494125562, 0, 427, 511, 359, 24, 4.16%, 0, 0, 2, 108.16
1494125567, 0, 428, 511, 358, 23, 4.16%, 0, 0, 2, 124.05
1494125577, 0, 429, 511, 357, 22, 4.16%, 0, 0, 2, 72.46
1494125582, 0, 430, 511, 356, 21, 4.16%, 0, 0, 2, 78.90
1494125587, 0, 437, 511, 355, 20, 4.16%, 0, 0, 2, 111.61
1494125593, 0, 438, 511, 354, 19, 4.16%, 0, 0, 2, 27.78
1494125659, 0, 439, 511, 353, 18, 4.16%, 0, 0, 2, 133.68
1494125664, 0, 447, 511, 352, 17, 4.16%, 0, 0, 2, 86.15
1494125669, 0, 450, 511, 351, 16, 4.16%, 0, 0, 2, 93.19
1494125679, 0, 452, 511, 350, 15, 4.16%, 0, 0, 2, 77.92
1494125700, 0, 455, 511, 349, 14, 4.16%, 0, 0, 2, 120.47
1494125705, 0, 459, 511, 347, 12, 4.16%, 0, 0, 2, 125.27
1494125710, 0, 466, 511, 346, 11, 4.16%, 0, 0, 2, 144.43
1494125715, 0, 467, 511, 345, 10, 4.16%, 0, 0, 2, 24.76
1494125802, 0, 470, 511, 344, 9, 4.16%, 0, 0, 2, 58.31
1494125822, 0, 472, 511, 343, 9, 4.16%, 0, 0, 2, 71.40
1494125827, 0, 479, 511, 342, 8, 4.16%, 0, 0, 2, 114.39
1494125833, 0, 482, 511, 341, 7, 4.16%, 0, 0, 2, 136.51
1494125843, 0, 486, 511, 340, 6, 4.16%, 0, 0, 2, 62.91
1494125848, 0, 492, 511, 339, 5, 4.16%, 0, 0, 2, 92.68
1494125858, 0, 493, 511, 338, 4, 4.16%, 0, 0, 2, 89.83
1494125869, 0, 495, 511, 337, 3, 4.16%, 0, 0, 2, 73.49
1494125874, 0, 505, 511, 336, 2, 4.16%, 0, 0, 2, 105.44
1494125879, 0, 506, 511, 335, 1, 4.16%, 0, 0, 2, 107.99
1494125889, 0, 510, 511, 334, 0, 4.16%, 0, 0, 2, 88.21
1494125900, 1, 1, 511, 333, 0, 4.16%, 0, 0, 2, 143.30
1494125905, 1, 2, 511, 333, 0, 4.16%, 0, 0, 2, 155.25
1494125910, 1, 5, 511, 333, 0, 4.16%, 0, 0, 2, 173.96
1494125915, 1, 8, 511, 333, 0, 4.16%, 0, 0, 2, 186.47
1494125920, 1, 13, 511, 332, 0, 4.16%, 0, 0, 2, 177.71
1494125925, 1, 14, 511, 332, 0, 4.16%, 0, 0, 2, 141.33
1494125930, 1, 17, 511, 332, 0, 4.16%, 0, 0, 2, 154.90
1494125935, 1, 20, 511, 332, 0, 4.16%, 0, 0, 2, 157.10
1494125941, 1, 23, 511, 332, 0, 4.16%, 0, 0, 2, 153.09
1494125946, 1, 25, 511, 332, 0, 4.16%, 0, 0, 2, 137.79
1494125951, 1, 27, 511, 331, 0, 4.16%, 0, 0, 2, 163.22
1494125956, 1, 28, 511, 331, 0, 4.16%, 0, 0, 2, 143.48
1494125961, 1, 30, 511, 330, 0, 4.16%, 0, 0, 2, 138.04
1494125966, 1, 34, 511, 330, 0, 4.16%, 0, 0, 2, 150.78
1494125971, 1, 39, 511, 330, 0, 4.16%, 0, 0, 2, 174.20
1494125977, 1, 41, 511, 329, 0, 4.16%, 0, 0, 2, 147.09
1494125982, 1, 43, 511, 328, 0, 4.16%, 0, 0, 2, 146.35
1494125987, 1, 45, 511, 328, 0, 4.16%, 0, 0, 2, 156.36
1494125992, 1, 47, 511, 328, 0, 4.16%, 0, 0, 2, 81.60
1494125997, 1, 50, 511, 328, 0, 4.16%, 0, 0, 2, 138.24
1494126002, 1, 52, 511, 328, 0, 4.16%, 0, 0, 2, 171.41
1494126007, 1, 54, 511, 328, 0, 4.16%, 0, 0, 2, 179.68
1494126012, 1, 56, 511, 328, 0, 4.16%, 0, 0, 2, 199.54
1494126017, 1, 58, 511, 327, 0, 4.16%, 0, 0, 2, 159.30
1494126022, 1, 60, 511, 327, 0, 4.16%, 0, 0, 2, 147.28
1494126027, 1, 62, 511, 327, 0, 4.16%, 0, 0, 2, 149.48
1494126032, 1, 63, 511, 327, 0, 4.16%, 0, 0, 2, 138.93
1494126038, 1, 65, 511, 326, 0, 4.16%, 0, 0, 2, 158.83
1494126043, 1, 66, 511, 326, 0, 4.16%, 0, 0, 2, 128.46
1494126048, 1, 69, 511, 325, 0, 4.16%, 0, 0, 2, 162.72
1494126053, 1, 71, 511, 325, 0, 4.16%, 0, 0, 2, 140.12
1494126058, 1, 73, 511, 325, 0, 4.16%, 0, 0, 2, 159.41
1494126063, 1, 75, 511, 325, 0, 4.16%, 0, 0, 2, 168.65
1494126069, 1, 77, 511, 325, 0, 4.16%, 0, 0, 2, 163.86
1494126074, 1, 78, 511, 325, 0, 4.16%, 0, 0, 2, 159.27
1494126079, 1, 80, 511, 324, 0, 4.16%, 0, 0, 2, 153.38
1494126084, 1, 83, 511, 324, 0, 4.16%, 0, 0, 2, 167.44
1494126094, 1, 85, 511, 323, 0, 4.16%, 0, 0, 2, 150.62
1494126099, 1, 89, 511, 323, 0, 4.16%, 0, 0, 2, 150.61
1494126105, 1, 96, 511, 323, 0, 4.16%, 0, 0, 2, 153.09
1494126110, 1, 98, 511, 323, 0, 4.16%, 0, 0, 2, 163.11
1494126115, 1, 100, 511, 323, 0, 4.16%, 0, 0, 2, 160.72
1494126120, 1, 105, 511, 322, 0, 4.16%, 0, 0, 2, 155.57
1494126125, 1, 107, 511, 322, 0, 4.16%, 0, 0, 2, 140.79
1494126130, 1, 110, 511, 322, 0, 4.16%, 0, 0, 2, 156.58
1494126135, 1, 113, 511, 321, 0, 4.16%, 0, 0, 2, 175.87
1494126141, 1, 119, 511, 320, 0, 4.16%, 0, 0, 2, 173.06
1494126146, 1, 121, 511, 320, 0, 4.16%, 0, 0, 2, 170.43
1494126151, 1, 123, 511, 319, 0, 4.16%, 0, 0, 2, 164.72
1494126156, 1, 125, 511, 319, 0, 4.16%, 0, 0, 2, 166.40
1494126161, 1, 128, 511, 319, 0, 4.16%, 0, 0, 2, 137.15
1494126166, 1, 130, 511, 319, 0, 4.16%, 0, 0, 2, 140.65
1494126171, 1, 133, 511, 319, 0, 4.16%, 0, 0, 2, 150.48
1494126176, 1, 137, 511, 318, 0, 4.16%, 0, 0, 2, 163.25
1494126181, 1, 139, 511, 318, 0, 4.16%, 0, 0, 2, 140.12
1494126187, 1, 143, 511, 318, 0, 4.16%, 0, 0, 2, 155.84
1494126192, 1, 145, 511, 318, 0, 4.16%, 0, 0, 2, 165.50
1494126202, 1, 147, 511, 318, 0, 4.16%, 0, 0, 2, 181.09
1494126207, 1, 149, 511, 318, 0, 4.16%, 0, 0, 2, 166.45
1494126212, 1, 155, 511, 317, 0, 4.16%, 0, 0, 2, 171.73
1494126223, 1, 158, 511, 316, 0, 4.16%, 0, 0, 2, 144.86
1494126228, 1, 162, 511, 315, 0, 4.16%, 0, 0, 2, 176.30
1494126233, 1, 165, 511, 314, 0, 4.16%, 0, 0, 2, 115.84
1494126243, 1, 167, 511, 313, 0, 4.16%, 0, 0, 2, 152.47
1494126248, 1, 168, 511, 313, 0, 4.16%, 0, 0, 2, 139.18
1494126253, 1, 170, 511, 312, 0, 4.16%, 0, 0, 2, 156.25
1494126258, 1, 172, 511, 312, 0, 4.16%, 0, 0, 2, 162.45
1494126264, 1, 174, 511, 312, 0, 4.16%, 0, 0, 2, 152.23
1494126269, 1, 175, 511, 311, 0, 4.16%, 0, 0, 2, 176.76
1494126274, 1, 183, 511, 311, 0, 4.16%, 0, 0, 2, 181.67
1494126279, 1, 186, 511, 311, 0, 4.16%, 0, 0, 2, 168.77
1494126284, 1, 193, 511, 311, 0, 4.16%, 0, 0, 2, 154.13
1494126289, 1, 195, 511, 311, 0, 4.16%, 0, 0, 2, 171.38
1494126294, 1, 197, 511, 311, 0, 4.16%, 0, 0, 2, 52.95
1494126300, 1, 200, 511, 311, 0, 4.16%, 0, 0, 2, 105.40
1494126305, 1, 201, 511, 310, 0, 4.16%, 0, 0, 2, 133.54
1494126310, 1, 209, 511, 310, 0, 4.16%, 0, 0, 2, 157.14
1494126315, 1, 211, 511, 310, 0, 4.16%, 0, 0, 2, 182.83
1494126320, 1, 213, 511, 310, 0, 4.16%, 0, 0, 2, 163.53
1494126325, 1, 217, 511, 309, 0, 4.16%, 0, 0, 2, 124.83
1494126330, 1, 219, 511, 309, 0, 4.16%, 0, 0, 2, 135.34
1494126335, 1, 221, 511, 308, 0, 4.16%, 0, 0, 2, 150.78
1494126341, 1, 225, 511, 307, 0, 4.16%, 0, 0, 2, 112.43
1494126351, 1, 231, 511, 305, 0, 4.16%, 0, 0, 2, 164.72
1494126356, 1, 232, 511, 305, 0, 4.16%, 0, 0, 2, 154.28
1494126366, 1, 242, 511, 303, 0, 4.16%, 0, 0, 2, 162.17
1494126371, 1, 243, 511, 302, 0, 4.16%, 0, 0, 2, 180.98
1494126376, 1, 245, 511, 302, 0, 4.16%, 0, 0, 2, 168.01
1494126382, 1, 248, 511, 301, 0, 4.16%, 0, 0, 2, 164.16
1494126387, 1, 250, 511, 300, 0, 4.16%, 0, 0, 2, 185.60
1494126392, 1, 254, 511, 298, 0, 4.16%, 0, 0, 2, 155.53
1494126397, 1, 258, 511, 297, 0, 4.16%, 0, 0, 2, 146.62
1494126402, 1, 259, 511, 297, 0, 4.16%, 0, 0, 2, 171.46
1494126407, 1, 261, 511, 297, 0, 4.16%, 0, 0, 2, 162.42
1494126413, 1, 266, 511, 296, 0, 4.16%, 0, 0, 2, 169.44
1494126423, 1, 269, 511, 296, 0, 4.16%, 0, 0, 2, 152.93
1494126433, 1, 272, 511, 296, 0, 4.16%, 0, 0, 2, 80.80
1494126453, 1, 279, 511, 295, 0, 4.16%, 0, 0, 2, 114.84
1494126458, 1, 286, 511, 294, 0, 4.16%, 0, 0, 2, 154.16
1494126464, 1, 288, 511, 294, 0, 4.16%, 0, 0, 2, 167.73
1494126469, 1, 293, 511, 294, 0, 4.16%, 0, 0, 2, 161.09
1494126474, 1, 297, 511, 294, 0, 4.16%, 0, 0, 2, 139.26
1494126479, 1, 298, 511, 293, 0, 4.16%, 0, 0, 2, 153.31
1494126484, 1, 302, 511, 292, 0, 4.16%, 0, 0, 2, 165.08
1494126489, 1, 314, 511, 292, 0, 4.16%, 0, 0, 2, 152.12
1494126500, 1, 316, 511, 291, 0, 4.16%, 0, 0, 2, 142.11
1494126510, 1, 321, 511, 290, 0, 4.16%, 0, 0, 2, 160.45
1494126515, 1, 325, 511, 289, 0, 4.16%, 0, 0, 2, 166.14
1494126520, 1, 329, 511, 289, 0, 4.16%, 0, 0, 2, 179.48
1494126525, 1, 331, 511, 289, 0, 4.16%, 0, 0, 2, 22.21
1494126587, 1, 338, 511, 288, 0, 4.16%, 0, 0, 2, 133.07
1494126592, 1, 339, 511, 287, 0, 4.16%, 0, 0, 2, 123.94
1494126597, 1, 342, 511, 287, 0, 4.16%, 0, 0, 2, 114.94
1494126602, 1, 349, 511, 287, 0, 4.16%, 0, 0, 2, 153.36
1494126633, 1, 352, 511, 286, 0, 4.16%, 0, 0, 2, 128.26
1494126638, 1, 355, 511, 286, 0, 4.16%, 0, 0, 2, 166.02
1494126643, 1, 362, 511, 286, 0, 4.16%, 0, 0, 2, 182.86
1494126648, 1, 367, 511, 286, 0, 4.16%, 0, 0, 2, 177.96
1494126654, 1, 371, 511, 286, 0, 4.16%, 0, 0, 2, 157.42
1494126664, 1, 373, 511, 285, 0, 4.16%, 0, 0, 2, 173.78
1494126669, 1, 374, 511, 284, 0, 4.16%, 0, 0, 2, 10.05
1494126755, 1, 375, 511, 283, 0, 4.16%, 0, 0, 2, 147.78
1494126761, 1, 378, 511, 283, 0, 4.16%, 0, 0, 2, 104.00
1494126766, 1, 382, 511, 283, 0, 4.16%, 0, 0, 2, 162.57
1494126771, 1, 383, 511, 283, 0, 4.16%, 0, 0, 2, 161.62
1494126776, 1, 385, 511, 283, 0, 4.16%, 0, 0, 2, 130.16
1494126807, 1, 388, 511, 282, 0, 4.16%, 0, 0, 2, 5.76
1494126812, 1, 389, 511, 281, 0, 4.16%, 0, 0, 2, 180.51
1494126817, 1, 390, 511, 281, 0, 4.16%, 0, 0, 2, 114.70
1494126822, 1, 392, 511, 280, 0, 4.16%, 0, 0, 2, 5.51
1494126843, 1, 393, 511, 279, 0, 4.16%, 0, 0, 2, 155.85
1494126848, 1, 394, 511, 278, 0, 4.16%, 0, 0, 2, 121.21
1494126853, 1, 396, 511, 278, 0, 4.16%, 0, 0, 2, 116.22
1494126863, 1, 397, 511, 277, 0, 4.16%, 0, 0, 2, 165.75
1494126868, 1, 399, 511, 277, 0, 4.16%, 0, 0, 2, 33.28
1494126873, 1, 404, 511, 276, 0, 4.16%, 0, 0, 2, 129.82
1494126894, 1, 412, 511, 275, 0, 4.16%, 0, 0, 2, 103.19
1494126919, 1, 418, 511, 274, 0, 4.16%, 0, 0, 2, 141.24
1494126924, 1, 421, 511, 274, 0, 4.16%, 0, 0, 2, 105.42
1494126934, 1, 426, 511, 273, 0, 4.16%, 0, 0, 2, 126.25
1494126939, 1, 427, 511, 273, 0, 4.16%, 0, 0, 2, 140.46
1494126945, 1, 428, 511, 273, 0, 4.16%, 0, 0, 2, 135.30
1494126950, 1, 430, 511, 273, 0, 4.16%, 0, 0, 2, 149.94
1494126955, 1, 431, 511, 273, 0, 4.16%, 0, 0, 2, 160.43
1494126960, 1, 437, 511, 272, 0, 4.16%, 0, 0, 2, 16.44
1494126965, 1, 439, 511, 272, 0, 4.16%, 0, 0, 2, 121.13
1494126970, 1, 440, 511, 272, 0, 4.16%, 0, 0, 2, 127.34
1494127011, 1, 442, 511, 271, 0, 4.16%, 0, 0, 2, 88.60
1494127026, 1, 443, 511, 270, 0, 4.16%, 0, 0, 2, 114.14
1494127041, 1, 450, 511, 269, 0, 4.16%, 0, 0, 2, 148.00
1494127046, 1, 453, 511, 269, 0, 4.16%, 0, 0, 2, 93.12
1494127057, 1, 455, 511, 268, 0, 4.16%, 0, 0, 2, 181.73
1494127062, 1, 459, 511, 268, 0, 4.16%, 0, 0, 2, 151.85
1494127067, 1, 462, 511, 268, 0, 4.16%, 0, 0, 2, 57.96
1494127072, 1, 463, 511, 267, 0, 4.16%, 0, 0, 2, 86.74
1494127123, 1, 466, 511, 266, 0, 4.16%, 0, 0, 2, 108.84
1494127129, 1, 469, 511, 266, 0, 4.16%, 0, 0, 2, 93.42
1494127160, 1, 472, 511, 265, 0, 4.16%, 0, 0, 2, 90.44
1494127165, 1, 473, 511, 265, 0, 4.16%, 0, 0, 2, 12.30
1494127185, 1, 479, 511, 264, 0, 4.16%, 0, 0, 2, 311.75
1494127190, 1, 483, 511, 264, 0, 4.16%, 0, 0, 2, 35.86
1494127267, 1, 487, 511, 263, 0, 4.16%, 0, 0, 2, 93.69
1494127344, 1, 488, 511, 262, 0, 4.16%, 0, 0, 2, 90.63
1494127354, 1, 490, 511, 261, 0, 4.16%, 0, 0, 2, 24.53
1494127420, 1, 492, 511, 260, 0, 4.16%, 0, 0, 2, 143.00
1494127426, 1, 493, 511, 260, 0, 4.16%, 0, 0, 2, 153.98
1494127431, 1, 495, 511, 260, 0, 4.16%, 0, 0, 2, 163.93
1494127436, 1, 497, 511, 260, 0, 4.16%, 0, 0, 2, 83.41
1494127446, 1, 498, 511, 259, 0, 4.16%, 0, 0, 2, 117.26
1494127466, 1, 501, 511, 258, 0, 4.16%, 0, 0, 2, 147.04
1494127492, 1, 505, 511, 257, 0, 4.16%, 0, 0, 2, 143.49
1494127497, 1, 507, 511, 257, 0, 4.16%, 0, 0, 2, 121.48
1494127502, 2, 0, 511, 256, 0, 4.16%, 0, 0, 2, 142.21
1494127508, 2, 2, 511, 256, 0, 4.16%, 0, 0, 2, 152.88
1494127513, 2, 4, 511, 256, 0, 4.16%, 0, 0, 2, 157.88
1494127518, 2, 8, 511, 256, 0, 4.16%, 0, 0, 2, 173.17
1494127523, 2, 11, 511, 256, 0, 4.16%, 0, 0, 2, 166.84
1494127528, 2, 14, 511, 256, 0, 4.16%, 0, 0, 2, 151.86
1494127533, 2, 15, 511, 256, 0, 4.16%, 0, 0, 2, 162.24
1494127538, 2, 20, 511, 256, 0, 4.16%, 0, 0, 2, 175.56
1494127543, 2, 23, 511, 256, 0, 4.16%, 0, 0, 2, 172.62
1494127548, 2, 27, 511, 256, 0, 4.16%, 0, 0, 2, 177.64
1494127553, 2, 29, 511, 256, 0, 4.16%, 0, 0, 2, 158.32
1494127559, 2, 31, 511, 256, 0, 4.16%, 0, 0, 2, 141.36
1494127564, 2, 33, 511, 255, 0, 4.16%, 0, 0, 2, 140.77
1494127569, 2, 36, 511, 255, 0, 4.16%, 0, 0, 2, 150.06
1494127574, 2, 39, 511, 254, 0, 4.16%, 0, 0, 2, 163.39
1494127579, 2, 43, 511, 254, 0, 4.16%, 0, 0, 2, 170.96
1494127584, 2, 45, 511, 254, 0, 4.16%, 0, 0, 2, 150.49
1494127589, 2, 47, 511, 254, 0, 4.16%, 0, 0, 2, 154.82
1494127594, 2, 50, 511, 254, 0, 4.16%, 0, 0, 2, 163.91
1494127600, 2, 51, 511, 254, 0, 4.16%, 0, 0, 2, 159.75
1494127605, 2, 54, 511, 253, 0, 4.16%, 0, 0, 2, 172.43
1494127615, 2, 58, 511, 253, 0, 4.16%, 0, 0, 2, 170.15
1494127620, 2, 60, 511, 253, 0, 4.16%, 0, 0, 2, 162.41
1494127625, 2, 62, 511, 253, 0, 4.16%, 0, 0, 2, 159.84
1494127630, 2, 65, 511, 253, 0, 4.16%, 0, 0, 2, 156.46
1494127635, 2, 67, 511, 253, 0, 4.16%, 0, 0, 2, 156.57
1494127641, 2, 71, 511, 253, 0, 4.16%, 0, 0, 2, 142.72
1494127646, 2, 72, 511, 253, 0, 4.16%, 0, 0, 2, 138.52
1494127651, 2, 74, 511, 253, 0, 4.16%, 0, 0, 2, 163.96
1494127656, 2, 75, 511, 253, 0, 4.16%, 0, 0, 2, 165.63
1494127661, 2, 77, 511, 252, 0, 4.16%, 0, 0, 2, 169.58
1494127666, 2, 81, 511, 252, 0, 4.16%, 0, 0, 2, 160.91
1494127671, 2, 83, 511, 252, 0, 4.16%, 0, 0, 2, 168.46
1494127676, 2, 85, 511, 252, 0, 4.16%, 0, 0, 2, 158.64
1494127681, 2, 86, 511, 252, 0, 4.16%, 0, 0, 2, 170.59
1494127686, 2, 88, 511, 251, 0, 4.16%, 0, 0, 2, 159.13
1494127691, 2, 92, 511, 251, 0, 4.16%, 0, 0, 2, 160.67
1494127697, 2, 97, 511, 251, 0, 4.16%, 0, 0, 2, 138.97
1494127702, 2, 99, 511, 251, 0, 4.16%, 0, 0, 2, 144.67
1494127707, 2, 105, 511, 251, 0, 4.16%, 0, 0, 2, 162.34
1494127712, 2, 107, 511, 251, 0, 4.16%, 0, 0, 2, 146.23
1494127717, 2, 112, 511, 251, 0, 4.16%, 0, 0, 2, 147.15
1494127722, 2, 113, 511, 250, 0, 4.16%, 0, 0, 2, 154.67
1494127727, 2, 119, 511, 250, 0, 4.16%, 0, 0, 2, 147.91
1494127732, 2, 123, 511, 250, 0, 4.16%, 0, 0, 2, 181.51
1494127737, 2, 126, 511, 250, 0, 4.16%, 0, 0, 2, 148.29
1494127742, 2, 128, 511, 249, 0, 4.16%, 0, 0, 2, 153.49
1494127747, 2, 129, 511, 249, 0, 4.16%, 0, 0, 2, 152.53
1494127752, 2, 130, 511, 248, 0, 4.16%, 0, 0, 2, 172.07
1494127757, 2, 135, 511, 248, 0, 4.16%, 0, 0, 2, 180.97
1494127763, 2, 137, 511, 247, 0, 4.16%, 0, 0, 2, 168.58
1494127768, 2, 139, 511, 247, 0, 4.16%, 0, 0, 2, 146.22
1494127773, 2, 142, 511, 246, 0, 4.16%, 0, 0, 2, 161.16
1494127783, 2, 144, 511, 245, 0, 4.16%, 0, 0, 2, 164.10
1494127788, 2, 145, 511, 245, 0, 4.16%, 0, 0, 2, 166.87
1494127793, 2, 147, 511, 245, 0, 4.16%, 0, 0, 2, 172.49
1494127798, 2, 149, 511, 245, 0, 4.16%, 0, 0, 2, 180.44
1494127808, 2, 155, 511, 245, 0, 4.16%, 0, 0, 2, 169.52
1494127813, 2, 162, 511, 245, 0, 4.16%, 0, 0, 2, 174.25
1494127819, 2, 165, 511, 245, 0, 4.16%, 0, 0, 2, 174.96
1494127824, 2, 167, 511, 245, 0, 4.16%, 0, 0, 2, 27.25
1494127829, 2, 170, 511, 245, 0, 4.16%, 0, 0, 2, 133.05
1494127834, 2, 172, 511, 245, 0, 4.16%, 0, 0, 2, 157.26
1494127839, 2, 175, 511, 244, 0, 4.16%, 0, 0, 2, 175.07
1494127849, 2, 178, 511, 244, 0, 4.16%, 0, 0, 2, 82.87
1494127865, 2, 183, 511, 243, 0, 4.16%, 0, 0, 2, 176.95
1494127870, 2, 186, 511, 243, 0, 4.16%, 0, 0, 2, 182.57
1494127875, 2, 189, 511, 242, 0, 4.16%, 0, 0, 2, 184.02
1494127880, 2, 193, 511, 241, 0, 4.16%, 0, 0, 2, 175.70
1494127885, 2, 195, 511, 241, 0, 4.16%, 0, 0, 2, 184.80
1494127890, 2, 197, 511, 241, 0, 4.16%, 0, 0, 2, 163.13
1494127895, 2, 201, 511, 241, 0, 4.16%, 0, 0, 2, 142.43
1494127900, 2, 206, 511, 240, 0, 4.16%, 0, 0, 2, 160.08
1494127905, 2, 209, 511, 239, 0, 4.16%, 0, 0, 2, 171.47
1494127911, 2, 210, 511, 239, 0, 4.16%, 0, 0, 2, 174.21
1494127916, 2, 211, 511, 238, 0, 4.16%, 0, 0, 2, 188.96
1494127921, 2, 215, 511, 238, 0, 4.16%, 0, 0, 2, 171.35
1494127926, 2, 220, 511, 238, 0, 4.16%, 0, 0, 2, 140.46
1494127931, 2, 227, 511, 238, 0, 4.16%, 0, 0, 2, 148.30
1494127941, 2, 231, 511, 237, 0, 4.16%, 0, 0, 2, 159.80
1494127946, 2, 236, 511, 237, 0, 4.16%, 0, 0, 2, 163.75
1494127951, 2, 237, 511, 236, 0, 4.16%, 0, 0, 2, 141.38
1494127957, 2, 240, 511, 235, 0, 4.16%, 0, 0, 2, 153.91
1494127962, 2, 243, 511, 233, 0, 4.16%, 0, 0, 2, 167.90
1494127967, 2, 249, 511, 232, 0, 4.16%, 0, 0, 2, 160.38
1494127982, 2, 255, 511, 230, 0, 4.16%, 0, 0, 2, 161.13
1494127987, 2, 259, 511, 230, 0, 4.16%, 0, 0, 2, 163.92
1494127992, 2, 261, 511, 230, 0, 4.16%, 0, 0, 2, 172.24
1494127997, 2, 263, 511, 230, 0, 4.16%, 0, 0, 2, 169.58
1494128002, 2, 266, 511, 228, 0, 4.16%, 0, 0, 2, 175.79
1494128007, 2, 267, 511, 228, 0, 4.16%, 0, 0, 2, 180.36
1494128013, 2, 269, 511, 228, 0, 4.16%, 0, 0, 2, 176.27
1494128018, 2, 271, 511, 228, 0, 4.16%, 0, 0, 2, 165.74
1494128023, 2, 285, 511, 228, 0, 4.16%, 0, 0, 2, 171.20
1494128028, 2, 286, 511, 227, 0, 4.16%, 0, 0, 2, 163.36
1494128033, 2, 287, 511, 227, 0, 4.16%, 0, 0, 2, 156.30
1494128038, 2, 292, 511, 226, 0, 4.16%, 0, 0, 2, 158.07
1494128043, 2, 296, 511, 226, 0, 4.16%, 0, 0, 2, 128.64
1494128049, 2, 302, 511, 225, 0, 4.16%, 0, 0, 2, 155.74
1494128059, 2, 318, 511, 225, 0, 4.16%, 0, 0, 2, 156.82
1494128064, 2, 319, 511, 224, 0, 4.16%, 0, 0, 2, 145.20
1494128069, 2, 323, 511, 223, 0, 4.16%, 0, 0, 2, 133.86
1494128074, 2, 325, 511, 223, 0, 4.16%, 0, 0, 2, 154.98
1494128080, 2, 326, 511, 223, 0, 4.16%, 0, 0, 2, 132.74
1494128095, 2, 328, 511, 222, 0, 4.16%, 0, 0, 2, 133.35
1494128115, 2, 329, 511, 221, 0, 4.16%, 0, 0, 2, 169.56
1494128120, 2, 334, 511, 221, 0, 4.16%, 0, 0, 2, 136.50
1494128131, 2, 336, 511, 220, 0, 4.16%, 0, 0, 2, 86.09
1494128167, 2, 339, 511, 219, 0, 4.16%, 0, 0, 2, 85.37
1494128172, 2, 342, 511, 219, 0, 4.16%, 0, 0, 2, 158.08
1494128177, 2, 345, 511, 219, 0, 4.16%, 0, 0, 2, 27.83
1494128243, 2, 346, 511, 218, 0, 4.16%, 0, 0, 2, 134.95
1494128248, 2, 347, 511, 217, 0, 4.16%, 0, 0, 2, 103.13
1494128279, 2, 351, 511, 216, 0, 4.16%, 0, 0, 2, 82.56
1494128289, 2, 352, 511, 215, 0, 4.16%, 0, 0, 2, 108.78
1494128294, 2, 355, 511, 215, 0, 4.16%, 0, 0, 2, 135.41
1494128305, 2, 359, 511, 214, 0, 4.16%, 0, 0, 2, 134.85
1494128315, 2, 361, 511, 213, 0, 4.16%, 0, 0, 2, 165.24
1494128335, 2, 362, 511, 212, 0, 4.16%, 0, 0, 2, 174.55
1494128340, 2, 367, 511, 212, 0, 4.16%, 0, 0, 2, 180.67
1494128345, 2, 369, 511, 212, 0, 4.16%, 0, 0, 2, 133.25
1494128350, 2, 372, 511, 211, 0, 4.16%, 0, 0, 2, 122.58
1494128356, 2, 377, 511, 210, 0, 4.16%, 0, 0, 2, 147.26
1494128361, 2, 378, 511, 210, 0, 4.16%, 0, 0, 2, 104.60
1494128366, 2, 382, 511, 210, 0, 4.16%, 0, 0, 2, 142.37
1494128371, 2, 384, 511, 210, 0, 4.16%, 0, 0, 2, 152.62
1494128376, 2, 386, 511, 210, 0, 4.16%, 0, 0, 2, 165.24
1494128387, 2, 389, 511, 209, 0, 4.16%, 0, 0, 2, 168.71
1494128392, 2, 394, 511, 209, 0, 4.16%, 0, 0, 2, 116.91
1494128397, 2, 397, 511, 209, 0, 4.16%, 0, 0, 2, 162.82
1494128402, 2, 398, 511, 209, 0, 4.16%, 0, 0, 2, 124.88
1494128417, 2, 399, 511, 208, 0, 4.16%, 0, 0, 2, 142.29
1494128422, 2, 405, 511, 208, 0, 4.16%, 0, 0, 2, 37.75
1494128443, 2, 414, 511, 207, 0, 4.16%, 0, 0, 2, 134.77
1494128448, 2, 420, 511, 207, 0, 4.16%, 0, 0, 2, 147.47
1494128453, 2, 424, 511, 207, 0, 4.16%, 0, 0, 2, 146.81
1494128458, 2, 426, 511, 206, 0, 4.16%, 0, 0, 2, 153.15
1494128463, 2, 427, 511, 206, 0, 4.16%, 0, 0, 2, 146.97
1494128469, 2, 429, 511, 206, 0, 4.16%, 0, 0, 2, 134.08
1494128474, 2, 437, 511, 206, 0, 4.16%, 0, 0, 2, 210.32
1494128479, 2, 438, 511, 206, 0, 4.16%, 0, 0, 2, 49.47
1494128484, 2, 439, 511, 206, 0, 4.16%, 0, 0, 2, 121.64
1494128489, 2, 441, 511, 206, 0, 4.16%, 0, 0, 2, 93.88
1494128504, 2, 446, 511, 205, 0, 4.16%, 0, 0, 2, 119.78
1494128545, 2, 447, 511, 204, 0, 4.16%, 0, 0, 2, 106.48
1494128550, 2, 448, 511, 204, 0, 4.16%, 0, 0, 2, 135.38
1494128555, 2, 452, 512, 204, 0, 4.16%, 0, 0, 2, 129.54
1494128560, 2, 456, 512, 204, 0, 4.16%, 0, 0, 2, 145.11
1494128566, 2, 459, 512, 203, 0, 4.16%, 0, 0, 2, 204.53
1494128571, 2, 464, 512, 203, 0, 4.16%, 0, 0, 2, 32.83
1494128591, 2, 465, 512, 202, 0, 4.16%, 0, 0, 2, 20.29
1494128653, 2, 467, 512, 201, 0, 4.16%, 0, 0, 2, 105.75
1494128658, 2, 472, 512, 201, 0, 4.16%, 0, 0, 2, 127.92
1494128664, 2, 473, 512, 201, 0, 4.16%, 0, 0, 2, 75.95
1494128669, 2, 474, 512, 201, 0, 4.16%, 0, 0, 2, 84.39
1494128674, 2, 478, 512, 200, 0, 4.16%, 0, 0, 2, 96.30
1494128679, 2, 482, 512, 199, 0, 4.16%, 0, 0, 2, 143.73
1494128684, 2, 484, 512, 199, 0, 4.16%, 0, 0, 2, 22.56
1494128736, 2, 486, 512, 198, 0, 4.16%, 0, 0, 2, 91.80
1494128741, 2, 492, 512, 198, 0, 4.16%, 0, 0, 2, 119.48
1494128746, 2, 493, 512, 198, 0, 4.16%, 0, 0, 2, 148.61
1494128751, 2, 495, 512, 198, 0, 4.16%, 0, 0, 2, 135.37
1494128756, 2, 496, 512, 198, 0, 4.16%, 0, 0, 2, 49.50
1494128761, 2, 502, 512, 197, 0, 4.16%, 0, 0, 2, 18.58
1494128843, 2, 503, 512, 196, 0, 4.16%, 0, 0, 2, 114.10
1494128863, 2, 505, 512, 195, 0, 4.16%, 0, 0, 2, 135.45
1494128868, 2, 509, 512, 195, 0, 4.16%, 0, 0, 2, 126.91
1494128899, 2, 511, 512, 194, 0, 4.16%, 0, 0, 2, 75.21
1494128909, 3, 0, 512, 193, 0, 4.16%, 0, 0, 2, 132.12
1494128915, 3, 2, 512, 193, 0, 4.16%, 0, 0, 2, 148.34
1494128920, 3, 4, 512, 193, 0, 4.16%, 0, 0, 2, 161.10
1494128925, 3, 8, 512, 193, 0, 4.16%, 0, 0, 2, 174.66
1494128930, 3, 10, 512, 193, 0, 4.16%, 0, 0, 2, 175.22
1494128935, 3, 14, 512, 192, 0, 4.16%, 0, 0, 2, 122.29
1494128940, 3, 15, 512, 192, 0, 4.16%, 0, 0, 2, 147.21
1494128945, 3, 16, 512, 192, 0, 4.16%, 0, 0, 2, 160.53
1494128950, 3, 20, 512, 191, 0, 4.16%, 0, 0, 2, 155.07
1494128955, 3, 21, 512, 191, 0, 4.16%, 0, 0, 2, 179.25
1494128961, 3, 26, 512, 191, 0, 4.16%, 0, 0, 2, 169.27
1494128966, 3, 29, 512, 191, 0, 4.16%, 0, 0, 2, 164.38
1494128971, 3, 30, 512, 191, 0, 4.16%, 0, 0, 2, 149.25
1494128976, 3, 34, 512, 191, 0, 4.16%, 0, 0, 2, 167.29
1494128981, 3, 39, 512, 191, 0, 4.16%, 0, 0, 2, 179.67
1494128986, 3, 43, 512, 190, 0, 4.16%, 0, 0, 2, 169.36
1494128991, 3, 45, 512, 190, 0, 4.16%, 0, 0, 2, 158.30
1494128997, 3, 49, 512, 190, 0, 4.16%, 0, 0, 2, 152.33
1494129002, 3, 50, 512, 190, 0, 4.16%, 0, 0, 2, 174.47
1494129007, 3, 52, 512, 190, 0, 4.16%, 0, 0, 2, 158.11
1494129012, 3, 54, 512, 190, 0, 4.16%, 0, 0, 2, 169.60
1494129017, 3, 58, 512, 190, 0, 4.16%, 0, 0, 2, 173.90
1494129022, 3, 60, 512, 190, 0, 4.16%, 0, 0, 2, 146.50
1494129027, 3, 62, 512, 190, 0, 4.16%, 0, 0, 2, 149.26
1494129032, 3, 63, 512, 190, 0, 4.16%, 0, 0, 2, 180.87
1494129038, 3, 65, 512, 190, 0, 4.16%, 0, 0, 2, 147.97
1494129043, 3, 67, 512, 190, 0, 4.16%, 0, 0, 2, 151.48
1494129048, 3, 69, 512, 189, 0, 4.16%, 0, 0, 2, 146.72
1494129053, 3, 72, 512, 189, 0, 4.16%, 0, 0, 2, 148.36
1494129058, 3, 74, 512, 189, 0, 4.16%, 0, 0, 2, 159.51
1494129063, 3, 75, 512, 189, 0, 4.16%, 0, 0, 2, 171.60
1494129068, 3, 79, 512, 189, 0, 4.16%, 0, 0, 2, 159.85
1494129074, 3, 81, 512, 189, 0, 4.16%, 0, 0, 2, 158.40
1494129079, 3, 83, 512, 189, 0, 4.16%, 0, 0, 2, 177.93
1494129084, 3, 85, 512, 189, 0, 4.16%, 0, 0, 2, 156.13
1494129089, 3, 91, 512, 189, 0, 4.16%, 0, 0, 2, 154.33
1494129094, 3, 93, 512, 189, 0, 4.16%, 0, 0, 2, 170.76
1494129099, 3, 94, 512, 188, 0, 4.16%, 0, 0, 2, 30.91
1494129104, 3, 97, 512, 187, 0, 4.16%, 0, 0, 2, 151.79
1494129109, 3, 99, 512, 187, 0, 4.16%, 0, 0, 2, 147.10
1494129114, 3, 102, 512, 187, 0, 4.16%, 0, 0, 2, 168.61
1494129120, 3, 105, 512, 185, 0, 4.16%, 0, 0, 2, 150.21
1494129125, 3, 106, 512, 185, 0, 4.16%, 0, 0, 2, 138.60
1494129130, 3, 113, 512, 185, 0, 4.16%, 0, 0, 2, 157.49
1494129140, 3, 119, 512, 184, 0, 4.16%, 0, 0, 2, 165.57
1494129145, 3, 123, 512, 184, 0, 4.16%, 0, 0, 2, 203.25
1494129150, 3, 128, 512, 184, 0, 4.16%, 0, 0, 2, 157.31
1494129155, 3, 130, 512, 184, 0, 4.16%, 0, 0, 2, 153.85
1494129160, 3, 131, 512, 184, 0, 4.16%, 0, 0, 2, 169.29
1494129165, 3, 137, 512, 183, 0, 4.16%, 0, 0, 2, 153.32
1494129171, 3, 139, 512, 183, 0, 4.16%, 0, 0, 2, 141.48
1494129176, 3, 144, 512, 183, 0, 4.16%, 0, 0, 2, 156.55
1494129181, 3, 145, 512, 183, 0, 4.16%, 0, 0, 2, 173.22
1494129186, 3, 147, 512, 183, 0, 4.16%, 0, 0, 2, 186.31
1494129196, 3, 149, 512, 182, 0, 4.16%, 0, 0, 2, 179.12
1494129201, 3, 155, 512, 182, 0, 4.16%, 0, 0, 2, 162.00
1494129211, 3, 162, 512, 181, 0, 4.16%, 0, 0, 2, 193.12
1494129222, 3, 165, 512, 181, 0, 4.16%, 0, 0, 2, 174.71
1494129227, 3, 167, 512, 181, 0, 4.16%, 0, 0, 2, 153.80
1494129232, 3, 170, 512, 181, 0, 4.16%, 0, 0, 2, 162.80
1494129237, 3, 172, 512, 181, 0, 4.16%, 0, 0, 2, 174.42
1494129242, 3, 175, 512, 181, 0, 4.16%, 0, 0, 2, 174.28
1494129247, 3, 176, 512, 181, 0, 4.16%, 0, 0, 2, 162.40
1494129252, 3, 183, 512, 179, 0, 4.16%, 0, 0, 2, 155.80
1494129257, 3, 186, 512, 179, 0, 4.16%, 0, 0, 2, 174.20
1494129262, 3, 191, 512, 179, 0, 4.16%, 0, 0, 2, 172.98
1494129267, 3, 195, 512, 179, 0, 4.16%, 0, 0, 2, 171.88
1494129273, 3, 196, 512, 179, 0, 4.16%, 0, 0, 2, 163.45
1494129278, 3, 201, 512, 179, 0, 4.16%, 0, 0, 2, 141.33
1494129283, 3, 209, 512, 179, 0, 4.16%, 0, 0, 2, 164.37
1494129288, 3, 211, 512, 179, 0, 4.16%, 0, 0, 2, 180.86
1494129293, 3, 215, 512, 179, 0, 4.16%, 0, 0, 2, 161.37
1494129298, 3, 218, 512, 179, 0, 4.16%, 0, 0, 2, 112.99
1494129303, 3, 222, 512, 179, 0, 4.16%, 0, 0, 2, 135.96
1494129308, 3, 224, 512, 179, 0, 4.16%, 0, 0, 2, 166.38
1494129314, 3, 231, 512, 178, 0, 4.16%, 0, 0, 2, 157.13
1494129319, 3, 243, 512, 178, 0, 4.16%, 0, 0, 2, 192.90
1494129324, 3, 254, 512, 177, 0, 4.16%, 0, 0, 2, 173.22
1494129329, 3, 258, 512, 177, 0, 4.16%, 0, 0, 2, 163.12
1494129334, 3, 259, 512, 177, 0, 4.16%, 0, 0, 2, 171.83
1494129339, 3, 260, 512, 177, 0, 4.16%, 0, 0, 2, 157.22
1494129344, 3, 266, 512, 176, 0, 4.16%, 0, 0, 2, 169.05
1494129349, 3, 267, 512, 176, 0, 4.16%, 0, 0, 2, 157.29
1494129354, 3, 269, 512, 176, 0, 4.16%, 0, 0, 2, 158.70
1494129365, 3, 271, 512, 176, 0, 4.16%, 0, 0, 2, 136.66
1494129370, 3, 278, 512, 175, 0, 4.16%, 0, 0, 2, 135.52
1494129385, 3, 285, 512, 174, 0, 4.16%, 0, 0, 2, 179.85
1494129391, 3, 286, 512, 174, 0, 4.16%, 0, 0, 2, 163.48
1494129396, 3, 288, 512, 174, 0, 4.16%, 0, 0, 2, 20.83
1494129401, 3, 290, 512, 174, 0, 4.16%, 0, 0, 2, 117.29
1494129421, 3, 293, 512, 173, 0, 4.16%, 0, 0, 2, 168.69
1494129426, 3, 296, 512, 173, 0, 4.16%, 0, 0, 2, 132.12
1494129431, 3, 300, 512, 173, 0, 4.16%, 0, 0, 2, 172.23
1494129437, 3, 302, 512, 172, 0, 4.16%, 0, 0, 2, 171.99
1494129442, 3, 305, 512, 172, 0, 4.16%, 0, 0, 2, 184.74
1494129447, 3, 310, 512, 171, 0, 4.16%, 0, 0, 2, 135.38
1494129483, 3, 323, 512, 170, 0, 4.16%, 0, 0, 2, 108.64
1494129488, 3, 325, 512, 170, 0, 4.16%, 0, 0, 2, 144.70
1494129493, 3, 329, 512, 170, 0, 4.16%, 0, 0, 2, 169.25
1494129498, 3, 332, 512, 170, 0, 4.16%, 0, 0, 2, 129.88
1494129513, 3, 333, 512, 169, 0, 4.16%, 0, 0, 2, 142.91
1494129519, 3, 337, 512, 168, 0, 4.16%, 0, 0, 2, 19.37
1494129576, 3, 342, 512, 167, 0, 4.16%, 0, 0, 2, 112.63
1494129586, 3, 352, 512, 167, 0, 4.16%, 0, 0, 2, 130.32
1494129591, 3, 355, 512, 167, 0, 4.16%, 0, 0, 2, 168.34
1494129596, 3, 362, 512, 167, 0, 4.16%, 0, 0, 2, 184.83
1494129601, 3, 367, 512, 167, 0, 4.16%, 0, 0, 2, 180.53
1494129607, 3, 377, 512, 167, 0, 4.16%, 0, 0, 2, 166.82
1494129612, 3, 378, 512, 167, 0, 4.16%, 0, 0, 2, 116.71
1494129617, 3, 380, 512, 167, 0, 4.16%, 0, 0, 2, 113.34
1494129627, 3, 381, 512, 166, 0, 4.16%, 0, 0, 2, 151.31
1494129632, 3, 382, 512, 165, 0, 4.16%, 0, 0, 2, 168.23
1494129637, 3, 383, 512, 165, 0, 4.16%, 0, 0, 2, 153.03
1494129643, 3, 384, 512, 165, 0, 4.16%, 0, 0, 2, 157.66
1494129648, 3, 394, 512, 165, 0, 4.16%, 0, 0, 2, 114.71
1494129653, 3, 397, 512, 165, 0, 4.16%, 0, 0, 2, 156.80
1494129658, 3, 399, 512, 165, 0, 4.16%, 0, 0, 2, 157.78
1494129663, 3, 407, 512, 165, 0, 4.16%, 0, 0, 2, 143.17
1494129668, 3, 410, 512, 165, 0, 4.16%, 0, 0, 2, 113.58
1494129683, 3, 412, 512, 164, 0, 4.16%, 0, 0, 2, 159.26
1494129689, 3, 413, 512, 164, 0, 4.16%, 0, 0, 2, 19.97
1494129750, 3, 420, 512, 163, 0, 4.16%, 0, 0, 2, 129.00
1494129755, 3, 423, 512, 163, 0, 4.16%, 0, 0, 2, 145.81
1494129760, 3, 425, 512, 163, 0, 4.16%, 0, 0, 2, 117.10
1494129771, 3, 426, 512, 162, 0, 4.16%, 0, 0, 2, 131.07
1494129776, 3, 427, 512, 162, 0, 4.16%, 0, 0, 2, 144.39
1494129781, 3, 429, 512, 162, 0, 4.16%, 0, 0, 2, 135.88
1494129786, 3, 437, 512, 162, 0, 4.16%, 0, 0, 2, 137.92
1494129791, 3, 438, 512, 162, 0, 4.16%, 0, 0, 2, 111.61
1494129796, 3, 439, 512, 162, 0, 4.16%, 0, 0, 2, 156.66
1494129802, 3, 449, 512, 162, 0, 4.16%, 0, 0, 2, 14.91
1494129904, 3, 452, 512, 161, 0, 4.16%, 0, 0, 2, 130.03
1494129909, 3, 459, 512, 161, 0, 4.16%, 0, 0, 2, 150.48
1494129914, 3, 460, 512, 161, 0, 4.16%, 0, 0, 2, 128.50
1494129920, 3, 467, 512, 160, 0, 4.16%, 0, 0, 2, 21.83
1494129925, 3, 471, 512, 160, 0, 4.16%, 0, 0, 2, 35.96
1494129940, 3, 472, 512, 159, 0, 4.16%, 0, 0, 2, 133.32
1494129945, 3, 474, 512, 159, 0, 4.16%, 0, 0, 2, 137.07
1494129950, 3, 476, 512, 159, 0, 4.16%, 0, 0, 2, 26.02
1494129955, 3, 479, 512, 158, 0, 4.16%, 0, 0, 2, 94.16
1494129961, 3, 486, 512, 158, 0, 4.16%, 0, 0, 2, 128.05
1494129966, 3, 491, 512, 158, 0, 4.16%, 0, 0, 2, 26.00
1494129971, 3, 492, 512, 157, 0, 4.16%, 0, 0, 2, 162.61
1494129976, 3, 493, 512, 157, 0, 4.16%, 0, 0, 2, 146.71
1494129981, 3, 494, 512, 157, 0, 4.16%, 0, 0, 2, 108.20
1494129991, 3, 495, 512, 156, 0, 4.16%, 0, 0, 2, 135.76
1494129996, 3, 500, 512, 156, 0, 4.16%, 0, 0, 2, 114.35
1494130012, 3, 506, 512, 155, 0, 4.16%, 0, 0, 2, 157.19
1494130017, 3, 508, 512, 155, 0, 4.16%, 0, 0, 2, 95.08
1494130022, 4, 0, 512, 154, 0, 4.16%, 0, 0, 2, 136.94
1494130027, 4, 1, 512, 154, 0, 4.16%, 0, 0, 2, 137.69
1494130032, 4, 2, 512, 154, 0, 4.16%, 0, 0, 2, 151.03
1494130037, 4, 7, 512, 154, 0, 4.16%, 0, 0, 2, 172.29
1494130042, 4, 8, 512, 154, 0, 4.16%, 0, 0, 2, 178.14
1494130047, 4, 13, 512, 154, 0, 4.16%, 0, 0, 2, 162.37
1494130053, 4, 15, 512, 154, 0, 4.16%, 0, 0, 2, 148.55
1494130058, 4, 20, 512, 154, 0, 4.16%, 0, 0, 2, 163.29
1494130063, 4, 21, 512, 154, 0, 4.16%, 0, 0, 2, 161.67
1494130068, 4, 23, 512, 154, 0, 4.16%, 0, 0, 2, 115.00
1494130073, 4, 27, 512, 154, 0, 4.16%, 0, 0, 2, 158.08
1494130078, 4, 29, 512, 154, 0, 4.16%, 0, 0, 2, 143.69
1494130083, 4, 33, 512, 154, 0, 4.16%, 0, 0, 2, 146.82
1494130088, 4, 38, 512, 154, 0, 4.16%, 0, 0, 2, 166.51
1494130094, 4, 39, 512, 153, 0, 4.16%, 0, 0, 2, 176.69
1494130099, 4, 43, 512, 153, 0, 4.16%, 0, 0, 2, 147.17
1494130104, 4, 46, 512, 153, 0, 4.16%, 0, 0, 2, 152.88
1494130109, 4, 49, 512, 153, 0, 4.16%, 0, 0, 2, 138.74
1494130114, 4, 50, 512, 153, 0, 4.16%, 0, 0, 2, 163.24
1494130119, 4, 52, 512, 153, 0, 4.16%, 0, 0, 2, 174.84
1494130124, 4, 54, 512, 153, 0, 4.16%, 0, 0, 2, 179.34
1494130129, 4, 56, 512, 153, 0, 4.16%, 0, 0, 2, 194.72
1494130135, 4, 60, 512, 153, 0, 4.16%, 0, 0, 2, 165.82
1494130140, 4, 61, 512, 153, 0, 4.16%, 0, 0, 2, 145.61
1494130145, 4, 62, 512, 153, 0, 4.16%, 0, 0, 2, 133.78
1494130150, 4, 65, 512, 153, 0, 4.16%, 0, 0, 2, 148.58
1494130155, 4, 69, 512, 153, 0, 4.16%, 0, 0, 2, 167.59
1494130160, 4, 71, 512, 153, 0, 4.16%, 0, 0, 2, 142.22
1494130165, 4, 73, 512, 153, 0, 4.16%, 0, 0, 2, 204.52
1494130171, 4, 75, 512, 153, 0, 4.16%, 0, 0, 2, 178.06
1494130176, 4, 77, 512, 153, 0, 4.16%, 0, 0, 2, 167.77
1494130181, 4, 81, 512, 153, 0, 4.16%, 0, 0, 2, 157.51
1494130186, 4, 83, 512, 153, 0, 4.16%, 0, 0, 2, 164.99
1494130191, 4, 85, 512, 153, 0, 4.16%, 0, 0, 2, 161.83
1494130197, 4, 89, 512, 153, 0, 4.16%, 0, 0, 2, 122.44
1494130202, 4, 92, 512, 153, 0, 4.16%, 0, 0, 2, 160.66
1494130207, 4, 96, 512, 152, 0, 4.16%, 0, 0, 2, 156.00
1494130212, 4, 98, 512, 152, 0, 4.16%, 0, 0, 2, 144.26
1494130217, 4, 100, 512, 152, 0, 4.16%, 0, 0, 2, 144.88
1494130222, 4, 105, 512, 152, 0, 4.16%, 0, 0, 2, 145.78
1494130227, 4, 108, 512, 152, 0, 4.16%, 0, 0, 2, 135.31
1494130233, 4, 113, 512, 152, 0, 4.16%, 0, 0, 2, 155.98
1494130238, 4, 114, 512, 152, 0, 4.16%, 0, 0, 2, 160.25
1494130243, 4, 119, 512, 152, 0, 4.16%, 0, 0, 2, 162.49
1494130248, 4, 123, 512, 151, 0, 4.16%, 0, 0, 2, 185.45
1494130253, 4, 125, 512, 151, 0, 4.16%, 0, 0, 2, 167.69
1494130258, 4, 130, 512, 151, 0, 4.16%, 0, 0, 2, 161.56
1494130268, 4, 137, 512, 151, 0, 4.16%, 0, 0, 2, 153.49
1494130273, 4, 139, 512, 151, 0, 4.16%, 0, 0, 2, 140.10
1494130279, 4, 143, 512, 151, 0, 4.16%, 0, 0, 2, 142.17
1494130284, 4, 144, 512, 151, 0, 4.16%, 0, 0, 2, 147.19
1494130289, 4, 145, 512, 151, 0, 4.16%, 0, 0, 2, 175.30
1494130294, 4, 147, 512, 151, 0, 4.16%, 0, 0, 2, 189.90
1494130299, 4, 149, 512, 151, 0, 4.16%, 0, 0, 2, 181.83
1494130309, 4, 152, 512, 151, 0, 4.16%, 0, 0, 2, 186.32
1494130315, 4, 155, 512, 150, 0, 4.16%, 0, 0, 2, 178.26
1494130320, 4, 162, 512, 150, 0, 4.16%, 0, 0, 2, 176.43
1494130330, 4, 165, 512, 150, 0, 4.16%, 0, 0, 2, 181.44
1494130335, 4, 170, 512, 150, 0, 4.16%, 0, 0, 2, 154.57
1494130345, 4, 175, 512, 150, 0, 4.16%, 0, 0, 2, 177.77
1494130350, 4, 177, 512, 150, 0, 4.16%, 0, 0, 2, 162.23
1494130366, 4, 180, 512, 149, 0, 4.16%, 0, 0, 2, 24.29
1494130443, 4, 181, 512, 148, 0, 4.16%, 0, 0, 2, 182.64
1494130448, 4, 183, 512, 147, 0, 4.16%, 0, 0, 2, 182.74
1494130453, 4, 186, 512, 147, 0, 4.16%, 0, 0, 2, 168.13
1494130458, 4, 193, 512, 147, 0, 4.16%, 0, 0, 2, 166.02
1494130463, 4, 195, 512, 146, 0, 4.16%, 0, 0, 2, 182.69
1494130468, 4, 196, 512, 146, 0, 4.16%, 0, 0, 2, 185.92
1494130474, 4, 199, 512, 146, 0, 4.16%, 0, 0, 2, 138.24
1494130479, 4, 201, 512, 145, 0, 4.16%, 0, 0, 2, 145.50
1494130484, 4, 202, 512, 145, 0, 4.16%, 0, 0, 2, 169.83
1494130489, 4, 207, 512, 144, 0, 4.16%, 0, 0, 2, 201.68
1494130494, 4, 211, 512, 143, 0, 4.16%, 0, 0, 2, 180.79
1494130505, 4, 215, 512, 142, 0, 4.16%, 0, 0, 2, 164.87
1494130510, 4, 220, 512, 142, 0, 4.16%, 0, 0, 2, 141.51
1494130515, 4, 231, 512, 142, 0, 4.16%, 0, 0, 2, 157.62
1494130520, 4, 238, 512, 142, 0, 4.16%, 0, 0, 2, 168.80
1494130525, 4, 239, 512, 141, 0, 4.16%, 0, 0, 2, 167.41
1494130530, 4, 243, 512, 140, 0, 4.16%, 0, 0, 2, 175.33
1494130535, 4, 255, 512, 140, 0, 4.16%, 0, 0, 2, 185.82
1494130541, 4, 258, 512, 139, 0, 4.16%, 0, 0, 2, 202.52
1494130546, 4, 259, 512, 139, 0, 4.16%, 0, 0, 2, 182.06
1494130551, 4, 261, 512, 139, 0, 4.16%, 0, 0, 2, 173.21
1494130556, 4, 266, 512, 139, 0, 4.16%, 0, 0, 2, 180.38
1494130566, 4, 269, 512, 139, 0, 4.16%, 0, 0, 2, 161.85
1494130576, 4, 270, 512, 139, 0, 4.16%, 0, 0, 2, 34.35
1494130612, 4, 271, 512, 138, 0, 4.16%, 0, 0, 2, 110.02
1494130617, 4, 279, 512, 137, 0, 4.16%, 0, 0, 2, 143.40
1494130622, 4, 280, 512, 137, 0, 4.16%, 0, 0, 2, 76.32
1494130653, 4, 284, 512, 135, 0, 4.16%, 0, 0, 2, 213.75
1494130658, 4, 288, 512, 135, 0, 4.16%, 0, 0, 2, 106.68
1494130663, 4, 293, 512, 135, 0, 4.16%, 0, 0, 2, 146.78
1494130668, 4, 294, 512, 135, 0, 4.16%, 0, 0, 2, 153.90
1494130673, 4, 296, 512, 134, 0, 4.16%, 0, 0, 2, 154.93
1494130678, 4, 302, 512, 134, 0, 4.16%, 0, 0, 2, 166.87
1494130683, 4, 304, 512, 134, 0, 4.16%, 0, 0, 2, 134.72
1494130698, 4, 309, 512, 133, 0, 4.16%, 0, 0, 2, 144.92
1494130709, 4, 320, 512, 132, 0, 4.16%, 0, 0, 2, 137.71
1494130719, 4, 323, 512, 131, 0, 4.16%, 0, 0, 2, 163.86
1494130724, 4, 325, 512, 131, 0, 4.16%, 0, 0, 2, 166.19
1494130729, 4, 327, 512, 131, 0, 4.16%, 0, 0, 2, 172.71
1494130734, 4, 329, 512, 130, 0, 4.16%, 0, 0, 2, 176.89
1494130739, 4, 339, 512, 130, 0, 4.16%, 0, 0, 2, 174.52
1494130745, 4, 342, 512, 130, 0, 4.16%, 0, 0, 2, 108.40
1494130755, 4, 344, 512, 130, 0, 4.16%, 0, 0, 2, 164.20
1494130760, 4, 349, 512, 129, 0, 4.16%, 0, 0, 2, 143.34
1494130765, 4, 350, 512, 129, 0, 4.16%, 0, 0, 2, 90.78
1494130790, 4, 352, 512, 128, 0, 4.16%, 0, 0, 2, 90.08
1494130795, 4, 353, 512, 128, 0, 4.16%, 0, 0, 2, 104.97
1494130816, 4, 355, 512, 127, 0, 4.16%, 0, 0, 2, 177.18
1494130821, 4, 356, 512, 127, 0, 4.16%, 0, 0, 2, 160.03
1494130836, 4, 360, 512, 126, 0, 4.16%, 0, 0, 2, 27.41
1494130897, 4, 362, 512, 125, 0, 4.16%, 0, 0, 2, 151.71
1494130903, 4, 382, 513, 126, 1, 4.17%, 0, 0, 2, 19.10
1494130908, 4, 473, 513, 126, 1, 4.17%, 0, 0, 2, 165.67
1494130913, 4, 512, 513, 126, 1, 4.17%, 0, 0, 2, 138.87
1494130923, 5, 0, 513, 125, 0, 4.17%, 0, 0, 2, 143.88
1494130928, 5, 1, 513, 125, 0, 4.17%, 0, 0, 2, 166.07
1494130933, 5, 3, 513, 125, 0, 4.17%, 0, 0, 2, 160.28
1494130938, 5, 7, 513, 125, 0, 4.17%, 0, 0, 2, 183.20
1494130943, 5, 11, 513, 125, 0, 4.17%, 0, 0, 2, 178.50
1494130948, 5, 14, 513, 125, 0, 4.17%, 0, 0, 2, 152.76
1494130953, 5, 17, 513, 125, 0, 4.17%, 0, 0, 2, 157.23
1494130958, 5, 19, 513, 125, 0, 4.17%, 0, 0, 2, 149.36
1494130964, 5, 20, 513, 124, 0, 4.17%, 0, 0, 2, 159.81
1494130969, 5, 23, 513, 124, 0, 4.17%, 0, 0, 2, 171.01
1494130974, 5, 27, 513, 124, 0, 4.17%, 0, 0, 2, 177.29
1494130979, 5, 30, 513, 124, 0, 4.17%, 0, 0, 2, 152.54
1494130984, 5, 34, 513, 124, 0, 4.17%, 0, 0, 2, 156.44
1494130989, 5, 37, 513, 124, 0, 4.17%, 0, 0, 2, 183.97
1494130994, 5, 39, 513, 123, 0, 4.17%, 0, 0, 2, 188.53
1494130999, 5, 44, 513, 123, 0, 4.17%, 0, 0, 2, 161.46
1494131005, 5, 47, 513, 123, 0, 4.17%, 0, 0, 2, 164.05
1494131010, 5, 49, 513, 123, 0, 4.17%, 0, 0, 2, 147.72
1494131015, 5, 51, 513, 123, 0, 4.17%, 0, 0, 2, 206.41
1494131020, 5, 54, 513, 123, 0, 4.17%, 0, 0, 2, 199.32
1494131025, 5, 56, 513, 123, 0, 4.17%, 0, 0, 2, 204.57
1494131030, 5, 58, 513, 123, 0, 4.17%, 0, 0, 2, 165.50
1494131035, 5, 61, 513, 123, 0, 4.17%, 0, 0, 2, 190.78
1494131040, 5, 62, 513, 123, 0, 4.17%, 0, 0, 2, 155.73
1494131045, 5, 65, 513, 123, 0, 4.17%, 0, 0, 2, 155.23
1494131050, 5, 69, 513, 123, 0, 4.17%, 0, 0, 2, 175.79
1494131056, 5, 71, 513, 123, 0, 4.17%, 0, 0, 2, 145.11
1494131061, 5, 73, 513, 123, 0, 4.17%, 0, 0, 2, 163.89
1494131066, 5, 75, 513, 123, 0, 4.17%, 0, 0, 2, 181.69
1494131071, 5, 79, 513, 123, 0, 4.17%, 0, 0, 2, 171.37
1494131076, 5, 81, 513, 123, 0, 4.17%, 0, 0, 2, 166.56
1494131081, 5, 83, 513, 123, 0, 4.17%, 0, 0, 2, 185.52
1494131086, 5, 88, 513, 123, 0, 4.17%, 0, 0, 2, 172.35
1494131091, 5, 91, 513, 123, 0, 4.17%, 0, 0, 2, 156.58
1494131096, 5, 96, 513, 123, 0, 4.17%, 0, 0, 2, 182.80
1494131102, 5, 99, 513, 123, 0, 4.17%, 0, 0, 2, 165.75
1494131107, 5, 101, 513, 123, 0, 4.17%, 0, 0, 2, 165.91
1494131112, 5, 106, 513, 123, 0, 4.17%, 0, 0, 2, 147.52
1494131117, 5, 108, 513, 123, 0, 4.17%, 0, 0, 2, 14.86
1494131122, 5, 109, 513, 123, 0, 4.17%, 0, 0, 2, 127.21
1494131127, 5, 113, 513, 122, 0, 4.17%, 0, 0, 2, 171.66
1494131132, 5, 123, 513, 122, 0, 4.17%, 0, 0, 2, 179.13
1494131137, 5, 125, 513, 122, 0, 4.17%, 0, 0, 2, 164.49
1494131142, 5, 128, 513, 121, 0, 4.17%, 0, 0, 2, 162.70
1494131147, 5, 130, 513, 121, 0, 4.17%, 0, 0, 2, 173.17
1494131153, 5, 137, 513, 121, 0, 4.17%, 0, 0, 2, 170.77
1494131158, 5, 139, 513, 121, 0, 4.17%, 0, 0, 2, 150.95
1494131163, 5, 144, 513, 121, 0, 4.17%, 0, 0, 2, 164.65
1494131168, 5, 145, 513, 121, 0, 4.17%, 0, 0, 2, 171.79
1494131173, 5, 146, 513, 121, 0, 4.17%, 0, 0, 2, 176.71
1494131178, 5, 147, 513, 120, 0, 4.17%, 0, 0, 2, 196.95
1494131183, 5, 149, 513, 120, 0, 4.17%, 0, 0, 2, 178.48
1494131188, 5, 155, 513, 119, 0, 4.17%, 0, 0, 2, 190.12
1494131199, 5, 162, 513, 119, 0, 4.17%, 0, 0, 2, 178.40
1494131204, 5, 165, 513, 119, 0, 4.17%, 0, 0, 2, 188.26
1494131209, 5, 167, 513, 119, 0, 4.17%, 0, 0, 2, 166.01
1494131214, 5, 170, 513, 119, 0, 4.17%, 0, 0, 2, 150.82
1494131219, 5, 171, 513, 119, 0, 4.17%, 0, 0, 2, 147.80
1494131224, 5, 172, 513, 118, 0, 4.17%, 0, 0, 2, 149.55
1494131229, 5, 175, 513, 118, 0, 4.17%, 0, 0, 2, 161.45
1494131234, 5, 183, 513, 118, 0, 4.17%, 0, 0, 2, 171.14
1494131239, 5, 186, 513, 118, 0, 4.17%, 0, 0, 2, 184.38
1494131244, 5, 195, 513, 118, 0, 4.17%, 0, 0, 2, 176.02
1494131254, 5, 197, 513, 118, 0, 4.17%, 0, 0, 2, 159.67
1494131260, 5, 201, 513, 118, 0, 4.17%, 0, 0, 2, 160.64
1494131265, 5, 204, 513, 118, 0, 4.17%, 0, 0, 2, 130.98
1494131270, 5, 208, 513, 117, 0, 4.17%, 0, 0, 2, 134.08
1494131275, 5, 209, 513, 116, 0, 4.17%, 0, 0, 2, 179.87
1494131280, 5, 211, 513, 116, 0, 4.17%, 0, 0, 2, 193.70
1494131285, 5, 215, 513, 116, 0, 4.17%, 0, 0, 2, 171.33
1494131290, 5, 218, 513, 116, 0, 4.17%, 0, 0, 2, 133.01
1494131295, 5, 222, 513, 116, 0, 4.17%, 0, 0, 2, 149.38
1494131301, 5, 243, 513, 116, 0, 4.17%, 0, 0, 2, 168.91
1494131306, 5, 250, 513, 116, 0, 4.17%, 0, 0, 2, 193.85
1494131311, 5, 258, 513, 116, 0, 4.17%, 0, 0, 2, 188.00
1494131316, 5, 259, 513, 116, 0, 4.17%, 0, 0, 2, 196.12
1494131321, 5, 263, 513, 116, 0, 4.17%, 0, 0, 2, 175.36
1494131326, 5, 266, 513, 116, 0, 4.17%, 0, 0, 2, 177.72
1494131331, 5, 267, 513, 116, 0, 4.17%, 0, 0, 2, 183.51
1494131337, 5, 269, 513, 116, 0, 4.17%, 0, 0, 2, 180.89
1494131342, 5, 271, 513, 116, 0, 4.17%, 0, 0, 2, 163.05
1494131347, 5, 288, 513, 116, 0, 4.17%, 0, 0, 2, 173.00
1494131352, 5, 292, 513, 116, 0, 4.17%, 0, 0, 2, 159.37
1494131357, 5, 296, 513, 115, 0, 4.17%, 0, 0, 2, 173.77
1494131362, 5, 302, 513, 115, 0, 4.17%, 0, 0, 2, 177.10
1494131368, 5, 307, 513, 115, 0, 4.17%, 0, 0, 2, 23.71
1494131445, 5, 308, 513, 114, 0, 4.17%, 0, 0, 2, 22.94
1494131522, 5, 319, 513, 113, 0, 4.17%, 0, 0, 2, 84.35
1494131527, 5, 322, 513, 113, 0, 4.17%, 0, 0, 2, 168.44
1494131532, 5, 325, 513, 112, 0, 4.17%, 0, 0, 2, 117.84
1494131537, 5, 329, 513, 112, 0, 4.17%, 0, 0, 2, 178.90
1494131542, 5, 339, 513, 112, 0, 4.17%, 0, 0, 2, 45.57
1494131547, 5, 342, 513, 112, 0, 4.17%, 0, 0, 2, 149.71
1494131553, 5, 347, 513, 112, 0, 4.17%, 0, 0, 2, 79.93
1494131558, 5, 352, 513, 112, 0, 4.17%, 0, 0, 2, 113.44
1494131563, 5, 355, 513, 112, 0, 4.17%, 0, 0, 2, 171.52
1494131568, 5, 362, 513, 112, 0, 4.17%, 0, 0, 2, 198.51
1494131573, 5, 365, 513, 112, 0, 4.17%, 0, 0, 2, 26.40
1494131614, 5, 367, 513, 111, 0, 4.17%, 0, 0, 2, 147.16
1494131619, 5, 375, 513, 111, 0, 4.17%, 0, 0, 2, 165.46
1494131624, 5, 376, 513, 111, 0, 4.17%, 0, 0, 2, 103.34
1494131645, 5, 377, 513, 110, 0, 4.17%, 0, 0, 2, 124.02
1494131650, 5, 378, 513, 110, 0, 4.17%, 0, 0, 2, 160.07
1494131655, 5, 382, 513, 110, 0, 4.17%, 0, 0, 2, 167.34
1494131660, 5, 383, 513, 110, 0, 4.17%, 0, 0, 2, 131.20
1494131665, 5, 389, 513, 110, 0, 4.17%, 0, 0, 2, 152.40
1494131670, 5, 397, 513, 110, 0, 4.17%, 0, 0, 2, 157.35
1494131675, 5, 399, 513, 110, 0, 4.17%, 0, 0, 2, 184.95
1494131680, 5, 401, 513, 110, 0, 4.17%, 0, 0, 2, 148.44
1494131690, 5, 402, 513, 109, 0, 4.17%, 0, 0, 2, 148.48
1494131696, 5, 407, 513, 108, 0, 4.17%, 0, 0, 2, 188.56
1494131701, 5, 414, 513, 108, 0, 4.17%, 0, 0, 2, 107.38
1494131706, 5, 423, 513, 108, 0, 4.17%, 0, 0, 2, 143.41
1494131711, 5, 427, 513, 108, 0, 4.17%, 0, 0, 2, 152.33
1494131716, 5, 428, 513, 108, 0, 4.17%, 0, 0, 2, 166.71
1494131721, 5, 430, 513, 108, 0, 4.17%, 0, 0, 2, 155.13
1494131726, 5, 434, 513, 108, 0, 4.17%, 0, 0, 2, 63.23
1494131731, 5, 437, 513, 107, 0, 4.17%, 0, 0, 2, 113.99
1494131736, 5, 439, 513, 107, 0, 4.17%, 0, 0, 2, 106.66
1494131741, 5, 447, 513, 107, 0, 4.17%, 0, 0, 2, 153.15
1494131747, 5, 450, 513, 107, 0, 4.17%, 0, 0, 2, 141.19
1494131752, 5, 451, 513, 107, 0, 4.17%, 0, 0, 2, 17.22
1494131798, 5, 452, 513, 106, 0, 4.17%, 0, 0, 2, 117.17
1494131803, 5, 456, 513, 106, 0, 4.17%, 0, 0, 2, 146.68
1494131809, 5, 459, 513, 106, 0, 4.17%, 0, 0, 2, 150.42
1494131814, 5, 467, 513, 106, 0, 4.17%, 0, 0, 2, 112.11
1494131819, 5, 472, 513, 106, 0, 4.17%, 0, 0, 2, 133.79
1494131824, 5, 486, 513, 106, 0, 4.17%, 0, 0, 2, 141.87
1494131829, 5, 492, 513, 106, 0, 4.17%, 0, 0, 2, 144.80
1494131834, 5, 493, 513, 106, 0, 4.17%, 0, 0, 2, 141.77
1494131839, 5, 495, 513, 106, 0, 4.17%, 0, 0, 2, 160.34
1494131844, 5, 506, 513, 106, 0, 4.17%, 0, 0, 2, 162.50
1494131850, 5, 512, 513, 106, 0, 4.17%, 0, 0, 2, 161.58
1494131855, 6, 1, 513, 106, 0, 4.17%, 0, 0, 2, 163.39
1494131860, 6, 2, 513, 106, 0, 4.17%, 0, 0, 2, 150.70
1494131865, 6, 5, 513, 106, 0, 4.17%, 0, 0, 2, 174.75
1494131870, 6, 8, 513, 105, 0, 4.17%, 0, 0, 2, 162.78
1494131875, 6, 11, 513, 105, 0, 4.17%, 0, 0, 2, 167.99
1494131880, 6, 14, 513, 105, 0, 4.17%, 0, 0, 2, 147.54
1494131885, 6, 17, 513, 105, 0, 4.17%, 0, 0, 2, 154.88
1494131891, 6, 20, 513, 105, 0, 4.17%, 0, 0, 2, 151.93
1494131896, 6, 23, 513, 105, 0, 4.17%, 0, 0, 2, 155.70
1494131901, 6, 27, 513, 105, 0, 4.17%, 0, 0, 2, 163.07
1494131906, 6, 30, 513, 105, 0, 4.17%, 0, 0, 2, 155.18
1494131911, 6, 34, 513, 105, 0, 4.17%, 0, 0, 2, 156.91
1494131916, 6, 39, 513, 105, 0, 4.17%, 0, 0, 2, 181.07
1494131921, 6, 44, 513, 105, 0, 4.17%, 0, 0, 2, 158.76
1494131926, 6, 46, 513, 105, 0, 4.17%, 0, 0, 2, 162.32
1494131931, 6, 49, 513, 105, 0, 4.17%, 0, 0, 2, 151.30
1494131936, 6, 50, 513, 105, 0, 4.17%, 0, 0, 2, 167.83
1494131942, 6, 52, 513, 105, 0, 4.17%, 0, 0, 2, 174.65
1494131947, 6, 54, 513, 105, 0, 4.17%, 0, 0, 2, 182.19
1494131952, 6, 58, 513, 105, 0, 4.17%, 0, 0, 2, 165.58
1494131957, 6, 60, 513, 105, 0, 4.17%, 0, 0, 2, 154.79
1494131962, 6, 62, 513, 105, 0, 4.17%, 0, 0, 2, 153.12
1494131967, 6, 65, 513, 105, 0, 4.17%, 0, 0, 2, 154.38
1494131972, 6, 67, 513, 105, 0, 4.17%, 0, 0, 2, 172.29
1494131978, 6, 71, 513, 105, 0, 4.17%, 0, 0, 2, 153.33
1494131983, 6, 73, 513, 105, 0, 4.17%, 0, 0, 2, 167.77
1494131988, 6, 75, 513, 105, 0, 4.17%, 0, 0, 2, 181.19
1494131993, 6, 77, 513, 105, 0, 4.17%, 0, 0, 2, 174.33
1494131998, 6, 81, 513, 105, 0, 4.17%, 0, 0, 2, 157.98
1494132003, 6, 83, 513, 105, 0, 4.17%, 0, 0, 2, 178.65
1494132008, 6, 85, 513, 105, 0, 4.17%, 0, 0, 2, 179.87
1494132013, 6, 89, 513, 105, 0, 4.17%, 0, 0, 2, 162.15
1494132018, 6, 94, 513, 105, 0, 4.17%, 0, 0, 2, 187.76
1494132023, 6, 97, 513, 105, 0, 4.17%, 0, 0, 2, 86.62
1494132029, 6, 100, 513, 105, 0, 4.17%, 0, 0, 2, 138.03
1494132034, 6, 105, 513, 105, 0, 4.17%, 0, 0, 2, 142.61
1494132039, 6, 107, 513, 105, 0, 4.17%, 0, 0, 2, 150.25
1494132044, 6, 113, 513, 105, 0, 4.17%, 0, 0, 2, 179.54
1494132049, 6, 119, 513, 105, 0, 4.17%, 0, 0, 2, 179.01
1494132054, 6, 124, 513, 105, 0, 4.17%, 0, 0, 2, 198.10
1494132059, 6, 128, 513, 104, 0, 4.17%, 0, 0, 2, 165.14
1494132065, 6, 130, 513, 104, 0, 4.17%, 0, 0, 2, 150.47
1494132075, 6, 137, 513, 104, 0, 4.17%, 0, 0, 2, 166.82
1494132080, 6, 141, 513, 104, 0, 4.17%, 0, 0, 2, 158.62
1494132085, 6, 144, 513, 104, 0, 4.17%, 0, 0, 2, 166.64
1494132090, 6, 145, 513, 104, 0, 4.17%, 0, 0, 2, 183.61
1494132095, 6, 147, 513, 104, 0, 4.17%, 0, 0, 2, 193.01
1494132100, 6, 149, 513, 104, 0, 4.17%, 0, 0, 2, 183.65
1494132105, 6, 154, 513, 104, 0, 4.17%, 0, 0, 2, 186.60
1494132111, 6, 155, 513, 103, 0, 4.17%, 0, 0, 2, 182.38
1494132116, 6, 162, 513, 103, 0, 4.17%, 0, 0, 2, 194.82
1494132121, 6, 165, 513, 102, 0, 4.17%, 0, 0, 2, 176.69
1494132131, 6, 167, 513, 102, 0, 4.17%, 0, 0, 2, 148.16
1494132136, 6, 170, 513, 102, 0, 4.17%, 0, 0, 2, 171.89
1494132141, 6, 175, 513, 102, 0, 4.17%, 0, 0, 2, 159.53
1494132152, 6, 186, 513, 102, 0, 4.17%, 0, 0, 2, 179.53
1494132157, 6, 191, 513, 102, 0, 4.17%, 0, 0, 2, 167.98
1494132162, 6, 195, 513, 102, 0, 4.17%, 0, 0, 2, 184.27
1494132167, 6, 196, 513, 102, 0, 4.17%, 0, 0, 2, 188.52
1494132172, 6, 201, 513, 102, 0, 4.17%, 0, 0, 2, 139.00
1494132177, 6, 209, 513, 102, 0, 4.17%, 0, 0, 2, 181.87
1494132182, 6, 211, 513, 102, 0, 4.17%, 0, 0, 2, 201.18
1494132188, 6, 216, 513, 102, 0, 4.17%, 0, 0, 2, 152.52
1494132193, 6, 218, 513, 101, 0, 4.17%, 0, 0, 2, 160.99
1494132198, 6, 222, 513, 101, 0, 4.17%, 0, 0, 2, 162.82
1494132203, 6, 230, 513, 100, 0, 4.17%, 0, 0, 2, 166.75
1494132208, 6, 243, 513, 99, 0, 4.17%, 0, 0, 2, 174.61
1494132213, 6, 253, 513, 99, 0, 4.17%, 0, 0, 2, 112.66
1494132219, 6, 255, 513, 98, 0, 4.17%, 0, 0, 2, 158.03
1494132224, 6, 258, 513, 97, 0, 4.17%, 0, 0, 2, 166.77
1494132229, 6, 259, 513, 97, 0, 4.17%, 0, 0, 2, 184.51
1494132234, 6, 262, 513, 97, 0, 4.17%, 0, 0, 2, 178.89
1494132239, 6, 266, 513, 96, 0, 4.17%, 0, 0, 2, 188.31
1494132244, 6, 268, 513, 96, 0, 4.17%, 0, 0, 2, 171.74
1494132249, 6, 269, 513, 96, 0, 4.17%, 0, 0, 2, 165.47
1494132254, 6, 273, 513, 96, 0, 4.17%, 0, 0, 2, 168.85
1494132265, 6, 286, 513, 95, 0, 4.17%, 0, 0, 2, 178.25
1494132270, 6, 290, 513, 95, 0, 4.17%, 0, 0, 2, 151.84
1494132275, 6, 291, 513, 95, 0, 4.17%, 0, 0, 2, 127.11
1494132290, 6, 292, 513, 94, 0, 4.17%, 0, 0, 2, 200.25
1494132295, 6, 296, 513, 94, 0, 4.17%, 0, 0, 2, 62.94
1494132300, 6, 302, 513, 94, 0, 4.17%, 0, 0, 2, 147.86
1494132305, 6, 306, 513, 94, 0, 4.17%, 0, 0, 2, 149.02
1494132320, 6, 311, 513, 93, 0, 4.17%, 0, 0, 2, 153.60
1494132326, 6, 312, 513, 92, 0, 4.17%, 0, 0, 2, 152.43
1494132361, 6, 313, 513, 91, 0, 4.17%, 0, 0, 2, 104.79
1494132387, 6, 325, 513, 90, 0, 4.17%, 0, 0, 2, 26.75
1494132392, 6, 329, 513, 90, 0, 4.17%, 0, 0, 2, 208.07
1494132397, 6, 335, 513, 90, 0, 4.17%, 0, 0, 2, 182.89
1494132402, 6, 340, 513, 89, 0, 4.17%, 0, 0, 2, 131.50
1494132428, 6, 342, 513, 88, 0, 4.17%, 0, 0, 2, 173.72
1494132433, 6, 352, 513, 87, 0, 4.17%, 0, 0, 2, 157.52
1494132438, 6, 355, 513, 87, 0, 4.17%, 0, 0, 2, 160.50
1494132443, 6, 362, 513, 87, 0, 4.17%, 0, 0, 2, 207.64
1494132448, 6, 363, 513, 87, 0, 4.17%, 0, 0, 2, 166.98
1494132469, 6, 367, 513, 86, 0, 4.17%, 0, 0, 2, 188.10
1494132474, 6, 368, 513, 86, 0, 4.17%, 0, 0, 2, 139.37
1494132489, 6, 377, 513, 85, 0, 4.17%, 0, 0, 2, 164.63
1494132494, 6, 378, 513, 85, 0, 4.17%, 0, 0, 2, 103.50
1494132499, 6, 382, 513, 85, 0, 4.17%, 0, 0, 2, 144.92
1494132505, 6, 383, 513, 85, 0, 4.17%, 0, 0, 2, 151.47
1494132510, 6, 389, 513, 85, 0, 4.17%, 0, 0, 2, 143.58
1494132515, 6, 391, 513, 85, 0, 4.17%, 0, 0, 2, 96.74
1494132535, 6, 397, 513, 84, 0, 4.17%, 0, 0, 2, 114.23
1494132546, 6, 400, 513, 84, 0, 4.17%, 0, 0, 2, 183.73
1494132551, 6, 409, 513, 83, 0, 4.17%, 0, 0, 2, 162.89
1494132556, 6, 411, 513, 82, 0, 4.17%, 0, 0, 2, 156.21
1494132561, 6, 414, 513, 81, 0, 4.17%, 0, 0, 2, 132.90
1494132566, 6, 419, 513, 80, 0, 4.17%, 0, 0, 2, 174.71
1494132596, 6, 426, 513, 79, 0, 4.17%, 0, 0, 2, 162.27
1494132602, 6, 427, 513, 79, 0, 4.17%, 0, 0, 2, 148.92
1494132607, 6, 428, 513, 79, 0, 4.17%, 0, 0, 2, 148.71
1494132612, 6, 430, 513, 79, 0, 4.17%, 0, 0, 2, 143.63
1494132617, 6, 433, 513, 79, 0, 4.17%, 0, 0, 2, 120.69
1494132622, 6, 438, 513, 78, 0, 4.17%, 0, 0, 2, 108.78
1494132627, 6, 439, 513, 78, 0, 4.17%, 0, 0, 2, 158.02
1494132632, 6, 444, 513, 78, 0, 4.17%, 0, 0, 2, 98.91
1494132637, 6, 447, 513, 77, 0, 4.17%, 0, 0, 2, 130.90
1494132642, 6, 452, 513, 77, 0, 4.17%, 0, 0, 2, 134.30
1494132647, 6, 456, 513, 77, 0, 4.17%, 0, 0, 2, 31.58
1494132653, 6, 466, 513, 77, 0, 4.17%, 0, 0, 2, 138.41
1494132658, 6, 472, 513, 77, 0, 4.17%, 0, 0, 2, 125.37
1494132663, 6, 482, 513, 77, 0, 4.17%, 0, 0, 2, 155.47
1494132668, 6, 492, 513, 77, 0, 4.17%, 0, 0, 2, 144.15
1494132673, 6, 493, 513, 77, 0, 4.17%, 0, 0, 2, 156.12
1494132678, 6, 495, 513, 77, 0, 4.17%, 0, 0, 2, 164.04
1494132683, 6, 499, 513, 77, 0, 4.17%, 0, 0, 2, 106.99
1494132693, 6, 506, 513, 76, 0, 4.17%, 0, 0, 2, 139.19
1494132699, 7, 0, 513, 76, 0, 4.17%, 0, 0, 2, 149.11
1494132704, 7, 2, 513, 76, 0, 4.17%, 0, 0, 2, 163.98
1494132709, 7, 4, 513, 76, 0, 4.17%, 0, 0, 2, 161.85
1494132714, 7, 7, 513, 76, 0, 4.17%, 0, 0, 2, 28.69
1494132719, 7, 11, 513, 76, 0, 4.17%, 0, 0, 2, 141.21
1494132724, 7, 14, 513, 76, 0, 4.17%, 0, 0, 2, 163.53
1494132729, 7, 17, 513, 76, 0, 4.17%, 0, 0, 2, 167.13
1494132734, 7, 20, 513, 75, 0, 4.17%, 0, 0, 2, 178.70
1494132739, 7, 21, 513, 75, 0, 4.17%, 0, 0, 2, 171.43
1494132744, 7, 26, 513, 75, 0, 4.17%, 0, 0, 2, 180.74
1494132749, 7, 29, 513, 75, 0, 4.17%, 0, 0, 2, 157.39
1494132755, 7, 33, 513, 75, 0, 4.17%, 0, 0, 2, 158.04
1494132760, 7, 35, 513, 75, 0, 4.17%, 0, 0, 2, 160.91
1494132765, 7, 39, 513, 74, 0, 4.17%, 0, 0, 2, 180.61
1494132770, 7, 44, 513, 74, 0, 4.17%, 0, 0, 2, 160.54
1494132775, 7, 46, 513, 74, 0, 4.17%, 0, 0, 2, 161.68
1494132780, 7, 49, 513, 74, 0, 4.17%, 0, 0, 2, 147.15
1494132785, 7, 51, 513, 74, 0, 4.17%, 0, 0, 2, 176.27
1494132790, 7, 54, 513, 74, 0, 4.17%, 0, 0, 2, 186.72
1494132795, 7, 56, 513, 74, 0, 4.17%, 0, 0, 2, 193.81
1494132800, 7, 58, 513, 74, 0, 4.17%, 0, 0, 2, 159.65
1494132806, 7, 60, 513, 73, 0, 4.17%, 0, 0, 2, 161.25
1494132811, 7, 62, 513, 73, 0, 4.17%, 0, 0, 2, 180.73
1494132816, 7, 63, 513, 73, 0, 4.17%, 0, 0, 2, 165.19
1494132821, 7, 67, 513, 73, 0, 4.17%, 0, 0, 2, 172.26
1494132826, 7, 71, 513, 73, 0, 4.17%, 0, 0, 2, 169.63
1494132831, 7, 72, 513, 73, 0, 4.17%, 0, 0, 2, 91.81
1494132836, 7, 74, 513, 73, 0, 4.17%, 0, 0, 2, 159.49
1494132841, 7, 77, 513, 73, 0, 4.17%, 0, 0, 2, 186.38
1494132847, 7, 80, 513, 73, 0, 4.17%, 0, 0, 2, 170.84
1494132852, 7, 82, 513, 73, 0, 4.17%, 0, 0, 2, 169.68
1494132857, 7, 83, 513, 72, 0, 4.17%, 0, 0, 2, 173.52
1494132862, 7, 88, 513, 72, 0, 4.17%, 0, 0, 2, 160.60
1494132867, 7, 91, 513, 72, 0, 4.17%, 0, 0, 2, 160.73
1494132872, 7, 97, 513, 72, 0, 4.17%, 0, 0, 2, 157.79
1494132877, 7, 99, 513, 72, 0, 4.17%, 0, 0, 2, 162.06
1494132882, 7, 105, 513, 72, 0, 4.17%, 0, 0, 2, 169.63
1494132887, 7, 107, 513, 72, 0, 4.17%, 0, 0, 2, 154.81
1494132892, 7, 109, 513, 72, 0, 4.17%, 0, 0, 2, 151.10
1494132897, 7, 113, 513, 72, 0, 4.17%, 0, 0, 2, 162.16
1494132902, 7, 123, 513, 72, 0, 4.17%, 0, 0, 2, 175.99
1494132907, 7, 124, 513, 72, 0, 4.17%, 0, 0, 2, 190.94
1494132913, 7, 128, 513, 72, 0, 4.17%, 0, 0, 2, 161.78
1494132918, 7, 130, 513, 72, 0, 4.17%, 0, 0, 2, 169.20
1494132923, 7, 134, 513, 72, 0, 4.17%, 0, 0, 2, 169.17
1494132928, 7, 137, 513, 71, 0, 4.17%, 0, 0, 2, 162.43
1494132933, 7, 141, 513, 71, 0, 4.17%, 0, 0, 2, 153.69
1494132938, 7, 144, 513, 71, 0, 4.17%, 0, 0, 2, 171.52
1494132943, 7, 145, 513, 71, 0, 4.17%, 0, 0, 2, 163.36
1494132948, 7, 147, 513, 71, 0, 4.17%, 0, 0, 2, 188.81
1494132953, 7, 149, 513, 71, 0, 4.17%, 0, 0, 2, 204.55
1494132964, 7, 155, 513, 71, 0, 4.17%, 0, 0, 2, 173.84
1494132969, 7, 158, 513, 71, 0, 4.17%, 0, 0, 2, 174.50
1494132974, 7, 162, 513, 71, 0, 4.17%, 0, 0, 2, 191.48
1494132979, 7, 165, 513, 71, 0, 4.17%, 0, 0, 2, 166.44
1494132984, 7, 167, 513, 71, 0, 4.17%, 0, 0, 2, 146.96
1494132989, 7, 170, 513, 71, 0, 4.17%, 0, 0, 2, 180.70
1494132994, 7, 174, 513, 71, 0, 4.17%, 0, 0, 2, 158.59
1494133000, 7, 175, 513, 71, 0, 4.17%, 0, 0, 2, 183.34
1494133005, 7, 183, 513, 71, 0, 4.17%, 0, 0, 2, 186.88
1494133010, 7, 186, 513, 71, 0, 4.17%, 0, 0, 2, 186.23
1494133015, 7, 188, 513, 71, 0, 4.17%, 0, 0, 2, 173.23
1494133020, 7, 195, 513, 70, 0, 4.17%, 0, 0, 2, 172.50
1494133030, 7, 201, 513, 70, 0, 4.17%, 0, 0, 2, 159.13
1494133035, 7, 204, 513, 70, 0, 4.17%, 0, 0, 2, 151.06
1494133041, 7, 209, 513, 70, 0, 4.17%, 0, 0, 2, 184.35
1494133046, 7, 211, 513, 70, 0, 4.17%, 0, 0, 2, 181.08
1494133051, 7, 214, 513, 70, 0, 4.17%, 0, 0, 2, 7.38
1494133061, 7, 217, 513, 69, 0, 4.17%, 0, 0, 2, 129.72
1494133066, 7, 220, 513, 69, 0, 4.17%, 0, 0, 2, 146.99
1494133071, 7, 227, 513, 69, 0, 4.17%, 0, 0, 2, 174.06
1494133076, 7, 229, 513, 69, 0, 4.17%, 0, 0, 2, 189.29
1494133081, 7, 231, 513, 68, 0, 4.17%, 0, 0, 2, 165.18
1494133087, 7, 243, 513, 68, 0, 4.17%, 0, 0, 2, 213.93
1494133092, 7, 253, 513, 67, 0, 4.17%, 0, 0, 2, 184.99
1494133097, 7, 259, 513, 67, 0, 4.17%, 0, 0, 2, 159.76
1494133107, 7, 265, 513, 67, 0, 4.17%, 0, 0, 2, 154.67
1494133112, 7, 266, 513, 67, 0, 4.17%, 0, 0, 2, 200.29
1494133117, 7, 268, 513, 67, 0, 4.17%, 0, 0, 2, 185.79
1494133123, 7, 269, 513, 67, 0, 4.17%, 0, 0, 2, 194.87
1494133128, 7, 279, 513, 67, 0, 4.17%, 0, 0, 2, 167.50
1494133133, 7, 288, 513, 67, 0, 4.17%, 0, 0, 2, 159.92
1494133138, 7, 289, 513, 67, 0, 4.17%, 0, 0, 2, 23.13
1494133163, 7, 292, 513, 66, 0, 4.17%, 0, 0, 2, 88.09
1494133169, 7, 296, 513, 66, 0, 4.17%, 0, 0, 2, 133.04
1494133174, 7, 302, 513, 66, 0, 4.17%, 0, 0, 2, 157.51
1494133179, 7, 323, 513, 66, 0, 4.17%, 0, 0, 2, 151.62
1494133184, 7, 329, 513, 66, 0, 4.17%, 0, 0, 2, 137.05
1494133194, 7, 330, 513, 66, 0, 4.17%, 0, 0, 2, 119.55
1494133209, 7, 339, 513, 65, 0, 4.17%, 0, 0, 2, 107.63
1494133215, 7, 342, 513, 65, 0, 4.17%, 0, 0, 2, 162.64
1494133220, 7, 349, 513, 65, 0, 4.17%, 0, 0, 2, 153.60
1494133225, 7, 352, 513, 65, 0, 4.17%, 0, 0, 2, 131.19
1494133230, 7, 355, 513, 65, 0, 4.17%, 0, 0, 2, 181.32
1494133235, 7, 361, 513, 65, 0, 4.17%, 0, 0, 2, 180.51
1494133240, 7, 363, 513, 65, 0, 4.17%, 0, 0, 2, 173.95
1494133251, 7, 367, 513, 65, 0, 4.17%, 0, 0, 2, 190.70
1494133256, 7, 377, 513, 65, 0, 4.17%, 0, 0, 2, 179.07
1494133261, 7, 379, 513, 65, 0, 4.17%, 0, 0, 2, 119.33
1494133266, 7, 381, 513, 64, 0, 4.17%, 0, 0, 2, 30.58
1494133271, 7, 382, 513, 64, 0, 4.17%, 0, 0, 2, 201.32
1494133276, 7, 384, 513, 64, 0, 4.17%, 0, 0, 2, 171.49
1494133281, 7, 387, 513, 64, 0, 4.17%, 0, 0, 2, 119.36
1494133296, 7, 389, 513, 63, 0, 4.17%, 0, 0, 2, 135.49
1494133301, 7, 395, 513, 63, 0, 4.17%, 0, 0, 2, 22.44
1494133363, 7, 397, 513, 62, 0, 4.17%, 0, 0, 2, 151.26
1494133368, 7, 399, 513, 62, 0, 4.17%, 0, 0, 2, 158.02
1494133373, 7, 407, 513, 62, 0, 4.17%, 0, 0, 2, 163.70
1494133378, 7, 408, 513, 62, 0, 4.17%, 0, 0, 2, 189.71
1494133383, 7, 420, 513, 61, 0, 4.17%, 0, 0, 2, 184.40
1494133388, 7, 424, 513, 61, 0, 4.17%, 0, 0, 2, 172.70
1494133394, 7, 427, 513, 61, 0, 4.17%, 0, 0, 2, 164.57
1494133399, 7, 428, 513, 61, 0, 4.17%, 0, 0, 2, 168.50
1494133404, 7, 430, 513, 61, 0, 4.17%, 0, 0, 2, 159.94
1494133409, 7, 432, 513, 61, 0, 4.17%, 0, 0, 2, 116.19
1494133430, 7, 438, 513, 60, 0, 4.17%, 0, 0, 2, 105.36
1494133435, 7, 439, 513, 60, 0, 4.17%, 0, 0, 2, 135.62
1494133440, 7, 450, 513, 60, 0, 4.17%, 0, 0, 2, 145.08
1494133445, 7, 455, 513, 60, 0, 4.17%, 0, 0, 2, 152.34
1494133450, 7, 459, 513, 60, 0, 4.17%, 0, 0, 2, 152.21
1494133455, 7, 467, 513, 60, 0, 4.17%, 0, 0, 2, 110.03
1494133460, 7, 472, 513, 60, 0, 4.17%, 0, 0, 2, 122.59
1494133465, 7, 477, 513, 60, 0, 4.17%, 0, 0, 2, 80.15
1494133486, 7, 478, 513, 59, 0, 4.17%, 0, 0, 2, 115.65
1494133491, 7, 482, 513, 59, 0, 4.17%, 0, 0, 2, 133.17
1494133496, 7, 488, 513, 59, 0, 4.17%, 0, 0, 2, 144.21
1494133501, 7, 492, 513, 59, 0, 4.17%, 0, 0, 2, 141.31
1494133506, 7, 493, 513, 59, 0, 4.17%, 0, 0, 2, 149.68
1494133512, 7, 495, 513, 59, 0, 4.17%, 0, 0, 2, 145.06
1494133517, 7, 501, 513, 59, 0, 4.17%, 0, 0, 2, 186.14
1494133522, 7, 506, 513, 59, 0, 4.17%, 0, 0, 2, 166.31
1494133527, 8, 0, 513, 59, 0, 4.17%, 0, 0, 2, 162.75
1494133532, 8, 2, 513, 59, 0, 4.17%, 0, 0, 2, 174.05
1494133537, 8, 4, 513, 59, 0, 4.17%, 0, 0, 2, 184.10
1494133542, 8, 8, 513, 59, 0, 4.17%, 0, 0, 2, 187.53
1494133547, 8, 13, 513, 59, 0, 4.17%, 0, 0, 2, 173.80
1494133552, 8, 15, 513, 59, 0, 4.17%, 0, 0, 2, 165.70
1494133557, 8, 20, 513, 59, 0, 4.17%, 0, 0, 2, 174.49
1494133562, 8, 21, 513, 59, 0, 4.17%, 0, 0, 2, 167.34
1494133568, 8, 27, 513, 59, 0, 4.17%, 0, 0, 2, 187.91
1494133573, 8, 29, 513, 59, 0, 4.17%, 0, 0, 2, 153.64
1494133578, 8, 32, 513, 59, 0, 4.17%, 0, 0, 2, 148.04
1494133583, 8, 33, 513, 58, 0, 4.17%, 0, 0, 2, 151.73
1494133588, 8, 35, 513, 58, 0, 4.17%, 0, 0, 2, 171.44
1494133593, 8, 43, 513, 58, 0, 4.17%, 0, 0, 2, 189.11
1494133598, 8, 45, 513, 58, 0, 4.17%, 0, 0, 2, 168.94
1494133603, 8, 47, 513, 58, 0, 4.17%, 0, 0, 2, 168.85
1494133608, 8, 50, 513, 58, 0, 4.17%, 0, 0, 2, 182.76
1494133614, 8, 52, 513, 58, 0, 4.17%, 0, 0, 2, 167.71
1494133619, 8, 54, 513, 58, 0, 4.17%, 0, 0, 2, 184.11
1494133624, 8, 58, 513, 58, 0, 4.17%, 0, 0, 2, 180.67
1494133629, 8, 60, 513, 58, 0, 4.17%, 0, 0, 2, 163.33
1494133634, 8, 62, 513, 58, 0, 4.17%, 0, 0, 2, 89.15
1494133639, 8, 65, 513, 58, 0, 4.17%, 0, 0, 2, 134.73
1494133644, 8, 67, 513, 58, 0, 4.17%, 0, 0, 2, 156.82
1494133650, 8, 70, 513, 58, 0, 4.17%, 0, 0, 2, 159.03
1494133655, 8, 72, 513, 57, 0, 4.17%, 0, 0, 2, 159.39
1494133660, 8, 74, 513, 57, 0, 4.17%, 0, 0, 2, 186.46
1494133665, 8, 75, 513, 57, 0, 4.17%, 0, 0, 2, 177.98
1494133670, 8, 79, 513, 57, 0, 4.17%, 0, 0, 2, 171.82
1494133675, 8, 81, 513, 57, 0, 4.17%, 0, 0, 2, 171.14
1494133680, 8, 83, 513, 57, 0, 4.17%, 0, 0, 2, 162.41
1494133685, 8, 85, 513, 57, 0, 4.17%, 0, 0, 2, 150.88
1494133690, 8, 89, 513, 56, 0, 4.17%, 0, 0, 2, 160.39
1494133695, 8, 96, 513, 56, 0, 4.17%, 0, 0, 2, 172.37
1494133700, 8, 98, 513, 56, 0, 4.17%, 0, 0, 2, 165.58
1494133705, 8, 100, 513, 56, 0, 4.17%, 0, 0, 2, 151.13
1494133711, 8, 105, 513, 56, 0, 4.17%, 0, 0, 2, 141.61
1494133716, 8, 108, 513, 56, 0, 4.17%, 0, 0, 2, 146.11
1494133721, 8, 111, 513, 56, 0, 4.17%, 0, 0, 2, 169.38
1494133726, 8, 113, 513, 55, 0, 4.17%, 0, 0, 2, 159.66
1494133731, 8, 119, 513, 55, 0, 4.17%, 0, 0, 2, 186.01
1494133736, 8, 123, 513, 55, 0, 4.17%, 0, 0, 2, 186.14
1494133741, 8, 127, 513, 55, 0, 4.17%, 0, 0, 2, 176.83
1494133746, 8, 130, 513, 55, 0, 4.17%, 0, 0, 2, 172.65
1494133751, 8, 136, 513, 55, 0, 4.17%, 0, 0, 2, 185.16
1494133756, 8, 137, 513, 55, 0, 4.17%, 0, 0, 2, 156.54
1494133762, 8, 143, 513, 55, 0, 4.17%, 0, 0, 2, 166.84
1494133767, 8, 144, 513, 55, 0, 4.17%, 0, 0, 2, 155.22
1494133772, 8, 145, 513, 55, 0, 4.17%, 0, 0, 2, 186.17
1494133777, 8, 147, 513, 55, 0, 4.17%, 0, 0, 2, 160.19
1494133782, 8, 149, 513, 55, 0, 4.17%, 0, 0, 2, 171.88
1494133792, 8, 155, 513, 54, 0, 4.17%, 0, 0, 2, 184.74
1494133797, 8, 156, 513, 54, 0, 4.17%, 0, 0, 2, 188.70
1494133803, 8, 157, 513, 54, 0, 4.17%, 0, 0, 2, 139.61
1494133808, 8, 162, 513, 53, 0, 4.17%, 0, 0, 2, 171.88
1494133813, 8, 165, 513, 53, 0, 4.17%, 0, 0, 2, 171.01
1494133818, 8, 167, 513, 53, 0, 4.17%, 0, 0, 2, 169.50
1494133823, 8, 170, 513, 53, 0, 4.17%, 0, 0, 2, 187.79
1494133828, 8, 175, 513, 53, 0, 4.17%, 0, 0, 2, 182.84
1494133833, 8, 183, 513, 53, 0, 4.17%, 0, 0, 2, 181.91
1494133838, 8, 185, 513, 53, 0, 4.17%, 0, 0, 2, 156.49
1494133864, 8, 186, 513, 52, 0, 4.17%, 0, 0, 2, 156.29
1494133869, 8, 192, 513, 52, 0, 4.17%, 0, 0, 2, 179.42
1494133874, 8, 195, 513, 51, 0, 4.17%, 0, 0, 2, 169.37
1494133884, 8, 198, 513, 51, 0, 4.17%, 0, 0, 2, 161.20
1494133889, 8, 201, 513, 50, 0, 4.17%, 0, 0, 2, 160.09
1494133894, 8, 211, 513, 50, 0, 4.17%, 0, 0, 2, 182.05
1494133904, 8, 217, 513, 50, 0, 4.17%, 0, 0, 2, 147.01
1494133909, 8, 220, 513, 50, 0, 4.17%, 0, 0, 2, 149.56
1494133915, 8, 231, 513, 50, 0, 4.17%, 0, 0, 2, 154.39
1494133920, 8, 234, 513, 50, 0, 4.17%, 0, 0, 2, 170.10
1494133925, 8, 243, 513, 49, 0, 4.17%, 0, 0, 2, 183.96
1494133930, 8, 255, 513, 49, 0, 4.17%, 0, 0, 2, 172.73
1494133935, 8, 259, 513, 49, 0, 4.17%, 0, 0, 2, 173.30
1494133940, 8, 261, 513, 49, 0, 4.17%, 0, 0, 2, 176.73
1494133945, 8, 266, 513, 49, 0, 4.17%, 0, 0, 2, 179.15
1494133950, 8, 267, 513, 49, 0, 4.17%, 0, 0, 2, 169.28
1494133956, 8, 269, 513, 49, 0, 4.17%, 0, 0, 2, 174.65
1494133961, 8, 271, 513, 49, 0, 4.17%, 0, 0, 2, 170.14
1494133966, 8, 281, 513, 49, 0, 4.17%, 0, 0, 2, 164.17
1494133971, 8, 285, 513, 48, 0, 4.17%, 0, 0, 2, 178.24
1494133976, 8, 288, 513, 48, 0, 4.17%, 0, 0, 2, 169.11
1494133981, 8, 293, 513, 48, 0, 4.17%, 0, 0, 2, 153.62
1494133986, 8, 296, 513, 48, 0, 4.17%, 0, 0, 2, 139.76
1494133991, 8, 302, 513, 48, 0, 4.17%, 0, 0, 2, 175.88
1494133996, 8, 323, 513, 48, 0, 4.17%, 0, 0, 2, 150.20
1494134002, 8, 325, 513, 48, 0, 4.17%, 0, 0, 2, 157.08
1494134007, 8, 329, 513, 48, 0, 4.17%, 0, 0, 2, 186.56
1494134012, 8, 339, 513, 48, 0, 4.17%, 0, 0, 2, 132.68
1494134017, 8, 342, 513, 47, 0, 4.17%, 0, 0, 2, 153.29
1494134027, 8, 355, 513, 47, 0, 4.17%, 0, 0, 2, 147.67
1494134037, 8, 362, 513, 47, 0, 4.17%, 0, 0, 2, 155.67
1494134042, 8, 364, 513, 47, 0, 4.17%, 0, 0, 2, 158.08
1494134058, 8, 367, 513, 46, 0, 4.17%, 0, 0, 2, 168.99
1494134063, 8, 370, 513, 46, 0, 4.17%, 0, 0, 2, 199.79
1494134068, 8, 373, 513, 45, 0, 4.17%, 0, 0, 2, 191.39
1494134073, 8, 377, 513, 45, 0, 4.17%, 0, 0, 2, 186.72
1494134079, 8, 378, 513, 45, 0, 4.17%, 0, 0, 2, 41.98
1494134084, 8, 382, 513, 45, 0, 4.17%, 0, 0, 2, 147.05
1494134089, 8, 384, 513, 45, 0, 4.17%, 0, 0, 2, 157.09
1494134094, 8, 389, 513, 45, 0, 4.17%, 0, 0, 2, 158.72
1494134099, 8, 397, 513, 45, 0, 4.17%, 0, 0, 2, 141.01
1494134104, 8, 399, 513, 45, 0, 4.17%, 0, 0, 2, 175.22
1494134109, 8, 407, 513, 45, 0, 4.17%, 0, 0, 2, 169.97
1494134114, 8, 420, 513, 45, 0, 4.17%, 0, 0, 2, 170.21
1494134119, 8, 426, 513, 45, 0, 4.17%, 0, 0, 2, 155.06
1494134124, 8, 427, 513, 45, 0, 4.17%, 0, 0, 2, 156.81
1494134129, 8, 428, 513, 45, 0, 4.17%, 0, 0, 2, 130.50
1494134134, 8, 430, 513, 45, 0, 4.17%, 0, 0, 2, 150.31
1494134139, 8, 437, 513, 45, 0, 4.17%, 0, 0, 2, 149.17
1494134145, 8, 439, 513, 45, 0, 4.17%, 0, 0, 2, 124.24
1494134150, 8, 442, 513, 45, 0, 4.17%, 0, 0, 2, 156.82
1494134155, 8, 450, 513, 45, 0, 4.17%, 0, 0, 2, 148.36
1494134160, 8, 455, 513, 45, 0, 4.17%, 0, 0, 2, 140.91
1494134165, 8, 459, 513, 45, 0, 4.17%, 0, 0, 2, 154.24
1494134170, 8, 466, 513, 45, 0, 4.17%, 0, 0, 2, 141.07
1494134175, 8, 468, 513, 45, 0, 4.17%, 0, 0, 2, 124.20
1494134186, 8, 479, 513, 44, 0, 4.17%, 0, 0, 2, 153.97
1494134191, 8, 485, 513, 44, 0, 4.17%, 0, 0, 2, 21.74
1494134242, 8, 486, 513, 43, 0, 4.17%, 0, 0, 2, 148.70
1494134247, 8, 489, 513, 43, 0, 4.17%, 0, 0, 2, 95.13
1494134262, 8, 493, 513, 42, 0, 4.17%, 0, 0, 2, 157.74
1494134267, 8, 495, 513, 42, 0, 4.17%, 0, 0, 2, 159.63
1494134273, 8, 504, 513, 42, 0, 4.17%, 0, 0, 2, 28.06
1494134355, 8, 505, 513, 41, 0, 4.17%, 0, 0, 2, 4.45
1494134360, 8, 506, 514, 42, 0, 4.18%, 0, 0, 2, 27.65
1494134365, 8, 513, 514, 42, 1, 4.18%, 0, 0, 2, 77.57
1494134375, 9, 0, 514, 41, 0, 4.18%, 0, 0, 2, 168.56
1494134380, 9, 2, 514, 41, 0, 4.18%, 0, 0, 2, 165.99
1494134385, 9, 4, 514, 41, 0, 4.18%, 0, 0, 2, 172.85
1494134390, 9, 8, 514, 41, 0, 4.18%, 0, 0, 2, 193.59
1494134395, 9, 12, 514, 41, 0, 4.18%, 0, 0, 2, 154.12
1494134401, 9, 14, 514, 40, 0, 4.18%, 0, 0, 2, 154.56
1494134406, 9, 17, 514, 40, 0, 4.18%, 0, 0, 2, 165.47
1494134411, 9, 20, 514, 40, 0, 4.18%, 0, 0, 2, 182.93
1494134416, 9, 22, 514, 40, 0, 4.18%, 0, 0, 2, 190.30
1494134421, 9, 24, 514, 39, 0, 4.18%, 0, 0, 2, 179.88
1494134426, 9, 27, 514, 39, 0, 4.18%, 0, 0, 2, 166.17
1494134431, 9, 30, 514, 39, 0, 4.18%, 0, 0, 2, 163.41
1494134436, 9, 34, 514, 39, 0, 4.18%, 0, 0, 2, 175.42
1494134442, 9, 39, 514, 39, 0, 4.18%, 0, 0, 2, 187.85
1494134447, 9, 44, 514, 39, 0, 4.18%, 0, 0, 2, 153.85
1494134452, 9, 47, 514, 39, 0, 4.18%, 0, 0, 2, 163.12
1494134457, 9, 50, 514, 39, 0, 4.18%, 0, 0, 2, 157.08
1494134462, 9, 51, 514, 39, 0, 4.18%, 0, 0, 2, 173.38
1494134467, 9, 54, 514, 39, 0, 4.18%, 0, 0, 2, 209.07
1494134472, 9, 56, 514, 39, 0, 4.18%, 0, 0, 2, 198.64
1494134477, 9, 58, 514, 39, 0, 4.18%, 0, 0, 2, 170.48
1494134483, 9, 61, 514, 39, 0, 4.18%, 0, 0, 2, 148.27
1494134488, 9, 63, 514, 39, 0, 4.18%, 0, 0, 2, 162.25
1494134493, 9, 65, 514, 39, 0, 4.18%, 0, 0, 2, 151.68
1494134498, 9, 69, 514, 39, 0, 4.18%, 0, 0, 2, 168.91
1494134503, 9, 72, 514, 39, 0, 4.18%, 0, 0, 2, 161.16
1494134508, 9, 74, 514, 39, 0, 4.18%, 0, 0, 2, 197.90
1494134514, 9, 75, 514, 39, 0, 4.18%, 0, 0, 2, 180.19
1494134519, 9, 79, 514, 39, 0, 4.18%, 0, 0, 2, 161.25
1494134524, 9, 83, 514, 39, 0, 4.18%, 0, 0, 2, 159.50
1494134534, 9, 88, 514, 39, 0, 4.18%, 0, 0, 2, 148.68
1494134539, 9, 92, 514, 39, 0, 4.18%, 0, 0, 2, 157.22
1494134545, 9, 97, 514, 39, 0, 4.18%, 0, 0, 2, 155.22
1494134550, 9, 99, 514, 39, 0, 4.18%, 0, 0, 2, 172.41
1494134555, 9, 105, 514, 39, 0, 4.18%, 0, 0, 2, 168.46
1494134560, 9, 107, 514, 39, 0, 4.18%, 0, 0, 2, 152.14
1494134565, 9, 113, 514, 39, 0, 4.18%, 0, 0, 2, 167.41
1494134570, 9, 114, 514, 39, 0, 4.18%, 0, 0, 2, 193.09
1494134575, 9, 123, 514, 38, 0, 4.18%, 0, 0, 2, 175.46
1494134580, 9, 125, 514, 38, 0, 4.18%, 0, 0, 2, 178.94
1494134585, 9, 128, 514, 38, 0, 4.18%, 0, 0, 2, 153.24
1494134590, 9, 130, 514, 38, 0, 4.18%, 0, 0, 2, 177.54
1494134596, 9, 137, 514, 38, 0, 4.18%, 0, 0, 2, 173.45
1494134601, 9, 138, 514, 38, 0, 4.18%, 0, 0, 2, 166.87
1494134606, 9, 141, 514, 37, 0, 4.18%, 0, 0, 2, 162.71
1494134611, 9, 144, 514, 37, 0, 4.18%, 0, 0, 2, 149.16
1494134616, 9, 145, 514, 37, 0, 4.18%, 0, 0, 2, 181.82
1494134621, 9, 147, 514, 37, 0, 4.18%, 0, 0, 2, 198.88
1494134626, 9, 149, 514, 37, 0, 4.18%, 0, 0, 2, 193.75
1494134631, 9, 155, 514, 37, 0, 4.18%, 0, 0, 2, 194.14
1494134636, 9, 159, 514, 37, 0, 4.18%, 0, 0, 2, 180.35
1494134642, 9, 160, 514, 36, 0, 4.18%, 0, 0, 2, 157.71
1494134652, 9, 162, 514, 35, 0, 4.18%, 0, 0, 2, 185.13
1494134657, 9, 165, 514, 35, 0, 4.18%, 0, 0, 2, 193.61
1494134662, 9, 167, 514, 35, 0, 4.18%, 0, 0, 2, 166.75
1494134667, 9, 170, 514, 35, 0, 4.18%, 0, 0, 2, 178.13
1494134673, 9, 172, 514, 35, 0, 4.18%, 0, 0, 2, 173.03
1494134678, 9, 175, 514, 35, 0, 4.18%, 0, 0, 2, 169.96
1494134683, 9, 179, 514, 35, 0, 4.18%, 0, 0, 2, 168.41
1494134688, 9, 183, 514, 34, 0, 4.18%, 0, 0, 2, 166.51
1494134693, 9, 186, 514, 34, 0, 4.18%, 0, 0, 2, 182.55
1494134698, 9, 195, 514, 34, 0, 4.18%, 0, 0, 2, 164.60
1494134708, 9, 197, 514, 34, 0, 4.18%, 0, 0, 2, 9.60
1494134713, 9, 199, 514, 34, 0, 4.18%, 0, 0, 2, 173.37
1494134718, 9, 206, 514, 34, 0, 4.18%, 0, 0, 2, 152.78
1494134729, 9, 211, 514, 34, 0, 4.18%, 0, 0, 2, 189.98
1494134739, 9, 218, 514, 34, 0, 4.18%, 0, 0, 2, 158.01
1494134744, 9, 222, 514, 34, 0, 4.18%, 0, 0, 2, 157.46
1494134749, 9, 223, 514, 34, 0, 4.18%, 0, 0, 2, 108.31
1494134754, 9, 231, 514, 33, 0, 4.18%, 0, 0, 2, 142.45
1494134759, 9, 243, 514, 33, 0, 4.18%, 0, 0, 2, 155.87
1494134764, 9, 259, 514, 33, 0, 4.18%, 0, 0, 2, 166.13
1494134774, 9, 262, 514, 33, 0, 4.18%, 0, 0, 2, 118.83
1494134779, 9, 266, 514, 33, 0, 4.18%, 0, 0, 2, 169.15
1494134785, 9, 268, 514, 33, 0, 4.18%, 0, 0, 2, 158.16
1494134790, 9, 269, 514, 33, 0, 4.18%, 0, 0, 2, 184.70
1494134795, 9, 279, 514, 33, 0, 4.18%, 0, 0, 2, 171.85
1494134800, 9, 288, 514, 33, 0, 4.18%, 0, 0, 2, 172.50
1494134805, 9, 293, 514, 33, 0, 4.18%, 0, 0, 2, 164.86
1494134810, 9, 302, 514, 33, 0, 4.18%, 0, 0, 2, 169.20
1494134815, 9, 304, 514, 33, 0, 4.18%, 0, 0, 2, 179.29
1494134820, 9, 315, 514, 33, 0, 4.18%, 0, 0, 2, 22.14
1494134877, 9, 317, 514, 32, 0, 4.18%, 0, 0, 2, 66.26
1494134882, 9, 322, 514, 32, 0, 4.18%, 0, 0, 2, 164.65
1494134887, 9, 325, 514, 32, 0, 4.18%, 0, 0, 2, 166.40
1494134892, 9, 329, 514, 32, 0, 4.18%, 0, 0, 2, 184.92
1494134897, 9, 339, 514, 32, 0, 4.18%, 0, 0, 2, 130.27
1494134902, 9, 342, 514, 32, 0, 4.18%, 0, 0, 2, 154.49
1494134907, 9, 343, 514, 32, 0, 4.18%, 0, 0, 2, 159.63
1494134923, 9, 352, 514, 31, 0, 4.18%, 0, 0, 2, 149.52
1494134928, 9, 355, 514, 31, 0, 4.18%, 0, 0, 2, 154.78
1494134933, 9, 362, 514, 31, 0, 4.18%, 0, 0, 2, 156.79
1494134938, 9, 364, 514, 31, 0, 4.18%, 0, 0, 2, 191.36
1494134943, 9, 367, 514, 31, 0, 4.18%, 0, 0, 2, 167.73
1494134948, 9, 370, 514, 31, 0, 4.18%, 0, 0, 2, 201.21
1494134953, 9, 377, 514, 31, 0, 4.18%, 0, 0, 2, 184.56
1494134958, 9, 378, 514, 31, 0, 4.18%, 0, 0, 2, 122.97
1494134963, 9, 382, 514, 31, 0, 4.18%, 0, 0, 2, 174.65
1494134969, 9, 384, 514, 31, 0, 4.18%, 0, 0, 2, 148.81
1494134974, 9, 389, 514, 31, 0, 4.18%, 0, 0, 2, 150.01
1494134979, 9, 394, 514, 31, 0, 4.18%, 0, 0, 2, 106.38
1494134984, 9, 397, 514, 31, 0, 4.18%, 0, 0, 2, 171.50
1494134989, 9, 399, 514, 31, 0, 4.18%, 0, 0, 2, 161.59
1494134994, 9, 407, 514, 30, 0, 4.18%, 0, 0, 2, 149.27
1494134999, 9, 414, 514, 30, 0, 4.18%, 0, 0, 2, 153.33
1494135004, 9, 417, 514, 30, 0, 4.18%, 0, 0, 2, 125.24
