# unix_time, cycles_done, cur_path, paths_total, pending_total, pending_favs, map_size, unique_crashes, unique_hangs, max_depth, execs_per_sec
1494078552, 0, 0, 508, 508, 175, 4.17%, 0, 0, 2, 339.47
1494078558, 0, 0, 511, 510, 174, 4.17%, 0, 0, 2, 289.23
1494078593, 0, 2, 511, 509, 173, 4.17%, 0, 0, 2, 422.79
1494078598, 0, 21, 511, 498, 162, 4.17%, 0, 0, 2, 897.90
1494078603, 0, 32, 511, 491, 155, 4.17%, 0, 0, 2, 499.75
1494078609, 0, 39, 511, 487, 151, 4.17%, 0, 0, 2, 466.84
1494078714, 0, 41, 511, 486, 150, 4.17%, 0, 0, 2, 0.00
1494078722, 0, 62, 511, 477, 141, 4.17%, 0, 0, 2, 57.78
1494078737, 0, 63, 511, 476, 140, 4.17%, 0, 0, 2, 5.30
1494078742, 0, 86, 511, 470, 134, 4.17%, 0, 0, 2, 28.76
1494078752, 0, 90, 511, 467, 131, 4.17%, 0, 0, 2, 20.45
1494078757, 0, 92, 511, 465, 129, 4.17%, 0, 0, 2, 26.42
1494079137, 0, 93, 511, 464, 128, 4.17%, 0, 0, 2, 7.23
1494079382, 0, 95, 511, 463, 127, 4.17%, 0, 0, 2, 12.32
1494079729, 0, 103, 511, 461, 125, 4.17%, 0, 0, 2, 999.11
1494079734, 0, 103, 512, 461, 124, 4.17%, 0, 0, 2, 1012.13
1494079739, 0, 104, 512, 461, 124, 4.17%, 0, 0, 2, 1239.13
1494079745, 0, 105, 512, 460, 123, 4.17%, 0, 0, 2, 851.11
1494080072, 0, 107, 512, 459, 122, 4.17%, 0, 0, 2, 605.48
1494080184, 0, 109, 512, 458, 121, 4.17%, 0, 0, 2, 730.60
1494080225, 0, 111, 512, 457, 120, 4.17%, 0, 0, 2, 1111.32
1494080260, 0, 113, 513, 457, 119, 4.17%, 0, 0, 2, 1074.24
1494080281, 0, 118, 513, 456, 118, 4.17%, 0, 0, 2, 851.01
1494080316, 0, 119, 513, 455, 117, 4.17%, 0, 0, 2, 472.98
1494080510, 0, 122, 513, 454, 116, 4.17%, 0, 0, 2, 891.95
1494080530, 0, 123, 513, 453, 115, 4.17%, 0, 0, 2, 932.95
1494080546, 0, 124, 513, 452, 114, 4.17%, 0, 0, 2, 965.74
1494080566, 0, 126, 513, 451, 113, 4.17%, 0, 0, 2, 826.00
1494080602, 0, 129, 513, 449, 111, 4.17%, 0, 0, 2, 1075.70
1494080632, 0, 133, 513, 447, 109, 4.17%, 0, 0, 2, 659.60
1494080994, 0, 135, 513, 446, 108, 4.17%, 0, 0, 2, 479.43
1494081361, 0, 137, 513, 445, 107, 4.17%, 0, 0, 2, 520.24
1494081626, 0, 142, 513, 444, 106, 4.17%, 0, 0, 2, 489.88
1494081886, 0, 144, 513, 443, 105, 4.17%, 0, 0, 2, 665.17
1494081911, 0, 145, 516, 445, 104, 4.17%, 0, 0, 2, 1024.95
1494081921, 0, 147, 516, 444, 103, 4.17%, 0, 0, 2, 278.56
1494082115, 0, 148, 516, 443, 102, 4.17%, 0, 0, 2, 557.80
1494082482, 0, 150, 516, 442, 101, 4.17%, 0, 0, 2, 878.51
1494082538, 0, 152, 516, 441, 100, 4.17%, 0, 0, 2, 1003.00
1494082579, 0, 153, 517, 441, 99, 4.17%, 0, 0, 2, 582.63
