# unix_time, cycles_done, cur_path, paths_total, pending_total, pending_favs, map_size, unique_crashes, unique_hangs, max_depth, execs_per_sec
1494431369, 0, 0, 1, 1, 1, 0.45%, 0, 0, 1, 1333.33
1494431374, 0, 0, 63, 63, 1, 0.81%, 0, 0, 2, 229.96
1494431379, 0, 0, 65, 65, 1, 0.82%, 0, 0, 2, 159.01
1494431384, 0, 0, 68, 68, 1, 0.82%, 0, 0, 2, 138.50
1494431389, 0, 0, 69, 69, 1, 0.83%, 0, 0, 2, 137.40
1494431394, 0, 0, 70, 70, 1, 0.83%, 0, 0, 2, 138.36
1494431400, 0, 0, 72, 72, 1, 0.84%, 0, 0, 2, 133.67
1494431436, 0, 0, 73, 73, 1, 0.84%, 0, 0, 2, 127.83
1494431477, 0, 0, 74, 74, 1, 0.84%, 0, 0, 2, 131.41
