# unix_time, cycles_done, cur_path, paths_total, pending_total, pending_favs, map_size, unique_crashes, unique_hangs, max_depth, execs_per_sec
1494002359, 0, 0, 366, 366, 157, 4.00%, 0, 0, 2, 80.70
1494002369, 0, 0, 366, 365, 156, 4.00%, 0, 0, 2, 101.73
1494002472, 0, 1, 366, 365, 156, 4.00%, 0, 0, 2, 95.81
1494002477, 0, 2, 366, 364, 155, 4.00%, 0, 0, 2, 35.65
1494002482, 0, 5, 366, 362, 153, 4.00%, 0, 0, 2, 145.72
1494002487, 0, 7, 367, 361, 151, 4.00%, 0, 0, 2, 152.68
1494002492, 0, 15, 367, 359, 149, 4.00%, 0, 0, 2, 154.40
1494002497, 0, 17, 367, 358, 148, 4.00%, 0, 0, 2, 145.42
1494002502, 0, 19, 367, 356, 146, 4.00%, 0, 0, 2, 128.93
1494002512, 0, 25, 367, 354, 144, 4.00%, 0, 0, 2, 135.00
1494002518, 0, 26, 367, 353, 143, 4.00%, 0, 0, 2, 151.78
1494002523, 0, 29, 367, 352, 142, 4.00%, 0, 0, 2, 138.50
1494002528, 0, 31, 367, 351, 141, 4.00%, 0, 0, 2, 146.24
1494002533, 0, 36, 367, 348, 138, 4.00%, 0, 0, 2, 178.39
1494002538, 0, 38, 367, 347, 137, 4.00%, 0, 0, 2, 32.49
1494002548, 0, 39, 369, 348, 136, 4.00%, 0, 0, 2, 118.97
1494002554, 0, 45, 369, 346, 134, 4.00%, 0, 0, 2, 152.78
1494002559, 0, 48, 369, 345, 133, 4.00%, 0, 0, 2, 132.39
1494002564, 0, 52, 369, 344, 132, 4.00%, 0, 0, 2, 181.20
1494002569, 0, 58, 369, 342, 130, 4.00%, 0, 0, 2, 146.80
1494002579, 0, 59, 369, 341, 129, 4.00%, 0, 0, 2, 170.85
1494002584, 0, 60, 369, 340, 128, 4.00%, 0, 0, 2, 152.79
1494002590, 0, 62, 369, 338, 126, 4.00%, 0, 0, 2, 161.87
1494002595, 0, 63, 369, 337, 125, 4.00%, 0, 0, 2, 128.39
1494002600, 0, 64, 369, 336, 124, 4.00%, 0, 0, 2, 110.98
1494002605, 0, 66, 369, 335, 123, 4.00%, 0, 0, 2, 84.76
1494002610, 0, 67, 369, 334, 122, 4.00%, 0, 0, 2, 155.47
1494002615, 0, 70, 369, 333, 121, 4.00%, 0, 0, 2, 114.81
1494002625, 0, 74, 369, 332, 120, 4.00%, 0, 0, 2, 91.70
1494002630, 0, 77, 369, 331, 119, 4.00%, 0, 0, 2, 106.75
1494002641, 0, 79, 369, 330, 118, 4.00%, 0, 0, 2, 108.79
1494002646, 0, 80, 369, 329, 117, 4.00%, 0, 0, 2, 106.70
1494002651, 0, 81, 369, 328, 116, 4.00%, 0, 0, 2, 125.76
1494002656, 0, 83, 369, 327, 115, 4.00%, 0, 0, 2, 136.67
1494002661, 0, 86, 369, 325, 113, 4.00%, 0, 0, 2, 167.58
1494002672, 0, 89, 369, 324, 112, 4.00%, 0, 0, 2, 55.70
1494002677, 0, 90, 369, 323, 111, 4.00%, 0, 0, 2, 109.13
1494002682, 0, 91, 369, 322, 110, 4.00%, 0, 0, 2, 116.50
1494002687, 0, 93, 369, 321, 109, 4.00%, 0, 0, 2, 111.48
1494002697, 0, 97, 369, 319, 107, 4.00%, 0, 0, 2, 117.78
1494002708, 0, 99, 370, 319, 106, 4.00%, 0, 0, 2, 153.84
1494002713, 0, 101, 370, 318, 105, 4.00%, 0, 0, 2, 63.29
1494002718, 0, 102, 370, 317, 104, 4.00%, 0, 0, 2, 143.65
1494002723, 0, 103, 370, 316, 103, 4.00%, 0, 0, 2, 123.17
1494002728, 0, 107, 370, 315, 102, 4.00%, 0, 0, 2, 106.11
1494002733, 0, 110, 370, 314, 101, 4.00%, 0, 0, 2, 106.53
1494002738, 0, 111, 370, 313, 100, 4.00%, 0, 0, 2, 103.64
1494002743, 0, 113, 370, 312, 99, 4.00%, 0, 0, 2, 153.91
1494002748, 0, 118, 370, 310, 97, 4.00%, 0, 0, 2, 159.94
1494002753, 0, 119, 370, 309, 96, 4.00%, 0, 0, 2, 145.40
1494002764, 0, 121, 370, 307, 94, 4.00%, 0, 0, 2, 139.11
1494002774, 0, 122, 370, 306, 93, 4.00%, 0, 0, 2, 130.73
1494002779, 0, 126, 370, 304, 91, 4.00%, 0, 0, 2, 175.64
1494002784, 0, 129, 370, 302, 89, 4.00%, 0, 0, 2, 134.97
1494002795, 0, 130, 370, 301, 88, 4.00%, 0, 0, 2, 91.86
1494002800, 0, 131, 370, 300, 87, 4.00%, 0, 0, 2, 99.70
1494002805, 0, 132, 370, 299, 86, 4.00%, 0, 0, 2, 20.53
1494002810, 0, 133, 370, 298, 85, 4.00%, 0, 0, 2, 94.89
1494002820, 0, 134, 370, 297, 84, 4.00%, 0, 0, 2, 99.13
1494002830, 0, 135, 370, 296, 83, 4.00%, 0, 0, 2, 98.87
1494002835, 0, 141, 370, 295, 82, 4.00%, 0, 0, 2, 156.95
1494002840, 0, 147, 370, 294, 81, 4.00%, 0, 0, 2, 178.53
1494002845, 0, 151, 370, 293, 80, 4.00%, 0, 0, 2, 187.29
1494002850, 0, 153, 370, 291, 78, 4.00%, 0, 0, 2, 182.25
1494002856, 0, 154, 370, 290, 77, 4.00%, 0, 0, 2, 177.90
1494002861, 0, 156, 370, 289, 76, 4.00%, 0, 0, 2, 149.22
1494002866, 0, 160, 370, 288, 75, 4.00%, 0, 0, 2, 93.53
1494002871, 0, 161, 370, 287, 74, 4.00%, 0, 0, 2, 98.53
1494002881, 0, 167, 370, 286, 73, 4.00%, 0, 0, 2, 167.20
1494002887, 0, 169, 370, 285, 72, 4.00%, 0, 0, 2, 150.99
1494002897, 0, 170, 370, 284, 71, 4.00%, 0, 0, 2, 122.84
1494002907, 0, 172, 370, 283, 70, 4.00%, 0, 0, 2, 192.72
1494002912, 0, 181, 370, 282, 69, 4.00%, 0, 0, 2, 116.63
1494002917, 0, 182, 370, 281, 68, 4.00%, 0, 0, 2, 109.53
1494002928, 0, 183, 370, 280, 67, 4.00%, 0, 0, 2, 159.96
1494002933, 0, 185, 371, 280, 66, 4.00%, 0, 0, 2, 120.08
1494002938, 0, 189, 371, 279, 65, 4.00%, 0, 0, 2, 124.95
1494002948, 0, 191, 371, 278, 64, 4.00%, 0, 0, 2, 117.78
1494002953, 0, 201, 371, 277, 63, 4.00%, 0, 0, 2, 104.69
1494002958, 0, 202, 371, 276, 62, 4.00%, 0, 0, 2, 144.96
1494002963, 0, 203, 371, 275, 61, 4.00%, 0, 0, 2, 120.85
1494002968, 0, 204, 371, 274, 60, 4.00%, 0, 0, 2, 101.28
1494002999, 0, 208, 371, 272, 58, 4.00%, 0, 0, 2, 99.05
1494003004, 0, 216, 371, 271, 57, 4.00%, 0, 0, 2, 96.58
1494003015, 0, 218, 371, 270, 56, 4.00%, 0, 0, 2, 173.78
1494003020, 0, 222, 371, 269, 55, 4.00%, 0, 0, 2, 190.30
1494003025, 0, 224, 371, 268, 54, 4.00%, 0, 0, 2, 116.30
1494003030, 0, 225, 371, 267, 53, 4.00%, 0, 0, 2, 125.88
1494003035, 0, 227, 371, 266, 52, 4.00%, 0, 0, 2, 105.21
1494003045, 0, 239, 372, 265, 50, 4.00%, 0, 0, 2, 153.81
1494003056, 0, 242, 372, 264, 49, 4.00%, 0, 0, 2, 137.20
1494003061, 0, 244, 372, 263, 48, 4.00%, 0, 0, 2, 190.92
1494003066, 0, 246, 372, 262, 47, 4.00%, 0, 0, 2, 191.48
1494003071, 0, 247, 372, 261, 46, 4.00%, 0, 0, 2, 170.91
1494003076, 0, 255, 372, 260, 45, 4.00%, 0, 0, 2, 171.71
1494003086, 0, 256, 372, 259, 44, 4.00%, 0, 0, 2, 184.02
1494003091, 0, 257, 372, 258, 43, 4.00%, 0, 0, 2, 117.96
1494003096, 0, 258, 372, 257, 42, 4.00%, 0, 0, 2, 155.08
1494003102, 0, 261, 372, 255, 40, 4.00%, 0, 0, 2, 165.28
1494003107, 0, 262, 372, 254, 39, 4.00%, 0, 0, 2, 89.33
1494003112, 0, 263, 372, 253, 38, 4.00%, 0, 0, 2, 140.37
1494003117, 0, 264, 372, 252, 37, 4.00%, 0, 0, 2, 46.39
1494003122, 0, 265, 373, 252, 37, 4.00%, 0, 0, 2, 89.76
1494003133, 0, 267, 373, 251, 36, 4.00%, 0, 0, 2, 94.20
1494003138, 0, 271, 373, 250, 35, 4.00%, 0, 0, 2, 157.28
1494003143, 0, 272, 373, 249, 34, 4.00%, 0, 0, 2, 172.02
1494003148, 0, 274, 373, 248, 33, 4.00%, 0, 0, 2, 112.00
1494003153, 0, 283, 375, 249, 32, 4.00%, 0, 0, 2, 107.32
1494003163, 0, 287, 375, 248, 31, 4.00%, 0, 0, 2, 148.65
1494003168, 0, 289, 375, 247, 30, 4.00%, 0, 0, 2, 167.08
1494003174, 0, 290, 375, 246, 30, 4.00%, 0, 0, 2, 108.61
1494003179, 0, 299, 375, 245, 29, 4.00%, 0, 0, 2, 146.76
1494003189, 0, 302, 375, 244, 28, 4.00%, 0, 0, 2, 52.56
1494003194, 0, 305, 375, 243, 27, 4.00%, 0, 0, 2, 118.88
1494003199, 0, 310, 375, 242, 26, 4.00%, 0, 0, 2, 162.87
1494003204, 0, 311, 375, 241, 25, 4.00%, 0, 0, 2, 117.65
1494003210, 0, 314, 375, 240, 24, 4.00%, 0, 0, 2, 144.52
1494003215, 0, 317, 376, 240, 23, 4.00%, 0, 0, 2, 176.81
1494003225, 0, 320, 376, 239, 22, 4.00%, 0, 0, 2, 128.28
1494003230, 0, 324, 376, 237, 21, 4.00%, 0, 0, 2, 173.77
1494003235, 0, 326, 376, 236, 20, 4.00%, 0, 0, 2, 175.34
1494003240, 0, 330, 378, 237, 20, 4.00%, 0, 0, 2, 148.56
1494003250, 0, 338, 378, 235, 18, 4.00%, 0, 0, 2, 154.23
1494003256, 0, 339, 378, 234, 17, 4.00%, 0, 0, 2, 161.57
1494003261, 0, 341, 378, 233, 16, 4.00%, 0, 0, 2, 146.20
1494003271, 0, 344, 380, 233, 15, 4.02%, 0, 0, 2, 145.89
1494003276, 0, 348, 380, 232, 14, 4.02%, 0, 0, 2, 142.10
1494003281, 0, 349, 380, 231, 13, 4.02%, 0, 0, 2, 130.21
1494003292, 0, 350, 380, 230, 12, 4.02%, 0, 0, 2, 148.04
1494003297, 0, 351, 380, 229, 11, 4.02%, 0, 0, 2, 91.70
1494003302, 0, 352, 380, 228, 10, 4.02%, 0, 0, 2, 115.01
1494003307, 0, 353, 380, 227, 9, 4.02%, 0, 0, 2, 164.90
1494003312, 0, 354, 380, 226, 8, 4.02%, 0, 0, 2, 131.67
1494003317, 0, 356, 380, 225, 7, 4.02%, 0, 0, 2, 114.75
1494003337, 0, 358, 381, 225, 6, 4.02%, 0, 0, 2, 126.27
1494003342, 0, 361, 381, 224, 5, 4.02%, 0, 0, 2, 126.95
1494003353, 0, 364, 381, 223, 4, 4.02%, 0, 0, 2, 101.00
1494003358, 0, 372, 381, 222, 3, 4.02%, 0, 0, 2, 160.36
1494003363, 0, 379, 384, 223, 2, 4.02%, 0, 0, 2, 122.24
1494003368, 0, 383, 384, 222, 1, 4.02%, 0, 0, 2, 161.67
1494003373, 1, 1, 384, 221, 0, 4.02%, 0, 0, 2, 168.18
1494003378, 1, 2, 384, 221, 0, 4.02%, 0, 0, 2, 165.46
1494003384, 1, 5, 386, 222, 0, 4.02%, 0, 0, 2, 173.33
1494003389, 1, 7, 386, 222, 0, 4.02%, 0, 0, 2, 178.85
1494003394, 1, 15, 386, 221, 0, 4.02%, 0, 0, 2, 182.81
1494003399, 1, 17, 386, 220, 0, 4.02%, 0, 0, 2, 164.56
1494003404, 1, 19, 387, 221, 0, 4.02%, 0, 0, 2, 158.11
1494003409, 1, 21, 387, 220, 0, 4.02%, 0, 0, 2, 177.37
1494003414, 1, 24, 387, 219, 0, 4.02%, 0, 0, 2, 142.92
1494003419, 1, 25, 387, 218, 0, 4.02%, 0, 0, 2, 167.17
1494003424, 1, 27, 387, 218, 0, 4.02%, 0, 0, 2, 143.70
1494003429, 1, 28, 387, 217, 0, 4.02%, 0, 0, 2, 174.74
1494003435, 1, 31, 388, 217, 0, 4.02%, 0, 0, 2, 163.81
1494003440, 1, 35, 388, 217, 0, 4.02%, 0, 0, 2, 183.37
1494003445, 1, 38, 388, 217, 0, 4.02%, 0, 0, 2, 155.11
1494003450, 1, 43, 388, 217, 0, 4.02%, 0, 0, 2, 159.93
1494003455, 1, 45, 388, 216, 0, 4.02%, 0, 0, 2, 158.98
1494003460, 1, 52, 390, 217, 0, 4.02%, 0, 0, 2, 185.88
1494003466, 1, 55, 390, 217, 0, 4.02%, 0, 0, 2, 199.98
1494003471, 1, 58, 390, 216, 0, 4.02%, 0, 0, 2, 186.22
1494003476, 1, 59, 390, 216, 0, 4.02%, 0, 0, 2, 191.07
1494003481, 1, 61, 390, 216, 0, 4.02%, 0, 0, 2, 184.27
1494003486, 1, 63, 390, 216, 0, 4.02%, 0, 0, 2, 173.02
1494003491, 1, 65, 390, 216, 0, 4.02%, 0, 0, 2, 184.97
1494003496, 1, 67, 390, 215, 0, 4.02%, 0, 0, 2, 186.33
1494003501, 1, 70, 390, 215, 0, 4.02%, 0, 0, 2, 171.05
1494003506, 1, 74, 390, 214, 0, 4.02%, 0, 0, 2, 164.67
1494003511, 1, 77, 390, 213, 0, 4.02%, 0, 0, 2, 165.12
1494003517, 1, 80, 390, 213, 0, 4.02%, 0, 0, 2, 158.94
1494003522, 1, 81, 390, 213, 0, 4.02%, 0, 0, 2, 163.51
1494003527, 1, 84, 390, 213, 0, 4.02%, 0, 0, 2, 193.68
1494003532, 1, 89, 390, 213, 0, 4.02%, 0, 0, 2, 171.63
1494003537, 1, 91, 390, 213, 0, 4.02%, 0, 0, 2, 170.92
1494003542, 1, 93, 390, 213, 0, 4.02%, 0, 0, 2, 163.58
1494003547, 1, 96, 390, 212, 0, 4.02%, 0, 0, 2, 161.14
1494003552, 1, 97, 390, 211, 0, 4.02%, 0, 0, 2, 158.66
1494003557, 1, 99, 390, 210, 0, 4.02%, 0, 0, 2, 182.25
1494003563, 1, 101, 390, 210, 0, 4.02%, 0, 0, 2, 177.33
1494003568, 1, 102, 390, 210, 0, 4.02%, 0, 0, 2, 179.46
1494003573, 1, 104, 390, 210, 0, 4.02%, 0, 0, 2, 184.64
1494003578, 1, 110, 390, 209, 0, 4.02%, 0, 0, 2, 173.43
1494003583, 1, 113, 390, 209, 0, 4.02%, 0, 0, 2, 176.66
1494003588, 1, 116, 390, 209, 0, 4.02%, 0, 0, 2, 194.54
1494003593, 1, 117, 390, 208, 0, 4.02%, 0, 0, 2, 159.35
1494003598, 1, 119, 390, 207, 0, 4.02%, 0, 0, 2, 170.71
1494003604, 1, 121, 390, 207, 0, 4.02%, 0, 0, 2, 184.25
1494003609, 1, 122, 390, 207, 0, 4.02%, 0, 0, 2, 176.60
1494003614, 1, 126, 390, 207, 0, 4.02%, 0, 0, 2, 185.69
1494003619, 1, 129, 390, 207, 0, 4.02%, 0, 0, 2, 174.46
1494003624, 1, 131, 390, 207, 0, 4.02%, 0, 0, 2, 150.68
1494003629, 1, 133, 390, 207, 0, 4.02%, 0, 0, 2, 153.53
1494003634, 1, 135, 390, 207, 0, 4.02%, 0, 0, 2, 159.41
1494003639, 1, 140, 390, 206, 0, 4.02%, 0, 0, 2, 165.22
1494003644, 1, 141, 390, 205, 0, 4.02%, 0, 0, 2, 181.73
1494003650, 1, 143, 390, 205, 0, 4.02%, 0, 0, 2, 182.43
1494003655, 1, 151, 390, 204, 0, 4.02%, 0, 0, 2, 188.59
1494003660, 1, 152, 390, 204, 0, 4.02%, 0, 0, 2, 158.29
1494003665, 1, 154, 390, 204, 0, 4.02%, 0, 0, 2, 178.77
1494003670, 1, 156, 391, 205, 0, 4.02%, 0, 0, 2, 163.22
1494003675, 1, 161, 391, 205, 0, 4.02%, 0, 0, 2, 151.43
1494003680, 1, 167, 391, 205, 0, 4.02%, 0, 0, 2, 182.24
1494003685, 1, 170, 392, 206, 0, 4.02%, 0, 0, 2, 169.38
1494003691, 1, 172, 392, 205, 0, 4.02%, 0, 0, 2, 186.72
1494003696, 1, 174, 392, 205, 0, 4.02%, 0, 0, 2, 181.70
1494003701, 1, 176, 392, 203, 0, 4.02%, 0, 0, 2, 155.18
1494003706, 1, 182, 392, 202, 0, 4.02%, 0, 0, 2, 159.34
1494003711, 1, 183, 392, 202, 0, 4.02%, 0, 0, 2, 170.04
1494003716, 1, 184, 392, 202, 0, 4.02%, 0, 0, 2, 162.80
1494003721, 1, 185, 394, 203, 0, 4.02%, 0, 0, 2, 155.35
1494003726, 1, 186, 394, 203, 0, 4.02%, 0, 0, 2, 183.79
1494003732, 1, 189, 394, 201, 0, 4.02%, 0, 0, 2, 186.59
1494003737, 1, 191, 394, 201, 0, 4.02%, 0, 0, 2, 188.46
1494003742, 1, 194, 397, 204, 0, 4.02%, 0, 0, 2, 213.15
1494003747, 1, 201, 397, 202, 0, 4.02%, 0, 0, 2, 191.12
1494003752, 1, 203, 397, 202, 0, 4.02%, 0, 0, 2, 191.31
1494003757, 1, 205, 401, 206, 0, 4.02%, 0, 0, 2, 162.21
1494003762, 1, 208, 401, 205, 0, 4.02%, 0, 0, 2, 174.06
1494003768, 1, 214, 401, 205, 0, 4.02%, 0, 0, 2, 120.90
1494003773, 1, 218, 401, 204, 0, 4.02%, 0, 0, 2, 165.44
1494003783, 1, 221, 401, 203, 0, 4.02%, 0, 0, 2, 158.41
1494003788, 1, 222, 401, 202, 0, 4.02%, 0, 0, 2, 186.41
1494003794, 1, 225, 404, 205, 0, 4.02%, 0, 0, 2, 170.85
1494003799, 1, 228, 404, 205, 0, 4.02%, 0, 0, 2, 174.50
1494003804, 1, 232, 404, 205, 0, 4.02%, 0, 0, 2, 183.61
1494003809, 1, 234, 404, 204, 0, 4.02%, 0, 0, 2, 107.40
1494003814, 1, 239, 404, 202, 0, 4.02%, 0, 0, 2, 154.19
1494003819, 1, 242, 404, 202, 0, 4.02%, 0, 0, 2, 177.22
1494003824, 1, 245, 405, 203, 0, 4.02%, 0, 0, 2, 109.36
1494003840, 1, 246, 405, 202, 0, 4.02%, 0, 0, 2, 166.41
1494003845, 1, 247, 405, 202, 0, 4.02%, 0, 0, 2, 176.85
1494003850, 1, 249, 405, 202, 0, 4.02%, 0, 0, 2, 187.71
1494003855, 1, 253, 405, 201, 0, 4.02%, 0, 0, 2, 131.67
1494003860, 1, 255, 405, 200, 0, 4.02%, 0, 0, 2, 140.93
1494003865, 1, 256, 405, 200, 0, 4.02%, 0, 0, 2, 158.45
1494003871, 1, 260, 405, 200, 0, 4.02%, 0, 0, 2, 170.05
1494003876, 1, 262, 405, 200, 0, 4.02%, 0, 0, 2, 162.12
1494003881, 1, 264, 405, 200, 0, 4.02%, 0, 0, 2, 162.32
1494003886, 1, 267, 405, 200, 0, 4.02%, 0, 0, 2, 153.40
1494003891, 1, 270, 405, 200, 0, 4.02%, 0, 0, 2, 107.29
1494003896, 1, 271, 405, 199, 0, 4.02%, 0, 0, 2, 147.52
1494003902, 1, 272, 405, 199, 0, 4.02%, 0, 0, 2, 186.32
1494003907, 1, 274, 405, 199, 0, 4.02%, 0, 0, 2, 168.35
1494003912, 1, 275, 405, 199, 0, 4.02%, 0, 0, 2, 122.85
1494003917, 1, 283, 406, 198, 0, 4.02%, 0, 0, 2, 151.18
1494003922, 1, 285, 406, 198, 0, 4.02%, 0, 0, 2, 23.65
1494003958, 1, 287, 406, 197, 0, 4.02%, 0, 0, 2, 174.86
1494003963, 1, 290, 406, 197, 0, 4.02%, 0, 0, 2, 167.66
1494003968, 1, 299, 406, 197, 0, 4.02%, 0, 0, 2, 187.87
1494003973, 1, 302, 406, 196, 0, 4.02%, 0, 0, 2, 177.79
1494003979, 1, 305, 406, 196, 0, 4.02%, 0, 0, 2, 182.48
1494003984, 1, 311, 406, 196, 0, 4.02%, 0, 0, 2, 169.17
1494003989, 1, 317, 406, 196, 0, 4.02%, 0, 0, 2, 181.20
1494003994, 1, 320, 406, 196, 0, 4.02%, 0, 0, 2, 111.30
1494003999, 1, 321, 406, 196, 0, 4.02%, 0, 0, 2, 197.00
1494004004, 1, 324, 406, 195, 0, 4.02%, 0, 0, 2, 200.25
1494004009, 1, 326, 407, 196, 0, 4.02%, 0, 0, 2, 183.51
1494004014, 1, 330, 407, 196, 0, 4.02%, 0, 0, 2, 166.26
1494004019, 1, 335, 407, 196, 0, 4.02%, 0, 0, 2, 114.82
1494004025, 1, 338, 407, 195, 0, 4.02%, 0, 0, 2, 122.08
1494004035, 1, 408, 411, 199, 2, 4.02%, 0, 0, 2, 62.39
1494004045, 1, 410, 412, 199, 1, 4.02%, 0, 0, 2, 111.13
1494004055, 2, 0, 412, 198, 0, 4.02%, 0, 0, 2, 159.99
1494004061, 2, 2, 412, 198, 0, 4.02%, 0, 0, 2, 168.84
1494004066, 2, 2, 414, 200, 0, 4.02%, 0, 0, 2, 124.63
1494004071, 2, 412, 414, 199, 2, 4.02%, 0, 0, 2, 170.91
1494004086, 2, 413, 414, 198, 1, 4.02%, 0, 0, 2, 98.79
1494004102, 3, 0, 414, 197, 0, 4.02%, 0, 0, 2, 123.77
1494004107, 3, 1, 415, 198, 0, 4.02%, 0, 0, 2, 139.30
1494004112, 3, 5, 415, 198, 0, 4.02%, 0, 0, 2, 163.99
1494004117, 3, 7, 415, 198, 0, 4.02%, 0, 0, 2, 175.42
1494004122, 3, 8, 415, 198, 0, 4.02%, 0, 0, 2, 174.06
1494004127, 3, 9, 415, 197, 0, 4.02%, 0, 0, 2, 178.14
1494004132, 3, 12, 415, 195, 0, 4.02%, 0, 0, 2, 170.52
1494004137, 3, 17, 415, 195, 0, 4.02%, 0, 0, 2, 180.37
1494004142, 3, 19, 415, 195, 0, 4.02%, 0, 0, 2, 161.71
1494004147, 3, 25, 416, 196, 0, 4.02%, 0, 0, 2, 174.27
1494004152, 3, 29, 416, 196, 0, 4.02%, 0, 0, 2, 176.97
1494004157, 3, 30, 416, 196, 0, 4.02%, 0, 0, 2, 191.55
1494004163, 3, 32, 416, 195, 0, 4.02%, 0, 0, 2, 150.60
1494004168, 3, 35, 416, 194, 0, 4.02%, 0, 0, 2, 187.28
1494004173, 3, 37, 416, 194, 0, 4.02%, 0, 0, 2, 156.86
1494004178, 3, 39, 417, 194, 0, 4.02%, 0, 0, 2, 156.69
1494004183, 3, 45, 417, 194, 0, 4.02%, 0, 0, 2, 177.93
1494004188, 3, 47, 417, 194, 0, 4.02%, 0, 0, 2, 179.98
1494004193, 3, 52, 417, 193, 0, 4.02%, 0, 0, 2, 182.66
1494004198, 3, 55, 417, 193, 0, 4.02%, 0, 0, 2, 191.79
1494004203, 3, 58, 417, 192, 0, 4.02%, 0, 0, 2, 186.46
1494004209, 3, 59, 417, 192, 0, 4.02%, 0, 0, 2, 187.24
1494004214, 3, 60, 417, 192, 0, 4.02%, 0, 0, 2, 171.75
1494004219, 3, 62, 417, 192, 0, 4.02%, 0, 0, 2, 168.31
1494004224, 3, 66, 417, 192, 0, 4.02%, 0, 0, 2, 158.43
1494004229, 3, 67, 417, 192, 0, 4.02%, 0, 0, 2, 175.96
1494004234, 3, 69, 417, 191, 0, 4.02%, 0, 0, 2, 147.53
1494004240, 3, 70, 417, 190, 0, 4.02%, 0, 0, 2, 159.89
1494004245, 3, 74, 417, 189, 0, 4.02%, 0, 0, 2, 70.23
1494004250, 3, 76, 417, 189, 0, 4.02%, 0, 0, 2, 133.05
1494004255, 3, 78, 417, 188, 0, 4.02%, 0, 0, 2, 163.45
1494004260, 3, 79, 417, 187, 0, 4.02%, 0, 0, 2, 225.00
1494004265, 3, 81, 417, 187, 0, 4.02%, 0, 0, 2, 185.30
1494004270, 3, 83, 417, 186, 0, 4.02%, 0, 0, 2, 185.02
1494004275, 3, 84, 417, 186, 0, 4.02%, 0, 0, 2, 197.19
1494004280, 3, 89, 417, 186, 0, 4.02%, 0, 0, 2, 174.31
1494004285, 3, 91, 417, 186, 0, 4.02%, 0, 0, 2, 162.79
1494004290, 3, 94, 417, 186, 0, 4.02%, 0, 0, 2, 172.38
1494004296, 3, 99, 417, 186, 0, 4.02%, 0, 0, 2, 161.32
1494004306, 3, 102, 417, 186, 0, 4.02%, 0, 0, 2, 177.15
1494004311, 3, 107, 417, 186, 0, 4.02%, 0, 0, 2, 169.06
1494004316, 3, 110, 418, 186, 0, 4.02%, 0, 0, 2, 171.10
1494004321, 3, 113, 418, 186, 0, 4.02%, 0, 0, 2, 169.41
1494004326, 3, 115, 419, 186, 0, 4.02%, 0, 0, 2, 184.92
1494004331, 3, 118, 419, 186, 0, 4.02%, 0, 0, 2, 180.48
1494004337, 3, 121, 419, 186, 0, 4.02%, 0, 0, 2, 174.78
1494004347, 3, 125, 421, 188, 0, 4.02%, 0, 0, 2, 165.66
1494004352, 3, 127, 421, 187, 0, 4.02%, 0, 0, 2, 170.41
1494004357, 3, 129, 421, 186, 0, 4.02%, 0, 0, 2, 166.61
1494004362, 3, 131, 421, 186, 0, 4.02%, 0, 0, 2, 165.37
1494004367, 3, 133, 421, 186, 0, 4.02%, 0, 0, 2, 148.06
1494004372, 3, 134, 421, 186, 0, 4.02%, 0, 0, 2, 145.79
1494004377, 3, 141, 421, 185, 0, 4.02%, 0, 0, 2, 162.50
1494004388, 3, 151, 422, 186, 0, 4.02%, 0, 0, 2, 185.09
1494004393, 3, 153, 422, 186, 0, 4.02%, 0, 0, 2, 184.76
1494004398, 3, 154, 422, 186, 0, 4.02%, 0, 0, 2, 187.37
1494004403, 3, 156, 426, 190, 0, 4.02%, 0, 0, 2, 154.54
1494004408, 3, 158, 426, 190, 0, 4.02%, 0, 0, 2, 184.04
1494004413, 3, 161, 426, 189, 0, 4.02%, 0, 0, 2, 174.71
1494004418, 3, 167, 426, 189, 0, 4.02%, 0, 0, 2, 178.49
1494004423, 3, 170, 428, 191, 0, 4.02%, 0, 0, 2, 157.87
1494004428, 3, 172, 428, 191, 0, 4.02%, 0, 0, 2, 178.68
1494004434, 3, 182, 428, 191, 0, 4.02%, 0, 0, 2, 176.91
1494004439, 3, 183, 428, 191, 0, 4.02%, 0, 0, 2, 186.92
1494004444, 3, 187, 430, 193, 0, 4.02%, 0, 0, 2, 165.21
1494004449, 3, 189, 430, 192, 0, 4.02%, 0, 0, 2, 172.28
1494004454, 3, 191, 430, 192, 0, 4.02%, 0, 0, 2, 168.80
1494004459, 3, 201, 430, 191, 0, 4.02%, 0, 0, 2, 160.74
1494004464, 3, 203, 430, 191, 0, 4.02%, 0, 0, 2, 179.47
1494004470, 3, 209, 430, 191, 0, 4.02%, 0, 0, 2, 176.85
1494004475, 3, 218, 430, 190, 0, 4.02%, 0, 0, 2, 177.89
1494004480, 3, 220, 430, 190, 0, 4.02%, 0, 0, 2, 146.16
1494004490, 3, 222, 430, 189, 0, 4.02%, 0, 0, 2, 175.56
1494004495, 3, 231, 432, 191, 2, 4.04%, 0, 0, 2, 150.97
1494004505, 3, 431, 432, 189, 1, 4.04%, 0, 0, 2, 157.28
1494004516, 4, 0, 432, 188, 0, 4.04%, 0, 0, 2, 138.36
1494004521, 4, 29, 433, 189, 1, 4.04%, 0, 0, 2, 149.57
1494004526, 4, 56, 433, 189, 1, 4.04%, 0, 0, 2, 175.03
1494004531, 4, 197, 433, 189, 1, 4.04%, 0, 0, 2, 106.30
1494004536, 4, 203, 436, 191, 1, 4.04%, 0, 0, 2, 138.22
1494004541, 4, 305, 436, 191, 1, 4.04%, 0, 0, 2, 175.49
1494004546, 4, 308, 436, 191, 1, 4.04%, 0, 0, 2, 171.89
1494004552, 4, 318, 436, 190, 1, 4.04%, 0, 0, 2, 189.69
1494004557, 4, 433, 439, 192, 1, 4.04%, 0, 0, 2, 161.28
1494004582, 4, 436, 439, 191, 0, 4.04%, 0, 0, 2, 140.23
1494004597, 5, 0, 439, 190, 0, 4.04%, 0, 0, 2, 150.85
1494004602, 5, 2, 439, 190, 0, 4.04%, 0, 0, 2, 168.20
1494004608, 5, 4, 447, 198, 0, 4.04%, 0, 0, 2, 141.13
1494004613, 5, 7, 447, 198, 0, 4.04%, 0, 0, 2, 178.59
1494004618, 5, 13, 448, 199, 0, 4.04%, 0, 0, 2, 170.87
1494004623, 5, 15, 448, 197, 0, 4.04%, 0, 0, 2, 25.86
1494004628, 5, 18, 448, 197, 0, 4.04%, 0, 0, 2, 164.01
1494004633, 5, 181, 449, 198, 1, 4.05%, 0, 0, 2, 157.00
1494004638, 5, 359, 449, 198, 1, 4.05%, 0, 0, 2, 168.76
1494004643, 5, 429, 450, 198, 1, 4.05%, 0, 0, 2, 179.20
1494004648, 5, 448, 450, 197, 1, 4.05%, 0, 0, 2, 153.40
1494004664, 6, 0, 451, 197, 0, 4.05%, 0, 0, 2, 154.19
1494004669, 6, 1, 451, 197, 0, 4.05%, 0, 0, 2, 169.88
1494004674, 6, 5, 451, 197, 0, 4.05%, 0, 0, 2, 180.36
1494004679, 6, 7, 452, 198, 0, 4.05%, 0, 0, 2, 173.10
1494004684, 6, 15, 452, 198, 0, 4.05%, 0, 0, 2, 177.04
1494004689, 6, 19, 452, 198, 0, 4.05%, 0, 0, 2, 157.45
1494004694, 6, 25, 452, 198, 0, 4.05%, 0, 0, 2, 160.98
1494004699, 6, 26, 452, 198, 0, 4.05%, 0, 0, 2, 171.97
1494004705, 6, 31, 453, 199, 0, 4.05%, 0, 0, 2, 168.42
1494004710, 6, 35, 453, 199, 0, 4.05%, 0, 0, 2, 187.70
1494004715, 6, 38, 453, 199, 0, 4.05%, 0, 0, 2, 162.34
1494004720, 6, 39, 453, 199, 0, 4.05%, 0, 0, 2, 157.87
1494004725, 6, 43, 454, 199, 0, 4.05%, 0, 0, 2, 159.71
1494004730, 6, 52, 454, 198, 0, 4.05%, 0, 0, 2, 172.45
1494004735, 6, 53, 454, 198, 0, 4.05%, 0, 0, 2, 187.16
1494004740, 6, 58, 455, 198, 0, 4.05%, 0, 0, 2, 169.77
1494004746, 6, 59, 455, 198, 0, 4.05%, 0, 0, 2, 176.91
1494004751, 6, 61, 455, 198, 0, 4.05%, 0, 0, 2, 188.04
1494004756, 6, 63, 455, 198, 0, 4.05%, 0, 0, 2, 171.88
1494004761, 6, 66, 455, 198, 0, 4.05%, 0, 0, 2, 158.66
1494004766, 6, 70, 455, 198, 0, 4.05%, 0, 0, 2, 181.22
1494004771, 6, 74, 455, 198, 0, 4.05%, 0, 0, 2, 155.08
1494004777, 6, 77, 455, 198, 0, 4.05%, 0, 0, 2, 161.62
1494004782, 6, 80, 455, 198, 0, 4.05%, 0, 0, 2, 164.34
1494004787, 6, 83, 455, 198, 0, 4.05%, 0, 0, 2, 164.00
1494004792, 6, 84, 455, 198, 0, 4.05%, 0, 0, 2, 191.54
1494004797, 6, 89, 455, 198, 0, 4.05%, 0, 0, 2, 172.94
1494004802, 6, 91, 455, 198, 0, 4.05%, 0, 0, 2, 162.63
1494004807, 6, 93, 455, 197, 0, 4.05%, 0, 0, 2, 171.86
1494004812, 6, 97, 455, 197, 0, 4.05%, 0, 0, 2, 169.25
1494004818, 6, 99, 455, 197, 0, 4.05%, 0, 0, 2, 166.65
1494004823, 6, 101, 455, 197, 0, 4.05%, 0, 0, 2, 173.85
1494004828, 6, 102, 455, 197, 0, 4.05%, 0, 0, 2, 30.26
1494004833, 6, 105, 455, 197, 0, 4.05%, 0, 0, 2, 135.26
1494004838, 6, 108, 455, 196, 0, 4.05%, 0, 0, 2, 168.24
1494004843, 6, 110, 456, 196, 0, 4.05%, 0, 0, 2, 170.99
1494004848, 6, 178, 456, 196, 1, 4.05%, 0, 0, 2, 184.45
1494004854, 6, 349, 457, 196, 1, 4.05%, 0, 0, 2, 111.61
1494004859, 6, 455, 457, 196, 1, 4.05%, 0, 0, 2, 157.08
1494004869, 7, 0, 457, 195, 0, 4.05%, 0, 0, 2, 143.88
1494004874, 7, 1, 457, 195, 0, 4.05%, 0, 0, 2, 159.93
1494004879, 7, 5, 457, 195, 0, 4.05%, 0, 0, 2, 154.52
1494004885, 7, 7, 457, 195, 0, 4.05%, 0, 0, 2, 169.16
1494004890, 7, 15, 457, 195, 0, 4.05%, 0, 0, 2, 177.04
1494004895, 7, 19, 457, 195, 0, 4.05%, 0, 0, 2, 167.52
1494004900, 7, 25, 457, 195, 0, 4.05%, 0, 0, 2, 185.45
1494004905, 7, 26, 458, 196, 0, 4.05%, 0, 0, 2, 181.13
1494004910, 7, 29, 458, 196, 0, 4.05%, 0, 0, 2, 172.54
1494004915, 7, 33, 458, 196, 0, 4.05%, 0, 0, 2, 144.87
1494004920, 7, 35, 458, 195, 0, 4.05%, 0, 0, 2, 186.17
1494004925, 7, 38, 459, 196, 0, 4.05%, 0, 0, 2, 169.10
1494004931, 7, 41, 459, 196, 0, 4.05%, 0, 0, 2, 152.59
1494004936, 7, 45, 459, 195, 0, 4.05%, 0, 0, 2, 168.54
1494004941, 7, 46, 460, 196, 0, 4.05%, 0, 0, 2, 143.20
1494004946, 7, 52, 460, 195, 0, 4.05%, 0, 0, 2, 175.04
1494004951, 7, 58, 460, 195, 0, 4.05%, 0, 0, 2, 178.75
1494004956, 7, 59, 461, 196, 0, 4.05%, 0, 0, 2, 173.67
1494004961, 7, 61, 461, 196, 0, 4.05%, 0, 0, 2, 182.11
1494004966, 7, 62, 461, 196, 0, 4.05%, 0, 0, 2, 180.51
1494004971, 7, 66, 461, 196, 0, 4.05%, 0, 0, 2, 159.21
1494004977, 7, 67, 461, 196, 0, 4.05%, 0, 0, 2, 181.97
1494004982, 7, 74, 461, 196, 0, 4.05%, 0, 0, 2, 165.74
1494004987, 7, 77, 463, 198, 0, 4.05%, 0, 0, 2, 137.61
1494004992, 7, 79, 463, 198, 0, 4.05%, 0, 0, 2, 165.08
1494004997, 7, 81, 463, 198, 0, 4.05%, 0, 0, 2, 169.28
1494005002, 7, 84, 463, 198, 0, 4.05%, 0, 0, 2, 216.21
1494005008, 7, 86, 463, 198, 0, 4.05%, 0, 0, 2, 190.26
1494005013, 7, 90, 463, 198, 0, 4.05%, 0, 0, 2, 171.99
1494005018, 7, 93, 463, 198, 0, 4.05%, 0, 0, 2, 154.55
1494005023, 7, 97, 463, 198, 0, 4.05%, 0, 0, 2, 159.43
1494005028, 7, 99, 463, 198, 0, 4.05%, 0, 0, 2, 175.54
1494005033, 7, 101, 463, 198, 0, 4.05%, 0, 0, 2, 167.31
1494005038, 7, 102, 463, 198, 0, 4.05%, 0, 0, 2, 166.30
1494005043, 7, 110, 463, 198, 0, 4.05%, 0, 0, 2, 165.92
1494005048, 7, 111, 463, 198, 0, 4.05%, 0, 0, 2, 27.89
1494005053, 7, 115, 463, 198, 0, 4.05%, 0, 0, 2, 182.19
1494005058, 7, 118, 463, 198, 0, 4.05%, 0, 0, 2, 170.53
1494005064, 7, 120, 464, 199, 0, 4.05%, 0, 0, 2, 158.32
1494005069, 7, 121, 464, 199, 0, 4.05%, 0, 0, 2, 168.24
1494005074, 7, 124, 464, 199, 0, 4.05%, 0, 0, 2, 175.56
1494005079, 7, 128, 464, 199, 0, 4.05%, 0, 0, 2, 166.17
1494005084, 7, 130, 464, 199, 0, 4.05%, 0, 0, 2, 152.31
1494005089, 7, 132, 464, 199, 0, 4.05%, 0, 0, 2, 155.30
1494005094, 7, 133, 465, 200, 0, 4.05%, 0, 0, 2, 137.71
1494005099, 7, 135, 465, 200, 0, 4.05%, 0, 0, 2, 123.46
1494005105, 7, 141, 465, 200, 0, 4.05%, 0, 0, 2, 157.11
1494005110, 7, 142, 465, 200, 0, 4.05%, 0, 0, 2, 179.62
1494005115, 7, 150, 467, 201, 0, 4.05%, 0, 0, 2, 151.33
1494005130, 7, 151, 467, 200, 0, 4.05%, 0, 0, 2, 180.96
1494005135, 7, 153, 468, 201, 0, 4.05%, 0, 0, 2, 181.38
1494005141, 7, 154, 470, 203, 0, 4.05%, 0, 0, 2, 179.70
1494005146, 7, 160, 470, 203, 0, 4.05%, 0, 0, 2, 169.50
1494005151, 7, 165, 470, 203, 0, 4.05%, 0, 0, 2, 50.88
1494005156, 7, 167, 470, 202, 0, 4.05%, 0, 0, 2, 130.37
1494005161, 7, 169, 470, 202, 0, 4.05%, 0, 0, 2, 173.74
1494005167, 7, 172, 470, 202, 0, 4.05%, 0, 0, 2, 182.52
1494005172, 7, 179, 470, 202, 0, 4.05%, 0, 0, 2, 188.66
1494005177, 7, 183, 470, 201, 0, 4.05%, 0, 0, 2, 178.42
1494005182, 7, 185, 470, 201, 0, 4.05%, 0, 0, 2, 160.29
1494005187, 7, 189, 470, 201, 0, 4.05%, 0, 0, 2, 181.51
1494005192, 7, 191, 470, 201, 0, 4.05%, 0, 0, 2, 163.71
1494005198, 7, 201, 471, 201, 0, 4.05%, 0, 0, 2, 156.90
1494005203, 7, 202, 471, 201, 0, 4.05%, 0, 0, 2, 172.19
1494005208, 7, 207, 471, 201, 0, 4.05%, 0, 0, 2, 178.42
1494005213, 7, 216, 471, 200, 0, 4.05%, 0, 0, 2, 184.07
1494005218, 7, 218, 471, 200, 0, 4.05%, 0, 0, 2, 240.42
1494005223, 7, 222, 471, 200, 0, 4.05%, 0, 0, 2, 203.85
1494005229, 7, 224, 471, 200, 0, 4.05%, 0, 0, 2, 178.93
1494005234, 7, 227, 471, 200, 0, 4.05%, 0, 0, 2, 159.32
1494005239, 7, 228, 471, 200, 0, 4.05%, 0, 0, 2, 164.72
1494005244, 7, 231, 471, 200, 0, 4.05%, 0, 0, 2, 163.38
1494005249, 7, 233, 473, 202, 0, 4.05%, 0, 0, 2, 94.23
1494005254, 7, 239, 473, 200, 0, 4.05%, 0, 0, 2, 156.26
1494005259, 7, 242, 473, 199, 0, 4.05%, 0, 0, 2, 164.44
1494005264, 7, 244, 473, 199, 0, 4.05%, 0, 0, 2, 167.22
1494005270, 7, 247, 473, 199, 0, 4.05%, 0, 0, 2, 186.21
1494005280, 7, 256, 473, 199, 0, 4.05%, 0, 0, 2, 183.16
1494005285, 7, 257, 473, 199, 0, 4.05%, 0, 0, 2, 170.81
1494005290, 7, 262, 473, 199, 0, 4.05%, 0, 0, 2, 172.02
1494005295, 7, 263, 473, 199, 0, 4.05%, 0, 0, 2, 112.68
1494005300, 7, 474, 475, 201, 1, 4.05%, 0, 0, 2, 159.26
1494005311, 7, 474, 476, 202, 1, 4.05%, 0, 0, 2, 188.02
1494005326, 8, 0, 476, 201, 0, 4.05%, 0, 0, 2, 161.37
1494005331, 8, 2, 476, 201, 0, 4.05%, 0, 0, 2, 170.39
1494005336, 8, 5, 478, 203, 0, 4.05%, 0, 0, 2, 176.20
1494005341, 8, 12, 478, 203, 0, 4.05%, 0, 0, 2, 171.74
1494005347, 8, 16, 478, 203, 0, 4.05%, 0, 0, 2, 164.23
1494005352, 8, 18, 478, 203, 0, 4.05%, 0, 0, 2, 163.61
1494005357, 8, 21, 478, 203, 0, 4.05%, 0, 0, 2, 162.17
1494005362, 8, 25, 478, 203, 0, 4.05%, 0, 0, 2, 185.16
1494005367, 8, 26, 478, 203, 0, 4.05%, 0, 0, 2, 163.48
1494005372, 8, 31, 478, 203, 0, 4.05%, 0, 0, 2, 166.35
1494005377, 8, 36, 478, 203, 0, 4.05%, 0, 0, 2, 181.32
1494005382, 8, 39, 478, 203, 0, 4.05%, 0, 0, 2, 167.19
1494005387, 8, 40, 479, 204, 0, 4.05%, 0, 0, 2, 148.38
1494005393, 8, 45, 479, 203, 0, 4.05%, 0, 0, 2, 171.60
1494005398, 8, 52, 479, 203, 0, 4.05%, 0, 0, 2, 187.01
1494005403, 8, 57, 479, 203, 0, 4.05%, 0, 0, 2, 183.05
1494005408, 8, 59, 479, 203, 0, 4.05%, 0, 0, 2, 185.31
1494005413, 8, 60, 479, 203, 0, 4.05%, 0, 0, 2, 180.28
1494005418, 8, 61, 479, 203, 0, 4.05%, 0, 0, 2, 183.71
1494005423, 8, 63, 479, 203, 0, 4.05%, 0, 0, 2, 12.41
1494005428, 8, 66, 479, 203, 0, 4.05%, 0, 0, 2, 159.30
1494005434, 8, 67, 479, 203, 0, 4.05%, 0, 0, 2, 183.09
1494005439, 8, 73, 479, 203, 0, 4.05%, 0, 0, 2, 175.57
1494005444, 8, 77, 479, 202, 0, 4.05%, 0, 0, 2, 167.26
1494005449, 8, 78, 479, 202, 0, 4.05%, 0, 0, 2, 175.15
1494005454, 8, 79, 479, 202, 0, 4.05%, 0, 0, 2, 165.08
1494005459, 8, 81, 479, 202, 0, 4.05%, 0, 0, 2, 161.30
1494005464, 8, 84, 479, 202, 0, 4.05%, 0, 0, 2, 178.96
1494005469, 8, 86, 479, 201, 0, 4.05%, 0, 0, 2, 186.95
1494005474, 8, 89, 480, 202, 0, 4.05%, 0, 0, 2, 167.77
1494005479, 8, 91, 480, 202, 0, 4.05%, 0, 0, 2, 163.83
1494005484, 8, 94, 480, 202, 0, 4.05%, 0, 0, 2, 219.07
1494005490, 8, 99, 482, 204, 0, 4.05%, 0, 0, 2, 150.66
1494005500, 8, 102, 482, 204, 0, 4.05%, 0, 0, 2, 172.99
1494005505, 8, 107, 482, 204, 0, 4.05%, 0, 0, 2, 168.65
1494005510, 8, 110, 483, 205, 0, 4.05%, 0, 0, 2, 154.63
1494005515, 8, 112, 483, 205, 0, 4.05%, 0, 0, 2, 177.07
1494005521, 8, 114, 483, 204, 0, 4.05%, 0, 0, 2, 179.02
1494005526, 8, 218, 484, 205, 1, 4.05%, 0, 0, 2, 187.15
1494005531, 8, 282, 484, 205, 1, 4.05%, 0, 0, 2, 205.25
1494005536, 8, 311, 484, 204, 1, 4.05%, 0, 0, 2, 104.32
1494005541, 8, 394, 488, 208, 1, 4.05%, 0, 0, 2, 117.99
1494005551, 8, 483, 488, 207, 1, 4.05%, 0, 0, 2, 153.97
1494005566, 8, 485, 488, 206, 0, 4.05%, 0, 0, 2, 124.82
1494005597, 9, 0, 488, 205, 0, 4.05%, 0, 0, 2, 151.38
1494005602, 9, 1, 488, 205, 0, 4.05%, 0, 0, 2, 152.88
1494005607, 9, 2, 492, 209, 0, 4.05%, 0, 0, 2, 141.59
1494005612, 9, 5, 492, 209, 0, 4.05%, 0, 0, 2, 169.13
1494005618, 9, 9, 493, 210, 0, 4.05%, 0, 0, 2, 30.17
1494005623, 9, 17, 493, 210, 0, 4.05%, 0, 0, 2, 166.69
1494005628, 9, 19, 493, 210, 0, 4.05%, 0, 0, 2, 153.24
1494005633, 9, 23, 493, 210, 0, 4.05%, 0, 0, 2, 166.10
1494005638, 9, 25, 493, 209, 0, 4.05%, 0, 0, 2, 183.37
1494005643, 9, 26, 494, 210, 0, 4.05%, 0, 0, 2, 171.61
1494005648, 9, 34, 494, 210, 0, 4.05%, 0, 0, 2, 167.45
1494005653, 9, 36, 494, 210, 0, 4.05%, 0, 0, 2, 176.04
1494005659, 9, 38, 494, 210, 0, 4.05%, 0, 0, 2, 147.27
1494005664, 9, 45, 494, 210, 0, 4.05%, 0, 0, 2, 165.46
1494005669, 9, 52, 494, 210, 0, 4.05%, 0, 0, 2, 184.76
1494005674, 9, 57, 494, 210, 0, 4.05%, 0, 0, 2, 182.56
1494005679, 9, 59, 494, 210, 0, 4.05%, 0, 0, 2, 174.70
1494005689, 9, 61, 494, 210, 0, 4.05%, 0, 0, 2, 179.08
1494005694, 9, 63, 494, 210, 0, 4.05%, 0, 0, 2, 179.52
1494005699, 9, 67, 494, 210, 0, 4.05%, 0, 0, 2, 165.58
1494005704, 9, 70, 494, 210, 0, 4.05%, 0, 0, 2, 177.59
1494005709, 9, 74, 494, 210, 0, 4.05%, 0, 0, 2, 164.12
1494005715, 9, 77, 494, 210, 0, 4.05%, 0, 0, 2, 138.35
1494005720, 9, 80, 494, 210, 0, 4.05%, 0, 0, 2, 144.99
1494005725, 9, 83, 494, 210, 0, 4.05%, 0, 0, 2, 161.38
1494005730, 9, 84, 494, 210, 0, 4.05%, 0, 0, 2, 173.63
1494005735, 9, 88, 495, 211, 0, 4.05%, 0, 0, 2, 155.31
1494005745, 9, 90, 496, 211, 0, 4.05%, 0, 0, 2, 126.05
1494005750, 9, 93, 496, 211, 0, 4.05%, 0, 0, 2, 151.18
1494005756, 9, 97, 496, 211, 0, 4.05%, 0, 0, 2, 158.12
1494005761, 9, 99, 496, 211, 0, 4.05%, 0, 0, 2, 173.14
1494005766, 9, 101, 496, 211, 0, 4.05%, 0, 0, 2, 171.82
1494005771, 9, 102, 496, 211, 0, 4.05%, 0, 0, 2, 174.91
1494005776, 9, 110, 496, 211, 0, 4.05%, 0, 0, 2, 149.25
1494005781, 9, 111, 496, 211, 0, 4.05%, 0, 0, 2, 150.12
1494005787, 9, 115, 496, 211, 0, 4.05%, 0, 0, 2, 195.97
1494005792, 9, 118, 496, 211, 0, 4.05%, 0, 0, 2, 178.21
1494005797, 9, 120, 496, 211, 0, 4.05%, 0, 0, 2, 164.47
1494005802, 9, 121, 496, 211, 0, 4.05%, 0, 0, 2, 179.78
1494005807, 9, 126, 497, 212, 0, 4.05%, 0, 0, 2, 162.05
1494005812, 9, 129, 497, 212, 0, 4.05%, 0, 0, 2, 168.86
1494005817, 9, 130, 497, 212, 0, 4.05%, 0, 0, 2, 133.73
1494005822, 9, 132, 497, 212, 0, 4.05%, 0, 0, 2, 154.38
1494005827, 9, 134, 497, 212, 0, 4.05%, 0, 0, 2, 144.90
1494005832, 9, 141, 497, 212, 0, 4.05%, 0, 0, 2, 146.82
1494005843, 9, 149, 497, 211, 0, 4.05%, 0, 0, 2, 177.08
1494005853, 9, 151, 498, 211, 0, 4.05%, 0, 0, 2, 190.20
1494005858, 9, 153, 498, 211, 0, 4.05%, 0, 0, 2, 178.73
1494005863, 9, 154, 498, 211, 0, 4.05%, 0, 0, 2, 184.50
1494005868, 9, 156, 499, 211, 0, 4.05%, 0, 0, 2, 163.24
1494005873, 9, 161, 499, 211, 0, 4.05%, 0, 0, 2, 162.72
1494005879, 9, 162, 499, 211, 0, 4.05%, 0, 0, 2, 67.22
1494005884, 9, 164, 499, 210, 0, 4.05%, 0, 0, 2, 145.67
1494005889, 9, 167, 499, 209, 0, 4.05%, 0, 0, 2, 176.10
1494005894, 9, 170, 499, 209, 0, 4.05%, 0, 0, 2, 182.48
1494005899, 9, 172, 499, 209, 0, 4.05%, 0, 0, 2, 184.13
1494005904, 9, 182, 499, 209, 0, 4.05%, 0, 0, 2, 173.54
1494005909, 9, 183, 500, 210, 0, 4.05%, 0, 0, 2, 177.29
1494005915, 9, 189, 500, 210, 0, 4.05%, 0, 0, 2, 177.48
1494005920, 9, 191, 500, 210, 0, 4.05%, 0, 0, 2, 191.71
1494005925, 9, 199, 500, 210, 0, 4.05%, 0, 0, 2, 140.51
1494005930, 9, 201, 500, 209, 0, 4.05%, 0, 0, 2, 133.40
1494005935, 9, 202, 500, 209, 0, 4.05%, 0, 0, 2, 181.99
1494005940, 9, 211, 500, 209, 0, 4.05%, 0, 0, 2, 164.47
1494005945, 9, 215, 500, 208, 0, 4.05%, 0, 0, 2, 176.69
1494005950, 9, 216, 500, 207, 0, 4.05%, 0, 0, 2, 177.89
1494005956, 9, 217, 500, 207, 0, 4.05%, 0, 0, 2, 83.05
1494005996, 9, 218, 500, 206, 0, 4.05%, 0, 0, 2, 124.06
1494006002, 9, 222, 500, 206, 0, 4.05%, 0, 0, 2, 197.14
1494006007, 9, 222, 502, 208, 0, 4.05%, 0, 0, 2, 22.56
1494006012, 9, 223, 502, 208, 0, 4.05%, 0, 0, 2, 134.80
1494006017, 9, 225, 502, 207, 0, 4.05%, 0, 0, 2, 153.87
1494006022, 9, 227, 502, 206, 0, 4.05%, 0, 0, 2, 154.90
1494006027, 9, 228, 502, 206, 0, 4.05%, 0, 0, 2, 189.81
1494006032, 9, 231, 502, 206, 0, 4.05%, 0, 0, 2, 181.37
1494006038, 9, 236, 502, 206, 0, 4.05%, 0, 0, 2, 25.84
1494006117, 9, 238, 502, 205, 0, 4.05%, 0, 1, 2, 168.75
1494006127, 9, 242, 503, 204, 0, 4.05%, 0, 1, 2, 174.06
1494006137, 9, 246, 503, 203, 0, 4.05%, 0, 1, 2, 170.87
1494006142, 9, 247, 504, 204, 0, 4.05%, 0, 1, 2, 171.29
1494006152, 9, 256, 504, 203, 0, 4.05%, 0, 1, 2, 177.99
1494006162, 9, 260, 507, 206, 0, 4.05%, 0, 1, 2, 100.85
1494006167, 9, 262, 507, 206, 0, 4.05%, 0, 1, 2, 145.22
1494006173, 9, 265, 507, 206, 0, 4.05%, 0, 1, 2, 166.66
1494006178, 9, 271, 507, 206, 0, 4.05%, 0, 1, 2, 197.84
1494006188, 9, 279, 507, 206, 0, 4.05%, 0, 1, 2, 172.68
1494006193, 9, 281, 507, 205, 0, 4.05%, 0, 1, 2, 175.36
1494006203, 9, 283, 509, 206, 0, 4.05%, 0, 1, 2, 141.46
1494006208, 9, 287, 509, 206, 0, 4.05%, 0, 1, 2, 158.20
1494006213, 9, 290, 509, 206, 0, 4.05%, 0, 1, 2, 162.90
1494006218, 9, 299, 509, 206, 0, 4.05%, 0, 1, 2, 184.84
1494006224, 9, 302, 509, 205, 0, 4.05%, 0, 1, 2, 152.79
1494006229, 9, 304, 509, 205, 0, 4.05%, 0, 1, 2, 170.69
1494006234, 9, 305, 509, 204, 0, 4.05%, 0, 1, 2, 178.80
1494006239, 9, 310, 509, 203, 0, 4.05%, 0, 1, 2, 181.68
1494006244, 9, 317, 509, 203, 0, 4.05%, 0, 1, 2, 149.99
1494006254, 9, 324, 509, 203, 0, 4.05%, 0, 1, 2, 190.23
1494006259, 9, 325, 512, 205, 0, 4.05%, 0, 1, 2, 23.73
1494006264, 9, 326, 512, 205, 0, 4.05%, 0, 1, 2, 100.99
1494006270, 9, 331, 512, 205, 0, 4.05%, 0, 1, 2, 149.32
1494006275, 9, 332, 512, 205, 0, 4.05%, 0, 1, 2, 205.71
1494006280, 9, 334, 513, 204, 0, 4.05%, 0, 1, 2, 30.62
1494006285, 9, 512, 513, 204, 1, 4.05%, 0, 1, 2, 74.27
1494006300, 10, 0, 513, 203, 0, 4.05%, 0, 1, 2, 135.52
1494006305, 10, 1, 513, 203, 0, 4.05%, 0, 1, 2, 169.64
1494006311, 10, 4, 515, 205, 0, 4.05%, 0, 1, 2, 163.15
1494006316, 10, 6, 515, 205, 0, 4.05%, 0, 1, 2, 174.61
1494006321, 10, 15, 515, 205, 0, 4.05%, 0, 1, 2, 173.09
1494006326, 10, 18, 516, 206, 0, 4.05%, 0, 1, 2, 164.83
1494006331, 10, 22, 516, 206, 0, 4.05%, 0, 1, 2, 155.10
1494006336, 10, 25, 516, 206, 0, 4.05%, 0, 1, 2, 172.14
1494006341, 10, 31, 516, 206, 0, 4.05%, 0, 1, 2, 164.88
1494006346, 10, 35, 516, 206, 0, 4.05%, 0, 1, 2, 177.54
1494006351, 10, 38, 517, 207, 0, 4.05%, 0, 1, 2, 162.04
1494006356, 10, 43, 517, 207, 0, 4.05%, 0, 1, 2, 163.25
1494006362, 10, 45, 517, 207, 0, 4.05%, 0, 1, 2, 163.53
1494006367, 10, 50, 518, 208, 0, 4.05%, 0, 1, 2, 164.23
1494006372, 10, 52, 518, 207, 0, 4.05%, 0, 1, 2, 190.05
1494006377, 10, 58, 518, 207, 0, 4.05%, 0, 1, 2, 174.99
1494006382, 10, 59, 519, 208, 0, 4.05%, 0, 1, 2, 157.67
1494006387, 10, 60, 519, 208, 0, 4.05%, 0, 1, 2, 187.91
1494006392, 10, 61, 519, 208, 0, 4.05%, 0, 1, 2, 183.61
1494006397, 10, 64, 520, 209, 0, 4.05%, 0, 1, 2, 164.20
1494006402, 10, 67, 520, 209, 0, 4.05%, 0, 1, 2, 177.96
1494006407, 10, 70, 520, 209, 0, 4.05%, 0, 1, 2, 162.89
1494006413, 10, 74, 523, 212, 0, 4.05%, 0, 1, 2, 154.22
1494006418, 10, 79, 523, 212, 0, 4.05%, 0, 1, 2, 135.15
1494006423, 10, 80, 523, 212, 0, 4.05%, 0, 1, 2, 157.36
1494006428, 10, 83, 523, 212, 0, 4.05%, 0, 1, 2, 148.24
1494006433, 10, 84, 524, 213, 0, 4.05%, 0, 1, 2, 200.26
1494006438, 10, 87, 524, 213, 0, 4.05%, 0, 1, 2, 175.39
1494006443, 10, 90, 524, 212, 0, 4.05%, 0, 1, 2, 160.82
1494006448, 10, 93, 524, 212, 0, 4.05%, 0, 1, 2, 161.54
1494006453, 10, 97, 524, 212, 0, 4.05%, 0, 1, 2, 171.56
1494006458, 10, 99, 524, 212, 0, 4.05%, 0, 1, 2, 172.32
1494006468, 10, 101, 524, 211, 0, 4.05%, 0, 1, 2, 148.32
1494006474, 10, 102, 524, 211, 0, 4.05%, 0, 1, 2, 159.56
1494006479, 10, 107, 524, 211, 0, 4.05%, 0, 1, 2, 158.55
1494006484, 10, 110, 524, 211, 0, 4.05%, 0, 1, 2, 175.80
1494006489, 10, 111, 524, 211, 0, 4.05%, 0, 1, 2, 171.35
1494006494, 10, 115, 524, 211, 0, 4.05%, 0, 1, 2, 185.60
1494006499, 10, 119, 524, 211, 0, 4.05%, 0, 1, 2, 168.57
1494006504, 10, 121, 524, 211, 0, 4.05%, 0, 1, 2, 165.85
1494006515, 10, 126, 524, 211, 0, 4.05%, 0, 1, 2, 171.58
1494006520, 10, 129, 524, 211, 0, 4.05%, 0, 1, 2, 171.40
1494006525, 10, 130, 524, 211, 0, 4.05%, 0, 1, 2, 166.00
1494006530, 10, 132, 524, 211, 0, 4.05%, 0, 1, 2, 176.07
1494006535, 10, 134, 524, 211, 0, 4.05%, 0, 1, 2, 15.35
1494006540, 10, 138, 524, 211, 0, 4.05%, 0, 1, 2, 135.17
1494006545, 10, 141, 524, 210, 0, 4.05%, 0, 1, 2, 199.84
1494006550, 10, 146, 524, 210, 0, 4.05%, 0, 1, 2, 186.69
1494006555, 10, 151, 524, 209, 0, 4.05%, 0, 1, 2, 151.90
1494006561, 10, 152, 524, 209, 0, 4.05%, 0, 1, 2, 193.55
1494006566, 10, 154, 524, 209, 0, 4.05%, 0, 1, 2, 186.99
1494006576, 10, 160, 524, 209, 0, 4.05%, 0, 1, 2, 166.56
1494006581, 10, 162, 524, 209, 0, 4.05%, 0, 1, 2, 162.00
1494006586, 10, 166, 524, 209, 0, 4.05%, 0, 1, 2, 151.84
1494006591, 10, 167, 524, 208, 0, 4.05%, 0, 1, 2, 173.36
1494006596, 10, 170, 524, 208, 0, 4.05%, 0, 1, 2, 180.28
1494006602, 10, 172, 524, 208, 0, 4.05%, 0, 1, 2, 170.31
1494006612, 10, 183, 524, 208, 0, 4.05%, 0, 1, 2, 173.37
1494006617, 10, 185, 525, 209, 0, 4.05%, 0, 1, 2, 152.89
1494006622, 10, 189, 525, 209, 0, 4.05%, 0, 1, 2, 168.95
1494006627, 10, 191, 525, 208, 0, 4.05%, 0, 1, 2, 172.67
1494006632, 10, 198, 525, 208, 0, 4.05%, 0, 1, 2, 174.39
1494006638, 10, 202, 525, 207, 0, 4.05%, 0, 1, 2, 180.00
1494006643, 10, 206, 525, 207, 0, 4.05%, 0, 1, 2, 152.65
1494006653, 10, 216, 525, 206, 0, 4.05%, 0, 1, 2, 182.77
1494006658, 10, 218, 525, 206, 0, 4.05%, 0, 1, 2, 185.04
1494006663, 10, 222, 525, 206, 0, 4.05%, 0, 1, 2, 193.61
1494006668, 10, 224, 525, 206, 0, 4.05%, 0, 1, 2, 129.15
1494006673, 10, 225, 526, 207, 0, 4.05%, 0, 1, 2, 160.28
1494006679, 10, 228, 526, 207, 0, 4.05%, 0, 1, 2, 157.60
1494006684, 10, 231, 526, 207, 0, 4.05%, 0, 1, 2, 172.70
1494006689, 10, 239, 526, 207, 0, 4.05%, 0, 1, 2, 135.54
1494006694, 10, 242, 527, 208, 0, 4.05%, 0, 1, 2, 199.36
1494006699, 10, 246, 527, 208, 0, 4.05%, 0, 1, 2, 194.79
1494006704, 10, 247, 527, 208, 0, 4.05%, 0, 1, 2, 183.95
1494006709, 10, 250, 527, 208, 0, 4.05%, 0, 1, 2, 187.66
1494006714, 10, 256, 528, 208, 0, 4.05%, 0, 1, 2, 188.13
1494006719, 10, 257, 528, 208, 0, 4.05%, 0, 1, 2, 182.29
1494006724, 10, 259, 528, 208, 0, 4.05%, 0, 1, 2, 186.88
1494006729, 10, 261, 528, 207, 0, 4.05%, 0, 1, 2, 171.02
1494006734, 10, 263, 528, 207, 0, 4.05%, 0, 1, 2, 168.28
1494006739, 10, 267, 528, 207, 0, 4.05%, 0, 1, 2, 158.89
1494006745, 10, 271, 529, 207, 0, 4.05%, 0, 1, 2, 201.79
1494006755, 10, 274, 529, 206, 0, 4.05%, 0, 1, 2, 171.86
1494006760, 10, 283, 529, 205, 0, 4.05%, 0, 1, 2, 104.70
1494006765, 10, 287, 529, 205, 0, 4.05%, 0, 1, 2, 181.67
1494006770, 10, 290, 529, 205, 0, 4.05%, 0, 1, 2, 152.32
1494006775, 10, 294, 529, 204, 0, 4.05%, 0, 1, 2, 131.57
1494006786, 10, 299, 529, 202, 0, 4.05%, 0, 1, 2, 181.73
1494006791, 10, 302, 529, 202, 0, 4.05%, 0, 1, 2, 172.78
1494006796, 10, 305, 529, 202, 0, 4.05%, 0, 1, 2, 174.61
1494006801, 10, 310, 529, 202, 0, 4.05%, 0, 1, 2, 184.74
1494006806, 10, 316, 529, 202, 0, 4.05%, 0, 1, 2, 171.13
1494006811, 10, 317, 529, 201, 0, 4.05%, 0, 1, 2, 188.88
1494006816, 10, 324, 529, 201, 0, 4.05%, 0, 1, 2, 171.27
1494006821, 10, 326, 529, 201, 0, 4.05%, 0, 1, 2, 153.54
1494006826, 10, 327, 529, 201, 0, 4.05%, 0, 1, 2, 180.15
1494006832, 10, 330, 529, 199, 0, 4.05%, 0, 1, 2, 176.13
1494006837, 10, 338, 529, 199, 0, 4.05%, 0, 1, 2, 178.09
1494006842, 10, 339, 529, 199, 0, 4.05%, 0, 1, 2, 173.10
1494006847, 10, 341, 529, 198, 0, 4.05%, 0, 1, 2, 152.54
1494006857, 10, 344, 531, 200, 0, 4.05%, 0, 1, 2, 155.69
1494006862, 10, 347, 531, 199, 0, 4.05%, 0, 1, 2, 170.91
1494006872, 10, 349, 531, 198, 0, 4.05%, 0, 1, 2, 179.03
1494006878, 10, 493, 532, 199, 1, 4.06%, 0, 1, 2, 25.78
1494006924, 10, 526, 532, 198, 1, 4.06%, 0, 1, 2, 104.25
1494006949, 10, 531, 532, 197, 1, 4.06%, 0, 1, 2, 97.61
1494006959, 11, 0, 532, 196, 0, 4.06%, 0, 1, 2, 151.98
1494006964, 11, 1, 532, 196, 0, 4.06%, 0, 1, 2, 163.99
1494006969, 11, 2, 534, 198, 0, 4.06%, 0, 1, 2, 80.55
1494006975, 11, 5, 534, 198, 0, 4.06%, 0, 1, 2, 137.32
1494006980, 11, 7, 535, 199, 0, 4.06%, 0, 1, 2, 169.24
1494006985, 11, 17, 535, 199, 0, 4.06%, 0, 1, 2, 169.20
1494006990, 11, 19, 535, 199, 0, 4.06%, 0, 1, 2, 155.46
1494006995, 11, 24, 535, 199, 0, 4.06%, 0, 1, 2, 148.16
1494007000, 11, 26, 535, 199, 0, 4.06%, 0, 1, 2, 172.44
1494007006, 11, 31, 535, 199, 0, 4.06%, 0, 1, 2, 157.57
1494007011, 11, 35, 535, 199, 0, 4.06%, 0, 1, 2, 188.30
1494007016, 11, 38, 535, 199, 0, 4.06%, 0, 1, 2, 156.29
1494007021, 11, 43, 535, 199, 0, 4.06%, 0, 1, 2, 159.15
1494007026, 11, 45, 535, 199, 0, 4.06%, 0, 1, 2, 169.53
1494007031, 11, 52, 535, 199, 0, 4.06%, 0, 1, 2, 178.60
1494007036, 11, 58, 535, 199, 0, 4.06%, 0, 1, 2, 122.84
1494007041, 11, 59, 535, 199, 0, 4.06%, 0, 1, 2, 154.52
1494007046, 11, 60, 535, 199, 0, 4.06%, 0, 1, 2, 210.33
1494007052, 11, 61, 535, 199, 0, 4.06%, 0, 1, 2, 186.29
1494007057, 11, 64, 535, 199, 0, 4.06%, 0, 1, 2, 160.31
1494007062, 11, 67, 535, 199, 0, 4.06%, 0, 1, 2, 166.56
1494007067, 11, 70, 535, 199, 0, 4.06%, 0, 1, 2, 159.27
1494007072, 11, 77, 535, 199, 0, 4.06%, 0, 1, 2, 162.74
1494007078, 11, 79, 535, 199, 0, 4.06%, 0, 1, 2, 161.38
1494007083, 11, 81, 535, 199, 0, 4.06%, 0, 1, 2, 154.41
1494007088, 11, 84, 535, 199, 0, 4.06%, 0, 1, 2, 191.78
1494007093, 11, 85, 535, 199, 0, 4.06%, 0, 1, 2, 157.21
1494007098, 11, 89, 535, 199, 0, 4.06%, 0, 1, 2, 158.06
1494007103, 11, 91, 535, 199, 0, 4.06%, 0, 1, 2, 142.10
1494007108, 11, 94, 535, 199, 0, 4.06%, 0, 1, 2, 188.72
1494007113, 11, 97, 535, 199, 0, 4.06%, 0, 1, 2, 167.45
1494007119, 11, 99, 535, 199, 0, 4.06%, 0, 1, 2, 177.64
1494007124, 11, 102, 535, 199, 0, 4.06%, 0, 1, 2, 193.69
1494007129, 11, 103, 535, 199, 0, 4.06%, 0, 1, 2, 170.43
1494007134, 11, 110, 535, 199, 0, 4.06%, 0, 1, 2, 169.03
1494007139, 11, 113, 535, 199, 0, 4.06%, 0, 1, 2, 162.67
1494007144, 11, 115, 535, 199, 0, 4.06%, 0, 1, 2, 187.11
1494007149, 11, 119, 535, 199, 0, 4.06%, 0, 1, 2, 101.07
1494007154, 11, 121, 535, 199, 0, 4.06%, 0, 1, 2, 179.97
1494007165, 11, 125, 535, 199, 0, 4.06%, 0, 1, 2, 143.85
1494007170, 11, 128, 535, 199, 0, 4.06%, 0, 1, 2, 168.99
1494007175, 11, 130, 535, 199, 0, 4.06%, 0, 1, 2, 156.41
1494007180, 11, 132, 535, 199, 0, 4.06%, 0, 1, 2, 161.88
1494007185, 11, 134, 535, 199, 0, 4.06%, 0, 1, 2, 160.02
1494007190, 11, 141, 535, 199, 0, 4.06%, 0, 1, 2, 153.94
1494007200, 11, 151, 535, 198, 0, 4.06%, 0, 1, 2, 188.99
1494007211, 11, 154, 536, 199, 0, 4.06%, 0, 1, 2, 174.98
1494007221, 11, 157, 536, 199, 0, 4.06%, 0, 1, 2, 146.11
1494007226, 11, 159, 536, 198, 0, 4.06%, 0, 1, 2, 154.34
1494007231, 11, 160, 536, 197, 0, 4.06%, 0, 1, 2, 158.62
1494007236, 11, 167, 536, 197, 0, 4.06%, 0, 1, 2, 164.34
1494007242, 11, 169, 536, 197, 0, 4.06%, 0, 1, 2, 174.39
1494007247, 11, 172, 536, 197, 0, 4.06%, 0, 1, 2, 167.83
1494007252, 11, 173, 536, 197, 0, 4.06%, 0, 1, 2, 177.62
1494007257, 11, 183, 536, 196, 0, 4.06%, 0, 1, 2, 158.53
1494007267, 11, 189, 536, 196, 0, 4.06%, 0, 1, 2, 170.58
1494007272, 11, 191, 536, 196, 0, 4.06%, 0, 1, 2, 173.19
1494007278, 11, 202, 536, 196, 0, 4.06%, 0, 1, 2, 150.91
1494007283, 11, 203, 536, 196, 0, 4.06%, 0, 1, 2, 175.04
1494007288, 11, 216, 536, 196, 0, 4.06%, 0, 1, 2, 197.48
1494007293, 11, 218, 536, 196, 0, 4.06%, 0, 1, 2, 204.17
1494007298, 11, 222, 536, 196, 0, 4.06%, 0, 1, 2, 194.54
1494007303, 11, 225, 536, 196, 0, 4.06%, 0, 1, 2, 152.67
1494007308, 11, 227, 536, 196, 0, 4.06%, 0, 1, 2, 164.25
1494007313, 11, 231, 536, 196, 0, 4.06%, 0, 1, 2, 175.81
1494007323, 11, 239, 536, 196, 0, 4.06%, 0, 1, 2, 172.73
1494007328, 11, 244, 536, 196, 0, 4.06%, 0, 1, 2, 186.97
1494007333, 11, 246, 537, 197, 0, 4.06%, 0, 1, 2, 190.14
1494007339, 11, 247, 537, 197, 0, 4.06%, 0, 1, 2, 183.10
1494007344, 11, 256, 537, 197, 0, 4.06%, 0, 1, 2, 201.58
1494007354, 11, 261, 537, 197, 0, 4.06%, 0, 1, 2, 198.07
1494007359, 11, 262, 537, 197, 0, 4.06%, 0, 1, 2, 163.10
1494007364, 11, 265, 538, 198, 0, 4.06%, 0, 1, 2, 158.36
1494007369, 11, 271, 539, 199, 0, 4.06%, 0, 1, 2, 162.45
1494007375, 11, 271, 540, 200, 0, 4.06%, 0, 1, 2, 170.70
1494007380, 11, 274, 541, 201, 0, 4.06%, 0, 1, 2, 152.62
1494007385, 11, 277, 541, 201, 0, 4.06%, 0, 1, 2, 188.30
1494007390, 11, 283, 541, 200, 0, 4.06%, 0, 1, 2, 170.22
1494007395, 11, 284, 542, 201, 0, 4.06%, 0, 1, 2, 130.36
1494007400, 11, 287, 542, 200, 0, 4.06%, 0, 1, 2, 168.90
1494007405, 11, 290, 542, 200, 0, 4.06%, 0, 1, 2, 165.57
1494007410, 11, 292, 542, 200, 0, 4.06%, 0, 1, 2, 128.41
1494007415, 11, 295, 542, 199, 0, 4.06%, 0, 1, 2, 134.22
1494007421, 11, 296, 544, 200, 0, 4.06%, 0, 1, 2, 158.50
1494007426, 11, 299, 544, 199, 0, 4.06%, 0, 1, 2, 192.41
1494007431, 11, 305, 544, 199, 0, 4.06%, 0, 1, 2, 165.22
1494007441, 11, 311, 545, 200, 0, 4.06%, 0, 1, 2, 111.56
1494007446, 11, 313, 545, 200, 0, 4.06%, 0, 1, 2, 145.05
1494007451, 11, 317, 545, 199, 0, 4.06%, 0, 1, 2, 166.40
1494007462, 11, 324, 545, 199, 0, 4.06%, 0, 1, 2, 177.15
1494007467, 11, 326, 545, 199, 0, 4.06%, 0, 1, 2, 181.27
1494007472, 11, 328, 545, 199, 0, 4.06%, 0, 1, 2, 176.44
1494007477, 11, 333, 545, 199, 0, 4.06%, 0, 1, 2, 153.62
1494007482, 11, 336, 545, 198, 0, 4.06%, 0, 1, 2, 165.26
1494007487, 11, 338, 545, 197, 0, 4.06%, 0, 1, 2, 184.37
1494007492, 11, 339, 545, 197, 0, 4.06%, 0, 1, 2, 177.19
1494007497, 11, 341, 545, 197, 0, 4.06%, 0, 1, 2, 167.56
1494007502, 11, 341, 546, 198, 0, 4.06%, 0, 1, 2, 178.74
1494007508, 11, 344, 546, 198, 0, 4.06%, 0, 1, 2, 155.05
1494007513, 11, 349, 546, 198, 0, 4.06%, 0, 1, 2, 174.41
1494007523, 11, 351, 546, 198, 0, 4.06%, 0, 1, 2, 150.49
1494007528, 11, 353, 546, 198, 0, 4.06%, 0, 1, 2, 148.66
1494007538, 11, 356, 547, 199, 0, 4.06%, 0, 1, 2, 131.94
1494007543, 11, 361, 547, 199, 0, 4.06%, 0, 1, 2, 148.62
1494007548, 11, 364, 547, 199, 0, 4.06%, 0, 1, 2, 144.75
1494007554, 11, 373, 547, 198, 0, 4.06%, 0, 1, 2, 84.50
1494007564, 11, 376, 547, 197, 0, 4.06%, 0, 1, 2, 108.62
1494007569, 11, 382, 547, 196, 0, 4.06%, 0, 1, 2, 162.48
1494007574, 11, 486, 548, 196, 1, 4.06%, 0, 1, 2, 24.61
1494007626, 11, 547, 548, 195, 1, 4.06%, 0, 1, 2, 20.16
1494007734, 12, 1, 548, 194, 0, 4.06%, 0, 1, 2, 149.15
1494007739, 12, 2, 548, 194, 0, 4.06%, 0, 1, 2, 163.37
1494007744, 12, 110, 554, 200, 1, 4.06%, 0, 1, 2, 136.84
1494007749, 12, 479, 554, 200, 1, 4.06%, 0, 1, 2, 151.62
1494007764, 12, 479, 555, 201, 1, 4.06%, 0, 1, 2, 174.97
1494007775, 12, 548, 555, 200, 1, 4.06%, 0, 1, 2, 181.00
1494007780, 12, 548, 556, 201, 1, 4.06%, 0, 1, 2, 191.21
1494007810, 12, 551, 556, 200, 0, 4.06%, 0, 1, 2, 164.53
1494007826, 12, 555, 556, 199, 0, 4.06%, 0, 1, 2, 161.89
1494007831, 13, 0, 556, 198, 0, 4.06%, 0, 1, 2, 187.84
1494007836, 13, 1, 556, 198, 0, 4.06%, 0, 1, 2, 150.94
1494007841, 13, 2, 558, 200, 0, 4.06%, 0, 1, 2, 160.79
1494007846, 13, 6, 558, 200, 0, 4.06%, 0, 1, 2, 179.26
1494007851, 13, 15, 558, 200, 0, 4.06%, 0, 1, 2, 167.21
1494007857, 13, 18, 558, 200, 0, 4.06%, 0, 1, 2, 166.22
1494007862, 13, 22, 558, 200, 0, 4.06%, 0, 1, 2, 23.71
1494007867, 13, 25, 558, 200, 0, 4.06%, 0, 1, 2, 169.50
1494007872, 13, 29, 558, 200, 0, 4.06%, 0, 1, 2, 157.35
1494007877, 13, 34, 558, 200, 0, 4.06%, 0, 1, 2, 180.66
1494007882, 13, 38, 558, 200, 0, 4.06%, 0, 1, 2, 165.61
1494007887, 13, 43, 558, 200, 0, 4.06%, 0, 1, 2, 160.26
1494007892, 13, 45, 558, 200, 0, 4.06%, 0, 1, 2, 162.42
1494007897, 13, 52, 558, 200, 0, 4.06%, 0, 1, 2, 168.34
1494007902, 13, 57, 558, 200, 0, 4.06%, 0, 1, 2, 183.85
1494007907, 13, 59, 559, 201, 0, 4.06%, 0, 1, 2, 163.92
1494007918, 13, 61, 559, 201, 0, 4.06%, 0, 1, 2, 189.03
1494007923, 13, 62, 559, 201, 0, 4.06%, 0, 1, 2, 12.60
1494007928, 13, 66, 559, 201, 0, 4.06%, 0, 1, 2, 150.28
1494007933, 13, 67, 559, 201, 0, 4.06%, 0, 1, 2, 156.42
1494007938, 13, 74, 559, 201, 0, 4.06%, 0, 1, 2, 168.66
1494007943, 13, 77, 559, 201, 0, 4.06%, 0, 1, 2, 161.83
1494007948, 13, 79, 559, 201, 0, 4.06%, 0, 1, 2, 167.52
1494007953, 13, 81, 559, 201, 0, 4.06%, 0, 1, 2, 161.17
1494007958, 13, 84, 559, 201, 0, 4.06%, 0, 1, 2, 127.29
1494007963, 13, 86, 561, 203, 0, 4.06%, 0, 1, 2, 157.93
1494007968, 13, 88, 561, 203, 0, 4.06%, 0, 1, 2, 188.06
1494007974, 13, 90, 561, 203, 0, 4.06%, 0, 1, 2, 172.35
1494007979, 13, 93, 561, 203, 0, 4.06%, 0, 1, 2, 152.48
1494007984, 13, 97, 561, 203, 0, 4.06%, 0, 1, 2, 167.07
1494007989, 13, 99, 561, 203, 0, 4.06%, 0, 1, 2, 160.17
1494007994, 13, 101, 561, 203, 0, 4.06%, 0, 1, 2, 166.82
1494007999, 13, 102, 561, 203, 0, 4.06%, 0, 1, 2, 169.96
1494008004, 13, 107, 561, 203, 0, 4.06%, 0, 1, 2, 156.37
1494008009, 13, 111, 561, 203, 0, 4.06%, 0, 1, 2, 158.28
1494008014, 13, 115, 561, 203, 0, 4.06%, 0, 1, 2, 158.32
1494008019, 13, 118, 561, 203, 0, 4.06%, 0, 1, 2, 176.67
1494008024, 13, 120, 561, 203, 0, 4.06%, 0, 1, 2, 164.58
1494008030, 13, 121, 561, 203, 0, 4.06%, 0, 1, 2, 167.32
1494008035, 13, 122, 561, 203, 0, 4.06%, 0, 1, 2, 172.63
1494008040, 13, 126, 561, 203, 0, 4.06%, 0, 1, 2, 125.94
1494008045, 13, 129, 562, 204, 0, 4.06%, 0, 1, 2, 57.96
1494008050, 13, 131, 562, 204, 0, 4.06%, 0, 1, 2, 131.22
1494008055, 13, 133, 562, 204, 0, 4.06%, 0, 1, 2, 160.88
1494008061, 13, 134, 563, 205, 0, 4.06%, 0, 1, 2, 143.13
1494008066, 13, 136, 563, 205, 0, 4.06%, 0, 1, 2, 143.04
1494008071, 13, 141, 563, 205, 0, 4.06%, 0, 1, 2, 167.30
1494008076, 13, 144, 563, 205, 0, 4.06%, 0, 1, 2, 128.27
1494008091, 13, 144, 565, 206, 0, 4.06%, 0, 1, 2, 125.60
1494008097, 13, 151, 565, 206, 0, 4.06%, 0, 1, 2, 185.57
1494008102, 13, 152, 565, 206, 0, 4.06%, 0, 1, 2, 178.51
1494008107, 13, 154, 565, 206, 0, 4.06%, 0, 1, 2, 175.84
1494008112, 13, 155, 565, 206, 0, 4.06%, 0, 1, 2, 168.60
1494008117, 13, 160, 565, 206, 0, 4.06%, 0, 1, 2, 158.15
1494008122, 13, 167, 565, 206, 0, 4.06%, 0, 1, 2, 168.41
1494008127, 13, 169, 566, 207, 0, 4.06%, 0, 1, 2, 165.94
1494008132, 13, 172, 566, 207, 0, 4.06%, 0, 1, 2, 176.13
1494008138, 13, 177, 566, 207, 0, 4.06%, 0, 1, 2, 189.85
1494008143, 13, 180, 566, 206, 0, 4.06%, 0, 1, 2, 149.25
1494008148, 13, 183, 566, 205, 0, 4.06%, 0, 1, 2, 226.50
1494008153, 13, 185, 566, 205, 0, 4.06%, 0, 1, 2, 133.85
1494008158, 13, 189, 566, 205, 0, 4.06%, 0, 1, 2, 170.81
1494008163, 13, 191, 566, 205, 0, 4.06%, 0, 1, 2, 143.32
1494008168, 13, 202, 567, 206, 0, 4.06%, 0, 1, 2, 157.77
1494008173, 13, 203, 567, 206, 0, 4.06%, 0, 1, 2, 183.22
1494008179, 13, 213, 568, 207, 0, 4.06%, 0, 1, 2, 172.46
1494008184, 13, 218, 568, 207, 0, 4.06%, 0, 1, 2, 173.83
1494008189, 13, 222, 568, 207, 0, 4.06%, 0, 1, 2, 180.34
1494008194, 13, 224, 568, 207, 0, 4.06%, 0, 1, 2, 109.81
1494008199, 13, 225, 568, 207, 0, 4.06%, 0, 1, 2, 171.02
1494008204, 13, 227, 571, 210, 0, 4.06%, 0, 1, 2, 78.06
1494008209, 13, 228, 571, 210, 0, 4.06%, 0, 1, 2, 143.32
1494008214, 13, 231, 571, 210, 0, 4.06%, 0, 1, 2, 163.18
1494008219, 13, 239, 571, 210, 0, 4.06%, 0, 1, 2, 155.51
1494008225, 13, 242, 571, 210, 0, 4.06%, 0, 1, 2, 24.15
1494008230, 13, 246, 571, 210, 0, 4.06%, 0, 1, 2, 186.08
1494008235, 13, 247, 571, 210, 0, 4.06%, 0, 1, 2, 185.17
1494008245, 13, 252, 571, 210, 0, 4.06%, 0, 1, 2, 180.92
1494008251, 13, 256, 571, 208, 0, 4.06%, 0, 1, 2, 185.25
1494008256, 13, 257, 571, 208, 0, 4.06%, 0, 1, 2, 186.53
1494008261, 13, 261, 571, 208, 0, 4.06%, 0, 1, 2, 159.78
1494008266, 13, 262, 571, 208, 0, 4.06%, 0, 1, 2, 159.80
1494008271, 13, 265, 571, 208, 0, 4.06%, 0, 1, 2, 159.16
1494008276, 13, 266, 571, 208, 0, 4.06%, 0, 1, 2, 69.83
1494008281, 13, 267, 572, 208, 0, 4.06%, 0, 1, 2, 139.12
1494008286, 13, 269, 572, 208, 0, 4.06%, 0, 1, 2, 158.47
1494008291, 13, 271, 572, 207, 0, 4.06%, 0, 1, 2, 184.20
1494008297, 13, 274, 572, 207, 0, 4.06%, 0, 1, 2, 173.56
1494008302, 13, 283, 572, 207, 0, 4.06%, 0, 1, 2, 91.29
1494008307, 13, 287, 572, 207, 0, 4.06%, 0, 1, 2, 153.90
1494008312, 13, 288, 572, 207, 0, 4.06%, 0, 1, 2, 102.23
1494008317, 13, 290, 572, 206, 0, 4.06%, 0, 1, 2, 122.40
1494008322, 13, 292, 572, 206, 0, 4.06%, 0, 1, 2, 153.46
1494008328, 13, 299, 572, 206, 0, 4.06%, 0, 1, 2, 171.57
1494008333, 13, 304, 572, 206, 0, 4.06%, 0, 1, 2, 154.32
1494008338, 13, 305, 572, 206, 0, 4.06%, 0, 1, 2, 171.26
1494008343, 13, 311, 573, 207, 0, 4.06%, 0, 1, 2, 156.35
1494008348, 13, 317, 573, 207, 0, 4.06%, 0, 1, 2, 181.69
1494008358, 13, 323, 573, 207, 0, 4.06%, 0, 1, 2, 99.81
1494008363, 13, 326, 574, 207, 0, 4.06%, 0, 1, 2, 150.76
1494008374, 13, 332, 574, 207, 0, 4.06%, 0, 1, 2, 162.69
1494008384, 13, 336, 574, 207, 0, 4.06%, 0, 1, 2, 194.82
1494008389, 13, 338, 574, 206, 0, 4.06%, 0, 1, 2, 163.44
1494008399, 13, 341, 574, 206, 0, 4.06%, 0, 1, 2, 159.03
1494008405, 13, 342, 574, 206, 0, 4.06%, 0, 1, 2, 118.12
1494008410, 13, 344, 574, 205, 0, 4.06%, 0, 1, 2, 155.92
1494008415, 13, 349, 574, 205, 0, 4.06%, 0, 1, 2, 148.81
1494008425, 13, 351, 574, 205, 0, 4.06%, 0, 1, 2, 152.01
1494008430, 13, 353, 574, 205, 0, 4.06%, 0, 1, 2, 160.61
1494008440, 13, 356, 574, 205, 0, 4.06%, 0, 1, 2, 98.46
1494008445, 13, 361, 574, 205, 0, 4.06%, 0, 1, 2, 172.99
1494008450, 13, 364, 574, 205, 0, 4.06%, 0, 1, 2, 140.53
1494008455, 13, 369, 574, 204, 0, 4.06%, 0, 1, 2, 158.87
1494008476, 13, 370, 575, 204, 0, 4.06%, 0, 1, 2, 113.99
1494008481, 13, 378, 575, 203, 0, 4.06%, 0, 1, 2, 167.44
1494008487, 13, 379, 575, 202, 0, 4.06%, 0, 1, 2, 157.98
1494008492, 13, 392, 575, 202, 0, 4.06%, 0, 1, 2, 160.83
1494008497, 13, 395, 575, 201, 0, 4.06%, 0, 1, 2, 173.85
1494008502, 13, 396, 578, 203, 0, 4.06%, 0, 1, 2, 26.32
1494008517, 13, 404, 578, 202, 0, 4.06%, 0, 1, 2, 199.69
1494008522, 13, 405, 578, 201, 0, 4.06%, 0, 1, 2, 174.76
1494008533, 13, 412, 578, 199, 0, 4.06%, 0, 1, 2, 149.34
1494008543, 13, 413, 579, 200, 0, 4.06%, 0, 1, 2, 75.22
1494008548, 13, 414, 579, 200, 0, 4.06%, 0, 1, 2, 57.69
1494008553, 13, 415, 579, 199, 0, 4.06%, 0, 1, 2, 120.44
1494008558, 13, 420, 579, 198, 0, 4.06%, 0, 1, 2, 84.34
1494008584, 13, 422, 579, 197, 0, 4.06%, 0, 1, 2, 128.97
1494008594, 13, 423, 579, 196, 0, 4.06%, 0, 1, 2, 142.04
1494008604, 13, 424, 579, 195, 0, 4.06%, 0, 1, 2, 150.54
1494008609, 13, 425, 579, 194, 0, 4.06%, 0, 1, 2, 54.61
1494008625, 13, 427, 579, 193, 0, 4.06%, 0, 1, 2, 88.13
1494008640, 13, 430, 579, 192, 0, 4.06%, 0, 1, 2, 129.50
1494008650, 13, 431, 580, 192, 0, 4.06%, 0, 1, 2, 154.03
1494008656, 13, 432, 580, 192, 0, 4.06%, 0, 1, 2, 153.51
1494008681, 13, 433, 580, 191, 0, 4.06%, 0, 1, 2, 167.88
1494008686, 13, 443, 580, 191, 0, 4.06%, 0, 1, 2, 179.40
1494008707, 13, 445, 580, 190, 0, 4.06%, 0, 1, 2, 125.85
1494008723, 13, 448, 584, 193, 0, 4.06%, 0, 1, 2, 131.43
1494008733, 13, 455, 584, 193, 0, 4.06%, 0, 1, 2, 151.52
1494008738, 13, 459, 584, 193, 0, 4.06%, 0, 1, 2, 177.09
1494008743, 13, 462, 584, 192, 0, 4.06%, 0, 1, 2, 35.47
1494008769, 13, 466, 584, 191, 0, 4.06%, 0, 1, 2, 125.35
1494008784, 13, 474, 586, 192, 0, 4.06%, 0, 1, 2, 229.85
1494008799, 13, 475, 586, 192, 0, 4.06%, 0, 1, 2, 179.77
1494008809, 13, 483, 586, 191, 0, 4.06%, 0, 1, 2, 138.52
1494008825, 13, 490, 586, 191, 0, 4.06%, 0, 1, 2, 121.03
1494008840, 13, 491, 586, 190, 0, 4.06%, 0, 1, 2, 162.71
1494008850, 13, 496, 591, 194, 0, 4.06%, 0, 1, 2, 24.02
1494008907, 13, 500, 591, 193, 0, 4.06%, 0, 1, 2, 8.21
1494008944, 13, 501, 591, 192, 0, 4.06%, 0, 1, 2, 83.54
1494008959, 13, 502, 591, 191, 0, 4.06%, 0, 1, 2, 173.16
1494008975, 13, 512, 591, 190, 0, 4.06%, 0, 1, 2, 177.59
1494008990, 13, 595, 596, 195, 1, 4.07%, 0, 1, 2, 85.82
1494009047, 14, 1, 596, 194, 0, 4.07%, 0, 1, 2, 162.49
1494009052, 14, 2, 596, 194, 0, 4.07%, 0, 1, 2, 154.77
1494009057, 14, 5, 597, 195, 0, 4.07%, 0, 1, 2, 181.95
1494009062, 14, 12, 597, 195, 0, 4.07%, 0, 1, 2, 174.43
1494009068, 14, 15, 598, 196, 0, 4.07%, 0, 1, 2, 165.11
1494009073, 14, 18, 598, 196, 0, 4.07%, 0, 1, 2, 164.02
1494009078, 14, 22, 598, 196, 0, 4.07%, 0, 1, 2, 161.87
1494009083, 14, 25, 598, 196, 0, 4.07%, 0, 1, 2, 175.39
1494009088, 14, 31, 598, 196, 0, 4.07%, 0, 1, 2, 167.77
1494009093, 14, 34, 598, 196, 0, 4.07%, 0, 1, 2, 97.78
1494009098, 14, 36, 598, 196, 0, 4.07%, 0, 1, 2, 163.76
1494009103, 14, 38, 598, 196, 0, 4.07%, 0, 1, 2, 11.89
1494009108, 14, 39, 598, 196, 0, 4.07%, 0, 1, 2, 158.36
1494009113, 14, 45, 598, 196, 0, 4.07%, 0, 1, 2, 163.13
1494009118, 14, 52, 598, 196, 0, 4.07%, 0, 1, 2, 177.84
1494009124, 14, 58, 598, 196, 0, 4.07%, 0, 1, 2, 99.65
1494009129, 14, 59, 598, 196, 0, 4.07%, 0, 1, 2, 158.82
1494009134, 14, 61, 598, 196, 0, 4.07%, 0, 1, 2, 178.36
1494009139, 14, 62, 598, 196, 0, 4.07%, 0, 1, 2, 175.42
1494009144, 14, 65, 599, 197, 0, 4.07%, 0, 1, 2, 200.08
1494009149, 14, 67, 599, 197, 0, 4.07%, 0, 1, 2, 146.53
1494009154, 14, 70, 599, 197, 0, 4.07%, 0, 1, 2, 198.97
1494009160, 14, 74, 599, 197, 0, 4.07%, 0, 1, 2, 151.92
1494009165, 14, 77, 599, 197, 0, 4.07%, 0, 1, 2, 133.82
1494009170, 14, 80, 599, 197, 0, 4.07%, 0, 1, 2, 154.44
1494009175, 14, 83, 599, 197, 0, 4.07%, 0, 1, 2, 159.70
1494009180, 14, 84, 599, 197, 0, 4.07%, 0, 1, 2, 166.32
1494009185, 14, 86, 599, 197, 0, 4.07%, 0, 1, 2, 144.92
1494009191, 14, 90, 599, 197, 0, 4.07%, 0, 1, 2, 162.14
1494009196, 14, 93, 599, 197, 0, 4.07%, 0, 1, 2, 155.59
1494009201, 14, 97, 599, 197, 0, 4.07%, 0, 1, 2, 161.17
1494009206, 14, 99, 599, 197, 0, 4.07%, 0, 1, 2, 146.21
1494009211, 14, 101, 599, 197, 0, 4.07%, 0, 1, 2, 164.93
1494009216, 14, 102, 599, 197, 0, 4.07%, 0, 1, 2, 131.28
1494009221, 14, 107, 599, 197, 0, 4.07%, 0, 1, 2, 158.35
1494009226, 14, 110, 599, 197, 0, 4.07%, 0, 1, 2, 159.90
1494009231, 14, 111, 599, 197, 0, 4.07%, 0, 1, 2, 149.78
1494009237, 14, 115, 599, 197, 0, 4.07%, 0, 1, 2, 191.72
1494009242, 14, 119, 599, 197, 0, 4.07%, 0, 1, 2, 166.26
1494009247, 14, 121, 599, 197, 0, 4.07%, 0, 1, 2, 169.39
1494009257, 14, 123, 599, 197, 0, 4.07%, 0, 1, 2, 138.45
1494009262, 14, 126, 600, 197, 0, 4.07%, 0, 1, 2, 158.76
1494009267, 14, 128, 600, 197, 0, 4.07%, 0, 1, 2, 23.86
1494009273, 14, 129, 600, 197, 0, 4.07%, 0, 1, 2, 160.48
1494009278, 14, 131, 600, 197, 0, 4.07%, 0, 1, 2, 139.68
1494009283, 14, 133, 600, 197, 0, 4.07%, 0, 1, 2, 157.01
1494009288, 14, 135, 600, 197, 0, 4.07%, 0, 1, 2, 152.69
1494009293, 14, 140, 600, 196, 0, 4.07%, 0, 1, 2, 176.47
1494009298, 14, 141, 600, 196, 0, 4.07%, 0, 1, 2, 163.27
1494009303, 14, 151, 600, 196, 0, 4.07%, 0, 1, 2, 187.65
1494009308, 14, 152, 600, 196, 0, 4.07%, 0, 1, 2, 184.35
1494009313, 14, 154, 600, 196, 0, 4.07%, 0, 1, 2, 174.97
1494009323, 14, 160, 600, 196, 0, 4.07%, 0, 1, 2, 156.82
1494009329, 14, 165, 602, 198, 0, 4.07%, 0, 1, 2, 155.43
1494009334, 14, 167, 602, 198, 0, 4.07%, 0, 1, 2, 164.72
1494009339, 14, 170, 602, 198, 0, 4.07%, 0, 1, 2, 132.75
1494009344, 14, 172, 602, 198, 0, 4.07%, 0, 1, 2, 168.88
1494009349, 14, 182, 602, 198, 0, 4.07%, 0, 1, 2, 161.24
1494009354, 14, 183, 602, 198, 0, 4.07%, 0, 1, 2, 177.88
1494009359, 14, 189, 602, 198, 0, 4.07%, 0, 1, 2, 168.17
1494009364, 14, 191, 602, 198, 0, 4.07%, 0, 1, 2, 183.32
1494009370, 14, 200, 602, 198, 0, 4.07%, 0, 1, 2, 77.03
1494009375, 14, 201, 602, 197, 0, 4.07%, 0, 1, 2, 165.48
1494009380, 14, 202, 602, 197, 0, 4.07%, 0, 1, 2, 179.63
1494009385, 14, 212, 602, 197, 0, 4.07%, 0, 1, 2, 178.59
1494009390, 14, 216, 602, 196, 0, 4.07%, 0, 1, 2, 180.86
1494009395, 14, 218, 602, 196, 0, 4.07%, 0, 1, 2, 188.39
1494009400, 14, 222, 602, 196, 0, 4.07%, 0, 1, 2, 187.17
1494009405, 14, 224, 602, 196, 0, 4.07%, 0, 1, 2, 189.21
1494009411, 14, 225, 602, 196, 0, 4.07%, 0, 1, 2, 149.06
1494009416, 14, 227, 602, 196, 0, 4.07%, 0, 1, 2, 149.76
1494009421, 14, 231, 602, 196, 0, 4.07%, 0, 1, 2, 158.54
1494009431, 14, 236, 602, 196, 0, 4.07%, 0, 1, 2, 29.25
1494009436, 14, 239, 602, 196, 0, 4.07%, 0, 1, 2, 159.70
1494009441, 14, 242, 602, 196, 0, 4.07%, 0, 1, 2, 161.60
1494009446, 14, 244, 602, 196, 0, 4.07%, 0, 1, 2, 167.84
1494009452, 14, 247, 602, 196, 0, 4.07%, 0, 1, 2, 179.74
1494009462, 14, 255, 602, 195, 0, 4.07%, 0, 1, 2, 155.12
1494009467, 14, 256, 602, 195, 0, 4.07%, 0, 1, 2, 178.94
1494009472, 14, 260, 602, 195, 0, 4.07%, 0, 1, 2, 177.05
1494009477, 14, 262, 602, 195, 0, 4.07%, 0, 1, 2, 150.15
1494009482, 14, 265, 602, 195, 0, 4.07%, 0, 1, 2, 154.07
1494009487, 14, 267, 602, 195, 0, 4.07%, 0, 1, 2, 152.72
1494009493, 14, 271, 602, 195, 0, 4.07%, 0, 1, 2, 154.66
1494009503, 14, 277, 602, 195, 0, 4.07%, 0, 1, 2, 180.41
1494009508, 14, 283, 602, 195, 0, 4.07%, 0, 1, 2, 183.55
1494009513, 14, 287, 602, 195, 0, 4.07%, 0, 1, 2, 171.16
1494009518, 14, 290, 602, 195, 0, 4.07%, 0, 1, 2, 169.89
1494009523, 14, 295, 602, 195, 0, 4.07%, 0, 1, 2, 166.25
1494009528, 14, 299, 602, 195, 0, 4.07%, 0, 1, 2, 196.73
1494009533, 14, 302, 602, 195, 0, 4.07%, 0, 1, 2, 169.09
1494009539, 14, 305, 602, 195, 0, 4.07%, 0, 1, 2, 169.63
1494009544, 14, 310, 602, 195, 0, 4.07%, 0, 1, 2, 183.22
1494009549, 14, 311, 602, 195, 0, 4.07%, 0, 1, 2, 140.28
1494009554, 14, 313, 602, 195, 0, 4.07%, 0, 1, 2, 136.74
1494009559, 14, 317, 602, 195, 0, 4.07%, 0, 1, 2, 181.29
1494009564, 14, 319, 603, 196, 0, 4.07%, 0, 1, 2, 67.74
1494009569, 14, 320, 603, 195, 0, 4.07%, 0, 1, 2, 145.92
1494009574, 14, 324, 603, 195, 0, 4.07%, 0, 1, 2, 165.21
1494009580, 14, 326, 603, 195, 0, 4.07%, 0, 1, 2, 149.53
1494009590, 14, 331, 604, 196, 0, 4.07%, 0, 1, 2, 154.95
1494009595, 14, 338, 604, 196, 0, 4.07%, 0, 1, 2, 167.52
1494009600, 14, 341, 604, 196, 0, 4.07%, 0, 1, 2, 174.38
1494009610, 14, 344, 604, 196, 0, 4.07%, 0, 1, 2, 167.18
1494009615, 14, 349, 604, 196, 0, 4.07%, 0, 1, 2, 171.48
1494009620, 14, 350, 604, 196, 0, 4.07%, 0, 1, 2, 163.02
1494009626, 14, 352, 604, 196, 0, 4.07%, 0, 1, 2, 141.35
1494009631, 14, 353, 604, 196, 0, 4.07%, 0, 1, 2, 170.43
1494009636, 14, 354, 604, 196, 0, 4.07%, 0, 1, 2, 182.35
1494009641, 14, 355, 604, 196, 0, 4.07%, 0, 1, 2, 119.73
1494009646, 14, 358, 604, 195, 0, 4.07%, 0, 1, 2, 118.16
1494009651, 14, 361, 604, 195, 0, 4.07%, 0, 1, 2, 148.50
1494009656, 14, 364, 604, 194, 0, 4.07%, 0, 1, 2, 170.30
1494009661, 14, 379, 604, 193, 0, 4.07%, 0, 1, 2, 172.43
1494009667, 14, 388, 604, 192, 0, 4.07%, 0, 1, 2, 166.22
1494009677, 14, 390, 604, 191, 0, 4.07%, 0, 1, 2, 163.12
1494009682, 14, 407, 604, 190, 0, 4.07%, 0, 1, 2, 174.76
1494009692, 14, 412, 604, 189, 0, 4.07%, 0, 1, 2, 162.87
1494009698, 14, 418, 604, 189, 0, 4.07%, 0, 1, 2, 177.81
1494009703, 14, 431, 604, 188, 0, 4.07%, 0, 1, 2, 147.35
1494009708, 14, 433, 604, 188, 0, 4.07%, 0, 1, 2, 180.23
1494009713, 14, 437, 604, 188, 0, 4.07%, 0, 1, 2, 167.99
1494009728, 14, 438, 604, 187, 0, 4.07%, 0, 1, 2, 128.88
1494009744, 14, 442, 604, 186, 0, 4.07%, 0, 1, 2, 157.36
1494009754, 14, 448, 604, 185, 0, 4.07%, 0, 1, 2, 149.78
1494009759, 14, 451, 604, 185, 0, 4.07%, 0, 1, 2, 150.71
1494009774, 14, 453, 604, 184, 0, 4.07%, 0, 1, 2, 135.70
1494009800, 14, 455, 604, 183, 0, 4.07%, 0, 1, 2, 171.05
1494009805, 14, 456, 604, 183, 0, 4.07%, 0, 1, 2, 127.80
1494009826, 14, 463, 605, 183, 0, 4.07%, 0, 1, 2, 174.00
1494009836, 14, 464, 605, 182, 0, 4.07%, 0, 1, 2, 150.15
1494009846, 14, 465, 605, 181, 0, 4.07%, 0, 1, 2, 149.58
1494009857, 14, 468, 605, 180, 0, 4.07%, 0, 1, 2, 145.79
1494009872, 14, 474, 606, 180, 0, 4.07%, 0, 1, 2, 155.23
1494009888, 14, 482, 606, 180, 0, 4.07%, 0, 1, 2, 148.88
1494009903, 14, 503, 606, 179, 0, 4.07%, 0, 1, 2, 160.31
1494009918, 14, 508, 606, 178, 0, 4.07%, 0, 1, 2, 108.75
1494009934, 14, 509, 608, 179, 0, 4.07%, 0, 1, 2, 197.86
1494009944, 14, 510, 608, 178, 0, 4.07%, 0, 1, 2, 25.94
1494010026, 14, 511, 608, 177, 0, 4.07%, 0, 1, 2, 35.56
1494010056, 14, 512, 608, 176, 0, 4.07%, 0, 1, 2, 138.91
1494010062, 14, 513, 608, 176, 0, 4.07%, 0, 1, 2, 160.62
1494010072, 14, 514, 610, 177, 0, 4.07%, 0, 1, 2, 183.04
1494010082, 14, 520, 610, 176, 0, 4.07%, 0, 1, 2, 154.85
1494010093, 14, 524, 610, 175, 0, 4.07%, 0, 1, 2, 126.84
1494010113, 14, 530, 610, 174, 0, 4.07%, 0, 1, 2, 177.03
1494010128, 14, 531, 610, 173, 0, 4.07%, 0, 1, 2, 186.95
1494010139, 14, 533, 612, 175, 0, 4.07%, 0, 1, 2, 149.69
1494010179, 14, 534, 613, 175, 0, 4.07%, 0, 1, 2, 176.39
1494010189, 14, 535, 613, 174, 0, 4.07%, 0, 1, 2, 170.91
1494010194, 14, 537, 613, 173, 0, 4.07%, 0, 1, 2, 167.15
1494010225, 14, 540, 613, 172, 0, 4.07%, 0, 1, 2, 159.05
1494010235, 14, 542, 615, 173, 0, 4.07%, 0, 1, 2, 89.09
1494010251, 14, 544, 615, 172, 0, 4.07%, 0, 1, 2, 27.36
1494010343, 14, 547, 615, 171, 0, 4.07%, 0, 1, 2, 39.89
1494010358, 14, 548, 615, 171, 0, 4.07%, 0, 1, 2, 154.58
1494010379, 14, 549, 615, 171, 0, 4.07%, 0, 1, 2, 182.10
1494010389, 14, 549, 621, 176, 0, 4.07%, 0, 1, 2, 3.52
1494010394, 14, 556, 621, 176, 0, 4.07%, 0, 1, 2, 96.42
1494010409, 14, 561, 621, 175, 0, 4.07%, 0, 1, 2, 31.01
1494010502, 14, 561, 621, 175, 0, 4.07%, 0, 2, 2, 1.31
1494010508, 14, 565, 621, 174, 0, 4.07%, 0, 2, 2, 95.97
1494010538, 14, 567, 621, 173, 0, 4.07%, 0, 2, 2, 164.61
1494010549, 14, 579, 621, 172, 0, 4.07%, 0, 2, 2, 133.58
1494010569, 14, 622, 625, 175, 1, 4.07%, 0, 2, 2, 170.52
1494010579, 14, 622, 626, 176, 1, 4.07%, 0, 2, 2, 201.70
1494010605, 15, 0, 626, 175, 0, 4.07%, 0, 2, 2, 170.49
1494010610, 15, 1, 626, 175, 0, 4.07%, 0, 2, 2, 148.66
1494010615, 15, 5, 627, 176, 0, 4.07%, 0, 2, 2, 89.28
1494010620, 15, 6, 627, 176, 0, 4.07%, 0, 2, 2, 182.23
1494010625, 15, 15, 627, 176, 0, 4.07%, 0, 2, 2, 180.04
1494010630, 15, 18, 627, 176, 0, 4.07%, 0, 2, 2, 177.36
1494010635, 15, 22, 627, 176, 0, 4.07%, 0, 2, 2, 35.27
1494010641, 15, 23, 627, 176, 0, 4.07%, 0, 2, 2, 144.76
1494010646, 15, 25, 628, 177, 0, 4.07%, 0, 2, 2, 190.70
1494010651, 15, 28, 628, 177, 0, 4.07%, 0, 2, 2, 172.20
1494010656, 15, 29, 628, 177, 0, 4.07%, 0, 2, 2, 163.16
1494010661, 15, 34, 628, 177, 0, 4.07%, 0, 2, 2, 123.80
1494010666, 15, 36, 628, 177, 0, 4.07%, 0, 2, 2, 151.77
1494010672, 15, 39, 628, 177, 0, 4.07%, 0, 2, 2, 158.27
1494010677, 15, 43, 628, 177, 0, 4.07%, 0, 2, 2, 155.59
1494010682, 15, 52, 628, 177, 0, 4.07%, 0, 2, 2, 221.27
1494010687, 15, 57, 628, 177, 0, 4.07%, 0, 2, 2, 194.32
1494010692, 15, 59, 628, 177, 0, 4.07%, 0, 2, 2, 137.89
1494010702, 15, 61, 628, 177, 0, 4.07%, 0, 2, 2, 25.42
1494010707, 15, 63, 628, 177, 0, 4.07%, 0, 2, 2, 175.90
1494010713, 15, 66, 628, 177, 0, 4.07%, 0, 2, 2, 110.99
1494010718, 15, 70, 628, 177, 0, 4.07%, 0, 2, 2, 161.18
1494010723, 15, 74, 628, 177, 0, 4.07%, 0, 2, 2, 164.00
1494010728, 15, 77, 629, 178, 0, 4.07%, 0, 2, 2, 156.19
1494010733, 15, 80, 630, 179, 0, 4.07%, 0, 2, 2, 155.67
1494010738, 15, 81, 630, 179, 0, 4.07%, 0, 2, 2, 154.57
1494010743, 15, 84, 630, 179, 0, 4.07%, 0, 2, 2, 213.10
1494010749, 15, 86, 632, 181, 0, 4.07%, 0, 2, 2, 168.41
1494010754, 15, 90, 632, 181, 0, 4.07%, 0, 2, 2, 89.39
1494010759, 15, 91, 632, 181, 0, 4.07%, 0, 2, 2, 125.83
1494010764, 15, 93, 632, 181, 0, 4.07%, 0, 2, 2, 140.70
1494010769, 15, 97, 632, 181, 0, 4.07%, 0, 2, 2, 171.35
1494010774, 15, 99, 632, 181, 0, 4.07%, 0, 2, 2, 187.92
1494010780, 15, 101, 632, 181, 0, 4.07%, 0, 2, 2, 172.98
1494010785, 15, 102, 632, 181, 0, 4.07%, 0, 2, 2, 160.32
1494010790, 15, 107, 632, 181, 0, 4.07%, 0, 2, 2, 190.71
1494010795, 15, 111, 632, 181, 0, 4.07%, 0, 2, 2, 161.81
1494010800, 15, 115, 632, 181, 0, 4.07%, 0, 2, 2, 157.44
1494010805, 15, 118, 632, 181, 0, 4.07%, 0, 2, 2, 184.96
1494010810, 15, 119, 632, 181, 0, 4.07%, 0, 2, 2, 154.94
1494010815, 15, 121, 632, 181, 0, 4.07%, 0, 2, 2, 175.30
1494010820, 15, 122, 633, 182, 0, 4.07%, 0, 2, 2, 117.88
1494010826, 15, 126, 633, 182, 0, 4.07%, 0, 2, 2, 150.36
1494010831, 15, 129, 633, 182, 0, 4.07%, 0, 2, 2, 157.39
1494010836, 15, 130, 633, 182, 0, 4.07%, 0, 2, 2, 118.92
1494010841, 15, 132, 633, 182, 0, 4.07%, 0, 2, 2, 147.83
1494010846, 15, 133, 633, 182, 0, 4.07%, 0, 2, 2, 146.32
1494010851, 15, 135, 633, 182, 0, 4.07%, 0, 2, 2, 62.37
1494010856, 15, 141, 633, 182, 0, 4.07%, 0, 2, 2, 173.99
1494010861, 15, 151, 633, 182, 0, 4.07%, 0, 2, 2, 167.52
1494010872, 15, 154, 634, 183, 0, 4.07%, 0, 2, 2, 205.98
1494010877, 15, 156, 634, 183, 0, 4.07%, 0, 2, 2, 186.83
