# unix_time, cycles_done, cur_path, paths_total, pending_total, pending_favs, map_size, unique_crashes, unique_hangs, max_depth, execs_per_sec
1494605835, 0, 0, 223, 223, 174, 3.23%, 0, 0, 1, 743.06
1494605840, 0, 0, 224, 223, 173, 3.23%, 0, 0, 1, 214.80
1494605866, 0, 3, 224, 221, 171, 3.23%, 0, 0, 1, 408.50
1494605871, 0, 4, 224, 220, 170, 3.23%, 0, 0, 1, 198.34
1494605876, 0, 6, 224, 218, 168, 3.23%, 0, 0, 1, 206.58
1494605881, 0, 8, 224, 217, 167, 3.23%, 0, 0, 1, 214.44
1494605886, 0, 10, 224, 215, 165, 3.23%, 0, 0, 1, 218.56
1494605896, 0, 12, 224, 214, 164, 3.23%, 0, 0, 1, 209.26
1494605901, 0, 14, 224, 212, 162, 3.23%, 0, 0, 1, 208.23
1494605907, 0, 15, 224, 211, 161, 3.23%, 0, 0, 1, 210.92
1494605912, 0, 17, 224, 209, 159, 3.23%, 0, 0, 1, 217.19
1494605917, 0, 20, 224, 206, 156, 3.23%, 0, 0, 1, 211.82
1494605922, 0, 21, 224, 205, 155, 3.23%, 0, 0, 1, 216.78
1494605927, 0, 23, 224, 203, 153, 3.23%, 0, 0, 1, 214.48
1494605938, 0, 24, 224, 202, 152, 3.23%, 0, 0, 1, 219.69
1494605943, 0, 26, 224, 200, 150, 3.23%, 0, 0, 1, 219.88
1494605948, 0, 28, 224, 198, 148, 3.23%, 0, 0, 1, 213.86
1494605953, 0, 30, 224, 196, 146, 3.23%, 0, 0, 1, 215.09
1494605958, 0, 32, 224, 194, 144, 3.23%, 0, 0, 1, 211.35
1494605963, 0, 33, 224, 193, 143, 3.23%, 0, 0, 1, 208.67
1494605968, 0, 34, 224, 192, 142, 3.23%, 0, 0, 1, 212.48
1494605979, 0, 35, 224, 191, 141, 3.23%, 0, 0, 1, 214.46
1494605989, 0, 37, 224, 190, 140, 3.23%, 0, 0, 1, 211.02
1494605994, 0, 39, 224, 188, 138, 3.23%, 0, 0, 1, 212.50
1494606004, 0, 41, 224, 187, 137, 3.23%, 0, 0, 1, 206.77
1494606009, 0, 42, 224, 186, 136, 3.23%, 0, 0, 1, 208.74
1494606020, 0, 45, 224, 184, 134, 3.23%, 0, 0, 1, 86.48
1494606030, 0, 46, 224, 183, 133, 3.23%, 0, 0, 1, 198.95
1494606040, 0, 47, 224, 182, 132, 3.23%, 0, 0, 1, 208.99
1494606050, 0, 48, 224, 181, 131, 3.23%, 0, 0, 1, 210.75
1494606055, 0, 49, 224, 180, 130, 3.23%, 0, 0, 1, 215.88
1494606066, 0, 51, 224, 178, 128, 3.23%, 0, 0, 1, 213.67
1494606076, 0, 52, 224, 177, 127, 3.23%, 0, 0, 1, 213.72
1494606086, 0, 55, 224, 176, 126, 3.23%, 0, 0, 1, 239.68
1494606096, 0, 56, 224, 175, 125, 3.23%, 0, 0, 1, 214.44
1494606101, 0, 56, 224, 175, 125, 3.23%, 0, 1, 1, 149.75
1494606107, 0, 57, 224, 174, 124, 3.23%, 0, 1, 1, 191.90
1494606117, 0, 58, 224, 173, 123, 3.23%, 0, 1, 1, 190.48
1494606127, 0, 61, 224, 172, 122, 3.23%, 0, 1, 1, 214.32
1494606143, 0, 62, 224, 171, 121, 3.23%, 0, 1, 1, 188.79
1494606153, 0, 64, 224, 170, 120, 3.23%, 0, 1, 1, 188.94
1494606163, 0, 68, 224, 168, 118, 3.23%, 0, 1, 1, 187.51
1494606173, 0, 70, 224, 167, 117, 3.23%, 0, 1, 1, 189.22
1494606184, 0, 73, 224, 166, 116, 3.23%, 0, 1, 1, 187.10
1494606189, 0, 74, 224, 165, 115, 3.23%, 0, 1, 1, 187.56
1494606199, 0, 75, 224, 164, 114, 3.23%, 0, 1, 1, 186.43
1494606204, 0, 77, 224, 162, 112, 3.23%, 0, 1, 1, 191.88
1494606220, 0, 79, 224, 160, 110, 3.23%, 0, 1, 1, 193.25
1494606225, 0, 81, 224, 159, 109, 3.23%, 0, 1, 1, 195.75
1494606230, 0, 82, 224, 158, 108, 3.23%, 0, 1, 1, 190.82
1494606240, 0, 86, 224, 156, 106, 3.23%, 0, 1, 1, 143.92
1494606255, 0, 87, 224, 155, 105, 3.23%, 0, 1, 1, 194.69
1494606265, 0, 89, 224, 153, 103, 3.23%, 0, 1, 1, 188.63
1494606271, 0, 90, 224, 152, 102, 3.23%, 0, 1, 1, 124.58
1494606281, 0, 91, 224, 151, 101, 3.23%, 0, 1, 1, 205.32
1494606286, 0, 93, 224, 150, 100, 3.23%, 0, 1, 1, 199.49
1494606296, 0, 95, 224, 149, 99, 3.23%, 0, 1, 1, 199.43
1494606306, 0, 96, 224, 148, 98, 3.23%, 0, 1, 1, 191.04
1494606311, 0, 98, 224, 147, 97, 3.23%, 0, 1, 1, 191.99
1494606317, 0, 99, 224, 146, 96, 3.23%, 0, 1, 1, 193.76
1494606327, 0, 100, 224, 145, 95, 3.23%, 0, 1, 1, 179.61
1494606337, 0, 101, 224, 144, 94, 3.23%, 0, 1, 1, 190.18
1494606347, 0, 102, 224, 143, 93, 3.23%, 0, 1, 1, 188.41
1494606352, 0, 103, 224, 142, 92, 3.23%, 0, 1, 1, 192.63
1494606363, 0, 104, 224, 141, 91, 3.23%, 0, 1, 1, 186.11
1494606368, 0, 105, 224, 140, 90, 3.23%, 0, 1, 1, 191.56
1494606378, 0, 106, 224, 139, 89, 3.23%, 0, 1, 1, 189.98
1494606383, 0, 107, 224, 138, 88, 3.23%, 0, 1, 1, 191.14
1494606393, 0, 109, 224, 136, 86, 3.23%, 0, 1, 1, 194.39
1494606403, 0, 110, 224, 135, 86, 3.23%, 0, 1, 1, 198.23
1494606413, 0, 111, 224, 134, 85, 3.23%, 0, 1, 1, 196.15
1494606418, 0, 112, 224, 133, 84, 3.23%, 0, 1, 1, 194.32
1494606429, 0, 113, 224, 132, 83, 3.23%, 0, 1, 1, 195.47
1494606439, 0, 114, 224, 131, 82, 3.23%, 0, 1, 1, 191.79
1494606444, 0, 116, 224, 129, 80, 3.23%, 0, 1, 1, 191.55
1494606449, 0, 118, 224, 127, 78, 3.23%, 0, 1, 1, 194.17
1494606454, 0, 119, 224, 126, 77, 3.23%, 0, 1, 1, 193.56
1494606464, 0, 120, 224, 125, 76, 3.23%, 0, 1, 1, 194.67
1494606474, 0, 121, 224, 124, 75, 3.23%, 0, 1, 1, 186.90
1494606480, 0, 122, 224, 123, 74, 3.23%, 0, 1, 1, 195.21
1494606490, 0, 123, 224, 122, 73, 3.23%, 0, 1, 1, 181.27
1494606495, 0, 124, 224, 121, 72, 3.23%, 0, 1, 1, 190.43
1494606505, 0, 126, 224, 120, 71, 3.23%, 0, 1, 1, 176.50
1494606510, 0, 130, 224, 118, 69, 3.23%, 0, 1, 1, 184.20
1494606521, 0, 133, 224, 117, 68, 3.23%, 0, 1, 1, 191.36
1494606531, 0, 134, 224, 116, 67, 3.23%, 0, 1, 1, 186.50
1494606536, 0, 135, 224, 115, 66, 3.23%, 0, 1, 1, 192.74
1494606546, 0, 138, 224, 113, 64, 3.23%, 0, 1, 1, 187.24
1494606567, 0, 139, 224, 112, 63, 3.23%, 0, 1, 1, 177.25
1494606572, 0, 140, 224, 111, 62, 3.23%, 0, 1, 1, 188.61
1494606577, 0, 141, 224, 110, 61, 3.23%, 0, 1, 1, 187.74
1494606587, 0, 143, 224, 108, 59, 3.23%, 0, 1, 1, 149.98
1494606603, 0, 146, 224, 105, 56, 3.23%, 0, 1, 1, 193.29
1494606608, 0, 150, 224, 104, 55, 3.23%, 0, 1, 1, 186.32
1494606618, 0, 153, 224, 103, 54, 3.23%, 0, 1, 1, 190.72
1494606628, 0, 154, 224, 102, 53, 3.23%, 0, 1, 1, 191.94
1494606633, 0, 155, 224, 101, 52, 3.23%, 0, 1, 1, 192.59
1494606643, 0, 157, 224, 99, 50, 3.23%, 0, 1, 1, 192.59
1494606659, 0, 159, 224, 97, 48, 3.23%, 0, 1, 1, 191.77
1494606669, 0, 160, 224, 96, 47, 3.23%, 0, 1, 1, 193.01
1494606674, 0, 162, 224, 94, 45, 3.23%, 0, 1, 1, 192.80
1494606679, 0, 163, 224, 93, 44, 3.23%, 0, 1, 1, 189.23
1494606684, 0, 164, 224, 92, 43, 3.23%, 0, 1, 1, 200.19
1494606695, 0, 166, 224, 91, 42, 3.23%, 0, 1, 1, 208.61
1494606705, 0, 168, 224, 89, 40, 3.23%, 0, 1, 1, 215.94
1494606715, 0, 170, 224, 87, 38, 3.23%, 0, 1, 1, 208.71
1494606725, 0, 171, 224, 86, 37, 3.23%, 0, 1, 1, 210.73
1494606730, 0, 173, 224, 84, 35, 3.23%, 0, 1, 1, 205.96
1494606740, 0, 174, 224, 83, 34, 3.23%, 0, 1, 1, 201.27
1494606745, 0, 175, 224, 82, 33, 3.23%, 0, 1, 1, 197.64
1494606756, 0, 176, 224, 81, 32, 3.23%, 0, 1, 1, 207.80
1494606761, 0, 178, 224, 80, 31, 3.23%, 0, 1, 1, 212.25
1494606766, 0, 180, 224, 78, 29, 3.23%, 0, 1, 1, 217.60
1494606776, 0, 182, 224, 76, 27, 3.23%, 0, 1, 1, 215.27
1494606782, 0, 184, 224, 74, 25, 3.23%, 0, 1, 1, 216.11
1494606787, 0, 185, 224, 73, 24, 3.23%, 0, 1, 1, 215.16
1494606797, 0, 187, 224, 71, 22, 3.23%, 0, 1, 1, 212.69
1494606807, 0, 190, 224, 69, 20, 3.23%, 0, 1, 1, 210.75
1494606817, 0, 191, 224, 68, 19, 3.23%, 0, 1, 1, 210.13
1494606822, 0, 193, 224, 67, 18, 3.23%, 0, 1, 1, 211.64
1494606833, 0, 197, 224, 65, 16, 3.23%, 0, 1, 1, 212.18
1494606848, 0, 199, 224, 64, 15, 3.23%, 0, 1, 1, 208.66
1494606858, 0, 201, 224, 62, 13, 3.23%, 0, 1, 1, 206.10
1494606869, 0, 202, 224, 61, 12, 3.23%, 0, 1, 1, 212.05
1494606874, 0, 203, 224, 60, 11, 3.23%, 0, 1, 1, 211.86
1494606884, 0, 204, 224, 59, 10, 3.23%, 0, 1, 1, 189.01
1494606889, 0, 205, 224, 58, 9, 3.23%, 0, 1, 1, 199.67
1494606899, 0, 207, 224, 57, 8, 3.23%, 0, 1, 1, 214.07
1494606904, 0, 208, 224, 56, 7, 3.23%, 0, 1, 1, 196.21
1494606915, 0, 210, 224, 54, 5, 3.23%, 0, 1, 1, 214.58
1494606925, 0, 212, 224, 52, 3, 3.23%, 0, 1, 1, 209.30
1494606935, 0, 216, 224, 50, 1, 3.23%, 0, 1, 1, 209.60
1494606940, 1, 0, 224, 49, 0, 3.23%, 0, 1, 1, 208.90
1494606945, 1, 2, 224, 49, 0, 3.23%, 0, 1, 1, 205.69
1494606950, 1, 3, 224, 49, 0, 3.23%, 0, 1, 1, 207.62
1494606955, 1, 4, 224, 49, 0, 3.23%, 0, 1, 1, 212.25
1494606961, 1, 6, 224, 49, 0, 3.23%, 0, 1, 1, 210.28
1494606966, 1, 8, 224, 49, 0, 3.23%, 0, 1, 1, 209.11
1494606971, 1, 10, 224, 49, 0, 3.23%, 0, 1, 1, 209.81
1494606976, 1, 12, 224, 49, 0, 3.23%, 0, 1, 1, 208.96
1494606986, 1, 14, 224, 49, 0, 3.23%, 0, 1, 1, 210.03
1494606991, 1, 16, 224, 49, 0, 3.23%, 0, 1, 1, 217.43
1494606996, 1, 18, 224, 49, 0, 3.23%, 0, 1, 1, 211.80
1494607002, 1, 20, 224, 49, 0, 3.23%, 0, 1, 1, 220.20
1494607007, 1, 22, 224, 49, 0, 3.23%, 0, 1, 1, 215.59
1494607012, 1, 23, 224, 49, 0, 3.23%, 0, 1, 1, 213.58
1494607022, 1, 25, 224, 49, 0, 3.23%, 0, 1, 1, 96.47
1494607027, 1, 27, 224, 49, 0, 3.23%, 0, 1, 1, 186.68
1494607033, 1, 29, 224, 49, 0, 3.23%, 0, 1, 1, 207.95
1494607038, 1, 30, 224, 49, 0, 3.23%, 0, 1, 1, 130.24
1494607043, 1, 32, 224, 49, 0, 3.23%, 0, 1, 1, 194.60
1494607048, 1, 34, 224, 49, 0, 3.23%, 0, 1, 1, 208.87
1494607058, 1, 35, 224, 49, 0, 3.23%, 0, 1, 1, 216.84
1494607069, 1, 36, 224, 49, 0, 3.23%, 0, 1, 1, 49.01
1494607079, 1, 37, 224, 48, 0, 3.23%, 0, 1, 1, 200.90
1494607084, 1, 38, 224, 48, 0, 3.23%, 0, 1, 1, 203.92
1494607089, 1, 39, 224, 48, 0, 3.23%, 0, 1, 1, 212.90
1494607099, 1, 42, 224, 48, 0, 3.23%, 0, 1, 1, 188.46
1494607110, 1, 43, 224, 48, 0, 3.23%, 0, 1, 1, 209.40
1494607115, 1, 45, 224, 48, 0, 3.23%, 0, 1, 1, 207.82
1494607120, 1, 46, 224, 48, 0, 3.23%, 0, 1, 1, 210.53
1494607130, 1, 47, 224, 48, 0, 3.23%, 0, 1, 1, 208.15
1494607141, 1, 48, 224, 48, 0, 3.23%, 0, 1, 1, 199.17
1494607146, 1, 49, 224, 48, 0, 3.23%, 0, 1, 1, 200.19
1494607156, 1, 50, 224, 48, 0, 3.23%, 0, 1, 1, 206.84
1494607161, 1, 51, 224, 48, 0, 3.23%, 0, 1, 1, 207.37
1494607172, 1, 52, 224, 48, 0, 3.23%, 0, 1, 1, 211.95
1494607182, 1, 55, 224, 47, 0, 3.23%, 0, 1, 1, 210.84
1494607192, 1, 56, 224, 47, 0, 3.23%, 0, 1, 1, 208.69
1494607202, 1, 57, 224, 47, 0, 3.23%, 0, 1, 1, 209.48
1494607208, 1, 58, 224, 47, 0, 3.23%, 0, 1, 1, 216.16
1494607218, 1, 59, 224, 47, 0, 3.23%, 0, 1, 1, 160.36
1494607223, 1, 61, 224, 45, 0, 3.23%, 0, 1, 1, 188.37
1494607233, 1, 62, 224, 45, 0, 3.23%, 0, 1, 1, 202.78
1494607243, 1, 64, 224, 45, 0, 3.23%, 0, 1, 1, 184.79
1494607254, 1, 65, 224, 45, 0, 3.23%, 0, 1, 1, 186.39
1494607259, 1, 66, 224, 45, 0, 3.23%, 0, 1, 1, 192.68
1494607264, 1, 68, 224, 44, 0, 3.23%, 0, 1, 1, 151.18
1494607274, 1, 70, 224, 43, 0, 3.23%, 0, 1, 1, 189.41
1494607284, 1, 73, 224, 43, 0, 3.23%, 0, 1, 1, 192.35
1494607290, 1, 74, 224, 43, 0, 3.23%, 0, 1, 1, 191.09
1494607305, 1, 76, 224, 43, 0, 3.23%, 0, 1, 1, 192.55
1494607310, 1, 77, 224, 43, 0, 3.23%, 0, 1, 1, 193.55
1494607321, 1, 78, 224, 43, 0, 3.23%, 0, 1, 1, 194.09
1494607326, 1, 81, 224, 43, 0, 3.23%, 0, 1, 1, 193.15
1494607331, 1, 82, 224, 43, 0, 3.23%, 0, 1, 1, 194.43
1494607341, 1, 85, 224, 42, 0, 3.23%, 0, 1, 1, 197.31
1494607346, 1, 86, 224, 42, 0, 3.23%, 0, 1, 1, 196.84
1494607356, 1, 87, 224, 42, 0, 3.23%, 0, 1, 1, 192.81
1494607367, 1, 88, 224, 42, 0, 3.23%, 0, 1, 1, 196.12
1494607372, 1, 89, 224, 42, 0, 3.23%, 0, 1, 1, 195.81
1494607377, 1, 90, 224, 42, 0, 3.23%, 0, 1, 1, 196.69
1494607387, 1, 91, 224, 42, 0, 3.23%, 0, 1, 1, 191.23
1494607392, 1, 92, 224, 42, 0, 3.23%, 0, 1, 1, 193.16
1494607397, 1, 93, 224, 41, 0, 3.23%, 0, 1, 1, 183.81
1494607407, 1, 95, 224, 41, 0, 3.23%, 0, 1, 1, 182.48
1494607418, 1, 96, 224, 41, 0, 3.23%, 0, 1, 1, 189.32
1494607423, 1, 98, 224, 41, 0, 3.23%, 0, 1, 1, 190.37
1494607428, 1, 99, 224, 41, 0, 3.23%, 0, 1, 1, 188.82
1494607438, 1, 100, 224, 41, 0, 3.23%, 0, 1, 1, 188.56
1494607448, 1, 101, 224, 41, 0, 3.23%, 0, 1, 1, 189.75
1494607459, 1, 102, 224, 41, 0, 3.23%, 0, 1, 1, 180.17
1494607464, 1, 103, 224, 41, 0, 3.23%, 0, 1, 1, 185.84
1494607474, 1, 104, 224, 41, 0, 3.23%, 0, 1, 1, 190.23
1494607479, 1, 105, 224, 41, 0, 3.23%, 0, 1, 1, 194.26
1494607484, 1, 105, 224, 41, 0, 3.23%, 0, 2, 1, 21.10
1494607489, 1, 106, 224, 41, 0, 3.23%, 0, 2, 1, 183.78
1494607495, 1, 107, 224, 41, 0, 3.23%, 0, 2, 1, 188.61
1494607505, 1, 109, 224, 41, 0, 3.23%, 0, 2, 1, 186.92
1494607515, 1, 110, 224, 41, 0, 3.23%, 0, 2, 1, 190.12
1494607525, 1, 111, 224, 41, 0, 3.23%, 0, 2, 1, 190.84
1494607530, 1, 112, 224, 41, 0, 3.23%, 0, 2, 1, 191.97
1494607541, 1, 113, 224, 41, 0, 3.23%, 0, 2, 1, 192.18
1494607551, 1, 114, 224, 41, 0, 3.23%, 0, 2, 1, 193.75
1494607556, 1, 115, 224, 41, 0, 3.23%, 0, 2, 1, 194.95
1494607561, 1, 117, 224, 41, 0, 3.23%, 0, 2, 1, 192.45
1494607566, 1, 119, 224, 41, 0, 3.23%, 0, 2, 1, 192.43
1494607582, 1, 120, 224, 41, 0, 3.23%, 0, 2, 1, 179.49
1494607592, 1, 122, 224, 41, 0, 3.23%, 0, 2, 1, 185.19
1494607607, 1, 124, 224, 41, 0, 3.23%, 0, 2, 1, 186.59
1494607623, 1, 127, 224, 41, 0, 3.23%, 0, 2, 1, 186.78
1494607628, 1, 128, 224, 40, 0, 3.23%, 0, 2, 1, 187.12
1494607633, 1, 130, 224, 39, 0, 3.23%, 0, 2, 1, 188.63
1494607648, 1, 133, 224, 39, 0, 3.23%, 0, 2, 1, 189.45
1494607658, 1, 135, 224, 39, 0, 3.23%, 0, 2, 1, 185.84
1494607669, 1, 137, 224, 39, 0, 3.23%, 0, 2, 1, 190.19
1494607674, 1, 138, 224, 39, 0, 3.23%, 0, 2, 1, 188.46
1494607689, 1, 139, 224, 39, 0, 3.23%, 0, 2, 1, 191.01
1494607694, 1, 141, 224, 39, 0, 3.23%, 0, 2, 1, 195.73
1494607705, 1, 142, 224, 39, 0, 3.23%, 0, 2, 1, 192.44
1494607710, 1, 143, 224, 39, 0, 3.23%, 0, 2, 1, 188.96
1494607720, 1, 144, 224, 39, 0, 3.23%, 0, 2, 1, 192.27
1494607725, 1, 146, 224, 39, 0, 3.23%, 0, 2, 1, 196.48
1494607730, 1, 150, 224, 38, 0, 3.23%, 0, 2, 1, 190.57
1494607740, 1, 153, 224, 38, 0, 3.23%, 0, 2, 1, 193.40
1494607756, 1, 155, 224, 38, 0, 3.23%, 0, 2, 1, 192.30
1494607766, 1, 156, 224, 38, 0, 3.23%, 0, 2, 1, 193.05
1494607771, 1, 157, 224, 38, 0, 3.23%, 0, 2, 1, 192.97
1494607781, 1, 159, 224, 38, 0, 3.23%, 0, 2, 1, 196.32
1494607791, 1, 160, 224, 38, 0, 3.23%, 0, 2, 1, 192.35
1494607797, 1, 162, 224, 38, 0, 3.23%, 0, 2, 1, 186.87
1494607802, 1, 163, 224, 38, 0, 3.23%, 0, 2, 1, 190.10
1494607807, 1, 164, 224, 38, 0, 3.23%, 0, 2, 1, 191.50
1494607817, 1, 166, 224, 38, 0, 3.23%, 0, 2, 1, 193.30
1494607827, 1, 167, 224, 38, 0, 3.23%, 0, 2, 1, 195.47
1494607832, 1, 168, 224, 38, 0, 3.23%, 0, 2, 1, 203.97
1494607843, 1, 170, 224, 38, 0, 3.23%, 0, 2, 1, 214.12
1494607853, 1, 171, 224, 38, 0, 3.23%, 0, 2, 1, 215.21
1494607858, 1, 173, 224, 38, 0, 3.23%, 0, 2, 1, 211.16
1494607868, 1, 174, 224, 38, 0, 3.23%, 0, 2, 1, 211.44
1494607873, 1, 175, 224, 38, 0, 3.23%, 0, 2, 1, 211.01
1494607888, 1, 178, 224, 38, 0, 3.23%, 0, 2, 1, 211.69
1494607894, 1, 180, 224, 38, 0, 3.23%, 0, 2, 1, 203.11
1494607904, 1, 181, 224, 38, 0, 3.23%, 0, 2, 1, 213.55
1494607909, 1, 182, 224, 38, 0, 3.23%, 0, 2, 1, 209.59
1494607914, 1, 185, 224, 38, 0, 3.23%, 0, 2, 1, 204.49
1494607924, 1, 187, 224, 38, 0, 3.23%, 0, 2, 1, 205.63
1494607939, 1, 190, 224, 38, 0, 3.23%, 0, 2, 1, 205.57
1494607949, 1, 192, 224, 38, 0, 3.23%, 0, 2, 1, 210.32
1494607954, 1, 193, 224, 37, 0, 3.23%, 0, 2, 1, 208.38
1494607965, 1, 197, 224, 37, 0, 3.23%, 0, 2, 1, 208.38
1494607980, 1, 199, 224, 37, 0, 3.23%, 0, 2, 1, 210.66
1494607990, 1, 201, 224, 37, 0, 3.23%, 0, 2, 1, 214.20
1494608001, 1, 202, 224, 37, 0, 3.23%, 0, 2, 1, 204.73
1494608006, 1, 203, 224, 37, 0, 3.23%, 0, 2, 1, 210.66
1494608016, 1, 204, 224, 37, 0, 3.23%, 0, 2, 1, 209.99
1494608021, 1, 205, 224, 37, 0, 3.23%, 0, 2, 1, 197.17
1494608031, 1, 207, 224, 37, 0, 3.23%, 0, 2, 1, 209.27
1494608036, 1, 208, 224, 37, 0, 3.23%, 0, 2, 1, 218.56
1494608047, 1, 210, 224, 37, 0, 3.23%, 0, 2, 1, 201.67
1494608057, 1, 212, 224, 37, 0, 3.23%, 0, 2, 1, 213.19
1494608067, 1, 213, 224, 37, 0, 3.23%, 0, 2, 1, 210.81
1494608072, 2, 0, 224, 37, 0, 3.23%, 0, 2, 1, 208.58
1494608078, 2, 2, 224, 37, 0, 3.23%, 0, 2, 1, 213.08
1494608083, 2, 3, 224, 37, 0, 3.23%, 0, 2, 1, 210.40
1494608088, 2, 4, 224, 37, 0, 3.23%, 0, 2, 1, 207.62
1494608093, 2, 6, 224, 37, 0, 3.23%, 0, 2, 1, 210.56
1494608098, 2, 8, 224, 37, 0, 3.23%, 0, 2, 1, 213.06
1494608103, 2, 10, 224, 37, 0, 3.23%, 0, 2, 1, 208.15
1494608108, 2, 12, 224, 37, 0, 3.23%, 0, 2, 1, 217.49
1494608119, 2, 14, 224, 37, 0, 3.23%, 0, 2, 1, 219.41
1494608124, 2, 16, 224, 37, 0, 3.23%, 0, 2, 1, 213.67
1494608129, 2, 19, 224, 37, 0, 3.23%, 0, 2, 1, 214.86
1494608134, 2, 20, 224, 37, 0, 3.23%, 0, 2, 1, 205.33
1494608139, 2, 22, 224, 37, 0, 3.23%, 0, 2, 1, 221.56
1494608144, 2, 23, 224, 37, 0, 3.23%, 0, 2, 1, 217.02
1494608155, 2, 24, 224, 37, 0, 3.23%, 0, 2, 1, 212.41
1494608160, 2, 26, 224, 37, 0, 3.23%, 0, 2, 1, 211.69
1494608165, 2, 28, 224, 37, 0, 3.23%, 0, 2, 1, 211.77
1494608170, 2, 30, 224, 37, 0, 3.23%, 0, 2, 1, 212.26
1494608175, 2, 32, 224, 37, 0, 3.23%, 0, 2, 1, 213.00
1494608180, 2, 33, 224, 37, 0, 3.23%, 0, 2, 1, 214.51
1494608185, 2, 34, 224, 37, 0, 3.23%, 0, 2, 1, 212.80
1494608195, 2, 35, 224, 37, 0, 3.23%, 0, 2, 1, 213.10
1494608206, 2, 36, 224, 37, 0, 3.23%, 0, 2, 1, 194.21
1494608216, 2, 37, 224, 37, 0, 3.23%, 0, 3, 1, 216.77
1494608221, 2, 38, 224, 37, 0, 3.23%, 0, 3, 1, 214.40
1494608226, 2, 39, 224, 37, 0, 3.23%, 0, 3, 1, 216.47
1494608237, 2, 42, 224, 37, 0, 3.23%, 0, 3, 1, 209.72
1494608247, 2, 43, 224, 37, 0, 3.23%, 0, 3, 1, 213.50
1494608252, 2, 45, 224, 37, 0, 3.23%, 0, 3, 1, 219.18
1494608262, 2, 46, 224, 37, 0, 3.23%, 0, 3, 1, 218.87
1494608267, 2, 47, 224, 37, 0, 3.23%, 0, 3, 1, 211.45
1494608278, 2, 48, 224, 37, 0, 3.23%, 0, 3, 1, 217.77
1494608283, 2, 49, 224, 37, 0, 3.23%, 0, 3, 1, 216.87
1494608293, 2, 50, 224, 37, 0, 3.23%, 0, 3, 1, 210.68
1494608298, 2, 51, 224, 37, 0, 3.23%, 0, 3, 1, 207.99
1494608308, 2, 52, 224, 37, 0, 3.23%, 0, 3, 1, 201.07
1494608318, 2, 55, 224, 37, 0, 3.23%, 0, 3, 1, 210.52
1494608329, 2, 56, 224, 37, 0, 3.23%, 0, 3, 1, 160.49
1494608334, 2, 57, 224, 37, 0, 3.23%, 0, 3, 1, 193.78
1494608344, 2, 58, 224, 37, 0, 3.23%, 0, 3, 1, 200.96
1494608354, 2, 61, 224, 37, 0, 3.23%, 0, 3, 1, 209.26
1494608365, 2, 62, 224, 37, 0, 3.23%, 0, 3, 1, 215.12
1494608375, 2, 64, 224, 37, 0, 3.23%, 0, 3, 1, 211.74
1494608385, 2, 65, 224, 37, 0, 3.23%, 0, 3, 1, 209.75
1494608390, 2, 68, 224, 37, 0, 3.23%, 0, 3, 1, 44.73
1494608401, 2, 70, 224, 37, 0, 3.23%, 0, 3, 1, 177.71
1494608411, 2, 73, 224, 37, 0, 3.23%, 0, 3, 1, 191.16
1494608416, 2, 74, 224, 37, 0, 3.23%, 0, 3, 1, 187.79
1494608426, 2, 76, 224, 37, 0, 3.23%, 0, 3, 1, 191.81
1494608431, 2, 77, 224, 37, 0, 3.23%, 0, 3, 1, 192.37
1494608442, 2, 78, 224, 37, 0, 3.23%, 0, 3, 1, 194.97
1494608447, 2, 81, 224, 37, 0, 3.23%, 0, 3, 1, 194.91
1494608452, 2, 82, 224, 37, 0, 3.23%, 0, 3, 1, 196.84
1494608462, 2, 83, 224, 37, 0, 3.23%, 0, 3, 1, 190.22
1494608472, 2, 85, 224, 36, 0, 3.23%, 0, 3, 1, 191.82
1494608477, 2, 86, 224, 36, 0, 3.23%, 0, 3, 1, 195.17
1494608488, 2, 87, 224, 36, 0, 3.23%, 0, 3, 1, 183.95
1494608498, 2, 88, 224, 36, 0, 3.23%, 0, 3, 1, 189.99
1494608503, 2, 89, 224, 36, 0, 3.23%, 0, 3, 1, 186.70
1494608508, 2, 90, 224, 36, 0, 3.23%, 0, 3, 1, 188.82
1494608518, 2, 91, 224, 36, 0, 3.23%, 0, 3, 1, 176.36
1494608524, 2, 93, 224, 36, 0, 3.23%, 0, 3, 1, 181.00
1494608529, 2, 95, 224, 36, 0, 3.23%, 0, 3, 1, 185.63
1494608544, 2, 96, 224, 36, 0, 3.23%, 0, 3, 1, 174.09
1494608549, 2, 99, 224, 36, 0, 3.23%, 0, 3, 1, 188.30
1494608564, 2, 100, 224, 36, 0, 3.23%, 0, 3, 1, 190.68
1494608575, 2, 101, 224, 36, 0, 3.23%, 0, 3, 1, 190.63
1494608585, 2, 102, 224, 36, 0, 3.23%, 0, 3, 1, 187.20
1494608590, 2, 103, 224, 36, 0, 3.23%, 0, 3, 1, 189.45
1494608600, 2, 104, 224, 36, 0, 3.23%, 0, 3, 1, 187.47
1494608606, 2, 105, 224, 36, 0, 3.23%, 0, 3, 1, 190.52
1494608616, 2, 106, 224, 36, 0, 3.23%, 0, 3, 1, 191.20
1494608621, 2, 107, 224, 36, 0, 3.23%, 0, 3, 1, 185.89
1494608631, 2, 110, 224, 36, 0, 3.23%, 0, 3, 1, 193.05
1494608647, 2, 112, 224, 36, 0, 3.23%, 0, 3, 1, 189.19
1494608657, 2, 113, 224, 36, 0, 3.23%, 0, 3, 1, 184.20
1494608672, 2, 114, 224, 36, 0, 3.23%, 0, 3, 1, 184.78
1494608678, 2, 116, 224, 36, 0, 3.23%, 0, 3, 1, 184.28
1494608683, 2, 118, 224, 36, 0, 3.23%, 0, 3, 1, 183.97
1494608688, 2, 119, 224, 36, 0, 3.23%, 0, 3, 1, 185.97
1494608699, 2, 120, 224, 36, 0, 3.23%, 0, 3, 1, 187.52
1494608709, 2, 122, 224, 36, 0, 3.23%, 0, 3, 1, 192.99
1494608719, 2, 123, 224, 36, 0, 3.23%, 0, 3, 1, 182.18
1494608724, 2, 124, 224, 36, 0, 3.23%, 0, 3, 1, 188.48
1494608734, 2, 126, 224, 36, 0, 3.23%, 0, 3, 1, 188.22
1494608745, 2, 130, 224, 36, 0, 3.23%, 0, 3, 1, 189.86
1494608755, 2, 133, 224, 36, 0, 3.23%, 0, 3, 1, 191.24
1494608765, 2, 134, 224, 36, 0, 3.23%, 0, 3, 1, 190.35
1494608770, 2, 135, 224, 36, 0, 3.23%, 0, 3, 1, 190.52
1494608780, 2, 137, 224, 36, 0, 3.23%, 0, 3, 1, 188.01
1494608785, 2, 138, 224, 36, 0, 3.23%, 0, 3, 1, 186.74
1494608801, 2, 139, 224, 36, 0, 3.23%, 0, 3, 1, 178.25
1494608811, 2, 141, 224, 36, 0, 3.23%, 0, 3, 1, 190.10
1494608821, 2, 142, 224, 36, 0, 3.23%, 0, 3, 1, 191.86
1494608826, 2, 143, 224, 36, 0, 3.23%, 0, 3, 1, 183.46
1494608837, 2, 145, 224, 36, 0, 3.23%, 0, 3, 1, 193.04
1494608842, 2, 146, 224, 36, 0, 3.23%, 0, 3, 1, 188.62
1494608847, 2, 150, 224, 35, 0, 3.23%, 0, 3, 1, 187.12
1494608857, 2, 153, 224, 35, 0, 3.23%, 0, 3, 1, 189.27
1494608867, 2, 154, 224, 35, 0, 3.23%, 0, 3, 1, 184.03
1494608873, 2, 155, 224, 35, 0, 3.23%, 0, 3, 1, 190.11
1494608883, 2, 157, 224, 35, 0, 3.23%, 0, 3, 1, 185.02
1494608898, 2, 159, 224, 35, 0, 3.23%, 0, 3, 1, 185.43
1494608909, 2, 160, 224, 35, 0, 3.23%, 0, 3, 1, 190.97
1494608914, 2, 162, 224, 35, 0, 3.23%, 0, 3, 1, 190.02
1494608924, 2, 164, 224, 35, 0, 3.23%, 0, 3, 1, 185.98
1494608934, 2, 165, 224, 35, 0, 3.23%, 0, 3, 1, 173.12
1494608939, 2, 166, 224, 34, 0, 3.23%, 0, 3, 1, 183.47
1494608949, 2, 168, 224, 34, 0, 3.23%, 0, 3, 1, 188.19
1494608960, 2, 169, 224, 34, 0, 3.23%, 0, 3, 1, 190.53
1494608965, 2, 170, 224, 34, 0, 3.23%, 0, 3, 1, 193.11
1494608975, 2, 173, 224, 34, 0, 3.23%, 0, 3, 1, 192.90
1494608985, 2, 174, 224, 34, 0, 3.23%, 0, 3, 1, 208.09
1494608990, 2, 175, 224, 34, 0, 3.23%, 0, 3, 1, 209.83
1494609006, 2, 178, 224, 34, 0, 3.23%, 0, 3, 1, 101.59
1494609011, 2, 180, 224, 34, 0, 3.23%, 0, 3, 1, 181.80
1494609021, 2, 181, 224, 34, 0, 3.23%, 0, 3, 1, 211.43
1494609026, 2, 182, 224, 34, 0, 3.23%, 0, 3, 1, 209.92
1494609031, 2, 185, 224, 34, 0, 3.23%, 0, 3, 1, 212.41
1494609042, 2, 187, 224, 34, 0, 3.23%, 0, 3, 1, 214.49
1494609052, 2, 189, 224, 34, 0, 3.23%, 0, 3, 1, 216.79
1494609057, 2, 190, 224, 34, 0, 3.23%, 0, 3, 1, 213.05
1494609062, 2, 191, 224, 34, 0, 3.23%, 0, 3, 1, 213.76
1494609067, 2, 193, 224, 34, 0, 3.23%, 0, 3, 1, 211.53
1494609077, 2, 195, 224, 34, 0, 3.23%, 0, 3, 1, 213.91
1494609088, 2, 197, 224, 33, 0, 3.23%, 0, 3, 1, 204.15
1494609103, 2, 198, 224, 33, 0, 3.23%, 0, 3, 1, 215.10
1494609108, 2, 199, 224, 32, 0, 3.23%, 0, 3, 1, 214.04
1494609113, 2, 200, 224, 32, 0, 3.23%, 0, 3, 1, 215.45
1494609118, 2, 201, 224, 32, 0, 3.23%, 0, 3, 1, 209.44
1494609129, 2, 203, 224, 32, 0, 3.23%, 0, 3, 1, 206.55
1494609139, 2, 204, 224, 32, 0, 3.23%, 0, 3, 1, 175.71
1494609149, 2, 205, 224, 32, 0, 3.23%, 0, 3, 1, 208.12
1494609159, 2, 208, 224, 32, 0, 3.23%, 0, 3, 1, 210.29
1494609170, 2, 210, 224, 32, 0, 3.23%, 0, 3, 1, 214.88
1494609180, 2, 211, 224, 32, 0, 3.23%, 0, 3, 1, 211.75
1494609185, 2, 212, 224, 32, 0, 3.23%, 0, 3, 1, 214.28
1494609195, 2, 215, 224, 31, 0, 3.23%, 0, 3, 1, 214.29
1494609201, 2, 218, 224, 30, 0, 3.23%, 0, 3, 1, 206.64
1494609206, 3, 0, 224, 27, 0, 3.23%, 0, 3, 1, 203.13
1494609211, 3, 1, 224, 27, 0, 3.23%, 0, 3, 1, 215.80
1494609216, 3, 3, 224, 27, 0, 3.23%, 0, 3, 1, 211.53
1494609221, 3, 4, 224, 27, 0, 3.23%, 0, 3, 1, 209.32
1494609226, 3, 6, 224, 27, 0, 3.23%, 0, 3, 1, 212.65
1494609231, 3, 8, 224, 27, 0, 3.23%, 0, 3, 1, 126.66
1494609236, 3, 10, 224, 27, 0, 3.23%, 0, 3, 1, 193.52
1494609242, 3, 12, 224, 27, 0, 3.23%, 0, 3, 1, 214.17
1494609252, 3, 14, 224, 27, 0, 3.23%, 0, 3, 1, 214.02
1494609257, 3, 16, 224, 27, 0, 3.23%, 0, 3, 1, 214.77
1494609262, 3, 18, 224, 27, 0, 3.23%, 0, 3, 1, 208.88
1494609267, 3, 20, 224, 27, 0, 3.23%, 0, 3, 1, 210.76
1494609272, 3, 22, 224, 27, 0, 3.23%, 0, 3, 1, 209.92
1494609277, 3, 23, 224, 27, 0, 3.23%, 0, 3, 1, 212.17
1494609288, 3, 24, 224, 27, 0, 3.23%, 0, 3, 1, 214.08
1494609293, 3, 26, 224, 27, 0, 3.23%, 0, 3, 1, 216.85
1494609298, 3, 28, 224, 27, 0, 3.23%, 0, 3, 1, 215.30
1494609303, 3, 30, 224, 27, 0, 3.23%, 0, 3, 1, 213.12
1494609308, 3, 32, 224, 27, 0, 3.23%, 0, 3, 1, 219.01
1494609313, 3, 33, 224, 27, 0, 3.23%, 0, 3, 1, 217.42
1494609318, 3, 34, 224, 27, 0, 3.23%, 0, 3, 1, 232.87
1494609329, 3, 35, 224, 27, 0, 3.23%, 0, 3, 1, 205.92
1494609339, 3, 37, 224, 27, 0, 3.23%, 0, 3, 1, 12.36
1494609344, 3, 39, 224, 27, 0, 3.23%, 0, 3, 1, 195.81
1494609355, 3, 41, 224, 27, 0, 3.23%, 0, 3, 1, 204.76
1494609360, 3, 42, 224, 27, 0, 3.23%, 0, 3, 1, 203.41
1494609370, 3, 43, 224, 27, 0, 3.23%, 0, 3, 1, 207.20
1494609375, 3, 45, 224, 27, 0, 3.23%, 0, 3, 1, 208.47
1494609380, 3, 46, 224, 27, 0, 3.23%, 0, 3, 1, 208.40
1494609390, 3, 47, 224, 27, 0, 3.23%, 0, 3, 1, 205.93
1494609401, 3, 48, 224, 27, 0, 3.23%, 0, 3, 1, 210.86
1494609406, 3, 49, 224, 27, 0, 3.23%, 0, 3, 1, 214.16
1494609416, 3, 50, 224, 27, 0, 3.23%, 0, 3, 1, 214.80
1494609421, 3, 51, 224, 27, 0, 3.23%, 0, 3, 1, 208.43
1494609431, 3, 52, 224, 27, 0, 3.23%, 0, 3, 1, 212.14
1494609436, 3, 54, 224, 27, 0, 3.23%, 0, 3, 1, 206.62
1494609441, 3, 55, 224, 26, 0, 3.23%, 0, 3, 1, 208.59
1494609452, 3, 56, 224, 26, 0, 3.23%, 0, 3, 1, 204.51
1494609457, 3, 57, 224, 26, 0, 3.23%, 0, 3, 1, 211.26
1494609467, 3, 58, 224, 26, 0, 3.23%, 0, 3, 1, 213.44
1494609477, 3, 61, 224, 26, 0, 3.23%, 0, 3, 1, 209.19
1494609488, 3, 62, 224, 26, 0, 3.23%, 0, 3, 1, 207.64
1494609498, 3, 64, 224, 26, 0, 3.23%, 0, 3, 1, 213.94
1494609508, 3, 66, 224, 26, 0, 3.23%, 0, 3, 1, 34.93
1494609513, 3, 68, 224, 26, 0, 3.23%, 0, 3, 1, 208.48
1494609524, 3, 70, 224, 26, 0, 3.23%, 0, 3, 1, 206.68
1494609534, 3, 73, 224, 25, 0, 3.23%, 0, 3, 1, 201.18
1494609544, 3, 74, 224, 25, 0, 3.23%, 0, 3, 1, 187.07
1494609554, 3, 76, 224, 25, 0, 3.23%, 0, 3, 1, 191.36
1494609559, 3, 77, 224, 25, 0, 3.23%, 0, 3, 1, 185.29
1494609570, 3, 78, 224, 25, 0, 3.23%, 0, 3, 1, 187.19
1494609575, 3, 81, 224, 25, 0, 3.23%, 0, 3, 1, 184.15
1494609580, 3, 82, 224, 25, 0, 3.23%, 0, 3, 1, 188.87
1494609590, 3, 85, 224, 25, 0, 3.23%, 0, 3, 1, 186.59
1494609596, 3, 86, 224, 25, 0, 3.23%, 0, 3, 1, 189.77
1494609606, 3, 87, 224, 25, 0, 3.23%, 0, 3, 1, 190.41
1494609616, 3, 89, 224, 25, 0, 3.23%, 0, 3, 1, 196.28
1494609626, 3, 90, 224, 25, 0, 3.23%, 0, 3, 1, 191.98
1494609637, 3, 91, 224, 25, 0, 3.23%, 0, 3, 1, 177.91
1494609642, 3, 93, 224, 25, 0, 3.23%, 0, 3, 1, 189.49
1494609647, 3, 95, 224, 25, 0, 3.23%, 0, 3, 1, 192.95
1494609657, 3, 96, 224, 25, 0, 3.23%, 0, 3, 1, 192.87
1494609662, 3, 98, 224, 25, 0, 3.23%, 0, 3, 1, 194.57
1494609668, 3, 99, 224, 25, 0, 3.23%, 0, 3, 1, 196.39
1494609678, 3, 100, 224, 25, 0, 3.23%, 0, 3, 1, 193.29
1494609688, 3, 101, 224, 25, 0, 3.23%, 0, 3, 1, 187.90
1494609698, 3, 103, 224, 25, 0, 3.23%, 0, 3, 1, 193.90
1494609714, 3, 105, 224, 25, 0, 3.23%, 0, 3, 1, 192.06
1494609724, 3, 106, 224, 25, 0, 3.23%, 0, 3, 1, 187.32
1494609729, 3, 107, 224, 25, 0, 3.23%, 0, 3, 1, 178.82
1494609740, 3, 108, 224, 25, 0, 3.23%, 0, 3, 1, 188.50
1494609745, 3, 110, 224, 25, 0, 3.23%, 0, 3, 1, 190.10
1494609755, 3, 112, 224, 25, 0, 3.23%, 0, 3, 1, 172.04
1494609770, 3, 113, 224, 25, 0, 3.23%, 0, 3, 1, 184.64
1494609780, 3, 114, 224, 25, 0, 3.23%, 0, 3, 1, 186.58
1494609786, 3, 116, 224, 25, 0, 3.23%, 0, 3, 1, 189.15
1494609791, 3, 118, 224, 25, 0, 3.23%, 0, 3, 1, 188.99
1494609796, 3, 119, 224, 25, 0, 3.23%, 0, 3, 1, 193.64
1494609806, 3, 120, 224, 25, 0, 3.23%, 0, 3, 1, 184.05
1494609816, 3, 121, 224, 25, 0, 3.23%, 0, 3, 1, 196.27
1494609821, 3, 122, 224, 25, 0, 3.23%, 0, 3, 1, 196.59
1494609831, 3, 124, 224, 25, 0, 3.23%, 0, 3, 1, 195.11
1494609841, 3, 125, 224, 25, 0, 3.23%, 0, 3, 1, 195.46
1494609847, 3, 126, 224, 24, 0, 3.23%, 0, 3, 1, 195.29
1494609852, 3, 129, 224, 24, 0, 3.23%, 0, 3, 1, 189.06
1494609857, 3, 130, 224, 24, 0, 3.23%, 0, 3, 1, 194.96
1494609867, 3, 133, 224, 23, 0, 3.23%, 0, 3, 1, 188.96
1494609877, 3, 134, 224, 23, 0, 3.23%, 0, 3, 1, 193.28
1494609882, 3, 135, 224, 23, 0, 3.23%, 0, 3, 1, 185.62
1494609893, 3, 136, 224, 23, 0, 3.23%, 0, 3, 1, 187.66
1494609898, 3, 137, 224, 22, 0, 3.23%, 0, 3, 1, 185.29
1494609903, 3, 138, 224, 22, 0, 3.23%, 0, 3, 1, 190.74
1494609918, 3, 139, 224, 22, 0, 3.23%, 0, 3, 1, 176.53
1494609923, 3, 140, 224, 22, 0, 3.23%, 0, 3, 1, 178.88
1494609928, 3, 141, 224, 22, 0, 3.23%, 0, 3, 1, 187.64
1494609939, 3, 142, 224, 22, 0, 3.23%, 0, 3, 1, 191.07
1494609944, 3, 143, 224, 22, 0, 3.23%, 0, 3, 1, 191.24
1494609954, 3, 145, 224, 22, 0, 3.23%, 0, 3, 1, 189.55
1494609959, 3, 149, 224, 22, 0, 3.23%, 0, 3, 1, 194.71
1494609964, 3, 150, 224, 21, 0, 3.23%, 0, 3, 1, 195.97
1494609975, 3, 153, 224, 21, 0, 3.23%, 0, 3, 1, 189.38
1494609985, 3, 154, 224, 21, 0, 3.23%, 0, 3, 1, 188.56
1494609990, 3, 155, 224, 21, 0, 3.23%, 0, 3, 1, 189.81
1494610000, 3, 157, 224, 21, 0, 3.23%, 0, 3, 1, 186.62
1494610016, 3, 159, 224, 21, 0, 3.23%, 0, 3, 1, 188.15
1494610026, 3, 160, 224, 21, 0, 3.23%, 0, 3, 1, 187.40
1494610031, 3, 161, 224, 21, 0, 3.23%, 0, 3, 1, 185.28
1494610036, 3, 162, 224, 21, 0, 3.23%, 0, 3, 1, 184.13
1494610041, 3, 164, 224, 21, 0, 3.23%, 0, 3, 1, 183.24
1494610051, 3, 166, 224, 21, 0, 3.23%, 0, 3, 1, 186.63
1494610067, 3, 168, 224, 21, 0, 3.23%, 0, 3, 1, 188.92
1494610077, 3, 170, 224, 21, 0, 3.23%, 0, 3, 1, 190.04
1494610093, 3, 173, 224, 21, 0, 3.23%, 0, 3, 1, 192.67
1494610108, 3, 175, 224, 21, 0, 3.23%, 0, 3, 1, 174.50
1494610128, 3, 178, 224, 20, 0, 3.23%, 0, 3, 1, 210.15
1494610133, 3, 179, 224, 20, 0, 3.23%, 0, 3, 1, 214.60
1494610138, 3, 180, 224, 20, 0, 3.23%, 0, 3, 1, 214.70
1494610143, 3, 181, 224, 20, 0, 3.23%, 0, 3, 1, 216.63
1494610149, 3, 182, 224, 20, 0, 3.23%, 0, 3, 1, 217.70
1494610154, 3, 184, 224, 20, 0, 3.23%, 0, 3, 1, 208.40
1494610159, 3, 185, 224, 20, 0, 3.23%, 0, 3, 1, 203.61
1494610169, 3, 187, 224, 20, 0, 3.23%, 0, 3, 1, 206.05
1494610179, 3, 190, 224, 20, 0, 3.23%, 0, 3, 1, 211.48
1494610190, 3, 193, 224, 20, 0, 3.23%, 0, 3, 1, 203.78
1494610200, 3, 194, 224, 20, 0, 3.23%, 0, 3, 1, 210.66
1494610205, 3, 195, 224, 19, 0, 3.23%, 0, 3, 1, 209.93
1494610215, 3, 197, 224, 19, 0, 3.23%, 0, 3, 1, 208.41
1494610231, 3, 199, 224, 19, 0, 3.23%, 0, 3, 1, 210.31
1494610241, 3, 201, 224, 19, 0, 3.23%, 0, 3, 1, 210.04
1494610251, 3, 202, 224, 19, 0, 3.23%, 0, 3, 1, 207.30
1494610256, 3, 203, 224, 19, 0, 3.23%, 0, 3, 1, 29.90
1494610267, 3, 204, 224, 19, 0, 3.23%, 0, 3, 1, 205.23
1494610277, 3, 205, 224, 19, 0, 3.23%, 0, 3, 1, 211.87
1494610287, 3, 208, 224, 19, 0, 3.23%, 0, 3, 1, 202.28
1494610298, 3, 209, 224, 19, 0, 3.23%, 0, 3, 1, 210.98
1494610303, 3, 210, 224, 19, 0, 3.23%, 0, 3, 1, 215.02
1494610308, 3, 211, 224, 19, 0, 3.23%, 0, 3, 1, 214.08
1494610313, 3, 212, 224, 19, 0, 3.23%, 0, 3, 1, 214.96
1494610323, 3, 216, 224, 19, 0, 3.23%, 0, 3, 1, 211.11
1494610328, 3, 222, 224, 18, 0, 3.23%, 0, 3, 1, 208.20
1494610334, 4, 1, 224, 17, 0, 3.23%, 0, 3, 1, 212.11
1494610339, 4, 3, 224, 17, 0, 3.23%, 0, 3, 1, 208.23
1494610344, 4, 4, 224, 17, 0, 3.23%, 0, 3, 1, 207.61
1494610349, 4, 5, 224, 17, 0, 3.23%, 0, 3, 1, 207.67
1494610354, 4, 7, 224, 17, 0, 3.23%, 0, 3, 1, 210.98
1494610365, 4, 9, 224, 16, 0, 3.23%, 0, 3, 1, 211.07
1494610370, 4, 10, 224, 16, 0, 3.23%, 0, 3, 1, 215.67
1494610375, 4, 11, 224, 16, 0, 3.23%, 0, 3, 1, 215.66
1494610380, 4, 12, 224, 15, 0, 3.23%, 0, 3, 1, 215.22
1494610385, 4, 14, 224, 15, 0, 3.23%, 0, 3, 1, 216.60
1494610390, 4, 15, 224, 15, 0, 3.23%, 0, 3, 1, 211.83
1494610395, 4, 17, 224, 15, 0, 3.23%, 0, 3, 1, 208.14
1494610400, 4, 20, 224, 15, 0, 3.23%, 0, 3, 1, 77.92
1494610406, 4, 21, 224, 15, 0, 3.23%, 0, 3, 1, 180.23
1494610411, 4, 23, 224, 15, 0, 3.23%, 0, 3, 1, 197.79
1494610421, 4, 24, 224, 15, 0, 3.23%, 0, 3, 1, 213.24
1494610426, 4, 26, 224, 15, 0, 3.23%, 0, 3, 1, 218.91
1494610431, 4, 28, 224, 15, 0, 3.23%, 0, 3, 1, 216.07
1494610436, 4, 30, 224, 15, 0, 3.23%, 0, 3, 1, 219.48
1494610441, 4, 32, 224, 15, 0, 3.23%, 0, 3, 1, 217.29
1494610447, 4, 33, 224, 15, 0, 3.23%, 0, 3, 1, 216.62
1494610452, 4, 34, 224, 15, 0, 3.23%, 0, 3, 1, 205.84
1494610462, 4, 35, 224, 15, 0, 3.23%, 0, 3, 1, 213.03
1494610473, 4, 37, 224, 15, 0, 3.23%, 0, 3, 1, 208.44
1494610478, 4, 39, 224, 15, 0, 3.23%, 0, 3, 1, 210.55
1494610488, 4, 40, 224, 15, 0, 3.23%, 0, 3, 1, 214.87
1494610498, 4, 41, 224, 14, 0, 3.23%, 0, 3, 1, 218.51
1494610503, 4, 42, 224, 14, 0, 3.23%, 0, 3, 1, 216.91
1494610513, 4, 45, 224, 14, 0, 3.23%, 0, 3, 1, 216.62
1494610524, 4, 46, 224, 14, 0, 3.23%, 0, 3, 1, 205.38
1494610529, 4, 47, 224, 14, 0, 3.23%, 0, 3, 1, 203.83
1494610539, 4, 48, 224, 14, 0, 3.23%, 0, 3, 1, 206.36
1494610544, 4, 49, 224, 14, 0, 3.23%, 0, 3, 1, 205.95
1494610554, 4, 50, 224, 14, 0, 3.23%, 0, 3, 1, 210.90
1494610559, 4, 51, 224, 14, 0, 3.23%, 0, 3, 1, 211.71
1494610570, 4, 52, 224, 14, 0, 3.23%, 0, 3, 1, 215.22
1494610580, 4, 55, 224, 14, 0, 3.23%, 0, 3, 1, 211.71
1494610590, 4, 56, 224, 14, 0, 3.23%, 0, 3, 1, 107.75
1494610596, 4, 57, 224, 14, 0, 3.23%, 0, 3, 1, 183.97
1494610606, 4, 58, 224, 14, 0, 3.23%, 0, 3, 1, 210.72
1494610616, 4, 61, 224, 14, 0, 3.23%, 0, 3, 1, 218.48
1494610626, 4, 62, 224, 14, 0, 3.23%, 0, 3, 1, 213.01
1494610637, 4, 64, 224, 14, 0, 3.23%, 0, 3, 1, 205.35
1494610647, 4, 68, 224, 14, 0, 3.23%, 0, 3, 1, 205.97
1494610657, 4, 70, 224, 14, 0, 3.23%, 0, 3, 1, 209.25
1494610667, 4, 71, 224, 14, 0, 3.23%, 0, 3, 1, 209.87
1494610672, 4, 73, 224, 13, 0, 3.23%, 0, 3, 1, 209.67
1494610678, 4, 74, 224, 13, 0, 3.23%, 0, 3, 1, 213.45
1494610688, 4, 76, 224, 13, 0, 3.23%, 0, 3, 1, 184.42
1494610693, 4, 77, 224, 13, 0, 3.23%, 0, 3, 1, 189.51
1494610703, 4, 78, 224, 13, 0, 3.23%, 0, 3, 1, 191.32
1494610708, 4, 81, 224, 13, 0, 3.23%, 0, 3, 1, 189.33
1494610714, 4, 82, 224, 13, 0, 3.23%, 0, 3, 1, 192.71
1494610724, 4, 86, 224, 13, 0, 3.23%, 0, 3, 1, 188.22
1494610739, 4, 87, 224, 13, 0, 3.23%, 0, 3, 1, 189.50
1494610750, 4, 89, 224, 13, 0, 3.23%, 0, 3, 1, 192.39
1494610760, 4, 90, 224, 13, 0, 3.23%, 0, 3, 1, 171.63
1494610770, 4, 93, 224, 13, 0, 3.23%, 0, 3, 1, 176.54
1494610780, 4, 95, 224, 13, 0, 3.23%, 0, 3, 1, 183.71
1494610791, 4, 96, 224, 13, 0, 3.23%, 0, 3, 1, 187.31
1494610796, 4, 98, 224, 13, 0, 3.23%, 0, 3, 1, 192.42
1494610801, 4, 99, 224, 13, 0, 3.23%, 0, 3, 1, 193.58
1494610811, 4, 100, 224, 13, 0, 3.23%, 0, 3, 1, 201.76
1494610821, 4, 101, 224, 13, 0, 3.23%, 0, 3, 1, 195.81
1494610832, 4, 102, 224, 13, 0, 3.23%, 0, 3, 1, 195.87
1494610837, 4, 103, 224, 13, 0, 3.23%, 0, 3, 1, 193.94
1494610847, 4, 104, 224, 13, 0, 3.23%, 0, 3, 1, 192.12
1494610852, 4, 105, 224, 13, 0, 3.23%, 0, 3, 1, 195.86
1494610863, 4, 107, 224, 13, 0, 3.23%, 0, 3, 1, 191.24
1494610878, 4, 108, 224, 13, 0, 3.23%, 0, 3, 1, 186.38
1494610883, 4, 109, 224, 13, 0, 3.23%, 0, 3, 1, 186.47
1494610888, 4, 110, 224, 13, 0, 3.23%, 0, 3, 1, 191.13
1494610898, 4, 111, 224, 13, 0, 3.23%, 0, 3, 1, 189.42
1494610903, 4, 112, 224, 13, 0, 3.23%, 0, 3, 1, 191.57
1494610914, 4, 113, 224, 13, 0, 3.23%, 0, 3, 1, 187.46
1494610924, 4, 114, 224, 13, 0, 3.23%, 0, 3, 1, 153.57
1494610934, 4, 116, 224, 13, 0, 3.23%, 0, 3, 1, 187.05
1494610939, 4, 118, 224, 13, 0, 3.23%, 0, 3, 1, 185.33
1494610944, 4, 119, 224, 13, 0, 3.23%, 0, 3, 1, 180.41
1494610955, 4, 120, 224, 13, 0, 3.23%, 0, 3, 1, 191.42
1494610965, 4, 121, 224, 13, 0, 3.23%, 0, 3, 1, 194.07
1494610970, 4, 122, 224, 13, 0, 3.23%, 0, 3, 1, 193.91
1494610980, 4, 124, 224, 13, 0, 3.23%, 0, 3, 1, 187.71
1494610990, 4, 126, 224, 13, 0, 3.23%, 0, 3, 1, 189.80
1494611000, 4, 130, 224, 13, 0, 3.23%, 0, 3, 1, 190.50
1494611011, 4, 133, 224, 13, 0, 3.23%, 0, 3, 1, 189.30
1494611021, 4, 134, 224, 13, 0, 3.23%, 0, 3, 1, 187.93
1494611026, 4, 135, 224, 13, 0, 3.23%, 0, 3, 1, 185.97
1494611036, 4, 137, 224, 13, 0, 3.23%, 0, 3, 1, 185.65
1494611041, 4, 138, 224, 13, 0, 3.23%, 0, 3, 1, 186.27
1494611057, 4, 139, 224, 13, 0, 3.23%, 0, 3, 1, 175.67
1494611062, 4, 140, 224, 13, 0, 3.23%, 0, 3, 1, 183.52
1494611067, 4, 141, 224, 13, 0, 3.23%, 0, 3, 1, 191.66
1494611077, 4, 142, 224, 13, 0, 3.23%, 0, 3, 1, 196.03
1494611082, 4, 143, 224, 13, 0, 3.23%, 0, 3, 1, 196.09
1494611092, 4, 145, 224, 13, 0, 3.23%, 0, 3, 1, 191.39
1494611097, 4, 150, 224, 13, 0, 3.23%, 0, 3, 1, 192.90
1494611113, 4, 153, 224, 13, 0, 3.23%, 0, 3, 1, 183.96
1494611123, 4, 155, 224, 13, 0, 3.23%, 0, 3, 1, 190.00
1494611133, 4, 156, 224, 13, 0, 3.23%, 0, 3, 1, 190.74
1494611139, 4, 157, 224, 13, 0, 3.23%, 0, 3, 1, 189.93
1494611149, 4, 159, 224, 13, 0, 3.23%, 0, 3, 1, 190.30
1494611160, 4, 160, 224, 13, 0, 3.23%, 0, 3, 1, 181.10
1494611165, 4, 162, 224, 13, 0, 3.23%, 0, 3, 1, 189.55
1494611175, 4, 164, 224, 13, 0, 3.23%, 0, 3, 1, 193.88
1494611185, 4, 166, 224, 13, 0, 3.23%, 0, 3, 1, 190.90
1494611196, 4, 167, 224, 13, 0, 3.23%, 0, 3, 1, 192.10
1494611201, 4, 168, 224, 13, 0, 3.23%, 0, 3, 1, 191.36
1494611211, 4, 170, 224, 13, 0, 3.23%, 0, 3, 1, 184.98
1494611226, 4, 173, 224, 13, 0, 3.23%, 0, 3, 1, 193.27
1494611242, 4, 175, 224, 13, 0, 3.23%, 0, 3, 1, 188.81
1494611262, 4, 178, 224, 13, 0, 3.23%, 0, 3, 1, 187.70
1494611267, 4, 180, 224, 13, 0, 3.23%, 0, 3, 1, 192.89
1494611277, 4, 181, 224, 13, 0, 3.23%, 0, 3, 1, 212.24
1494611283, 4, 183, 224, 13, 0, 3.23%, 0, 3, 1, 210.92
1494611288, 4, 185, 224, 13, 0, 3.23%, 0, 3, 1, 213.00
1494611298, 4, 187, 224, 13, 0, 3.23%, 0, 3, 1, 206.70
1494611308, 4, 189, 224, 13, 0, 3.23%, 0, 3, 1, 213.01
1494611313, 4, 190, 224, 13, 0, 3.23%, 0, 3, 1, 213.01
1494611324, 4, 193, 224, 13, 0, 3.23%, 0, 3, 1, 210.63
1494611334, 4, 197, 224, 13, 0, 3.23%, 0, 3, 1, 206.34
1494611349, 4, 199, 224, 13, 0, 3.23%, 0, 3, 1, 210.08
1494611359, 4, 200, 224, 13, 0, 3.23%, 0, 3, 1, 214.37
1494611364, 4, 201, 224, 13, 0, 3.23%, 0, 3, 1, 212.71
1494611374, 4, 203, 224, 13, 0, 3.23%, 0, 3, 1, 212.39
1494611385, 4, 204, 224, 13, 0, 3.23%, 0, 3, 1, 208.39
1494611395, 4, 205, 224, 13, 0, 3.23%, 0, 3, 1, 203.70
1494611405, 4, 208, 224, 13, 0, 3.23%, 0, 3, 1, 210.69
1494611416, 4, 209, 224, 13, 0, 3.23%, 0, 3, 1, 208.24
1494611421, 4, 210, 224, 13, 0, 3.23%, 0, 3, 1, 204.02
1494611431, 4, 212, 224, 13, 0, 3.23%, 0, 3, 1, 209.19
1494611441, 4, 216, 224, 13, 0, 3.23%, 0, 3, 1, 211.79
1494611446, 4, 219, 224, 13, 0, 3.23%, 0, 3, 1, 210.87
1494611456, 5, 1, 224, 12, 0, 3.23%, 0, 3, 1, 214.18
1494611462, 5, 3, 224, 12, 0, 3.23%, 0, 3, 1, 216.11
1494611467, 5, 4, 224, 12, 0, 3.23%, 0, 3, 1, 214.62
1494611472, 5, 5, 224, 12, 0, 3.23%, 0, 3, 1, 214.56
1494611477, 5, 8, 224, 12, 0, 3.23%, 0, 3, 1, 215.84
1494611482, 5, 10, 224, 12, 0, 3.23%, 0, 3, 1, 216.87
1494611493, 5, 12, 224, 12, 0, 3.23%, 0, 3, 1, 211.40
1494611498, 5, 14, 224, 12, 0, 3.23%, 0, 3, 1, 212.72
1494611503, 5, 15, 224, 12, 0, 3.23%, 0, 3, 1, 214.12
1494611508, 5, 17, 224, 12, 0, 3.23%, 0, 3, 1, 229.83
1494611513, 5, 20, 224, 12, 0, 3.23%, 0, 3, 1, 220.39
1494611519, 5, 21, 224, 12, 0, 3.23%, 0, 3, 1, 217.34
1494611524, 5, 23, 224, 12, 0, 3.23%, 0, 3, 1, 217.58
1494611534, 5, 24, 224, 12, 0, 3.23%, 0, 3, 1, 214.83
1494611539, 5, 26, 224, 12, 0, 3.23%, 0, 3, 1, 201.73
1494611544, 5, 28, 224, 12, 0, 3.23%, 0, 3, 1, 213.53
1494611549, 5, 29, 224, 12, 0, 3.23%, 0, 3, 1, 206.97
1494611554, 5, 31, 224, 12, 0, 3.23%, 0, 3, 1, 208.26
1494611560, 5, 33, 224, 12, 0, 3.23%, 0, 3, 1, 211.07
1494611565, 5, 34, 224, 12, 0, 3.23%, 0, 3, 1, 210.44
1494611575, 5, 35, 224, 12, 0, 3.23%, 0, 3, 1, 215.06
1494611585, 5, 37, 224, 12, 0, 3.23%, 0, 3, 1, 207.83
1494611590, 5, 38, 224, 12, 0, 3.23%, 0, 3, 1, 207.59
1494611595, 5, 39, 224, 12, 0, 3.23%, 0, 3, 1, 214.20
1494611601, 5, 41, 224, 12, 0, 3.23%, 0, 3, 1, 212.71
1494611606, 5, 42, 224, 12, 0, 3.23%, 0, 3, 1, 209.96
1494611616, 5, 43, 224, 12, 0, 3.23%, 0, 3, 1, 207.99
1494611621, 5, 45, 224, 12, 0, 3.23%, 0, 3, 1, 206.99
1494611626, 5, 46, 224, 12, 0, 3.23%, 0, 3, 1, 210.16
1494611636, 5, 47, 224, 12, 0, 3.23%, 0, 3, 1, 103.92
1494611647, 5, 48, 224, 12, 0, 3.23%, 0, 3, 1, 202.10
1494611652, 5, 49, 224, 12, 0, 3.23%, 0, 3, 1, 213.66
1494611662, 5, 50, 224, 12, 0, 3.23%, 0, 3, 1, 216.78
1494611667, 5, 51, 224, 12, 0, 3.23%, 0, 3, 1, 212.80
1494611672, 5, 52, 224, 12, 0, 3.23%, 0, 3, 1, 158.27
1494611688, 5, 55, 224, 12, 0, 3.23%, 0, 3, 1, 199.00
1494611698, 5, 56, 224, 12, 0, 3.23%, 0, 3, 1, 27.99
1494611703, 5, 57, 224, 12, 0, 3.23%, 0, 3, 1, 202.51
1494611713, 5, 58, 224, 12, 0, 3.23%, 0, 3, 1, 208.85
1494611724, 5, 61, 224, 12, 0, 3.23%, 0, 3, 1, 206.17
1494611734, 5, 62, 224, 12, 0, 3.23%, 0, 3, 1, 213.58
1494611744, 5, 63, 224, 12, 0, 3.23%, 0, 3, 1, 218.90
1494611749, 5, 64, 224, 11, 0, 3.23%, 0, 3, 1, 153.28
1494611760, 5, 68, 224, 10, 0, 3.23%, 0, 3, 1, 209.78
1494611770, 5, 70, 224, 10, 0, 3.23%, 0, 3, 1, 209.72
1494611780, 5, 73, 224, 10, 0, 3.23%, 0, 3, 1, 210.18
1494611785, 5, 74, 224, 10, 0, 3.23%, 0, 3, 1, 214.08
1494611795, 5, 75, 224, 10, 0, 3.23%, 0, 3, 1, 207.61
1494611801, 5, 77, 224, 10, 0, 3.23%, 0, 3, 1, 211.22
1494611811, 5, 78, 224, 10, 0, 3.23%, 0, 3, 1, 208.50
1494611816, 5, 79, 224, 10, 0, 3.23%, 0, 3, 1, 211.66
1494611821, 5, 81, 224, 9, 0, 3.23%, 0, 3, 1, 212.43
1494611826, 5, 82, 224, 9, 0, 3.23%, 0, 3, 1, 216.46
1494611837, 5, 85, 224, 9, 0, 3.23%, 0, 3, 1, 195.81
1494611842, 5, 86, 224, 9, 0, 3.23%, 0, 3, 1, 193.70
1494611852, 5, 87, 224, 9, 0, 3.23%, 0, 3, 1, 191.71
1494611862, 5, 88, 224, 9, 0, 3.23%, 0, 3, 1, 196.41
1494611867, 5, 89, 224, 9, 0, 3.23%, 0, 3, 1, 193.91
1494611872, 5, 90, 224, 9, 0, 3.23%, 0, 3, 1, 194.44
1494611883, 5, 91, 224, 9, 0, 3.23%, 0, 3, 1, 193.32
1494611888, 5, 93, 224, 9, 0, 3.23%, 0, 3, 1, 193.30
1494611893, 5, 95, 224, 8, 0, 3.23%, 0, 3, 1, 189.01
1494611903, 5, 96, 224, 8, 0, 3.23%, 0, 3, 1, 194.04
1494611913, 5, 98, 224, 8, 0, 3.23%, 0, 3, 1, 225.17
1494611918, 5, 99, 224, 8, 0, 3.23%, 0, 3, 1, 40.62
1494611928, 5, 100, 224, 8, 0, 3.23%, 0, 3, 1, 177.85
1494611939, 5, 101, 224, 8, 0, 3.23%, 0, 3, 1, 195.29
1494611949, 5, 102, 224, 8, 0, 3.23%, 0, 3, 1, 196.53
1494611954, 5, 103, 224, 8, 0, 3.23%, 0, 3, 1, 145.43
1494611964, 5, 105, 224, 8, 0, 3.23%, 0, 3, 1, 183.33
1494611974, 5, 106, 224, 8, 0, 3.23%, 0, 3, 1, 193.44
1494611979, 5, 107, 224, 8, 0, 3.23%, 0, 3, 1, 187.56
1494611990, 5, 108, 224, 8, 0, 3.23%, 0, 3, 1, 126.71
1494611995, 5, 110, 224, 8, 0, 3.23%, 0, 3, 1, 172.30
1494612005, 5, 111, 224, 8, 0, 3.23%, 0, 3, 1, 191.66
1494612010, 5, 112, 224, 8, 0, 3.23%, 0, 3, 1, 195.06
1494612021, 5, 113, 224, 8, 0, 3.23%, 0, 3, 1, 188.79
1494612031, 5, 114, 224, 8, 0, 3.23%, 0, 3, 1, 174.83
1494612036, 5, 115, 224, 8, 0, 3.23%, 0, 3, 1, 185.71
1494612041, 5, 118, 224, 8, 0, 3.23%, 0, 3, 1, 187.65
1494612046, 5, 119, 224, 8, 0, 3.23%, 0, 3, 1, 193.64
1494612057, 5, 120, 224, 8, 0, 3.23%, 0, 3, 1, 189.21
1494612067, 5, 121, 224, 8, 0, 3.23%, 0, 3, 1, 191.74
1494612072, 5, 122, 224, 8, 0, 3.23%, 0, 3, 1, 191.93
1494612082, 5, 123, 224, 8, 0, 3.23%, 0, 3, 1, 186.12
1494612088, 5, 124, 224, 8, 0, 3.23%, 0, 3, 1, 186.59
1494612098, 5, 126, 224, 8, 0, 3.23%, 0, 3, 1, 184.31
1494612103, 5, 130, 224, 8, 0, 3.23%, 0, 3, 1, 185.83
1494612119, 5, 133, 224, 8, 0, 3.23%, 0, 3, 1, 187.28
1494612129, 5, 134, 224, 8, 0, 3.23%, 0, 3, 1, 188.59
1494612134, 5, 135, 224, 8, 0, 3.23%, 0, 3, 1, 188.75
1494612139, 5, 137, 224, 8, 0, 3.23%, 0, 3, 1, 192.23
1494612144, 5, 138, 224, 8, 0, 3.23%, 0, 3, 1, 189.07
1494612160, 5, 139, 224, 8, 0, 3.23%, 0, 3, 1, 189.78
1494612170, 5, 141, 224, 8, 0, 3.23%, 0, 3, 1, 187.63
1494612185, 5, 143, 224, 8, 0, 3.23%, 0, 3, 1, 188.43
1494612196, 5, 144, 224, 8, 0, 3.23%, 0, 3, 1, 111.73
1494612201, 5, 146, 224, 8, 0, 3.23%, 0, 3, 1, 168.38
1494612206, 5, 150, 224, 8, 0, 3.23%, 0, 3, 1, 180.78
1494612216, 5, 151, 224, 8, 0, 3.23%, 0, 3, 1, 190.51
1494612221, 5, 153, 224, 7, 0, 3.23%, 0, 3, 1, 95.99
1494612232, 5, 155, 224, 7, 0, 3.23%, 0, 3, 1, 180.13
1494612247, 5, 157, 224, 7, 0, 3.23%, 0, 3, 1, 186.80
1494612257, 5, 158, 224, 7, 0, 3.23%, 0, 3, 1, 189.72
1494612262, 5, 159, 224, 7, 0, 3.23%, 0, 3, 1, 187.91
1494612273, 5, 161, 224, 7, 0, 3.23%, 0, 3, 1, 189.85
1494612278, 5, 162, 224, 7, 0, 3.23%, 0, 3, 1, 195.03
1494612283, 5, 164, 224, 7, 0, 3.23%, 0, 3, 1, 188.46
1494612298, 5, 166, 224, 7, 0, 3.23%, 0, 3, 1, 188.94
1494612309, 5, 168, 224, 7, 0, 3.23%, 0, 3, 1, 183.39
1494612324, 5, 170, 224, 7, 0, 3.23%, 0, 3, 1, 190.25
1494612334, 5, 171, 224, 7, 0, 3.23%, 0, 3, 1, 188.96
1494612339, 5, 173, 224, 7, 0, 3.23%, 0, 3, 1, 189.54
1494612350, 5, 174, 224, 7, 0, 3.23%, 0, 3, 1, 191.38
1494612355, 5, 175, 224, 7, 0, 3.23%, 0, 3, 1, 190.27
1494612370, 5, 178, 224, 7, 0, 3.23%, 0, 3, 1, 186.97
1494612376, 5, 179, 224, 7, 0, 3.23%, 0, 3, 1, 192.14
1494612381, 5, 180, 224, 7, 0, 3.23%, 0, 3, 1, 188.87
1494612391, 5, 182, 224, 7, 0, 3.23%, 0, 3, 1, 185.93
1494612401, 5, 185, 224, 7, 0, 3.23%, 0, 3, 1, 190.76
1494612411, 5, 186, 224, 7, 0, 3.23%, 0, 3, 1, 190.71
1494612416, 5, 187, 224, 7, 0, 3.23%, 0, 3, 1, 185.85
1494612427, 5, 190, 224, 7, 0, 3.23%, 0, 3, 1, 192.28
1494612437, 5, 193, 224, 7, 0, 3.23%, 0, 3, 1, 207.24
1494612447, 5, 196, 224, 7, 0, 3.23%, 0, 3, 1, 206.25
1494612452, 5, 197, 224, 7, 0, 3.23%, 0, 3, 1, 210.10
1494612468, 5, 199, 224, 7, 0, 3.23%, 0, 3, 1, 212.36
1494612478, 5, 201, 224, 7, 0, 3.23%, 0, 3, 1, 208.68
1494612488, 5, 203, 224, 7, 0, 3.23%, 0, 3, 1, 211.25
1494612499, 5, 204, 224, 7, 0, 3.23%, 0, 3, 1, 214.45
1494612509, 5, 205, 224, 7, 0, 3.23%, 0, 3, 1, 209.40
1494612519, 5, 207, 224, 6, 0, 3.23%, 0, 3, 1, 213.41
1494612524, 5, 208, 224, 6, 0, 3.23%, 0, 3, 1, 215.30
1494612534, 5, 210, 224, 6, 0, 3.23%, 0, 3, 1, 204.78
1494612545, 5, 212, 224, 6, 0, 3.23%, 0, 3, 1, 203.52
1494612555, 5, 213, 224, 6, 0, 3.23%, 0, 3, 1, 214.30
1494612560, 6, 0, 224, 6, 0, 3.23%, 0, 3, 1, 212.73
1494612565, 6, 2, 224, 6, 0, 3.23%, 0, 3, 1, 209.03
1494612570, 6, 3, 224, 6, 0, 3.23%, 0, 3, 1, 213.20
1494612575, 6, 4, 224, 6, 0, 3.23%, 0, 3, 1, 212.88
1494612580, 6, 6, 224, 6, 0, 3.23%, 0, 3, 1, 215.28
1494612586, 6, 8, 224, 6, 0, 3.23%, 0, 3, 1, 210.54
1494612591, 6, 10, 224, 6, 0, 3.23%, 0, 3, 1, 214.07
1494612596, 6, 12, 224, 6, 0, 3.23%, 0, 3, 1, 215.87
1494612606, 6, 14, 224, 6, 0, 3.23%, 0, 3, 1, 210.26
1494612611, 6, 15, 224, 6, 0, 3.23%, 0, 3, 1, 211.09
1494612617, 6, 17, 224, 6, 0, 3.23%, 0, 3, 1, 216.17
1494612622, 6, 20, 224, 6, 0, 3.23%, 0, 3, 1, 211.04
1494612627, 6, 21, 224, 6, 0, 3.23%, 0, 3, 1, 208.76
1494612632, 6, 23, 224, 6, 0, 3.23%, 0, 3, 1, 218.07
1494612643, 6, 24, 224, 6, 0, 3.23%, 0, 3, 1, 210.98
1494612648, 6, 26, 224, 6, 0, 3.23%, 0, 3, 1, 211.10
1494612653, 6, 28, 224, 6, 0, 3.23%, 0, 3, 1, 211.79
1494612658, 6, 30, 224, 6, 0, 3.23%, 0, 3, 1, 207.23
1494612663, 6, 32, 224, 6, 0, 3.23%, 0, 3, 1, 213.75
1494612668, 6, 33, 224, 6, 0, 3.23%, 0, 3, 1, 210.72
1494612673, 6, 34, 224, 6, 0, 3.23%, 0, 3, 1, 209.19
1494612684, 6, 35, 224, 6, 0, 3.23%, 0, 3, 1, 209.61
1494612694, 6, 37, 224, 6, 0, 3.23%, 0, 3, 1, 205.20
1494612699, 6, 39, 224, 6, 0, 3.23%, 0, 3, 1, 211.56
1494612709, 6, 41, 224, 6, 0, 3.23%, 0, 3, 1, 208.95
1494612715, 6, 42, 224, 6, 0, 3.23%, 0, 3, 1, 207.02
1494612725, 6, 44, 224, 6, 0, 3.23%, 0, 3, 1, 215.70
1494612730, 6, 45, 224, 5, 0, 3.23%, 0, 3, 1, 213.41
1494612740, 6, 46, 224, 5, 0, 3.23%, 0, 3, 1, 202.92
1494612751, 6, 47, 224, 5, 0, 3.23%, 0, 3, 1, 202.28
1494612756, 6, 48, 224, 5, 0, 3.23%, 0, 3, 1, 203.64
1494612766, 6, 49, 224, 5, 0, 3.23%, 0, 3, 1, 207.41
1494612776, 6, 51, 224, 5, 0, 3.23%, 0, 3, 1, 211.47
1494612787, 6, 52, 224, 5, 0, 3.23%, 0, 3, 1, 211.31
1494612797, 6, 55, 224, 5, 0, 3.23%, 0, 3, 1, 214.48
1494612807, 6, 56, 224, 5, 0, 3.23%, 0, 3, 1, 195.58
1494612812, 6, 57, 224, 5, 0, 3.23%, 0, 3, 1, 205.27
1494612823, 6, 58, 224, 5, 0, 3.23%, 0, 3, 1, 202.87
1494612833, 6, 61, 224, 5, 0, 3.23%, 0, 3, 1, 209.51
1494612843, 6, 62, 224, 5, 0, 3.23%, 0, 3, 1, 209.23
1494612854, 6, 64, 224, 5, 0, 3.23%, 0, 3, 1, 207.79
1494612864, 6, 68, 224, 5, 0, 3.23%, 0, 3, 1, 208.50
1494612869, 6, 70, 224, 5, 0, 3.23%, 0, 3, 1, 212.76
1494612879, 6, 73, 224, 5, 0, 3.23%, 0, 3, 1, 213.78
1494612884, 6, 74, 224, 5, 0, 3.23%, 0, 3, 1, 214.49
1494612894, 6, 75, 224, 5, 0, 3.23%, 0, 3, 1, 213.33
1494612900, 6, 77, 224, 5, 0, 3.23%, 0, 3, 1, 204.81
1494612910, 6, 78, 224, 5, 0, 3.23%, 0, 3, 1, 207.28
1494612915, 6, 79, 224, 5, 0, 3.23%, 0, 3, 1, 209.83
1494612920, 6, 82, 224, 5, 0, 3.23%, 0, 3, 1, 202.47
1494612930, 6, 85, 224, 5, 0, 3.23%, 0, 3, 1, 211.33
1494612935, 6, 86, 224, 5, 0, 3.23%, 0, 3, 1, 212.33
1494612941, 6, 87, 224, 5, 0, 3.23%, 0, 3, 1, 213.84
1494612951, 6, 88, 224, 5, 0, 3.23%, 0, 3, 1, 210.03
1494612956, 6, 89, 224, 5, 0, 3.23%, 0, 3, 1, 212.49
1494612961, 6, 90, 224, 5, 0, 3.23%, 0, 3, 1, 211.43
1494612966, 6, 91, 224, 5, 0, 3.23%, 0, 3, 1, 211.81
1494612971, 6, 93, 224, 5, 0, 3.23%, 0, 3, 1, 213.16
1494612976, 6, 95, 224, 5, 0, 3.23%, 0, 3, 1, 205.84
1494612987, 6, 96, 224, 5, 0, 3.23%, 0, 3, 1, 187.17
1494612997, 6, 99, 224, 5, 0, 3.23%, 0, 3, 1, 193.61
1494613007, 6, 100, 224, 5, 0, 3.23%, 0, 3, 1, 192.62
1494613023, 6, 101, 224, 5, 0, 3.23%, 0, 3, 1, 193.71
1494613033, 6, 102, 224, 5, 0, 3.23%, 0, 3, 1, 193.54
1494613038, 6, 103, 224, 5, 0, 3.23%, 0, 3, 1, 194.38
1494613048, 6, 105, 224, 5, 0, 3.23%, 0, 3, 1, 192.29
1494613058, 6, 106, 224, 5, 0, 3.23%, 0, 3, 1, 193.39
1494613064, 6, 107, 224, 5, 0, 3.23%, 0, 3, 1, 192.00
1494613074, 6, 108, 224, 5, 0, 3.23%, 0, 3, 1, 192.93
1494613079, 6, 110, 224, 5, 0, 3.23%, 0, 3, 1, 193.91
1494613090, 6, 111, 224, 5, 0, 3.23%, 0, 3, 1, 194.78
1494613095, 6, 112, 224, 5, 0, 3.23%, 0, 3, 1, 193.97
1494613105, 6, 113, 224, 5, 0, 3.23%, 0, 3, 1, 166.94
1494613115, 6, 114, 224, 5, 0, 3.23%, 0, 3, 1, 187.01
1494613120, 6, 115, 224, 5, 0, 3.23%, 0, 3, 1, 190.05
1494613125, 6, 118, 224, 5, 0, 3.23%, 0, 3, 1, 177.33
1494613131, 6, 119, 224, 5, 0, 3.23%, 0, 3, 1, 184.89
1494613141, 6, 120, 224, 5, 0, 3.23%, 0, 3, 1, 186.97
1494613151, 6, 121, 224, 5, 0, 3.23%, 0, 3, 1, 190.37
1494613156, 6, 122, 224, 5, 0, 3.23%, 0, 3, 1, 187.79
1494613166, 6, 123, 224, 5, 0, 3.23%, 0, 3, 1, 182.73
1494613171, 6, 124, 224, 5, 0, 3.23%, 0, 3, 1, 192.60
1494613181, 6, 126, 224, 5, 0, 3.23%, 0, 3, 1, 194.75
1494613186, 6, 130, 224, 5, 0, 3.23%, 0, 3, 1, 196.24
1494613197, 6, 133, 224, 5, 0, 3.23%, 0, 3, 1, 194.72
1494613207, 6, 134, 224, 5, 0, 3.23%, 0, 3, 1, 192.69
1494613212, 6, 135, 224, 5, 0, 3.23%, 0, 3, 1, 195.15
1494613223, 6, 136, 224, 5, 0, 3.23%, 0, 3, 1, 192.13
1494613228, 6, 138, 224, 5, 0, 3.23%, 0, 3, 1, 190.35
1494613243, 6, 139, 224, 5, 0, 3.23%, 0, 3, 1, 187.36
1494613248, 6, 140, 224, 5, 0, 3.23%, 0, 3, 1, 191.45
1494613253, 6, 141, 224, 5, 0, 3.23%, 0, 3, 1, 193.35
1494613264, 6, 143, 224, 5, 0, 3.23%, 0, 3, 1, 186.63
1494613274, 6, 144, 224, 5, 0, 3.23%, 0, 3, 1, 189.74
1494613279, 6, 146, 224, 5, 0, 3.23%, 0, 3, 1, 191.04
1494613284, 6, 150, 224, 5, 0, 3.23%, 0, 3, 1, 191.28
1494613295, 6, 153, 224, 5, 0, 3.23%, 0, 3, 1, 187.24
1494613305, 6, 154, 224, 5, 0, 3.23%, 0, 3, 1, 188.66
1494613310, 6, 155, 224, 5, 0, 3.23%, 0, 3, 1, 191.17
1494613320, 6, 157, 224, 5, 0, 3.23%, 0, 3, 1, 176.22
1494613330, 6, 158, 224, 5, 0, 3.23%, 0, 3, 1, 181.52
1494613335, 6, 159, 224, 5, 0, 3.23%, 0, 3, 1, 189.92
1494613346, 6, 161, 224, 5, 0, 3.23%, 0, 3, 1, 188.57
1494613351, 6, 162, 224, 5, 0, 3.23%, 0, 3, 1, 194.06
1494613356, 6, 164, 224, 5, 0, 3.23%, 0, 3, 1, 191.08
1494613366, 6, 166, 224, 5, 0, 3.23%, 0, 3, 1, 195.50
1494613376, 6, 167, 224, 5, 0, 3.23%, 0, 3, 1, 197.88
1494613382, 6, 168, 224, 5, 0, 3.23%, 0, 3, 1, 197.73
1494613392, 6, 169, 224, 5, 0, 3.23%, 0, 3, 1, 195.03
1494613397, 6, 170, 224, 5, 0, 3.23%, 0, 3, 1, 192.74
1494613407, 6, 172, 224, 5, 0, 3.23%, 0, 3, 1, 193.47
1494613412, 6, 173, 224, 5, 0, 3.23%, 0, 3, 1, 192.36
1494613423, 6, 175, 224, 5, 0, 3.23%, 0, 3, 1, 192.34
1494613438, 6, 176, 224, 5, 0, 3.23%, 0, 3, 1, 191.42
1494613443, 6, 178, 224, 5, 0, 3.23%, 0, 3, 1, 191.52
1494613448, 6, 180, 224, 5, 0, 3.23%, 0, 3, 1, 181.64
1494613459, 6, 181, 224, 5, 0, 3.23%, 0, 3, 1, 187.11
1494613464, 6, 182, 224, 5, 0, 3.23%, 0, 3, 1, 185.19
1494613469, 6, 184, 224, 5, 0, 3.23%, 0, 3, 1, 188.29
1494613474, 6, 185, 224, 5, 0, 3.23%, 0, 3, 1, 185.06
1494613484, 6, 187, 224, 5, 0, 3.23%, 0, 3, 1, 189.16
1494613494, 6, 188, 224, 5, 0, 3.23%, 0, 3, 1, 147.01
1494613499, 6, 190, 224, 4, 0, 3.23%, 0, 3, 1, 181.43
1494613510, 6, 191, 224, 4, 0, 3.23%, 0, 3, 1, 195.21
1494613515, 6, 193, 224, 4, 0, 3.23%, 0, 3, 1, 196.56
1494613525, 6, 197, 224, 4, 0, 3.23%, 0, 3, 1, 194.83
1494613546, 6, 199, 224, 4, 0, 3.23%, 0, 3, 1, 188.73
1494613556, 6, 201, 224, 4, 0, 3.23%, 0, 3, 1, 193.37
1494613566, 6, 202, 224, 4, 0, 3.23%, 0, 3, 1, 191.62
1494613571, 6, 203, 224, 4, 0, 3.23%, 0, 3, 1, 202.23
1494613581, 6, 204, 224, 4, 0, 3.23%, 0, 3, 1, 208.54
1494613591, 6, 205, 224, 4, 0, 3.23%, 0, 3, 1, 216.86
1494613602, 6, 208, 224, 4, 0, 3.23%, 0, 3, 1, 206.74
1494613612, 6, 210, 224, 4, 0, 3.23%, 0, 3, 1, 197.49
1494613627, 6, 212, 224, 4, 0, 3.23%, 0, 3, 1, 199.80
1494613637, 6, 214, 224, 4, 0, 3.23%, 0, 3, 1, 189.59
1494613642, 7, 0, 224, 4, 0, 3.23%, 0, 3, 1, 203.98
1494613648, 7, 1, 224, 4, 0, 3.23%, 0, 3, 1, 206.56
1494613653, 7, 3, 224, 4, 0, 3.23%, 0, 3, 1, 214.01
1494613658, 7, 4, 224, 4, 0, 3.23%, 0, 3, 1, 217.46
1494613663, 7, 6, 224, 4, 0, 3.23%, 0, 3, 1, 217.98
1494613668, 7, 8, 224, 4, 0, 3.23%, 0, 3, 1, 231.95
1494613673, 7, 10, 224, 4, 0, 3.23%, 0, 3, 1, 211.53
1494613684, 7, 12, 224, 4, 0, 3.23%, 0, 3, 1, 207.31
1494613689, 7, 14, 224, 4, 0, 3.23%, 0, 3, 1, 210.47
1494613694, 7, 15, 224, 4, 0, 3.23%, 0, 3, 1, 215.30
1494613699, 7, 17, 224, 4, 0, 3.23%, 0, 3, 1, 212.13
1494613704, 7, 20, 224, 4, 0, 3.23%, 0, 3, 1, 215.54
1494613709, 7, 21, 224, 4, 0, 3.23%, 0, 3, 1, 212.91
1494613714, 7, 23, 224, 4, 0, 3.23%, 0, 3, 1, 214.82
1494613724, 7, 24, 224, 4, 0, 3.23%, 0, 3, 1, 217.87
1494613730, 7, 26, 224, 4, 0, 3.23%, 0, 3, 1, 214.72
1494613735, 7, 28, 224, 4, 0, 3.23%, 0, 3, 1, 210.69
1494613740, 7, 29, 224, 4, 0, 3.23%, 0, 3, 1, 210.74
1494613745, 7, 31, 224, 4, 0, 3.23%, 0, 3, 1, 194.51
1494613750, 7, 33, 224, 4, 0, 3.23%, 0, 3, 1, 210.53
1494613755, 7, 34, 224, 4, 0, 3.23%, 0, 3, 1, 212.48
1494613766, 7, 35, 224, 4, 0, 3.23%, 0, 3, 1, 214.17
1494613776, 7, 37, 224, 4, 0, 3.23%, 0, 3, 1, 209.83
1494613781, 7, 39, 224, 4, 0, 3.23%, 0, 3, 1, 213.75
1494613791, 7, 41, 224, 4, 0, 3.23%, 0, 3, 1, 216.56
1494613796, 7, 42, 224, 4, 0, 3.23%, 0, 3, 1, 214.30
1494613807, 7, 45, 224, 4, 0, 3.23%, 0, 3, 1, 224.64
1494613817, 7, 46, 224, 4, 0, 3.23%, 0, 3, 1, 195.09
1494613822, 7, 47, 224, 4, 0, 3.23%, 0, 3, 1, 208.93
1494613832, 7, 48, 224, 4, 0, 3.23%, 0, 3, 1, 214.87
1494613843, 7, 49, 224, 4, 0, 3.23%, 0, 3, 1, 215.69
1494613848, 7, 50, 224, 4, 0, 3.23%, 0, 3, 1, 218.66
1494613853, 7, 51, 224, 4, 0, 3.23%, 0, 3, 1, 215.74
1494613863, 7, 52, 224, 4, 0, 3.23%, 0, 3, 1, 159.91
1494613873, 7, 55, 224, 4, 0, 3.23%, 0, 3, 1, 190.05
1494613884, 7, 56, 224, 4, 0, 3.23%, 0, 3, 1, 153.57
1494613889, 7, 57, 224, 4, 0, 3.23%, 0, 3, 1, 216.66
1494613899, 7, 58, 224, 4, 0, 3.23%, 0, 3, 1, 207.56
1494613910, 7, 61, 224, 4, 0, 3.23%, 0, 3, 1, 209.27
1494613920, 7, 62, 224, 4, 0, 3.23%, 0, 3, 1, 215.18
1494613930, 7, 64, 224, 4, 0, 3.23%, 0, 3, 1, 200.86
1494613940, 7, 68, 224, 4, 0, 3.23%, 0, 3, 1, 213.85
1494613951, 7, 70, 224, 4, 0, 3.23%, 0, 3, 1, 216.54
1494613961, 7, 73, 224, 4, 0, 3.23%, 0, 3, 1, 202.56
1494613966, 7, 74, 224, 4, 0, 3.23%, 0, 3, 1, 204.72
1494613976, 7, 76, 224, 4, 0, 3.23%, 0, 3, 1, 208.34
1494613981, 7, 77, 224, 4, 0, 3.23%, 0, 3, 1, 207.36
1494613991, 7, 79, 224, 4, 0, 3.23%, 0, 3, 1, 208.28
1494613997, 7, 81, 224, 4, 0, 3.23%, 0, 3, 1, 214.09
1494614002, 7, 82, 224, 4, 0, 3.23%, 0, 3, 1, 211.06
1494614012, 7, 86, 224, 4, 0, 3.23%, 0, 3, 1, 214.66
1494614022, 7, 87, 224, 4, 0, 3.23%, 0, 3, 1, 212.54
1494614032, 7, 89, 224, 4, 0, 3.23%, 0, 3, 1, 210.83
1494614038, 7, 90, 224, 4, 0, 3.23%, 0, 3, 1, 196.74
1494614053, 7, 93, 224, 4, 0, 3.23%, 0, 3, 1, 205.02
1494614058, 7, 95, 224, 4, 0, 3.23%, 0, 3, 1, 206.47
1494614068, 7, 96, 224, 4, 0, 3.23%, 0, 3, 1, 210.18
1494614079, 7, 99, 224, 4, 0, 3.23%, 0, 3, 1, 221.38
1494614089, 7, 100, 224, 4, 0, 3.23%, 0, 3, 1, 212.92
1494614099, 7, 101, 224, 4, 0, 3.23%, 0, 3, 1, 209.95
1494614110, 7, 103, 224, 4, 0, 3.23%, 0, 3, 1, 209.90
1494614120, 7, 104, 224, 4, 0, 3.23%, 0, 3, 1, 204.29
1494614125, 7, 105, 224, 4, 0, 3.23%, 0, 3, 1, 178.11
1494614135, 7, 107, 224, 4, 0, 3.23%, 0, 3, 1, 199.55
1494614150, 7, 110, 224, 4, 0, 3.23%, 0, 3, 1, 190.12
1494614166, 7, 112, 224, 4, 0, 3.23%, 0, 3, 1, 188.80
1494614176, 7, 113, 224, 4, 0, 3.23%, 0, 3, 1, 189.62
1494614186, 7, 114, 224, 4, 0, 3.23%, 0, 3, 1, 187.65
1494614192, 7, 115, 224, 4, 0, 3.23%, 0, 3, 1, 186.81
1494614197, 7, 117, 224, 4, 0, 3.23%, 0, 3, 1, 188.01
1494614202, 7, 118, 224, 4, 0, 3.23%, 0, 3, 1, 24.63
1494614207, 7, 119, 224, 4, 0, 3.23%, 0, 3, 1, 182.71
1494614218, 7, 120, 224, 4, 0, 3.23%, 0, 3, 1, 189.27
1494614228, 7, 122, 224, 4, 0, 3.23%, 0, 3, 1, 195.09
1494614238, 7, 123, 224, 4, 0, 3.23%, 0, 3, 1, 196.99
1494614243, 7, 124, 224, 4, 0, 3.23%, 0, 3, 1, 191.30
1494614254, 7, 126, 224, 4, 0, 3.23%, 0, 3, 1, 194.60
1494614259, 7, 129, 224, 4, 0, 3.23%, 0, 3, 1, 187.99
1494614264, 7, 130, 224, 4, 0, 3.23%, 0, 3, 1, 191.00
1494614274, 7, 133, 224, 4, 0, 3.23%, 0, 3, 1, 189.29
1494614284, 7, 134, 224, 4, 0, 3.23%, 0, 3, 1, 190.88
1494614289, 7, 135, 224, 4, 0, 3.23%, 0, 3, 1, 195.09
1494614299, 7, 138, 224, 4, 0, 3.23%, 0, 3, 1, 190.69
1494614320, 7, 139, 224, 4, 0, 3.23%, 0, 3, 1, 185.46
1494614325, 7, 140, 224, 4, 0, 3.23%, 0, 3, 1, 189.38
1494614330, 7, 141, 224, 4, 0, 3.23%, 0, 3, 1, 188.42
1494614340, 7, 143, 224, 4, 0, 3.23%, 0, 3, 1, 187.23
1494614356, 7, 146, 224, 4, 0, 3.23%, 0, 3, 1, 187.52
1494614361, 7, 148, 224, 4, 0, 3.23%, 0, 3, 1, 183.53
1494614366, 7, 150, 224, 4, 0, 3.23%, 0, 3, 1, 187.64
1494614377, 7, 152, 224, 4, 0, 3.23%, 0, 3, 1, 190.53
1494614387, 7, 153, 224, 3, 0, 3.23%, 0, 3, 1, 189.06
1494614397, 7, 155, 224, 3, 0, 3.23%, 0, 3, 1, 153.92
1494614413, 7, 157, 224, 3, 0, 3.23%, 0, 3, 1, 194.92
1494614423, 7, 159, 224, 3, 0, 3.23%, 0, 3, 1, 194.07
1494614433, 7, 160, 224, 3, 0, 3.23%, 0, 3, 1, 189.65
1494614438, 7, 162, 224, 3, 0, 3.23%, 0, 3, 1, 187.84
1494614443, 7, 163, 224, 3, 0, 3.23%, 0, 3, 1, 191.01
1494614449, 7, 164, 224, 3, 0, 3.23%, 0, 3, 1, 191.70
1494614459, 7, 166, 224, 3, 0, 3.23%, 0, 3, 1, 191.27
1494614469, 7, 167, 224, 3, 0, 3.23%, 0, 3, 1, 191.17
1494614474, 7, 168, 224, 3, 0, 3.23%, 0, 3, 1, 192.29
1494614484, 7, 170, 224, 3, 0, 3.23%, 0, 3, 1, 190.82
1494614495, 7, 171, 224, 3, 0, 3.23%, 0, 3, 1, 189.62
1494614500, 7, 173, 224, 3, 0, 3.23%, 0, 3, 1, 192.38
1494614510, 7, 174, 224, 3, 0, 3.23%, 0, 3, 1, 191.49
1494614515, 7, 175, 224, 3, 0, 3.23%, 0, 3, 1, 189.41
1494614530, 7, 178, 224, 3, 0, 3.23%, 0, 3, 1, 81.62
1494614536, 7, 179, 224, 3, 0, 3.23%, 0, 3, 1, 163.45
1494614541, 7, 180, 224, 3, 0, 3.23%, 0, 3, 1, 181.31
1494614551, 7, 182, 224, 3, 0, 3.23%, 0, 3, 1, 202.48
1494614561, 7, 185, 224, 3, 0, 3.23%, 0, 3, 1, 190.11
1494614571, 7, 186, 224, 3, 0, 3.23%, 0, 3, 1, 189.22
1494614576, 7, 187, 224, 3, 0, 3.23%, 0, 3, 1, 197.06
1494614587, 7, 190, 224, 3, 0, 3.23%, 0, 3, 1, 197.55
1494614597, 7, 191, 224, 3, 0, 3.23%, 0, 3, 1, 198.94
1494614602, 7, 193, 224, 3, 0, 3.23%, 0, 3, 1, 151.56
1494614612, 7, 197, 224, 3, 0, 3.23%, 0, 3, 1, 192.62
1494614632, 7, 199, 224, 3, 0, 3.23%, 0, 3, 1, 189.17
1494614642, 7, 201, 224, 3, 0, 3.23%, 0, 3, 1, 194.38
1494614653, 7, 202, 224, 3, 0, 3.23%, 0, 3, 1, 189.88
1494614658, 7, 203, 224, 3, 0, 3.23%, 0, 3, 1, 189.65
1494614668, 7, 204, 224, 3, 0, 3.23%, 0, 3, 1, 193.03
1494614678, 7, 205, 224, 3, 0, 3.23%, 0, 3, 1, 190.80
1494614689, 7, 208, 224, 3, 0, 3.23%, 0, 3, 1, 191.34
1494614699, 7, 209, 224, 3, 0, 3.23%, 0, 3, 1, 194.03
1494614704, 7, 210, 224, 3, 0, 3.23%, 0, 3, 1, 193.62
1494614714, 7, 212, 224, 3, 0, 3.23%, 0, 3, 1, 193.48
1494614724, 7, 213, 224, 3, 0, 3.23%, 0, 3, 1, 187.55
1494614729, 7, 216, 224, 3, 0, 3.23%, 0, 3, 1, 190.95
1494614735, 8, 0, 224, 3, 0, 3.23%, 0, 3, 1, 206.41
1494614740, 8, 1, 224, 3, 0, 3.23%, 0, 3, 1, 194.35
1494614745, 8, 3, 224, 3, 0, 3.23%, 0, 3, 1, 210.21
1494614750, 8, 4, 224, 3, 0, 3.23%, 0, 3, 1, 212.87
1494614755, 8, 6, 224, 3, 0, 3.23%, 0, 3, 1, 209.85
1494614760, 8, 8, 224, 3, 0, 3.23%, 0, 3, 1, 212.32
1494614765, 8, 10, 224, 3, 0, 3.23%, 0, 3, 1, 147.40
1494614770, 8, 12, 224, 3, 0, 3.23%, 0, 3, 1, 199.42
1494614781, 8, 14, 224, 3, 0, 3.23%, 0, 3, 1, 203.03
1494614786, 8, 15, 224, 3, 0, 3.23%, 0, 3, 1, 203.32
1494614791, 8, 18, 224, 3, 0, 3.23%, 0, 3, 1, 205.85
1494614796, 8, 20, 224, 3, 0, 3.23%, 0, 3, 1, 86.86
1494614801, 8, 22, 224, 3, 0, 3.23%, 0, 3, 1, 179.59
1494614807, 8, 23, 224, 3, 0, 3.23%, 0, 3, 1, 194.39
1494614817, 8, 24, 224, 3, 0, 3.23%, 0, 3, 1, 225.36
1494614822, 8, 26, 224, 3, 0, 3.23%, 0, 3, 1, 218.30
1494614827, 8, 28, 224, 3, 0, 3.23%, 0, 3, 1, 217.45
1494614832, 8, 30, 224, 3, 0, 3.23%, 0, 3, 1, 218.78
1494614837, 8, 32, 224, 3, 0, 3.23%, 0, 3, 1, 215.71
1494614842, 8, 33, 224, 3, 0, 3.23%, 0, 3, 1, 212.02
1494614848, 8, 34, 224, 3, 0, 3.23%, 0, 3, 1, 205.70
1494614858, 8, 35, 224, 3, 0, 3.23%, 0, 3, 1, 184.37
1494614863, 8, 37, 224, 3, 0, 3.23%, 0, 3, 1, 201.78
1494614868, 8, 38, 224, 3, 0, 3.23%, 0, 3, 1, 204.01
1494614873, 8, 39, 224, 3, 0, 3.23%, 0, 3, 1, 205.96
1494614883, 8, 41, 224, 3, 0, 3.23%, 0, 3, 1, 210.46
1494614888, 8, 42, 224, 3, 0, 3.23%, 0, 3, 1, 209.24
1494614893, 8, 43, 224, 3, 0, 3.23%, 0, 3, 1, 213.58
1494614898, 8, 45, 224, 3, 0, 3.23%, 0, 3, 1, 216.28
1494614909, 8, 46, 224, 3, 0, 3.23%, 0, 3, 1, 212.29
1494614914, 8, 47, 224, 3, 0, 3.23%, 0, 3, 1, 213.24
1494614929, 8, 48, 224, 3, 0, 3.23%, 0, 3, 1, 209.75
1494614934, 8, 49, 224, 3, 0, 3.23%, 0, 3, 1, 212.40
1494614944, 8, 51, 224, 3, 0, 3.23%, 0, 3, 1, 203.70
1494614955, 8, 52, 224, 3, 0, 3.23%, 0, 3, 1, 215.55
1494614965, 8, 55, 224, 3, 0, 3.23%, 0, 3, 1, 215.31
1494614976, 8, 56, 224, 3, 0, 3.23%, 0, 3, 1, 12.70
1494614981, 8, 57, 224, 3, 0, 3.23%, 0, 3, 1, 179.30
1494614991, 8, 58, 224, 3, 0, 3.23%, 0, 3, 1, 204.48
1494615001, 8, 61, 224, 3, 0, 3.23%, 0, 3, 1, 210.63
1494615011, 8, 62, 224, 3, 0, 3.23%, 0, 3, 1, 113.40
1494615022, 8, 64, 224, 3, 0, 3.23%, 0, 3, 1, 205.36
1494615032, 8, 65, 224, 3, 0, 3.23%, 0, 3, 1, 214.58
1494615037, 8, 68, 224, 3, 0, 3.23%, 0, 3, 1, 215.72
1494615047, 8, 70, 224, 3, 0, 3.23%, 0, 3, 1, 215.80
1494615052, 8, 73, 224, 3, 0, 3.23%, 0, 3, 1, 206.24
1494615058, 8, 74, 224, 3, 0, 3.23%, 0, 3, 1, 205.55
1494615068, 8, 75, 224, 3, 0, 3.23%, 0, 3, 1, 205.71
1494615073, 8, 77, 224, 3, 0, 3.23%, 0, 3, 1, 208.69
1494615083, 8, 78, 224, 3, 0, 3.23%, 0, 3, 1, 211.07
1494615088, 8, 79, 224, 3, 0, 3.23%, 0, 3, 1, 212.95
1494615093, 8, 82, 224, 3, 0, 3.23%, 0, 3, 1, 207.88
1494615103, 8, 85, 224, 3, 0, 3.23%, 0, 3, 1, 214.23
1494615108, 8, 86, 224, 3, 0, 3.23%, 0, 3, 1, 212.67
1494615119, 8, 87, 224, 3, 0, 3.23%, 0, 3, 1, 212.80
1494615124, 8, 88, 224, 3, 0, 3.23%, 0, 3, 1, 212.93
1494615129, 8, 89, 224, 3, 0, 3.23%, 0, 3, 1, 207.76
1494615134, 8, 90, 224, 3, 0, 3.23%, 0, 3, 1, 207.66
1494615144, 8, 91, 224, 3, 0, 3.23%, 0, 3, 1, 221.73
1494615149, 8, 93, 224, 3, 0, 3.23%, 0, 3, 1, 212.13
1494615154, 8, 95, 224, 3, 0, 3.23%, 0, 3, 1, 213.24
1494615165, 8, 96, 224, 3, 0, 3.23%, 0, 3, 1, 210.19
1494615170, 8, 98, 224, 3, 0, 3.23%, 0, 3, 1, 212.66
1494615175, 8, 99, 224, 3, 0, 3.23%, 0, 3, 1, 213.93
1494615185, 8, 100, 224, 3, 0, 3.23%, 0, 3, 1, 198.00
1494615195, 8, 101, 224, 3, 0, 3.23%, 0, 3, 1, 213.11
1494615206, 8, 103, 224, 3, 0, 3.23%, 0, 3, 1, 212.69
1494615216, 8, 104, 224, 3, 0, 3.23%, 0, 3, 1, 208.45
1494615221, 8, 105, 224, 3, 0, 3.23%, 0, 3, 1, 210.13
1494615231, 8, 107, 224, 3, 0, 3.23%, 0, 3, 1, 205.99
1494615242, 8, 108, 224, 3, 0, 3.23%, 0, 3, 1, 214.52
1494615247, 8, 109, 224, 3, 0, 3.23%, 0, 3, 1, 206.79
1494615252, 8, 110, 224, 3, 0, 3.23%, 0, 3, 1, 210.02
1494615262, 8, 111, 224, 3, 0, 3.23%, 0, 3, 1, 193.97
1494615267, 8, 112, 224, 3, 0, 3.23%, 0, 3, 1, 208.52
1494615277, 8, 113, 224, 3, 0, 3.23%, 0, 3, 1, 218.21
1494615288, 8, 114, 224, 3, 0, 3.23%, 0, 3, 1, 201.26
1494615293, 8, 116, 224, 3, 0, 3.23%, 0, 3, 1, 193.13
1494615298, 8, 118, 224, 3, 0, 3.23%, 0, 3, 1, 195.87
1494615303, 8, 119, 224, 3, 0, 3.23%, 0, 3, 1, 194.28
1494615313, 8, 120, 224, 3, 0, 3.23%, 0, 3, 1, 196.16
1494615323, 8, 122, 224, 3, 0, 3.23%, 0, 3, 1, 189.65
1494615339, 8, 124, 224, 3, 0, 3.23%, 0, 3, 1, 190.92
1494615349, 8, 126, 224, 3, 0, 3.23%, 0, 3, 1, 194.05
1494615354, 8, 129, 224, 3, 0, 3.23%, 0, 3, 1, 192.21
1494615359, 8, 130, 224, 3, 0, 3.23%, 0, 3, 1, 183.69
1494615369, 8, 133, 224, 3, 0, 3.23%, 0, 3, 1, 180.39
1494615379, 8, 134, 224, 3, 0, 3.23%, 0, 3, 1, 189.58
1494615385, 8, 135, 224, 3, 0, 3.23%, 0, 3, 1, 173.67
1494615395, 8, 137, 224, 3, 0, 3.23%, 0, 3, 1, 187.38
1494615400, 8, 138, 224, 3, 0, 3.23%, 0, 3, 1, 182.65
1494615415, 8, 139, 224, 3, 0, 3.23%, 0, 3, 1, 180.13
1494615421, 8, 140, 224, 3, 0, 3.23%, 0, 3, 1, 185.45
1494615426, 8, 141, 224, 3, 0, 3.23%, 0, 3, 1, 189.35
1494615436, 8, 143, 224, 3, 0, 3.23%, 0, 3, 1, 187.50
1494615446, 8, 144, 224, 3, 0, 3.23%, 0, 3, 1, 189.28
1494615451, 8, 146, 224, 3, 0, 3.23%, 0, 3, 1, 196.14
1494615457, 8, 150, 224, 3, 0, 3.23%, 0, 3, 1, 194.42
1494615467, 8, 151, 224, 3, 0, 3.23%, 0, 3, 1, 194.89
1494615472, 8, 153, 224, 3, 0, 3.23%, 0, 3, 1, 191.08
1494615482, 8, 155, 224, 3, 0, 3.23%, 0, 3, 1, 194.44
1494615492, 8, 156, 224, 3, 0, 3.23%, 0, 3, 1, 194.28
1494615497, 8, 157, 224, 3, 0, 3.23%, 0, 3, 1, 190.52
1494615508, 8, 159, 224, 3, 0, 3.23%, 0, 3, 1, 194.84
1494615523, 8, 161, 224, 3, 0, 3.23%, 0, 3, 1, 190.19
1494615528, 8, 162, 224, 3, 0, 3.23%, 0, 3, 1, 188.84
1494615534, 8, 164, 224, 3, 0, 3.23%, 0, 3, 1, 187.88
1494615544, 8, 166, 224, 3, 0, 3.23%, 0, 3, 1, 190.80
1494615554, 8, 167, 224, 3, 0, 3.23%, 0, 3, 1, 187.81
1494615559, 8, 168, 224, 3, 0, 3.23%, 0, 3, 1, 186.22
1494615570, 8, 169, 224, 3, 0, 3.23%, 0, 3, 1, 188.66
1494615575, 8, 170, 224, 3, 0, 3.23%, 0, 3, 1, 187.18
1494615585, 8, 172, 224, 3, 0, 3.23%, 0, 3, 1, 190.52
1494615590, 8, 173, 224, 3, 0, 3.23%, 0, 3, 1, 187.09
1494615600, 8, 175, 224, 3, 0, 3.23%, 0, 3, 1, 180.65
1494615616, 8, 176, 224, 3, 0, 3.23%, 0, 3, 1, 194.13
1494615621, 8, 178, 224, 3, 0, 3.23%, 0, 3, 1, 187.64
1494615626, 8, 180, 224, 3, 0, 3.23%, 0, 3, 1, 188.54
1494615641, 8, 182, 224, 3, 0, 3.23%, 0, 3, 1, 164.28
1494615647, 8, 183, 224, 3, 0, 3.23%, 0, 3, 1, 182.44
1494615652, 8, 185, 224, 3, 0, 3.23%, 0, 3, 1, 186.52
1494615662, 8, 187, 224, 3, 0, 3.23%, 0, 3, 1, 191.18
1494615677, 8, 190, 224, 3, 0, 3.23%, 0, 3, 1, 184.60
1494615693, 8, 193, 224, 3, 0, 3.23%, 0, 3, 1, 193.72
1494615704, 8, 196, 224, 3, 0, 3.23%, 0, 3, 1, 191.16
1494615709, 8, 197, 224, 3, 0, 3.23%, 0, 3, 1, 189.14
1494615724, 8, 199, 224, 3, 0, 3.23%, 0, 3, 1, 187.90
1494615734, 8, 200, 224, 3, 0, 3.23%, 0, 3, 1, 191.52
1494615739, 8, 201, 224, 3, 0, 3.23%, 0, 3, 1, 189.26
1494615749, 8, 203, 224, 3, 0, 3.23%, 0, 3, 1, 187.93
1494615759, 8, 204, 224, 3, 0, 3.23%, 0, 3, 1, 184.51
1494615775, 8, 205, 224, 3, 0, 3.23%, 0, 3, 1, 187.71
1494615785, 8, 208, 224, 3, 0, 3.23%, 0, 3, 1, 186.03
1494615796, 8, 209, 224, 3, 0, 3.23%, 0, 3, 1, 187.29
1494615801, 8, 210, 224, 3, 0, 3.23%, 0, 3, 1, 187.25
1494615812, 8, 212, 224, 3, 0, 3.23%, 0, 3, 1, 187.36
1494615822, 8, 213, 224, 3, 0, 3.23%, 0, 3, 1, 193.58
1494615827, 8, 217, 224, 3, 0, 3.23%, 0, 3, 1, 189.80
1494615832, 9, 1, 224, 2, 0, 3.23%, 0, 3, 1, 194.40
1494615837, 9, 3, 224, 2, 0, 3.23%, 0, 3, 1, 198.23
1494615842, 9, 4, 224, 2, 0, 3.23%, 0, 3, 1, 192.27
1494615853, 9, 6, 224, 2, 0, 3.23%, 0, 3, 1, 195.54
1494615858, 9, 8, 224, 2, 0, 3.23%, 0, 3, 1, 194.85
1494615863, 9, 10, 224, 2, 0, 3.23%, 0, 3, 1, 193.09
1494615873, 9, 12, 224, 2, 0, 3.23%, 0, 3, 1, 184.36
1494615878, 9, 14, 224, 2, 0, 3.23%, 0, 3, 1, 195.27
1494615884, 9, 15, 224, 2, 0, 3.23%, 0, 3, 1, 209.32
1494615889, 9, 17, 224, 2, 0, 3.23%, 0, 3, 1, 215.42
1494615894, 9, 20, 224, 2, 0, 3.23%, 0, 3, 1, 211.08
1494615899, 9, 21, 224, 2, 0, 3.23%, 0, 3, 1, 208.11
1494615904, 9, 23, 224, 2, 0, 3.23%, 0, 3, 1, 213.71
1494615915, 9, 24, 224, 2, 0, 3.23%, 0, 3, 1, 215.03
1494615920, 9, 26, 224, 2, 0, 3.23%, 0, 3, 1, 210.81
1494615925, 9, 28, 224, 2, 0, 3.23%, 0, 3, 1, 214.11
1494615930, 9, 29, 224, 2, 0, 3.23%, 0, 3, 1, 214.81
1494615935, 9, 31, 224, 2, 0, 3.23%, 0, 3, 1, 206.74
1494615940, 9, 33, 224, 2, 0, 3.23%, 0, 3, 1, 214.52
1494615946, 9, 34, 224, 2, 0, 3.23%, 0, 3, 1, 215.83
1494615956, 9, 35, 224, 2, 0, 3.23%, 0, 3, 1, 210.68
1494615966, 9, 37, 224, 2, 0, 3.23%, 0, 3, 1, 203.31
1494615971, 9, 39, 224, 2, 0, 3.23%, 0, 3, 1, 212.81
1494615982, 9, 41, 224, 2, 0, 3.23%, 0, 3, 1, 104.90
1494615987, 9, 42, 224, 2, 0, 3.23%, 0, 3, 1, 196.85
1494615997, 9, 43, 224, 2, 0, 3.23%, 0, 3, 1, 212.43
1494616002, 9, 45, 224, 2, 0, 3.23%, 0, 3, 1, 217.52
1494616007, 9, 46, 224, 2, 0, 3.23%, 0, 3, 1, 149.07
1494616018, 9, 47, 224, 2, 0, 3.23%, 0, 3, 1, 210.10
1494616028, 9, 48, 224, 2, 0, 3.23%, 0, 3, 1, 204.14
1494616033, 9, 49, 224, 2, 0, 3.23%, 0, 3, 1, 203.32
1494616043, 9, 51, 224, 2, 0, 3.23%, 0, 3, 1, 207.18
1494616053, 9, 52, 224, 2, 0, 3.23%, 0, 3, 1, 209.70
1494616063, 9, 55, 224, 2, 0, 3.23%, 0, 3, 1, 208.64
1494616074, 9, 56, 224, 2, 0, 3.23%, 0, 3, 1, 10.59
1494616084, 9, 57, 224, 2, 0, 3.23%, 0, 3, 1, 196.49
1494616094, 9, 58, 224, 2, 0, 3.23%, 0, 3, 1, 209.51
1494616104, 9, 61, 224, 2, 0, 3.23%, 0, 3, 1, 215.23
1494616110, 9, 62, 224, 2, 0, 3.23%, 0, 3, 1, 209.17
1494616120, 9, 64, 224, 2, 0, 3.23%, 0, 3, 1, 201.43
1494616130, 9, 65, 224, 2, 0, 3.23%, 0, 3, 1, 209.34
1494616135, 9, 68, 224, 2, 0, 3.23%, 0, 3, 1, 214.98
1494616145, 9, 70, 224, 2, 0, 3.23%, 0, 3, 1, 210.18
1494616150, 9, 73, 224, 2, 0, 3.23%, 0, 3, 1, 214.04
1494616156, 9, 74, 224, 2, 0, 3.23%, 0, 3, 1, 213.88
1494616166, 9, 75, 224, 2, 0, 3.23%, 0, 3, 1, 213.42
1494616171, 9, 77, 224, 2, 0, 3.23%, 0, 3, 1, 216.76
1494616181, 9, 78, 224, 2, 0, 3.23%, 0, 3, 1, 206.01
1494616186, 9, 79, 224, 2, 0, 3.23%, 0, 3, 1, 241.86
1494616192, 9, 82, 224, 2, 0, 3.23%, 0, 3, 1, 218.15
1494616202, 9, 85, 224, 2, 0, 3.23%, 0, 3, 1, 211.74
1494616207, 9, 86, 224, 2, 0, 3.23%, 0, 3, 1, 212.51
1494616217, 9, 87, 224, 2, 0, 3.23%, 0, 3, 1, 213.77
1494616228, 9, 89, 224, 2, 0, 3.23%, 0, 3, 1, 207.63
1494616233, 9, 90, 224, 2, 0, 3.23%, 0, 3, 1, 211.48
1494616243, 9, 91, 224, 2, 0, 3.23%, 0, 3, 1, 213.58
1494616248, 9, 93, 224, 2, 0, 3.23%, 0, 3, 1, 212.12
1494616253, 9, 95, 224, 2, 0, 3.23%, 0, 3, 1, 213.92
1494616263, 9, 96, 224, 2, 0, 3.23%, 0, 3, 1, 207.30
1494616268, 9, 98, 224, 2, 0, 3.23%, 0, 3, 1, 204.96
1494616274, 9, 99, 224, 2, 0, 3.23%, 0, 3, 1, 210.06
1494616284, 9, 100, 224, 2, 0, 3.23%, 0, 3, 1, 209.92
1494616294, 9, 101, 224, 2, 0, 3.23%, 0, 3, 1, 210.90
1494616304, 9, 103, 224, 2, 0, 3.23%, 0, 3, 1, 209.92
1494616314, 9, 104, 224, 2, 0, 3.23%, 0, 3, 1, 212.65
1494616319, 9, 105, 224, 2, 0, 3.23%, 0, 3, 1, 214.42
1494616330, 9, 106, 224, 2, 0, 3.23%, 0, 3, 1, 213.39
1494616335, 9, 107, 224, 2, 0, 3.23%, 0, 3, 1, 212.23
1494616345, 9, 110, 224, 2, 0, 3.23%, 0, 3, 1, 205.82
1494616355, 9, 111, 224, 2, 0, 3.23%, 0, 3, 1, 203.77
1494616360, 9, 112, 224, 2, 0, 3.23%, 0, 3, 1, 204.35
1494616371, 9, 113, 224, 2, 0, 3.23%, 0, 3, 1, 197.74
1494616381, 9, 114, 224, 2, 0, 3.23%, 0, 3, 1, 213.72
1494616386, 9, 115, 224, 2, 0, 3.23%, 0, 3, 1, 211.68
1494616391, 9, 118, 224, 2, 0, 3.23%, 0, 3, 1, 209.89
1494616396, 9, 119, 224, 2, 0, 3.23%, 0, 3, 1, 211.53
1494616406, 9, 120, 224, 2, 0, 3.23%, 0, 3, 1, 155.45
1494616417, 9, 122, 224, 2, 0, 3.23%, 0, 3, 1, 206.56
1494616427, 9, 123, 224, 2, 0, 3.23%, 0, 3, 1, 204.76
1494616432, 9, 124, 224, 2, 0, 3.23%, 0, 3, 1, 209.34
1494616438, 9, 126, 224, 2, 0, 3.23%, 0, 3, 1, 206.86
1494616443, 9, 128, 224, 2, 0, 3.23%, 0, 3, 1, 196.79
1494616448, 9, 130, 224, 2, 0, 3.23%, 0, 3, 1, 191.19
1494616463, 9, 133, 224, 2, 0, 3.23%, 0, 3, 1, 183.52
1494616474, 9, 134, 224, 2, 0, 3.23%, 0, 3, 1, 187.73
1494616479, 9, 135, 224, 2, 0, 3.23%, 0, 3, 1, 174.21
1494616489, 9, 138, 224, 2, 0, 3.23%, 0, 3, 1, 187.68
1494616510, 9, 139, 224, 2, 0, 3.23%, 0, 3, 1, 190.33
1494616515, 9, 140, 224, 2, 0, 3.23%, 0, 3, 1, 194.43
1494616520, 9, 141, 224, 2, 0, 3.23%, 0, 3, 1, 187.83
1494616530, 9, 143, 224, 2, 0, 3.23%, 0, 3, 1, 192.67
1494616541, 9, 144, 224, 2, 0, 3.23%, 0, 3, 1, 190.75
