# unix_time, cycles_done, cur_path, paths_total, pending_total, pending_favs, map_size, unique_crashes, unique_hangs, max_depth, execs_per_sec
1494961239, 0, 0, 224, 224, 174, 3.25%, 0, 0, 1, 187.29
1494961244, 0, 0, 225, 224, 173, 3.25%, 0, 0, 1, 141.73
1494961300, 0, 1, 225, 224, 173, 3.25%, 0, 0, 1, 124.86
1494961305, 0, 3, 225, 222, 171, 3.25%, 0, 0, 1, 129.46
1494961320, 0, 5, 225, 220, 169, 3.25%, 0, 0, 1, 130.64
1494961331, 0, 6, 225, 219, 168, 3.25%, 0, 0, 1, 125.18
1494961336, 0, 8, 225, 218, 167, 3.25%, 0, 0, 1, 149.90
1494961341, 0, 10, 225, 216, 165, 3.25%, 0, 0, 1, 131.38
1494961351, 0, 13, 225, 214, 163, 3.25%, 0, 0, 1, 127.86
1494961356, 0, 15, 225, 212, 161, 3.25%, 0, 0, 1, 149.39
1494961361, 0, 16, 225, 211, 160, 3.25%, 0, 0, 1, 154.85
1494961366, 0, 18, 225, 209, 158, 3.25%, 0, 0, 1, 140.79
1494961371, 0, 21, 225, 206, 155, 3.25%, 0, 0, 1, 140.49
1494961376, 0, 23, 225, 204, 153, 3.25%, 0, 0, 1, 149.92
1494961392, 0, 25, 225, 202, 151, 3.25%, 0, 0, 1, 148.41
1494961397, 0, 27, 225, 200, 149, 3.25%, 0, 0, 1, 151.83
1494961402, 0, 28, 225, 199, 148, 3.25%, 0, 0, 1, 139.01
1494961407, 0, 30, 225, 197, 146, 3.25%, 0, 0, 1, 145.33
1494961417, 0, 32, 225, 195, 144, 3.25%, 0, 0, 1, 147.87
1494961433, 0, 34, 225, 193, 142, 3.25%, 0, 0, 1, 139.90
1494961448, 0, 36, 225, 192, 141, 3.25%, 0, 0, 1, 129.57
1494961454, 0, 37, 225, 191, 140, 3.25%, 0, 0, 1, 143.06
1494961459, 0, 38, 225, 190, 139, 3.25%, 0, 0, 1, 151.77
1494961464, 0, 41, 225, 188, 137, 3.25%, 0, 0, 1, 142.88
1494961479, 0, 44, 225, 186, 135, 3.25%, 0, 0, 1, 145.61
1494961500, 0, 45, 225, 185, 134, 3.25%, 0, 0, 1, 152.53
1494961505, 0, 46, 225, 184, 133, 3.25%, 0, 0, 1, 140.88
1494961520, 0, 47, 225, 183, 132, 3.25%, 0, 0, 1, 140.18
1494961525, 0, 48, 225, 182, 131, 3.25%, 0, 0, 1, 135.64
1494961541, 0, 50, 225, 180, 129, 3.25%, 0, 0, 1, 136.24
1494961546, 0, 51, 225, 179, 128, 3.25%, 0, 0, 1, 141.03
1494961561, 0, 54, 225, 178, 127, 3.25%, 0, 0, 1, 145.04
1494961576, 0, 55, 225, 177, 126, 3.25%, 0, 0, 1, 135.17
1494961582, 0, 56, 225, 176, 125, 3.25%, 0, 0, 1, 128.97
1494961597, 0, 57, 225, 175, 124, 3.25%, 0, 0, 1, 132.63
1494961602, 0, 60, 225, 174, 123, 3.25%, 0, 0, 1, 133.15
1494961617, 0, 61, 225, 173, 122, 3.25%, 0, 0, 1, 120.44
1494961622, 0, 62, 225, 172, 121, 3.25%, 0, 0, 1, 125.48
1494961643, 0, 63, 225, 171, 120, 3.25%, 0, 0, 1, 125.11
1494961648, 0, 66, 225, 170, 119, 3.25%, 0, 0, 1, 134.28
1494961663, 0, 67, 225, 169, 118, 3.25%, 0, 0, 1, 125.56
1494961668, 0, 69, 225, 168, 117, 3.25%, 0, 0, 1, 120.82
1494961684, 0, 70, 225, 167, 116, 3.25%, 0, 0, 1, 133.14
1494961689, 0, 72, 225, 166, 115, 3.25%, 0, 0, 1, 122.11
1494961699, 0, 73, 225, 165, 114, 3.25%, 0, 0, 1, 137.09
1494961704, 0, 74, 225, 164, 113, 3.25%, 0, 0, 1, 121.13
1494961719, 0, 75, 225, 163, 112, 3.25%, 0, 0, 1, 119.98
1494961724, 0, 76, 225, 162, 111, 3.25%, 0, 0, 1, 119.90
1494961745, 0, 78, 225, 160, 109, 3.25%, 0, 0, 1, 124.49
1494961766, 0, 80, 225, 159, 108, 3.25%, 0, 0, 1, 129.01
1494961771, 0, 81, 225, 158, 107, 3.25%, 0, 0, 1, 130.59
1494961786, 0, 84, 225, 157, 106, 3.25%, 0, 0, 1, 136.90
1494961791, 0, 85, 225, 156, 105, 3.25%, 0, 0, 1, 129.07
1494961806, 0, 87, 225, 155, 104, 3.25%, 0, 0, 1, 124.61
1494961812, 0, 88, 225, 154, 103, 3.25%, 0, 0, 1, 115.45
1494961817, 0, 89, 225, 153, 102, 3.25%, 0, 0, 1, 128.82
1494961832, 0, 90, 225, 152, 101, 3.25%, 0, 0, 1, 139.79
1494961837, 0, 91, 225, 151, 100, 3.25%, 0, 0, 1, 139.76
1494961842, 0, 92, 225, 150, 99, 3.25%, 0, 0, 1, 130.31
1494961858, 0, 94, 225, 149, 98, 3.25%, 0, 0, 1, 138.62
1494961863, 0, 95, 225, 148, 97, 3.25%, 0, 0, 1, 143.46
1494961878, 0, 99, 225, 146, 95, 3.25%, 0, 0, 1, 135.39
1494961894, 0, 100, 225, 145, 94, 3.25%, 0, 0, 1, 147.06
1494961899, 0, 101, 225, 144, 93, 3.25%, 0, 0, 1, 142.98
1494961904, 0, 102, 225, 143, 92, 3.25%, 0, 0, 1, 147.34
1494961919, 0, 104, 225, 141, 90, 3.25%, 0, 0, 1, 144.54
1494961935, 0, 105, 225, 140, 89, 3.25%, 0, 0, 1, 146.72
1494961940, 0, 106, 225, 139, 88, 3.25%, 0, 0, 1, 144.76
1494961956, 0, 108, 225, 137, 86, 3.25%, 0, 0, 1, 137.10
1494961981, 0, 109, 225, 136, 85, 3.25%, 0, 0, 1, 130.16
1494961986, 0, 111, 225, 134, 83, 3.25%, 0, 0, 1, 143.39
1494962002, 0, 113, 225, 133, 82, 3.25%, 0, 0, 1, 139.00
1494962007, 0, 114, 225, 132, 81, 3.25%, 0, 0, 1, 138.52
1494962012, 0, 115, 225, 131, 80, 3.25%, 0, 0, 1, 140.78
1494962027, 0, 117, 225, 129, 78, 3.25%, 0, 0, 1, 143.27
1494962032, 0, 118, 225, 128, 77, 3.25%, 0, 0, 1, 142.35
1494962038, 0, 119, 225, 127, 76, 3.25%, 0, 0, 1, 139.36
1494962053, 0, 120, 225, 126, 75, 3.25%, 0, 0, 1, 142.48
1494962058, 0, 121, 225, 125, 74, 3.25%, 0, 0, 1, 132.18
1494962074, 0, 122, 225, 124, 73, 3.25%, 0, 0, 1, 128.06
1494962079, 0, 125, 225, 123, 72, 3.25%, 0, 0, 1, 120.59
1494962084, 0, 126, 225, 122, 71, 3.25%, 0, 0, 1, 129.21
1494962099, 0, 128, 225, 121, 70, 3.25%, 0, 0, 1, 118.38
1494962104, 0, 129, 225, 120, 69, 3.25%, 0, 0, 1, 114.66
1494962120, 0, 131, 225, 119, 68, 3.25%, 0, 0, 1, 133.85
1494962140, 0, 133, 225, 117, 66, 3.25%, 0, 0, 1, 120.75
1494962150, 0, 134, 225, 116, 65, 3.25%, 0, 0, 1, 124.72
1494962166, 0, 136, 225, 115, 64, 3.25%, 0, 0, 1, 126.95
1494962181, 0, 138, 225, 114, 63, 3.25%, 0, 0, 1, 117.46
1494962186, 0, 139, 225, 113, 62, 3.25%, 0, 0, 1, 123.65
1494962202, 0, 140, 225, 112, 61, 3.25%, 0, 0, 1, 120.25
1494962207, 0, 141, 225, 111, 60, 3.25%, 0, 0, 1, 122.82
1494962222, 0, 142, 225, 110, 59, 3.25%, 0, 0, 1, 139.93
1494962227, 0, 143, 225, 109, 58, 3.25%, 0, 0, 1, 135.60
1494962243, 0, 144, 225, 108, 57, 3.25%, 0, 0, 1, 133.54
1494962248, 0, 145, 225, 107, 56, 3.25%, 0, 0, 1, 115.32
1494962253, 0, 149, 225, 106, 55, 3.25%, 0, 0, 1, 126.86
1494962273, 0, 152, 225, 105, 54, 3.25%, 0, 0, 1, 128.45
1494962289, 0, 153, 225, 104, 53, 3.25%, 0, 0, 1, 129.47
1494962294, 0, 154, 225, 103, 52, 3.25%, 0, 0, 1, 131.32
1494962299, 0, 155, 225, 102, 51, 3.25%, 0, 0, 1, 119.58
1494962304, 0, 156, 225, 101, 50, 3.25%, 0, 0, 1, 134.16
1494962314, 0, 157, 225, 100, 49, 3.25%, 0, 0, 1, 144.31
1494962320, 0, 158, 225, 99, 48, 3.25%, 0, 0, 1, 130.87
1494962335, 0, 159, 225, 98, 47, 3.25%, 0, 0, 1, 152.82
1494962340, 0, 161, 225, 96, 45, 3.25%, 0, 0, 1, 137.25
1494962366, 0, 162, 225, 95, 44, 3.25%, 0, 0, 1, 145.67
1494962376, 0, 163, 225, 94, 43, 3.25%, 0, 0, 1, 139.06
1494962381, 0, 164, 225, 93, 42, 3.25%, 0, 0, 1, 151.02
1494962402, 0, 165, 225, 92, 41, 3.25%, 0, 0, 1, 141.87
1494962407, 0, 166, 225, 91, 40, 3.25%, 0, 0, 1, 134.02
1494962422, 0, 167, 225, 90, 39, 3.25%, 0, 0, 1, 138.21
1494962427, 0, 168, 225, 89, 38, 3.25%, 0, 0, 1, 146.20
1494962442, 0, 170, 225, 88, 37, 3.25%, 0, 0, 1, 153.75
1494962452, 0, 171, 225, 87, 36, 3.25%, 0, 0, 1, 143.53
1494962457, 0, 172, 225, 86, 35, 3.25%, 0, 0, 1, 151.10
1494962473, 0, 173, 225, 85, 34, 3.25%, 0, 0, 1, 141.53
1494962478, 0, 175, 225, 84, 33, 3.25%, 0, 0, 1, 148.94
1494962493, 0, 177, 225, 83, 32, 3.25%, 0, 0, 1, 149.78
1494962498, 0, 178, 225, 82, 31, 3.25%, 0, 0, 1, 143.60
1494962514, 0, 180, 225, 81, 30, 3.25%, 0, 0, 1, 146.16
1494962519, 0, 181, 225, 80, 29, 3.25%, 0, 0, 1, 151.72
1494962524, 0, 182, 225, 79, 28, 3.25%, 0, 0, 1, 157.96
1494962534, 0, 183, 225, 78, 27, 3.25%, 0, 0, 1, 152.61
1494962539, 0, 184, 225, 77, 26, 3.25%, 0, 0, 1, 161.98
1494962555, 0, 186, 225, 75, 24, 3.25%, 0, 0, 1, 136.65
1494962575, 0, 188, 225, 74, 23, 3.25%, 0, 0, 1, 135.72
1494962585, 0, 189, 225, 73, 22, 3.25%, 0, 0, 1, 137.74
1494962590, 0, 190, 225, 72, 21, 3.25%, 0, 0, 1, 127.24
1494962606, 0, 192, 225, 71, 20, 3.25%, 0, 0, 1, 140.97
1494962611, 0, 195, 225, 70, 19, 3.25%, 0, 0, 1, 128.97
1494962636, 0, 196, 225, 69, 18, 3.25%, 0, 0, 1, 114.69
1494962641, 0, 197, 225, 68, 17, 3.25%, 0, 0, 1, 116.02
1494962657, 0, 198, 225, 67, 16, 3.25%, 0, 0, 1, 118.63
1494962662, 0, 199, 225, 66, 15, 3.25%, 0, 0, 1, 127.73
1494962682, 0, 202, 225, 64, 13, 3.25%, 0, 0, 1, 125.49
1494962703, 0, 204, 225, 62, 11, 3.25%, 0, 0, 1, 133.60
1494962718, 0, 205, 225, 61, 10, 3.25%, 0, 0, 1, 128.34
1494962723, 0, 206, 225, 60, 9, 3.25%, 0, 0, 1, 129.05
1494962739, 0, 207, 225, 59, 8, 3.25%, 0, 0, 1, 123.89
1494962744, 0, 208, 225, 58, 7, 3.25%, 0, 0, 1, 135.77
1494962764, 0, 209, 225, 57, 6, 3.25%, 0, 0, 1, 124.99
1494962769, 0, 210, 225, 56, 5, 3.25%, 0, 0, 1, 124.73
1494962774, 0, 211, 225, 55, 4, 3.25%, 0, 0, 1, 120.21
1494962789, 0, 213, 225, 54, 3, 3.25%, 0, 0, 1, 131.18
1494962805, 0, 218, 225, 53, 2, 3.25%, 0, 0, 1, 132.01
1494962825, 0, 219, 225, 52, 1, 3.25%, 0, 0, 1, 152.93
1494962840, 0, 222, 225, 51, 0, 3.25%, 0, 0, 1, 136.79
1494962846, 1, 0, 225, 50, 0, 3.25%, 0, 0, 1, 152.68
1494962851, 1, 1, 225, 50, 0, 3.25%, 0, 0, 1, 137.22
1494962856, 1, 3, 225, 50, 0, 3.25%, 0, 0, 1, 138.15
1494962866, 1, 4, 225, 50, 0, 3.25%, 0, 0, 1, 141.71
1494962871, 1, 5, 225, 50, 0, 3.25%, 0, 0, 1, 144.44
1494962876, 1, 6, 225, 50, 0, 3.25%, 0, 0, 1, 136.62
1494962881, 1, 8, 225, 50, 0, 3.25%, 0, 0, 1, 141.52
1494962887, 1, 10, 225, 50, 0, 3.25%, 0, 0, 1, 142.89
1494962897, 1, 13, 225, 50, 0, 3.25%, 0, 0, 1, 141.22
1494962902, 1, 14, 225, 50, 0, 3.25%, 0, 0, 1, 151.30
1494962907, 1, 15, 225, 50, 0, 3.25%, 0, 0, 1, 157.69
1494962912, 1, 18, 225, 50, 0, 3.25%, 0, 0, 1, 139.02
1494962918, 1, 21, 225, 50, 0, 3.25%, 0, 0, 1, 150.92
1494962923, 1, 23, 225, 50, 0, 3.25%, 0, 0, 1, 146.46
1494962938, 1, 25, 225, 50, 0, 3.25%, 0, 0, 1, 143.71
1494962943, 1, 26, 225, 50, 0, 3.25%, 0, 0, 1, 155.90
1494962948, 1, 28, 225, 50, 0, 3.25%, 0, 0, 1, 132.30
1494962953, 1, 30, 225, 50, 0, 3.25%, 0, 0, 1, 135.61
1494962969, 1, 32, 225, 50, 0, 3.25%, 0, 0, 1, 136.63
1494962984, 1, 34, 225, 50, 0, 3.25%, 0, 0, 1, 134.51
1494962999, 1, 35, 225, 50, 0, 3.25%, 0, 0, 1, 141.66
1494963004, 1, 36, 225, 49, 0, 3.25%, 0, 0, 1, 131.01
1494963010, 1, 37, 225, 49, 0, 3.25%, 0, 0, 1, 142.23
1494963015, 1, 40, 225, 49, 0, 3.25%, 0, 0, 1, 156.53
1494963020, 1, 41, 225, 49, 0, 3.25%, 0, 0, 1, 135.18
1494963035, 1, 44, 225, 49, 0, 3.25%, 0, 0, 1, 129.87
1494963061, 1, 46, 225, 49, 0, 3.25%, 0, 0, 1, 123.69
1494963076, 1, 47, 225, 49, 0, 3.25%, 0, 0, 1, 131.07
1494963081, 1, 48, 225, 49, 0, 3.25%, 0, 0, 1, 125.74
1494963102, 1, 49, 225, 49, 0, 3.25%, 0, 0, 1, 123.55
1494963107, 1, 51, 225, 49, 0, 3.25%, 0, 0, 1, 124.12
1494963122, 1, 54, 225, 49, 0, 3.25%, 0, 0, 1, 123.96
1494963138, 1, 55, 225, 49, 0, 3.25%, 0, 0, 1, 121.70
1494963143, 1, 56, 225, 49, 0, 3.25%, 0, 0, 1, 127.04
1494963158, 1, 57, 225, 49, 0, 3.25%, 0, 0, 1, 129.72
1494963163, 1, 60, 225, 49, 0, 3.25%, 0, 0, 1, 129.09
1494963178, 1, 62, 225, 49, 0, 3.25%, 0, 0, 1, 142.30
1494963204, 1, 63, 225, 49, 0, 3.25%, 0, 0, 1, 130.13
1494963209, 1, 66, 225, 49, 0, 3.25%, 0, 0, 1, 120.15
1494963225, 1, 69, 225, 49, 0, 3.25%, 0, 0, 1, 135.98
1494963245, 1, 72, 225, 49, 0, 3.25%, 0, 0, 1, 130.27
1494963255, 1, 73, 225, 49, 0, 3.25%, 0, 0, 1, 116.81
1494963260, 1, 74, 225, 49, 0, 3.25%, 0, 0, 1, 130.81
1494963276, 1, 75, 225, 49, 0, 3.25%, 0, 0, 1, 120.12
1494963281, 1, 76, 225, 49, 0, 3.25%, 0, 0, 1, 128.35
1494963297, 1, 77, 225, 49, 0, 3.25%, 0, 0, 1, 135.61
1494963302, 1, 78, 225, 49, 0, 3.25%, 0, 0, 1, 134.59
1494963312, 1, 79, 225, 49, 0, 3.25%, 0, 0, 1, 144.73
1494963317, 1, 80, 225, 48, 0, 3.25%, 0, 0, 1, 146.26
1494963323, 1, 81, 225, 48, 0, 3.25%, 0, 0, 1, 148.02
1494963333, 1, 84, 225, 48, 0, 3.25%, 0, 0, 1, 143.81
1494963338, 1, 85, 225, 48, 0, 3.25%, 0, 0, 1, 151.25
1494963353, 1, 87, 225, 48, 0, 3.25%, 0, 0, 1, 156.57
1494963358, 1, 89, 225, 48, 0, 3.25%, 0, 0, 1, 154.34
1494963374, 1, 90, 225, 48, 0, 3.25%, 0, 0, 1, 144.61
1494963379, 1, 91, 225, 48, 0, 3.25%, 0, 0, 1, 142.76
1494963384, 1, 92, 225, 48, 0, 3.25%, 0, 0, 1, 139.18
1494963400, 1, 95, 225, 48, 0, 3.25%, 0, 0, 1, 160.26
1494963415, 1, 96, 225, 48, 0, 3.25%, 0, 0, 1, 146.04
1494963420, 1, 97, 225, 47, 0, 3.25%, 0, 0, 1, 147.75
1494963425, 1, 99, 225, 47, 0, 3.25%, 0, 0, 1, 132.63
1494963440, 1, 101, 225, 47, 0, 3.25%, 0, 0, 1, 143.74
1494963446, 1, 102, 225, 47, 0, 3.25%, 0, 0, 1, 138.32
1494963461, 1, 103, 225, 47, 0, 3.25%, 0, 0, 1, 142.16
1494963466, 1, 104, 225, 47, 0, 3.25%, 0, 0, 1, 147.80
1494963477, 1, 105, 225, 47, 0, 3.25%, 0, 0, 1, 146.77
1494963482, 1, 106, 225, 47, 0, 3.25%, 0, 0, 1, 147.71
1494963497, 1, 108, 225, 47, 0, 3.25%, 0, 0, 1, 145.03
1494963523, 1, 110, 225, 47, 0, 3.25%, 0, 0, 1, 139.26
1494963528, 1, 111, 225, 47, 0, 3.25%, 0, 0, 1, 147.09
1494963543, 1, 112, 225, 47, 0, 3.25%, 0, 0, 1, 144.09
1494963548, 1, 113, 225, 46, 0, 3.25%, 0, 0, 1, 144.40
1494963553, 1, 114, 225, 46, 0, 3.25%, 0, 0, 1, 136.88
1494963558, 1, 115, 225, 46, 0, 3.25%, 0, 0, 1, 133.80
1494963574, 1, 116, 225, 46, 0, 3.25%, 0, 0, 1, 131.00
1494963579, 1, 117, 225, 46, 0, 3.25%, 0, 0, 1, 131.22
1494963584, 1, 118, 225, 46, 0, 3.25%, 0, 0, 1, 121.26
1494963589, 1, 119, 225, 46, 0, 3.25%, 0, 0, 1, 129.47
1494963605, 1, 120, 225, 46, 0, 3.25%, 0, 0, 1, 122.78
1494963610, 1, 121, 225, 46, 0, 3.25%, 0, 0, 1, 128.63
1494963625, 1, 122, 225, 46, 0, 3.25%, 0, 0, 1, 129.44
1494963630, 1, 124, 225, 46, 0, 3.25%, 0, 0, 1, 119.46
1494963645, 1, 125, 225, 45, 0, 3.25%, 0, 0, 1, 126.39
1494963651, 1, 126, 225, 45, 0, 3.25%, 0, 0, 1, 123.56
1494963666, 1, 127, 225, 45, 0, 3.25%, 0, 0, 1, 128.77
1494963671, 1, 128, 225, 44, 0, 3.25%, 0, 0, 1, 124.90
1494963676, 1, 129, 225, 44, 0, 3.25%, 0, 0, 1, 124.98
1494963691, 1, 131, 225, 44, 0, 3.25%, 0, 0, 1, 130.79
1494963707, 1, 132, 225, 44, 0, 3.25%, 0, 0, 1, 128.50
1494963712, 1, 133, 225, 44, 0, 3.25%, 0, 0, 1, 127.21
1494963717, 1, 134, 225, 44, 0, 3.25%, 0, 0, 1, 130.42
1494963737, 1, 136, 225, 44, 0, 3.25%, 0, 0, 1, 124.64
1494963752, 1, 139, 225, 44, 0, 3.25%, 0, 0, 1, 122.45
1494963773, 1, 140, 225, 44, 0, 3.25%, 0, 0, 1, 131.28
1494963778, 1, 141, 225, 44, 0, 3.25%, 0, 0, 1, 130.17
1494963793, 1, 142, 225, 44, 0, 3.25%, 0, 0, 1, 140.96
1494963798, 1, 143, 225, 44, 0, 3.25%, 0, 0, 1, 141.98
1494963808, 1, 144, 225, 44, 0, 3.25%, 0, 0, 1, 148.67
1494963813, 1, 145, 225, 44, 0, 3.25%, 0, 0, 1, 138.25
1494963818, 1, 149, 225, 44, 0, 3.25%, 0, 0, 1, 131.25
1494963839, 1, 152, 225, 44, 0, 3.25%, 0, 0, 1, 154.71
1494963849, 1, 153, 225, 44, 0, 3.25%, 0, 0, 1, 141.70
1494963854, 1, 154, 225, 44, 0, 3.25%, 0, 0, 1, 144.29
1494963859, 1, 155, 225, 44, 0, 3.25%, 0, 0, 1, 144.57
1494963864, 1, 156, 225, 44, 0, 3.25%, 0, 0, 1, 140.10
1494963880, 1, 157, 225, 44, 0, 3.25%, 0, 0, 1, 148.87
1494963885, 1, 158, 225, 44, 0, 3.25%, 0, 0, 1, 140.00
1494963900, 1, 160, 225, 44, 0, 3.25%, 0, 0, 1, 144.45
1494963905, 1, 161, 225, 44, 0, 3.25%, 0, 0, 1, 135.37
1494963931, 1, 162, 225, 44, 0, 3.25%, 0, 0, 1, 151.49
1494963946, 1, 164, 225, 44, 0, 3.25%, 0, 0, 1, 147.93
1494963967, 1, 165, 225, 44, 0, 3.25%, 0, 0, 1, 137.55
1494963972, 1, 166, 225, 44, 0, 3.25%, 0, 0, 1, 146.58
1494963987, 1, 168, 225, 44, 0, 3.25%, 0, 0, 1, 140.76
1494964003, 1, 169, 225, 44, 0, 3.25%, 0, 0, 1, 146.68
1494964008, 1, 170, 225, 43, 0, 3.25%, 0, 0, 1, 141.47
1494964024, 1, 172, 225, 43, 0, 3.25%, 0, 0, 1, 138.58
1494964039, 1, 173, 225, 43, 0, 3.25%, 0, 0, 1, 139.60
1494964044, 1, 175, 225, 43, 0, 3.25%, 0, 0, 1, 134.79
1494964060, 1, 177, 225, 43, 0, 3.25%, 0, 0, 1, 134.92
1494964065, 1, 178, 225, 43, 0, 3.25%, 0, 0, 1, 134.86
1494964080, 1, 180, 225, 43, 0, 3.25%, 0, 0, 1, 125.97
1494964090, 1, 181, 225, 43, 0, 3.25%, 0, 0, 1, 127.80
1494964095, 1, 182, 225, 43, 0, 3.25%, 0, 0, 1, 130.57
1494964110, 1, 183, 225, 43, 0, 3.25%, 0, 0, 1, 119.62
1494964116, 1, 184, 225, 43, 0, 3.25%, 0, 0, 1, 124.64
1494964131, 1, 185, 225, 43, 0, 3.25%, 0, 0, 1, 123.44
1494964136, 1, 186, 225, 43, 0, 3.25%, 0, 0, 1, 137.48
1494964152, 1, 188, 225, 43, 0, 3.25%, 0, 0, 1, 116.10
1494964167, 1, 189, 225, 43, 0, 3.25%, 0, 0, 1, 125.58
1494964172, 1, 190, 225, 43, 0, 3.25%, 0, 0, 1, 118.07
1494964188, 1, 191, 225, 43, 0, 3.25%, 0, 0, 1, 126.91
1494964193, 1, 192, 225, 42, 0, 3.25%, 0, 0, 1, 133.38
1494964198, 1, 193, 225, 42, 0, 3.25%, 0, 0, 1, 130.56
1494964213, 1, 194, 225, 41, 0, 3.25%, 0, 0, 1, 141.14
1494964218, 1, 195, 225, 40, 0, 3.25%, 0, 0, 1, 133.30
1494964239, 1, 196, 225, 40, 0, 3.25%, 0, 0, 1, 123.17
1494964244, 1, 197, 225, 40, 0, 3.25%, 0, 0, 1, 122.13
1494964259, 1, 198, 225, 40, 0, 3.25%, 0, 0, 1, 127.44
1494964264, 1, 199, 225, 40, 0, 3.25%, 0, 0, 1, 123.52
1494964285, 1, 202, 225, 40, 0, 3.25%, 0, 0, 1, 134.75
1494964305, 1, 204, 225, 40, 0, 3.25%, 0, 0, 1, 143.73
1494964321, 1, 205, 225, 40, 0, 3.25%, 0, 0, 1, 148.99
1494964326, 1, 206, 225, 40, 0, 3.25%, 0, 0, 1, 135.37
1494964341, 1, 207, 225, 40, 0, 3.25%, 0, 0, 1, 146.92
1494964346, 1, 208, 225, 40, 0, 3.25%, 0, 0, 1, 134.61
1494964357, 1, 209, 225, 40, 0, 3.25%, 0, 0, 1, 140.62
1494964362, 1, 210, 225, 40, 0, 3.25%, 0, 0, 1, 134.01
1494964367, 1, 211, 225, 40, 0, 3.25%, 0, 0, 1, 149.51
1494964382, 1, 213, 225, 40, 0, 3.25%, 0, 0, 1, 150.85
1494964398, 1, 218, 225, 40, 0, 3.25%, 0, 0, 1, 125.92
1494964403, 1, 219, 225, 40, 0, 3.25%, 0, 0, 1, 144.88
1494964418, 2, 0, 225, 40, 0, 3.25%, 0, 0, 1, 145.10
1494964423, 2, 1, 225, 40, 0, 3.25%, 0, 0, 1, 147.89
1494964428, 2, 3, 225, 40, 0, 3.25%, 0, 0, 1, 138.79
1494964438, 2, 4, 225, 40, 0, 3.25%, 0, 0, 1, 144.05
1494964443, 2, 5, 225, 40, 0, 3.25%, 0, 0, 1, 135.21
1494964448, 2, 6, 225, 40, 0, 3.25%, 0, 0, 1, 136.26
1494964454, 2, 8, 225, 40, 0, 3.25%, 0, 0, 1, 138.89
1494964459, 2, 10, 225, 40, 0, 3.25%, 0, 0, 1, 142.72
1494964469, 2, 13, 225, 40, 0, 3.25%, 0, 0, 1, 133.37
1494964474, 2, 14, 225, 40, 0, 3.25%, 0, 0, 1, 142.61
1494964479, 2, 15, 225, 40, 0, 3.25%, 0, 0, 1, 146.86
1494964484, 2, 18, 225, 40, 0, 3.25%, 0, 0, 1, 145.78
1494964489, 2, 21, 225, 40, 0, 3.25%, 0, 0, 1, 134.91
1494964494, 2, 23, 225, 40, 0, 3.25%, 0, 0, 1, 146.32
1494964510, 2, 25, 225, 40, 0, 3.25%, 0, 0, 1, 150.24
1494964515, 2, 27, 225, 40, 0, 3.25%, 0, 0, 1, 143.22
1494964520, 2, 28, 225, 40, 0, 3.25%, 0, 0, 1, 139.87
1494964525, 2, 30, 225, 40, 0, 3.25%, 0, 0, 1, 141.87
1494964536, 2, 32, 225, 40, 0, 3.25%, 0, 0, 1, 136.58
1494964556, 2, 34, 225, 40, 0, 3.25%, 0, 0, 1, 127.19
1494964572, 2, 36, 225, 40, 0, 3.25%, 0, 0, 1, 119.65
1494964577, 2, 37, 225, 40, 0, 3.25%, 0, 0, 1, 131.27
1494964582, 2, 38, 225, 40, 0, 3.25%, 0, 0, 1, 126.95
1494964587, 2, 40, 225, 40, 0, 3.25%, 0, 0, 1, 127.47
1494964592, 2, 41, 225, 40, 0, 3.25%, 0, 0, 1, 118.98
1494964613, 2, 43, 225, 40, 0, 3.25%, 0, 0, 1, 124.54
1494964618, 2, 44, 225, 39, 0, 3.25%, 0, 0, 1, 116.43
1494964638, 2, 45, 225, 39, 0, 3.25%, 0, 0, 1, 124.33
1494964643, 2, 46, 225, 39, 0, 3.25%, 0, 0, 1, 123.82
1494964664, 2, 48, 225, 39, 0, 3.25%, 0, 0, 1, 119.58
1494964684, 2, 50, 225, 39, 0, 3.25%, 0, 0, 1, 128.06
1494964689, 2, 51, 225, 39, 0, 3.25%, 0, 0, 1, 133.58
1494964704, 2, 53, 225, 39, 0, 3.25%, 0, 0, 1, 128.65
1494964710, 2, 54, 225, 38, 0, 3.25%, 0, 0, 1, 126.16
1494964725, 2, 55, 225, 38, 0, 3.25%, 0, 0, 1, 108.44
1494964730, 2, 56, 225, 38, 0, 3.25%, 0, 0, 1, 114.58
1494964746, 2, 57, 225, 38, 0, 3.25%, 0, 0, 1, 120.21
1494964751, 2, 58, 225, 38, 0, 3.25%, 0, 0, 1, 125.01
1494964756, 2, 59, 225, 37, 0, 3.25%, 0, 0, 1, 138.28
1494964761, 2, 60, 225, 36, 0, 3.25%, 0, 0, 1, 121.10
1494964777, 2, 61, 225, 36, 0, 3.25%, 0, 0, 1, 131.81
1494964782, 2, 62, 225, 36, 0, 3.25%, 0, 0, 1, 142.67
1494964803, 2, 63, 225, 36, 0, 3.25%, 0, 0, 1, 146.80
1494964808, 2, 64, 225, 36, 0, 3.25%, 0, 0, 1, 136.88
1494964813, 2, 66, 225, 35, 0, 3.25%, 0, 0, 1, 151.05
1494964828, 2, 67, 225, 35, 0, 3.25%, 0, 0, 1, 146.99
1494964833, 2, 68, 225, 35, 0, 3.25%, 0, 0, 1, 142.81
1494964838, 2, 69, 225, 34, 0, 3.25%, 0, 0, 1, 147.89
1494964854, 2, 72, 225, 34, 0, 3.25%, 0, 0, 1, 144.44
1494964864, 2, 74, 225, 34, 0, 3.25%, 0, 0, 1, 154.40
1494964879, 2, 75, 225, 34, 0, 3.25%, 0, 0, 1, 145.61
1494964884, 2, 76, 225, 34, 0, 3.25%, 0, 0, 1, 142.67
1494964900, 2, 77, 225, 34, 0, 3.25%, 0, 0, 1, 166.26
1494964905, 2, 78, 225, 34, 0, 3.25%, 0, 0, 1, 144.97
1494964915, 2, 80, 225, 34, 0, 3.25%, 0, 0, 1, 129.76
1494964920, 2, 81, 225, 34, 0, 3.25%, 0, 0, 1, 125.61
1494964935, 2, 82, 225, 34, 0, 3.25%, 0, 0, 1, 141.99
1494964941, 2, 83, 225, 33, 0, 3.25%, 0, 0, 1, 151.06
1494964956, 2, 85, 225, 32, 0, 3.25%, 0, 0, 1, 141.25
1494964971, 2, 87, 225, 32, 0, 3.25%, 0, 0, 1, 135.26
1494964976, 2, 88, 225, 32, 0, 3.25%, 0, 0, 1, 128.12
1494964982, 2, 89, 225, 32, 0, 3.25%, 0, 0, 1, 132.22
1494964997, 2, 90, 225, 32, 0, 3.25%, 0, 0, 1, 137.52
1494965002, 2, 91, 225, 32, 0, 3.25%, 0, 0, 1, 140.22
1494965007, 2, 92, 225, 32, 0, 3.25%, 0, 0, 1, 142.82
1494965017, 2, 94, 225, 32, 0, 3.25%, 0, 0, 1, 154.69
1494965028, 2, 95, 225, 32, 0, 3.25%, 0, 0, 1, 126.81
1494965043, 2, 99, 225, 32, 0, 3.25%, 0, 0, 1, 129.47
1494965064, 2, 101, 225, 32, 0, 3.25%, 0, 0, 1, 124.50
1494965069, 2, 102, 225, 32, 0, 3.25%, 0, 0, 1, 126.59
1494965090, 2, 104, 225, 32, 0, 3.25%, 0, 0, 1, 123.89
1494965105, 2, 105, 225, 32, 0, 3.25%, 0, 0, 1, 117.20
1494965110, 2, 106, 225, 32, 0, 3.25%, 0, 0, 1, 119.34
1494965131, 2, 108, 225, 32, 0, 3.25%, 0, 0, 1, 118.61
1494965157, 2, 110, 225, 32, 0, 3.25%, 0, 0, 1, 139.22
1494965162, 2, 111, 225, 32, 0, 3.25%, 0, 0, 1, 126.79
1494965177, 2, 113, 225, 32, 0, 3.25%, 0, 0, 1, 140.05
1494965182, 2, 114, 225, 32, 0, 3.25%, 0, 0, 1, 131.98
1494965187, 2, 115, 225, 32, 0, 3.25%, 0, 0, 1, 117.44
1494965207, 2, 117, 225, 32, 0, 3.25%, 0, 0, 1, 132.88
1494965212, 2, 118, 225, 32, 0, 3.25%, 0, 0, 1, 126.26
1494965218, 2, 119, 225, 32, 0, 3.25%, 0, 0, 1, 128.32
1494965233, 2, 120, 225, 32, 0, 3.25%, 0, 0, 1, 119.99
1494965238, 2, 121, 225, 32, 0, 3.25%, 0, 0, 1, 128.66
1494965254, 2, 122, 225, 32, 0, 3.25%, 0, 0, 1, 125.92
1494965259, 2, 125, 225, 32, 0, 3.25%, 0, 0, 1, 135.76
1494965264, 2, 126, 225, 32, 0, 3.25%, 0, 0, 1, 124.97
1494965279, 2, 128, 225, 32, 0, 3.25%, 0, 0, 1, 148.98
1494965285, 2, 129, 225, 32, 0, 3.25%, 0, 0, 1, 143.09
1494965300, 2, 131, 225, 32, 0, 3.25%, 0, 0, 1, 142.54
1494965315, 2, 133, 225, 32, 0, 3.25%, 0, 0, 1, 144.11
1494965320, 2, 134, 225, 32, 0, 3.25%, 0, 0, 1, 144.29
1494965336, 2, 136, 225, 32, 0, 3.25%, 0, 0, 1, 138.22
1494965351, 2, 139, 225, 32, 0, 3.25%, 0, 0, 1, 145.85
1494965366, 2, 140, 225, 32, 0, 3.25%, 0, 0, 1, 151.90
1494965371, 2, 141, 225, 32, 0, 3.25%, 0, 0, 1, 140.45
1494965387, 2, 142, 225, 32, 0, 3.25%, 0, 0, 1, 134.92
1494965392, 2, 143, 225, 32, 0, 3.25%, 0, 0, 1, 146.63
1494965402, 2, 144, 225, 32, 0, 3.25%, 0, 0, 1, 143.09
1494965407, 2, 149, 225, 32, 0, 3.25%, 0, 0, 1, 136.55
1494965428, 2, 152, 225, 32, 0, 3.25%, 0, 0, 1, 139.69
1494965443, 2, 153, 225, 32, 0, 3.25%, 0, 0, 1, 144.97
1494965448, 2, 155, 225, 32, 0, 3.25%, 0, 0, 1, 148.85
1494965453, 2, 156, 225, 32, 0, 3.25%, 0, 0, 1, 144.29
1494965469, 2, 157, 225, 32, 0, 3.25%, 0, 0, 1, 141.50
1494965474, 2, 158, 225, 32, 0, 3.25%, 0, 0, 1, 140.69
1494965489, 2, 159, 225, 32, 0, 3.25%, 0, 0, 1, 142.42
1494965495, 2, 161, 225, 32, 0, 3.25%, 0, 0, 1, 137.39
1494965520, 2, 162, 225, 32, 0, 3.25%, 0, 0, 1, 132.86
1494965535, 2, 164, 225, 32, 0, 3.25%, 0, 0, 1, 134.96
1494965556, 2, 165, 225, 32, 0, 3.25%, 0, 0, 1, 123.40
1494965561, 2, 166, 225, 32, 0, 3.25%, 0, 0, 1, 121.62
1494965576, 2, 167, 225, 32, 0, 3.25%, 0, 0, 1, 119.10
1494965581, 2, 168, 225, 32, 0, 3.25%, 0, 0, 1, 132.88
1494965597, 2, 170, 225, 32, 0, 3.25%, 0, 0, 1, 126.35
1494965612, 2, 171, 225, 32, 0, 3.25%, 0, 0, 1, 136.04
1494965617, 2, 172, 225, 32, 0, 3.25%, 0, 0, 1, 126.83
1494965633, 2, 173, 225, 32, 0, 3.25%, 0, 0, 1, 121.09
1494965638, 2, 175, 225, 32, 0, 3.25%, 0, 0, 1, 127.90
1494965653, 2, 176, 225, 32, 0, 3.25%, 0, 0, 1, 128.54
1494965658, 2, 177, 225, 31, 0, 3.25%, 0, 0, 1, 123.99
1494965663, 2, 178, 225, 31, 0, 3.25%, 0, 0, 1, 130.39
1494965679, 2, 180, 225, 31, 0, 3.25%, 0, 0, 1, 127.61
1494965689, 2, 181, 225, 31, 0, 3.25%, 0, 0, 1, 127.18
1494965694, 2, 182, 225, 31, 0, 3.25%, 0, 0, 1, 127.95
1494965709, 2, 183, 225, 31, 0, 3.25%, 0, 0, 1, 135.73
1494965715, 2, 184, 225, 31, 0, 3.25%, 0, 0, 1, 125.61
1494965730, 2, 186, 225, 31, 0, 3.25%, 0, 0, 1, 122.52
1494965750, 2, 188, 225, 30, 0, 3.25%, 0, 0, 1, 128.78
1494965766, 2, 189, 225, 30, 0, 3.25%, 0, 0, 1, 134.78
1494965771, 2, 190, 225, 30, 0, 3.25%, 0, 0, 1, 148.81
1494965786, 2, 195, 225, 30, 0, 3.25%, 0, 0, 1, 146.69
1494965812, 2, 197, 225, 30, 0, 3.25%, 0, 0, 1, 142.04
1494965827, 2, 198, 225, 30, 0, 3.25%, 0, 0, 1, 139.06
1494965832, 2, 199, 225, 30, 0, 3.25%, 0, 0, 1, 153.08
1494965848, 2, 202, 225, 30, 0, 3.25%, 0, 0, 1, 153.08
1494965863, 2, 203, 225, 30, 0, 3.25%, 0, 0, 1, 150.45
1494965868, 2, 204, 225, 30, 0, 3.25%, 0, 0, 1, 160.78
1494965878, 2, 205, 225, 30, 0, 3.25%, 0, 0, 1, 154.37
1494965883, 2, 206, 225, 30, 0, 3.25%, 0, 0, 1, 154.68
1494965898, 2, 207, 225, 30, 0, 3.25%, 0, 0, 1, 150.23
1494965904, 2, 208, 225, 30, 0, 3.25%, 0, 0, 1, 149.32
1494965919, 2, 209, 225, 30, 0, 3.25%, 0, 0, 1, 150.30
1494965924, 2, 210, 225, 30, 0, 3.25%, 0, 0, 1, 152.60
1494965929, 2, 211, 225, 30, 0, 3.25%, 0, 0, 1, 156.66
1494965939, 2, 213, 225, 30, 0, 3.25%, 0, 0, 1, 161.04
1494965955, 2, 214, 225, 30, 0, 3.25%, 0, 0, 1, 156.55
1494965960, 2, 216, 225, 29, 0, 3.25%, 0, 0, 1, 150.46
1494965965, 2, 218, 225, 28, 0, 3.25%, 0, 0, 1, 134.09
1494965970, 2, 219, 225, 28, 0, 3.25%, 0, 0, 1, 137.46
1494965986, 2, 220, 225, 28, 0, 3.25%, 0, 0, 1, 147.23
1494965991, 2, 224, 225, 27, 0, 3.25%, 0, 0, 1, 145.24
1494965996, 3, 1, 225, 26, 0, 3.25%, 0, 0, 1, 149.87
1494966001, 3, 3, 225, 26, 0, 3.25%, 0, 0, 1, 152.61
1494966016, 3, 4, 225, 26, 0, 3.25%, 0, 0, 1, 146.33
1494966021, 3, 5, 225, 26, 0, 3.25%, 0, 0, 1, 139.64
1494966026, 3, 6, 225, 26, 0, 3.25%, 0, 0, 1, 144.57
1494966032, 3, 8, 225, 26, 0, 3.25%, 0, 0, 1, 136.04
1494966037, 3, 10, 225, 26, 0, 3.25%, 0, 0, 1, 122.23
1494966047, 3, 13, 225, 26, 0, 3.25%, 0, 0, 1, 129.31
1494966052, 3, 14, 225, 26, 0, 3.25%, 0, 0, 1, 122.41
1494966057, 3, 15, 225, 26, 0, 3.25%, 0, 0, 1, 136.08
1494966063, 3, 18, 225, 26, 0, 3.25%, 0, 0, 1, 135.53
1494966068, 3, 20, 225, 26, 0, 3.25%, 0, 0, 1, 134.38
1494966073, 3, 21, 225, 26, 0, 3.25%, 0, 0, 1, 127.14
1494966078, 3, 23, 225, 26, 0, 3.25%, 0, 0, 1, 130.72
1494966093, 3, 25, 225, 26, 0, 3.25%, 0, 0, 1, 124.84
1494966098, 3, 27, 225, 26, 0, 3.25%, 0, 0, 1, 132.61
1494966104, 3, 28, 225, 26, 0, 3.25%, 0, 0, 1, 144.71
1494966109, 3, 30, 225, 26, 0, 3.25%, 0, 0, 1, 133.68
1494966119, 3, 32, 225, 26, 0, 3.25%, 0, 0, 1, 133.78
1494966139, 3, 33, 225, 26, 0, 3.25%, 0, 0, 1, 118.62
1494966145, 3, 34, 225, 26, 0, 3.25%, 0, 0, 1, 125.91
1494966160, 3, 36, 225, 26, 0, 3.25%, 0, 0, 1, 156.99
1494966165, 3, 37, 225, 26, 0, 3.25%, 0, 0, 1, 123.81
1494966170, 3, 38, 225, 26, 0, 3.25%, 0, 0, 1, 114.19
1494966175, 3, 39, 225, 26, 0, 3.25%, 0, 0, 1, 125.21
1494966195, 3, 41, 225, 25, 0, 3.25%, 0, 0, 1, 135.08
1494966216, 3, 44, 225, 25, 0, 3.25%, 0, 0, 1, 128.82
1494966236, 3, 45, 225, 25, 0, 3.25%, 0, 0, 1, 125.79
1494966241, 3, 46, 225, 25, 0, 3.25%, 0, 0, 1, 130.25
1494966256, 3, 47, 225, 25, 0, 3.25%, 0, 0, 1, 135.39
1494966262, 3, 48, 225, 25, 0, 3.25%, 0, 0, 1, 133.61
1494966277, 3, 50, 225, 25, 0, 3.25%, 0, 0, 1, 136.55
1494966282, 3, 51, 225, 25, 0, 3.25%, 0, 0, 1, 151.76
1494966297, 3, 54, 225, 25, 0, 3.25%, 0, 0, 1, 155.55
1494966313, 3, 55, 225, 25, 0, 3.25%, 0, 0, 1, 128.40
1494966318, 3, 56, 225, 25, 0, 3.25%, 0, 0, 1, 136.51
1494966328, 3, 57, 225, 25, 0, 3.25%, 0, 0, 1, 147.71
1494966333, 3, 60, 225, 25, 0, 3.25%, 0, 0, 1, 143.87
1494966349, 3, 61, 225, 25, 0, 3.25%, 0, 0, 1, 133.54
1494966354, 3, 62, 225, 25, 0, 3.25%, 0, 0, 1, 128.11
1494966379, 3, 66, 225, 25, 0, 3.25%, 0, 0, 1, 141.42
1494966395, 3, 67, 225, 25, 0, 3.25%, 0, 0, 1, 128.24
1494966400, 3, 69, 225, 25, 0, 3.25%, 0, 0, 1, 139.79
1494966410, 3, 70, 225, 25, 0, 3.25%, 0, 0, 1, 144.02
1494966415, 3, 72, 225, 25, 0, 3.25%, 0, 0, 1, 160.81
1494966421, 3, 73, 225, 25, 0, 3.25%, 0, 0, 1, 151.08
1494966426, 3, 74, 225, 25, 0, 3.25%, 0, 0, 1, 135.37
1494966436, 3, 75, 225, 25, 0, 3.25%, 0, 0, 1, 144.99
1494966441, 3, 76, 225, 25, 0, 3.25%, 0, 0, 1, 132.38
1494966456, 3, 77, 225, 25, 0, 3.25%, 0, 0, 1, 138.96
1494966461, 3, 78, 225, 25, 0, 3.25%, 0, 0, 1, 138.72
1494966477, 3, 80, 225, 25, 0, 3.25%, 0, 0, 1, 145.38
1494966482, 3, 81, 225, 25, 0, 3.25%, 0, 0, 1, 148.40
1494966493, 3, 82, 225, 25, 0, 3.25%, 0, 0, 1, 139.83
1494966498, 3, 85, 225, 25, 0, 3.25%, 0, 0, 1, 145.57
1494966513, 3, 87, 225, 25, 0, 3.25%, 0, 0, 1, 146.08
1494966518, 3, 88, 225, 25, 0, 3.25%, 0, 0, 1, 142.62
1494966523, 3, 89, 225, 25, 0, 3.25%, 0, 0, 1, 148.74
1494966538, 3, 90, 225, 25, 0, 3.25%, 0, 0, 1, 125.71
1494966544, 3, 91, 225, 25, 0, 3.25%, 0, 0, 1, 117.79
1494966549, 3, 92, 225, 25, 0, 3.25%, 0, 0, 1, 129.01
1494966564, 3, 94, 225, 25, 0, 3.25%, 0, 0, 1, 125.96
1494966569, 3, 95, 225, 25, 0, 3.25%, 0, 0, 1, 125.25
1494966585, 3, 97, 225, 25, 0, 3.25%, 0, 0, 1, 123.94
1494966590, 3, 99, 225, 25, 0, 3.25%, 0, 0, 1, 124.62
1494966605, 3, 100, 225, 25, 0, 3.25%, 0, 0, 1, 125.11
1494966610, 3, 101, 225, 25, 0, 3.25%, 0, 0, 1, 135.54
1494966615, 3, 102, 225, 25, 0, 3.25%, 0, 0, 1, 120.32
1494966631, 3, 103, 225, 25, 0, 3.25%, 0, 0, 1, 126.19
1494966636, 3, 104, 225, 25, 0, 3.25%, 0, 0, 1, 127.50
1494966651, 3, 105, 225, 25, 0, 3.25%, 0, 0, 1, 129.36
1494966656, 3, 106, 225, 25, 0, 3.25%, 0, 0, 1, 122.04
1494966671, 3, 108, 225, 25, 0, 3.25%, 0, 0, 1, 129.41
1494966697, 3, 109, 225, 25, 0, 3.25%, 0, 0, 1, 128.34
1494966702, 3, 110, 225, 25, 0, 3.25%, 0, 0, 1, 134.02
1494966707, 3, 111, 225, 25, 0, 3.25%, 0, 0, 1, 123.75
1494966728, 3, 113, 225, 25, 0, 3.25%, 0, 0, 1, 132.68
1494966733, 3, 114, 225, 25, 0, 3.25%, 0, 0, 1, 134.70
1494966738, 3, 115, 225, 25, 0, 3.25%, 0, 0, 1, 129.70
1494966753, 3, 116, 225, 25, 0, 3.25%, 0, 0, 1, 123.48
1494966758, 3, 117, 225, 25, 0, 3.25%, 0, 0, 1, 129.48
1494966763, 3, 118, 225, 25, 0, 3.25%, 0, 0, 1, 140.00
1494966768, 3, 119, 225, 25, 0, 3.25%, 0, 0, 1, 121.60
1494966784, 3, 121, 225, 25, 0, 3.25%, 0, 0, 1, 154.43
1494966799, 3, 122, 225, 25, 0, 3.25%, 0, 0, 1, 133.83
1494966805, 3, 126, 225, 25, 0, 3.25%, 0, 0, 1, 143.60
1494966820, 3, 128, 225, 25, 0, 3.25%, 0, 0, 1, 142.08
1494966825, 3, 129, 225, 25, 0, 3.25%, 0, 0, 1, 143.17
1494966840, 3, 131, 225, 25, 0, 3.25%, 0, 0, 1, 148.68
1494966851, 3, 132, 225, 25, 0, 3.25%, 0, 0, 1, 155.46
1494966856, 3, 133, 225, 25, 0, 3.25%, 0, 0, 1, 149.81
1494966861, 3, 134, 225, 25, 0, 3.25%, 0, 0, 1, 142.36
1494966876, 3, 135, 225, 25, 0, 3.25%, 0, 0, 1, 143.92
1494966881, 3, 136, 225, 24, 0, 3.25%, 0, 0, 1, 136.87
1494966897, 3, 138, 225, 24, 0, 3.25%, 0, 0, 1, 136.97
1494966902, 3, 139, 225, 24, 0, 3.25%, 0, 0, 1, 138.61
1494966917, 3, 140, 225, 24, 0, 3.25%, 0, 0, 1, 129.99
1494966922, 3, 141, 225, 24, 0, 3.25%, 0, 0, 1, 140.91
1494966937, 3, 143, 225, 24, 0, 3.25%, 0, 0, 1, 147.70
1494966953, 3, 144, 225, 24, 0, 3.25%, 0, 0, 1, 140.71
1494966958, 3, 145, 225, 24, 0, 3.25%, 0, 0, 1, 148.22
1494966963, 3, 149, 225, 24, 0, 3.25%, 0, 0, 1, 149.71
1494966984, 3, 152, 225, 24, 0, 3.25%, 0, 0, 1, 145.54
1494966994, 3, 153, 225, 24, 0, 3.25%, 0, 0, 1, 150.59
1494966999, 3, 154, 225, 24, 0, 3.25%, 0, 0, 1, 143.10
1494967004, 3, 155, 225, 24, 0, 3.25%, 0, 0, 1, 138.18
1494967009, 3, 156, 225, 24, 0, 3.25%, 0, 0, 1, 142.31
1494967020, 3, 157, 225, 24, 0, 3.25%, 0, 0, 1, 138.75
1494967030, 3, 158, 225, 24, 0, 3.25%, 0, 0, 1, 127.10
1494967045, 3, 159, 225, 24, 0, 3.25%, 0, 0, 1, 116.76
1494967050, 3, 160, 225, 24, 0, 3.25%, 0, 0, 1, 126.24
1494967055, 3, 161, 225, 24, 0, 3.25%, 0, 0, 1, 118.07
1494967081, 3, 162, 225, 24, 0, 3.25%, 0, 0, 1, 137.66
1494967096, 3, 163, 225, 24, 0, 3.25%, 0, 0, 1, 128.27
1494967102, 3, 164, 225, 24, 0, 3.25%, 0, 0, 1, 129.79
1494967122, 3, 165, 225, 24, 0, 3.25%, 0, 0, 1, 137.84
1494967127, 3, 166, 225, 24, 0, 3.25%, 0, 0, 1, 128.60
1494967143, 3, 167, 225, 24, 0, 3.25%, 0, 0, 1, 130.65
1494967148, 3, 168, 225, 24, 0, 3.25%, 0, 0, 1, 123.74
1494967163, 3, 170, 225, 24, 0, 3.25%, 0, 0, 1, 121.97
1494967184, 3, 172, 225, 24, 0, 3.25%, 0, 0, 1, 130.61
1494967204, 3, 173, 225, 24, 0, 3.25%, 0, 0, 1, 120.36
1494967209, 3, 175, 225, 24, 0, 3.25%, 0, 0, 1, 128.08
1494967225, 3, 177, 225, 24, 0, 3.25%, 0, 0, 1, 122.96
1494967230, 3, 178, 225, 24, 0, 3.25%, 0, 0, 1, 125.87
1494967245, 3, 179, 225, 24, 0, 3.25%, 0, 0, 1, 137.23
1494967250, 3, 180, 225, 23, 0, 3.25%, 0, 0, 1, 117.26
1494967255, 3, 181, 225, 23, 0, 3.25%, 0, 0, 1, 126.24
1494967260, 3, 182, 225, 23, 0, 3.25%, 0, 0, 1, 122.50
1494967276, 3, 183, 225, 23, 0, 3.25%, 0, 0, 1, 139.31
1494967281, 3, 184, 225, 23, 0, 3.25%, 0, 0, 1, 138.66
1494967296, 3, 185, 225, 23, 0, 3.25%, 0, 0, 1, 147.44
1494967302, 3, 186, 225, 23, 0, 3.25%, 0, 0, 1, 157.01
1494967312, 3, 188, 225, 23, 0, 3.25%, 0, 0, 1, 151.12
1494967327, 3, 189, 225, 23, 0, 3.25%, 0, 0, 1, 145.36
1494967332, 3, 190, 225, 23, 0, 3.25%, 0, 0, 1, 140.32
1494967348, 3, 192, 225, 23, 0, 3.25%, 0, 0, 1, 146.27
1494967353, 3, 195, 225, 23, 0, 3.25%, 0, 0, 1, 140.04
1494967373, 3, 196, 225, 23, 0, 3.25%, 0, 0, 1, 147.11
1494967378, 3, 197, 225, 23, 0, 3.25%, 0, 0, 1, 152.50
1494967389, 3, 198, 225, 23, 0, 3.25%, 0, 0, 1, 142.63
1494967394, 3, 199, 225, 23, 0, 3.25%, 0, 0, 1, 138.60
1494967409, 3, 202, 225, 23, 0, 3.25%, 0, 0, 1, 144.66
1494967425, 3, 203, 225, 23, 0, 3.25%, 0, 0, 1, 149.09
1494967430, 3, 204, 225, 23, 0, 3.25%, 0, 0, 1, 132.72
1494967445, 3, 205, 225, 23, 0, 3.25%, 0, 0, 1, 141.69
1494967450, 3, 206, 225, 23, 0, 3.25%, 0, 0, 1, 147.51
1494967461, 3, 207, 225, 23, 0, 3.25%, 0, 0, 1, 134.92
1494967466, 3, 208, 225, 23, 0, 3.25%, 0, 0, 1, 139.60
1494967481, 3, 209, 225, 23, 0, 3.25%, 0, 0, 1, 153.87
1494967486, 3, 210, 225, 23, 0, 3.25%, 0, 0, 1, 157.15
1494967491, 3, 211, 225, 23, 0, 3.25%, 0, 0, 1, 150.26
1494967507, 3, 213, 225, 23, 0, 3.25%, 0, 0, 1, 143.79
1494967522, 3, 217, 225, 23, 0, 3.25%, 0, 0, 1, 123.52
1494967543, 3, 218, 225, 22, 0, 3.25%, 0, 0, 1, 112.31
1494967548, 3, 219, 225, 22, 0, 3.25%, 0, 0, 1, 129.71
1494967563, 4, 0, 225, 22, 0, 3.25%, 0, 0, 1, 129.53
1494967568, 4, 1, 225, 22, 0, 3.25%, 0, 0, 1, 128.89
1494967573, 4, 3, 225, 22, 0, 3.25%, 0, 0, 1, 130.46
1494967589, 4, 5, 225, 22, 0, 3.25%, 0, 0, 1, 133.30
1494967599, 4, 6, 225, 22, 0, 3.25%, 0, 0, 1, 127.19
1494967604, 4, 8, 225, 22, 0, 3.25%, 0, 0, 1, 120.40
1494967609, 4, 10, 225, 22, 0, 3.25%, 0, 0, 1, 133.28
1494967619, 4, 13, 225, 22, 0, 3.25%, 0, 0, 1, 125.12
1494967629, 4, 15, 225, 22, 0, 3.25%, 0, 0, 1, 125.28
1494967635, 4, 17, 225, 22, 0, 3.25%, 0, 0, 1, 124.94
1494967640, 4, 18, 225, 22, 0, 3.25%, 0, 0, 1, 131.57
1494967645, 4, 21, 225, 22, 0, 3.25%, 0, 0, 1, 132.90
1494967650, 4, 23, 225, 22, 0, 3.25%, 0, 0, 1, 121.11
1494967671, 4, 25, 225, 22, 0, 3.25%, 0, 0, 1, 120.63
1494967676, 4, 27, 225, 22, 0, 3.25%, 0, 0, 1, 123.36
1494967681, 4, 28, 225, 22, 0, 3.25%, 0, 0, 1, 125.90
1494967686, 4, 30, 225, 22, 0, 3.25%, 0, 0, 1, 116.87
1494967702, 4, 32, 225, 22, 0, 3.25%, 0, 0, 1, 128.79
1494967717, 4, 34, 225, 22, 0, 3.25%, 0, 0, 1, 122.14
1494967732, 4, 36, 225, 22, 0, 3.25%, 0, 0, 1, 120.90
1494967737, 4, 37, 225, 22, 0, 3.25%, 0, 0, 1, 132.19
1494967747, 4, 38, 225, 22, 0, 3.25%, 0, 0, 1, 121.04
1494967752, 4, 41, 225, 22, 0, 3.25%, 0, 0, 1, 132.75
1494967768, 4, 42, 225, 22, 0, 3.25%, 0, 0, 1, 144.29
1494967773, 4, 44, 225, 22, 0, 3.25%, 0, 0, 1, 128.93
1494967794, 4, 45, 225, 22, 0, 3.25%, 0, 0, 1, 138.77
1494967799, 4, 46, 225, 22, 0, 3.25%, 0, 0, 1, 136.61
1494967809, 4, 47, 225, 22, 0, 3.25%, 0, 0, 1, 141.49
1494967814, 4, 48, 225, 22, 0, 3.25%, 0, 0, 1, 138.96
1494967830, 4, 50, 225, 22, 0, 3.25%, 0, 0, 1, 132.69
1494967835, 4, 51, 225, 22, 0, 3.25%, 0, 0, 1, 134.11
1494967850, 4, 54, 225, 22, 0, 3.25%, 0, 0, 1, 137.20
1494967865, 4, 56, 225, 22, 0, 3.25%, 0, 0, 1, 134.12
1494967881, 4, 60, 225, 22, 0, 3.25%, 0, 0, 1, 147.14
1494967896, 4, 61, 225, 22, 0, 3.25%, 0, 0, 1, 141.98
1494967901, 4, 62, 225, 22, 0, 3.25%, 0, 0, 1, 133.87
1494967921, 4, 63, 225, 22, 0, 3.25%, 0, 0, 1, 135.85
1494967926, 4, 66, 225, 22, 0, 3.25%, 0, 0, 1, 133.31
1494967942, 4, 67, 225, 22, 0, 3.25%, 0, 0, 1, 137.63
1494967947, 4, 69, 225, 22, 0, 3.25%, 0, 0, 1, 139.90
1494967957, 4, 70, 225, 22, 0, 3.25%, 0, 0, 1, 151.94
1494967962, 4, 72, 225, 22, 0, 3.25%, 0, 0, 1, 151.59
1494967973, 4, 74, 225, 22, 0, 3.25%, 0, 0, 1, 136.34
1494967988, 4, 75, 225, 22, 0, 3.25%, 0, 0, 1, 136.20
1494967993, 4, 76, 225, 22, 0, 3.25%, 0, 0, 1, 142.72
1494968009, 4, 77, 225, 22, 0, 3.25%, 0, 0, 1, 140.77
1494968014, 4, 78, 225, 22, 0, 3.25%, 0, 0, 1, 147.65
1494968024, 4, 80, 225, 22, 0, 3.25%, 0, 0, 1, 132.66
1494968029, 4, 81, 225, 22, 0, 3.25%, 0, 0, 1, 130.99
1494968045, 4, 84, 225, 22, 0, 3.25%, 0, 0, 1, 132.87
1494968050, 4, 85, 225, 22, 0, 3.25%, 0, 0, 1, 133.03
1494968066, 4, 87, 225, 22, 0, 3.25%, 0, 0, 1, 127.38
1494968071, 4, 88, 225, 22, 0, 3.25%, 0, 0, 1, 126.75
1494968076, 4, 89, 225, 22, 0, 3.25%, 0, 0, 1, 125.77
1494968091, 4, 90, 225, 22, 0, 3.25%, 0, 0, 1, 125.05
1494968096, 4, 91, 225, 22, 0, 3.25%, 0, 0, 1, 125.00
1494968101, 4, 92, 225, 22, 0, 3.25%, 0, 0, 1, 126.24
1494968117, 4, 94, 225, 22, 0, 3.25%, 0, 0, 1, 129.21
1494968122, 4, 95, 225, 22, 0, 3.25%, 0, 0, 1, 127.32
1494968137, 4, 97, 225, 22, 0, 3.25%, 0, 0, 1, 130.50
1494968143, 4, 99, 225, 22, 0, 3.25%, 0, 0, 1, 134.32
1494968158, 4, 101, 225, 22, 0, 3.25%, 0, 0, 1, 134.76
1494968163, 4, 102, 225, 22, 0, 3.25%, 0, 0, 1, 135.02
1494968184, 4, 104, 225, 22, 0, 3.25%, 0, 0, 1, 129.57
1494968199, 4, 105, 225, 22, 0, 3.25%, 0, 0, 1, 132.97
1494968204, 4, 106, 225, 22, 0, 3.25%, 0, 0, 1, 132.35
1494968220, 4, 107, 225, 22, 0, 3.25%, 0, 0, 1, 121.11
1494968225, 4, 108, 225, 22, 0, 3.25%, 0, 0, 1, 134.76
1494968245, 4, 109, 225, 22, 0, 3.25%, 0, 0, 1, 127.06
1494968250, 4, 110, 225, 22, 0, 3.25%, 0, 0, 1, 129.33
1494968256, 4, 111, 225, 22, 0, 3.25%, 0, 0, 1, 130.82
1494968271, 4, 113, 225, 22, 0, 3.25%, 0, 0, 1, 145.22
1494968276, 4, 115, 225, 22, 0, 3.25%, 0, 0, 1, 143.95
1494968291, 4, 117, 225, 22, 0, 3.25%, 0, 0, 1, 141.01
1494968296, 4, 118, 225, 22, 0, 3.25%, 0, 0, 1, 148.35
1494968301, 4, 119, 225, 22, 0, 3.25%, 0, 0, 1, 150.38
1494968317, 4, 120, 225, 22, 0, 3.25%, 0, 0, 1, 153.59
1494968322, 4, 121, 225, 22, 0, 3.25%, 0, 0, 1, 145.30
1494968337, 4, 125, 225, 22, 0, 3.25%, 0, 0, 1, 151.70
1494968343, 4, 126, 225, 22, 0, 3.25%, 0, 0, 1, 146.11
1494968358, 4, 128, 225, 22, 0, 3.25%, 0, 0, 1, 153.85
1494968364, 4, 129, 225, 22, 0, 3.25%, 0, 0, 1, 154.74
1494968379, 4, 131, 225, 22, 0, 3.25%, 0, 0, 1, 138.64
1494968389, 4, 132, 225, 22, 0, 3.25%, 0, 0, 1, 155.95
1494968394, 4, 133, 225, 22, 0, 3.25%, 0, 0, 1, 159.73
1494968400, 4, 134, 225, 22, 0, 3.25%, 0, 0, 1, 155.65
1494968410, 4, 136, 225, 22, 0, 3.25%, 0, 0, 1, 147.05
1494968425, 4, 138, 225, 22, 0, 3.25%, 0, 0, 1, 132.81
1494968430, 4, 139, 225, 22, 0, 3.25%, 0, 0, 1, 134.72
1494968446, 4, 140, 225, 22, 0, 3.25%, 0, 0, 1, 139.34
1494968451, 4, 141, 225, 22, 0, 3.25%, 0, 0, 1, 131.02
1494968466, 4, 142, 225, 22, 0, 3.25%, 0, 0, 1, 135.98
1494968471, 4, 143, 225, 22, 0, 3.25%, 0, 0, 1, 147.98
1494968482, 4, 144, 225, 22, 0, 3.25%, 0, 0, 1, 146.74
1494968487, 4, 145, 225, 22, 0, 3.25%, 0, 0, 1, 146.27
1494968492, 4, 146, 225, 22, 0, 3.25%, 0, 0, 1, 136.68
1494968512, 4, 149, 225, 21, 0, 3.25%, 0, 0, 1, 136.79
1494968537, 4, 152, 225, 20, 0, 3.25%, 0, 0, 1, 131.64
1494968553, 4, 153, 225, 20, 0, 3.25%, 0, 0, 1, 119.01
1494968558, 4, 154, 225, 20, 0, 3.25%, 0, 0, 1, 124.02
1494968563, 4, 155, 225, 20, 0, 3.25%, 0, 0, 1, 128.37
1494968568, 4, 156, 225, 20, 0, 3.25%, 0, 0, 1, 126.27
1494968583, 4, 157, 225, 20, 0, 3.25%, 0, 0, 1, 118.78
1494968588, 4, 158, 225, 20, 0, 3.25%, 0, 0, 1, 126.66
1494968603, 4, 159, 225, 20, 0, 3.25%, 0, 0, 1, 126.71
1494968608, 4, 160, 225, 20, 0, 3.25%, 0, 0, 1, 129.90
1494968613, 4, 161, 225, 20, 0, 3.25%, 0, 0, 1, 133.19
1494968639, 4, 162, 225, 20, 0, 3.25%, 0, 0, 1, 123.82
1494968660, 4, 164, 225, 20, 0, 3.25%, 0, 0, 1, 119.19
1494968685, 4, 165, 225, 20, 0, 3.25%, 0, 0, 1, 127.87
1494968690, 4, 166, 225, 20, 0, 3.25%, 0, 0, 1, 124.12
1494968705, 4, 167, 225, 20, 0, 3.25%, 0, 0, 1, 124.71
1494968710, 4, 168, 225, 20, 0, 3.25%, 0, 0, 1, 118.80
1494968726, 4, 170, 225, 20, 0, 3.25%, 0, 0, 1, 114.61
1494968746, 4, 172, 225, 20, 0, 3.25%, 0, 0, 1, 123.99
1494968767, 4, 173, 225, 20, 0, 3.25%, 0, 0, 1, 126.06
1494968772, 4, 175, 225, 20, 0, 3.25%, 0, 0, 1, 140.28
1494968782, 4, 177, 225, 20, 0, 3.25%, 0, 0, 1, 152.81
1494968787, 4, 178, 225, 20, 0, 3.25%, 0, 0, 1, 149.65
1494968802, 4, 180, 225, 20, 0, 3.25%, 0, 0, 1, 142.56
1494968808, 4, 181, 225, 20, 0, 3.25%, 0, 0, 1, 140.60
1494968813, 4, 182, 225, 20, 0, 3.25%, 0, 0, 1, 135.69
1494968828, 4, 183, 225, 20, 0, 3.25%, 0, 0, 1, 152.86
1494968833, 4, 184, 225, 20, 0, 3.25%, 0, 0, 1, 151.34
1494968848, 4, 186, 225, 20, 0, 3.25%, 0, 0, 1, 139.25
1494968864, 4, 188, 225, 20, 0, 3.25%, 0, 0, 1, 142.14
1494968879, 4, 189, 225, 20, 0, 3.25%, 0, 0, 1, 142.40
1494968884, 4, 190, 225, 20, 0, 3.25%, 0, 0, 1, 139.78
1494968899, 4, 195, 225, 20, 0, 3.25%, 0, 0, 1, 155.27
1494968920, 4, 196, 225, 20, 0, 3.25%, 0, 0, 1, 136.90
1494968925, 4, 197, 225, 20, 0, 3.25%, 0, 0, 1, 143.29
1494968941, 4, 198, 225, 20, 0, 3.25%, 0, 0, 1, 142.58
1494968946, 4, 199, 225, 20, 0, 3.25%, 0, 0, 1, 141.37
1494968961, 4, 202, 225, 20, 0, 3.25%, 0, 0, 1, 144.41
1494968977, 4, 203, 225, 20, 0, 3.25%, 0, 0, 1, 146.65
1494968982, 4, 204, 225, 20, 0, 3.25%, 0, 0, 1, 142.93
1494968997, 4, 205, 225, 20, 0, 3.25%, 0, 0, 1, 143.88
1494969002, 4, 206, 225, 20, 0, 3.25%, 0, 0, 1, 145.47
1494969017, 4, 207, 225, 20, 0, 3.25%, 0, 0, 1, 134.58
1494969022, 4, 208, 225, 20, 0, 3.25%, 0, 0, 1, 127.46
1494969038, 4, 209, 225, 20, 0, 3.25%, 0, 0, 1, 121.64
1494969043, 4, 210, 225, 20, 0, 3.25%, 0, 0, 1, 144.25
1494969048, 4, 211, 225, 20, 0, 3.25%, 0, 0, 1, 133.41
1494969064, 4, 213, 225, 20, 0, 3.25%, 0, 0, 1, 123.99
1494969079, 4, 218, 225, 20, 0, 3.25%, 0, 0, 1, 109.45
1494969084, 4, 219, 225, 20, 0, 3.25%, 0, 0, 1, 118.76
1494969104, 4, 221, 225, 20, 0, 3.25%, 0, 0, 1, 119.41
1494969120, 4, 223, 225, 19, 0, 3.25%, 0, 0, 1, 129.35
1494969125, 5, 0, 225, 18, 0, 3.25%, 0, 0, 1, 122.20
1494969130, 5, 1, 225, 18, 0, 3.25%, 0, 0, 1, 122.61
1494969135, 5, 2, 225, 18, 0, 3.25%, 0, 0, 1, 123.50
1494969140, 5, 3, 225, 18, 0, 3.25%, 0, 0, 1, 134.31
1494969150, 5, 4, 225, 18, 0, 3.25%, 0, 0, 1, 125.91
1494969156, 5, 5, 225, 18, 0, 3.25%, 0, 0, 1, 125.00
1494969161, 5, 6, 225, 18, 0, 3.25%, 0, 0, 1, 130.60
1494969166, 5, 8, 225, 17, 0, 3.25%, 0, 0, 1, 133.50
1494969176, 5, 10, 225, 17, 0, 3.25%, 0, 0, 1, 131.56
1494969181, 5, 12, 225, 17, 0, 3.25%, 0, 0, 1, 131.56
1494969186, 5, 13, 225, 17, 0, 3.25%, 0, 0, 1, 131.63
1494969192, 5, 15, 225, 17, 0, 3.25%, 0, 0, 1, 128.27
1494969197, 5, 16, 225, 17, 0, 3.25%, 0, 0, 1, 127.56
1494969202, 5, 18, 225, 17, 0, 3.25%, 0, 0, 1, 134.05
1494969207, 5, 21, 225, 17, 0, 3.25%, 0, 0, 1, 143.25
1494969212, 5, 23, 225, 17, 0, 3.25%, 0, 0, 1, 134.22
1494969228, 5, 24, 225, 17, 0, 3.25%, 0, 0, 1, 123.53
1494969233, 5, 25, 225, 17, 0, 3.25%, 0, 0, 1, 114.56
1494969238, 5, 27, 225, 17, 0, 3.25%, 0, 0, 1, 123.51
1494969243, 5, 28, 225, 17, 0, 3.25%, 0, 0, 1, 119.99
1494969248, 5, 30, 225, 17, 0, 3.25%, 0, 0, 1, 124.66
1494969258, 5, 31, 225, 17, 0, 3.25%, 0, 0, 1, 123.53
1494969264, 5, 32, 225, 17, 0, 3.25%, 0, 0, 1, 145.48
1494969274, 5, 33, 225, 17, 0, 3.25%, 0, 0, 1, 150.18
1494969279, 5, 34, 225, 17, 0, 3.25%, 0, 0, 1, 147.14
1494969294, 5, 36, 225, 17, 0, 3.25%, 0, 0, 1, 146.00
1494969300, 5, 37, 225, 17, 0, 3.25%, 0, 0, 1, 150.72
1494969305, 5, 39, 225, 17, 0, 3.25%, 0, 0, 1, 143.42
1494969320, 5, 40, 225, 17, 0, 3.25%, 0, 0, 1, 141.99
1494969325, 5, 41, 225, 17, 0, 3.25%, 0, 0, 1, 155.15
1494969341, 5, 44, 225, 17, 0, 3.25%, 0, 0, 1, 140.12
1494969366, 5, 46, 225, 17, 0, 3.25%, 0, 0, 1, 133.54
1494969381, 5, 47, 225, 17, 0, 3.25%, 0, 0, 1, 150.15
1494969386, 5, 48, 225, 17, 0, 3.25%, 0, 0, 1, 141.00
1494969402, 5, 50, 225, 17, 0, 3.25%, 0, 0, 1, 142.97
1494969407, 5, 51, 225, 17, 0, 3.25%, 0, 0, 1, 155.07
1494969423, 5, 54, 225, 17, 0, 3.25%, 0, 0, 1, 152.33
1494969433, 5, 55, 225, 17, 0, 3.25%, 0, 0, 1, 138.43
1494969438, 5, 56, 225, 17, 0, 3.25%, 0, 0, 1, 139.14
1494969453, 5, 57, 225, 17, 0, 3.25%, 0, 0, 1, 135.57
1494969458, 5, 60, 225, 17, 0, 3.25%, 0, 0, 1, 140.90
1494969473, 5, 62, 225, 17, 0, 3.25%, 0, 0, 1, 144.65
1494969499, 5, 66, 225, 17, 0, 3.25%, 0, 0, 1, 142.17
1494969514, 5, 67, 225, 17, 0, 3.25%, 0, 0, 1, 133.53
1494969520, 5, 69, 225, 17, 0, 3.25%, 0, 0, 1, 130.11
1494969535, 5, 70, 225, 17, 0, 3.25%, 0, 0, 1, 127.06
1494969540, 5, 72, 225, 16, 0, 3.25%, 0, 0, 1, 122.99
1494969550, 5, 73, 225, 16, 0, 3.25%, 0, 0, 1, 125.85
1494969555, 5, 74, 225, 16, 0, 3.25%, 0, 0, 1, 126.08
1494969571, 5, 75, 225, 16, 0, 3.25%, 0, 0, 1, 125.78
1494969576, 5, 76, 225, 16, 0, 3.25%, 0, 0, 1, 132.86
1494969591, 5, 77, 225, 16, 0, 3.25%, 0, 0, 1, 129.45
1494969596, 5, 78, 225, 16, 0, 3.25%, 0, 0, 1, 127.43
1494969612, 5, 80, 225, 16, 0, 3.25%, 0, 0, 1, 122.50
1494969617, 5, 81, 225, 16, 0, 3.25%, 0, 0, 1, 130.16
1494969632, 5, 84, 225, 16, 0, 3.25%, 0, 0, 1, 122.51
1494969637, 5, 85, 225, 16, 0, 3.25%, 0, 0, 1, 133.10
1494969653, 5, 87, 225, 16, 0, 3.25%, 0, 0, 1, 138.09
1494969658, 5, 88, 225, 16, 0, 3.25%, 0, 0, 1, 130.37
1494969663, 5, 89, 225, 16, 0, 3.25%, 0, 0, 1, 128.05
1494969679, 5, 90, 225, 16, 0, 3.25%, 0, 0, 1, 133.90
1494969684, 5, 91, 225, 16, 0, 3.25%, 0, 0, 1, 130.54
1494969689, 5, 92, 225, 16, 0, 3.25%, 0, 0, 1, 123.15
1494969704, 5, 94, 225, 16, 0, 3.25%, 0, 0, 1, 123.52
1494969709, 5, 95, 225, 16, 0, 3.25%, 0, 0, 1, 127.00
1494969725, 5, 97, 225, 16, 0, 3.25%, 0, 0, 1, 126.93
1494969730, 5, 99, 225, 16, 0, 3.25%, 0, 0, 1, 127.01
1494969745, 5, 100, 225, 16, 0, 3.25%, 0, 0, 1, 129.47
1494969750, 5, 101, 225, 16, 0, 3.25%, 0, 0, 1, 135.36
1494969756, 5, 102, 225, 16, 0, 3.25%, 0, 0, 1, 138.25
1494969771, 5, 104, 225, 16, 0, 3.25%, 0, 0, 1, 140.56
1494969786, 5, 105, 225, 16, 0, 3.25%, 0, 0, 1, 135.37
1494969792, 5, 106, 225, 16, 0, 3.25%, 0, 0, 1, 141.15
1494969807, 5, 108, 225, 16, 0, 3.25%, 0, 0, 1, 154.35
1494969832, 5, 110, 225, 16, 0, 3.25%, 0, 0, 1, 143.70
1494969837, 5, 111, 225, 16, 0, 3.25%, 0, 0, 1, 147.75
1494969852, 5, 113, 225, 16, 0, 3.25%, 0, 0, 1, 143.03
1494969857, 5, 114, 225, 16, 0, 3.25%, 0, 0, 1, 136.29
1494969863, 5, 115, 225, 16, 0, 3.25%, 0, 0, 1, 141.63
1494969878, 5, 117, 225, 16, 0, 3.25%, 0, 0, 1, 115.56
1494969883, 5, 118, 225, 16, 0, 3.25%, 0, 0, 1, 134.31
1494969888, 5, 119, 225, 16, 0, 3.25%, 0, 0, 1, 140.54
1494969899, 5, 120, 225, 16, 0, 3.25%, 0, 0, 1, 154.04
1494969904, 5, 121, 225, 16, 0, 3.25%, 0, 0, 1, 140.43
1494969919, 5, 122, 225, 16, 0, 3.25%, 0, 0, 1, 155.62
1494969924, 5, 126, 225, 16, 0, 3.25%, 0, 0, 1, 140.85
1494969939, 5, 128, 225, 16, 0, 3.25%, 0, 0, 1, 138.23
1494969944, 5, 129, 225, 16, 0, 3.25%, 0, 0, 1, 144.12
1494969965, 5, 130, 225, 16, 0, 3.25%, 0, 0, 1, 138.57
1494969970, 5, 131, 225, 15, 0, 3.25%, 0, 0, 1, 138.47
1494969980, 5, 132, 225, 15, 0, 3.25%, 0, 0, 1, 137.36
1494969985, 5, 133, 225, 15, 0, 3.25%, 0, 0, 1, 134.39
1494969990, 5, 134, 225, 15, 0, 3.25%, 0, 0, 1, 128.43
1494970006, 5, 136, 225, 15, 0, 3.25%, 0, 0, 1, 127.51
1494970021, 5, 137, 225, 15, 0, 3.25%, 0, 0, 1, 131.36
1494970026, 5, 138, 225, 14, 0, 3.25%, 0, 0, 1, 125.83
1494970031, 5, 139, 225, 14, 0, 3.25%, 0, 0, 1, 130.66
1494970047, 5, 140, 225, 14, 0, 3.25%, 0, 0, 1, 128.64
1494970052, 5, 141, 225, 14, 0, 3.25%, 0, 0, 1, 131.23
1494970067, 5, 142, 225, 14, 0, 3.25%, 0, 0, 1, 125.89
1494970072, 5, 143, 225, 14, 0, 3.25%, 0, 0, 1, 128.93
1494970088, 5, 144, 225, 14, 0, 3.25%, 0, 0, 1, 127.27
1494970093, 5, 145, 225, 14, 0, 3.25%, 0, 0, 1, 124.88
1494970098, 5, 149, 225, 14, 0, 3.25%, 0, 0, 1, 121.84
1494970123, 5, 152, 225, 14, 0, 3.25%, 0, 0, 1, 124.74
1494970139, 5, 153, 225, 14, 0, 3.25%, 0, 0, 1, 128.48
1494970144, 5, 155, 225, 14, 0, 3.25%, 0, 0, 1, 123.19
1494970149, 5, 156, 225, 14, 0, 3.25%, 0, 0, 1, 130.12
1494970170, 5, 158, 225, 14, 0, 3.25%, 0, 0, 1, 120.85
1494970190, 5, 159, 225, 14, 0, 3.25%, 0, 0, 1, 121.12
1494970195, 5, 161, 225, 14, 0, 3.25%, 0, 0, 1, 122.45
1494970226, 5, 162, 225, 14, 0, 3.25%, 0, 0, 1, 122.47
1494970242, 5, 163, 225, 14, 0, 3.25%, 0, 0, 1, 122.32
1494970247, 5, 164, 225, 14, 0, 3.25%, 0, 0, 1, 129.25
1494970267, 5, 165, 225, 14, 0, 3.25%, 0, 0, 1, 134.70
1494970272, 5, 166, 225, 14, 0, 3.25%, 0, 0, 1, 144.44
1494970288, 5, 167, 225, 14, 0, 3.25%, 0, 0, 1, 139.99
1494970293, 5, 168, 225, 14, 0, 3.25%, 0, 0, 1, 138.15
1494970303, 5, 170, 225, 14, 0, 3.25%, 0, 0, 1, 146.32
1494970319, 5, 171, 225, 14, 0, 3.25%, 0, 0, 1, 138.39
1494970324, 5, 172, 225, 14, 0, 3.25%, 0, 0, 1, 150.90
1494970339, 5, 173, 225, 14, 0, 3.25%, 0, 0, 1, 146.53
1494970344, 5, 175, 225, 14, 0, 3.25%, 0, 0, 1, 132.64
1494970359, 5, 177, 225, 14, 0, 3.25%, 0, 0, 1, 142.68
1494970365, 5, 178, 225, 14, 0, 3.25%, 0, 0, 1, 144.03
1494970375, 5, 180, 225, 14, 0, 3.25%, 0, 0, 1, 147.88
1494970380, 5, 181, 225, 14, 0, 3.25%, 0, 0, 1, 144.41
1494970385, 5, 182, 225, 14, 0, 3.25%, 0, 0, 1, 147.42
1494970400, 5, 183, 225, 14, 0, 3.25%, 0, 0, 1, 144.23
1494970405, 5, 184, 225, 14, 0, 3.25%, 0, 0, 1, 145.07
1494970415, 5, 185, 225, 14, 0, 3.25%, 0, 0, 1, 150.38
1494970420, 5, 186, 225, 14, 0, 3.25%, 0, 0, 1, 146.99
1494970436, 5, 188, 225, 14, 0, 3.25%, 0, 0, 1, 139.07
1494970451, 5, 189, 225, 14, 0, 3.25%, 0, 0, 1, 136.65
1494970456, 5, 190, 225, 14, 0, 3.25%, 0, 0, 1, 135.96
1494970471, 5, 192, 225, 14, 0, 3.25%, 0, 0, 1, 149.20
1494970476, 5, 195, 225, 14, 0, 3.25%, 0, 0, 1, 136.23
1494970497, 5, 196, 225, 14, 0, 3.25%, 0, 0, 1, 138.00
1494970502, 5, 197, 225, 14, 0, 3.25%, 0, 0, 1, 125.98
1494970518, 5, 198, 225, 14, 0, 3.25%, 0, 0, 1, 136.09
1494970523, 5, 199, 225, 14, 0, 3.25%, 0, 0, 1, 128.12
1494970538, 5, 201, 225, 14, 0, 3.25%, 0, 0, 1, 125.94
1494970543, 5, 202, 225, 14, 0, 3.25%, 0, 0, 1, 134.93
1494970559, 5, 203, 225, 14, 0, 3.25%, 0, 0, 1, 128.26
1494970564, 5, 204, 225, 14, 0, 3.25%, 0, 0, 1, 137.29
1494970579, 5, 205, 225, 14, 0, 3.25%, 0, 0, 1, 127.51
1494970584, 5, 206, 225, 14, 0, 3.25%, 0, 0, 1, 134.49
1494970600, 5, 207, 225, 14, 0, 3.25%, 0, 0, 1, 120.88
1494970605, 5, 208, 225, 14, 0, 3.25%, 0, 0, 1, 119.85
1494970625, 5, 209, 225, 14, 0, 3.25%, 0, 0, 1, 121.80
1494970630, 5, 210, 225, 14, 0, 3.25%, 0, 0, 1, 126.66
1494970635, 5, 211, 225, 14, 0, 3.25%, 0, 0, 1, 127.62
1494970650, 5, 213, 225, 14, 0, 3.25%, 0, 0, 1, 123.65
1494970666, 5, 215, 225, 14, 0, 3.25%, 0, 0, 1, 121.79
1494970681, 5, 218, 225, 13, 0, 3.25%, 0, 0, 1, 116.13
1494970691, 5, 219, 225, 13, 0, 3.25%, 0, 0, 1, 126.82
1494970707, 6, 0, 225, 13, 0, 3.25%, 0, 0, 1, 125.21
1494970712, 6, 1, 225, 13, 0, 3.25%, 0, 0, 1, 132.09
1494970717, 6, 3, 225, 13, 0, 3.25%, 0, 0, 1, 125.03
1494970727, 6, 4, 225, 13, 0, 3.25%, 0, 0, 1, 141.34
1494970732, 6, 5, 225, 13, 0, 3.25%, 0, 0, 1, 137.45
1494970737, 6, 6, 225, 13, 0, 3.25%, 0, 0, 1, 135.04
1494970743, 6, 8, 225, 13, 0, 3.25%, 0, 0, 1, 127.12
1494970748, 6, 9, 225, 13, 0, 3.25%, 0, 0, 1, 137.05
1494970753, 6, 10, 225, 13, 0, 3.25%, 0, 0, 1, 142.84
1494970758, 6, 12, 225, 13, 0, 3.25%, 0, 0, 1, 139.06
1494970763, 6, 13, 225, 13, 0, 3.25%, 0, 0, 1, 144.52
1494970768, 6, 15, 225, 13, 0, 3.25%, 0, 0, 1, 142.05
1494970773, 6, 18, 225, 13, 0, 3.25%, 0, 0, 1, 141.05
1494970778, 6, 20, 225, 13, 0, 3.25%, 0, 0, 1, 140.86
1494970783, 6, 21, 225, 13, 0, 3.25%, 0, 0, 1, 145.04
1494970788, 6, 23, 225, 13, 0, 3.25%, 0, 0, 1, 148.29
1494970799, 6, 24, 225, 13, 0, 3.25%, 0, 0, 1, 149.68
1494970804, 6, 25, 225, 13, 0, 3.25%, 0, 0, 1, 146.56
1494970809, 6, 28, 225, 13, 0, 3.25%, 0, 0, 1, 155.25
1494970814, 6, 30, 225, 13, 0, 3.25%, 0, 0, 1, 142.09
1494970829, 6, 32, 225, 13, 0, 3.25%, 0, 0, 1, 143.46
1494970845, 6, 34, 225, 13, 0, 3.25%, 0, 0, 1, 133.53
1494970860, 6, 36, 225, 13, 0, 3.25%, 0, 0, 1, 137.46
1494970865, 6, 37, 225, 13, 0, 3.25%, 0, 0, 1, 140.92
1494970870, 6, 38, 225, 13, 0, 3.25%, 0, 0, 1, 138.31
1494970875, 6, 40, 225, 13, 0, 3.25%, 0, 0, 1, 136.04
1494970880, 6, 41, 225, 13, 0, 3.25%, 0, 0, 1, 142.60
1494970890, 6, 42, 225, 13, 0, 3.25%, 0, 0, 1, 140.13
1494970896, 6, 44, 225, 13, 0, 3.25%, 0, 0, 1, 142.67
1494970916, 6, 46, 225, 13, 0, 3.25%, 0, 0, 1, 135.16
1494970931, 6, 47, 225, 13, 0, 3.25%, 0, 0, 1, 144.25
1494970936, 6, 48, 225, 13, 0, 3.25%, 0, 0, 1, 141.35
1494970952, 6, 50, 225, 13, 0, 3.25%, 0, 0, 1, 142.85
1494970957, 6, 51, 225, 13, 0, 3.25%, 0, 0, 1, 142.89
1494970972, 6, 54, 225, 13, 0, 3.25%, 0, 0, 1, 150.41
1494970988, 6, 55, 225, 13, 0, 3.25%, 0, 0, 1, 156.80
1494970993, 6, 56, 225, 13, 0, 3.25%, 0, 0, 1, 138.08
1494971003, 6, 57, 225, 13, 0, 3.25%, 0, 0, 1, 127.08
1494971008, 6, 60, 225, 13, 0, 3.25%, 0, 0, 1, 126.73
1494971029, 6, 62, 225, 13, 0, 3.25%, 0, 0, 1, 125.99
1494971054, 6, 63, 225, 13, 0, 3.25%, 0, 0, 1, 117.73
1494971060, 6, 65, 225, 13, 0, 3.25%, 0, 0, 1, 130.09
1494971065, 6, 66, 225, 12, 0, 3.25%, 0, 0, 1, 140.96
1494971080, 6, 67, 225, 12, 0, 3.25%, 0, 0, 1, 125.90
1494971085, 6, 69, 225, 12, 0, 3.25%, 0, 0, 1, 119.09
1494971100, 6, 70, 225, 12, 0, 3.25%, 0, 0, 1, 120.91
1494971105, 6, 72, 225, 12, 0, 3.25%, 0, 0, 1, 116.44
1494971116, 6, 73, 225, 12, 0, 3.25%, 0, 0, 1, 135.99
1494971121, 6, 74, 225, 12, 0, 3.25%, 0, 0, 1, 123.65
1494971136, 6, 75, 225, 12, 0, 3.25%, 0, 0, 1, 132.15
1494971141, 6, 76, 225, 12, 0, 3.25%, 0, 0, 1, 127.79
1494971156, 6, 77, 225, 12, 0, 3.25%, 0, 0, 1, 140.29
1494971161, 6, 78, 225, 12, 0, 3.25%, 0, 0, 1, 131.89
1494971177, 6, 80, 225, 12, 0, 3.25%, 0, 0, 1, 133.35
1494971182, 6, 81, 225, 12, 0, 3.25%, 0, 0, 1, 133.24
1494971197, 6, 82, 225, 12, 0, 3.25%, 0, 0, 1, 118.87
1494971202, 6, 84, 225, 12, 0, 3.25%, 0, 0, 1, 117.54
1494971207, 6, 85, 225, 12, 0, 3.25%, 0, 0, 1, 132.53
1494971223, 6, 87, 225, 12, 0, 3.25%, 0, 0, 1, 121.34
1494971228, 6, 88, 225, 12, 0, 3.25%, 0, 0, 1, 121.30
1494971233, 6, 89, 225, 12, 0, 3.25%, 0, 0, 1, 119.54
1494971254, 6, 91, 225, 12, 0, 3.25%, 0, 0, 1, 152.25
1494971259, 6, 92, 225, 12, 0, 3.25%, 0, 0, 1, 143.58
1494971274, 6, 94, 225, 12, 0, 3.25%, 0, 0, 1, 158.23
1494971279, 6, 95, 225, 12, 0, 3.25%, 0, 0, 1, 162.11
1494971289, 6, 97, 225, 12, 0, 3.25%, 0, 0, 1, 146.12
1494971295, 6, 99, 225, 12, 0, 3.25%, 0, 0, 1, 144.93
1494971310, 6, 101, 225, 12, 0, 3.25%, 0, 0, 1, 147.48
1494971315, 6, 102, 225, 12, 0, 3.25%, 0, 0, 1, 149.89
1494971331, 6, 103, 225, 12, 0, 3.25%, 0, 0, 1, 135.53
1494971336, 6, 104, 225, 12, 0, 3.25%, 0, 0, 1, 151.79
1494971351, 6, 106, 225, 12, 0, 3.25%, 0, 0, 1, 149.54
1494971366, 6, 107, 225, 12, 0, 3.25%, 0, 0, 1, 148.43
1494971372, 6, 108, 225, 12, 0, 3.25%, 0, 0, 1, 140.05
1494971392, 6, 109, 225, 12, 0, 3.25%, 0, 0, 1, 139.13
1494971397, 6, 110, 225, 12, 0, 3.25%, 0, 0, 1, 138.83
1494971402, 6, 111, 225, 12, 0, 3.25%, 0, 0, 1, 145.66
1494971413, 6, 113, 225, 12, 0, 3.25%, 0, 0, 1, 148.82
1494971423, 6, 114, 225, 12, 0, 3.25%, 0, 0, 1, 150.49
1494971428, 6, 115, 225, 12, 0, 3.25%, 0, 0, 1, 150.64
1494971444, 6, 117, 225, 12, 0, 3.25%, 0, 0, 1, 135.84
1494971449, 6, 118, 225, 12, 0, 3.25%, 0, 0, 1, 136.68
1494971454, 6, 119, 225, 12, 0, 3.25%, 0, 0, 1, 136.28
1494971469, 6, 120, 225, 12, 0, 3.25%, 0, 0, 1, 135.43
1494971474, 6, 121, 225, 12, 0, 3.25%, 0, 0, 1, 146.73
1494971485, 6, 122, 225, 12, 0, 3.25%, 0, 0, 1, 146.79
1494971490, 6, 125, 225, 12, 0, 3.25%, 0, 0, 1, 138.17
1494971495, 6, 126, 225, 12, 0, 3.25%, 0, 0, 1, 128.91
1494971511, 6, 128, 225, 12, 0, 3.25%, 0, 0, 1, 124.08
1494971516, 6, 129, 225, 12, 0, 3.25%, 0, 0, 1, 116.85
1494971531, 6, 131, 225, 12, 0, 3.25%, 0, 0, 1, 127.27
1494971547, 6, 132, 225, 12, 0, 3.25%, 0, 0, 1, 124.34
1494971552, 6, 133, 225, 12, 0, 3.25%, 0, 0, 1, 124.06
1494971557, 6, 134, 225, 12, 0, 3.25%, 0, 0, 1, 130.42
1494971577, 6, 136, 225, 12, 0, 3.25%, 0, 0, 1, 117.36
1494971593, 6, 139, 225, 12, 0, 3.25%, 0, 0, 1, 117.40
1494971614, 6, 140, 225, 12, 0, 3.25%, 0, 0, 1, 125.50
1494971619, 6, 141, 225, 12, 0, 3.25%, 0, 0, 1, 122.53
1494971634, 6, 142, 225, 12, 0, 3.25%, 0, 0, 1, 125.45
1494971640, 6, 143, 225, 12, 0, 3.25%, 0, 0, 1, 132.62
1494971655, 6, 144, 225, 12, 0, 3.25%, 0, 0, 1, 125.68
1494971660, 6, 145, 225, 12, 0, 3.25%, 0, 0, 1, 129.31
1494971665, 6, 149, 225, 12, 0, 3.25%, 0, 0, 1, 128.07
1494971686, 6, 152, 225, 12, 0, 3.25%, 0, 0, 1, 125.12
1494971701, 6, 153, 225, 12, 0, 3.25%, 0, 0, 1, 124.94
1494971706, 6, 154, 225, 12, 0, 3.25%, 0, 0, 1, 123.16
1494971711, 6, 155, 225, 12, 0, 3.25%, 0, 0, 1, 127.38
1494971716, 6, 156, 225, 12, 0, 3.25%, 0, 0, 1, 127.07
1494971732, 6, 157, 225, 12, 0, 3.25%, 0, 0, 1, 113.74
1494971737, 6, 158, 225, 12, 0, 3.25%, 0, 0, 1, 143.18
1494971752, 6, 159, 225, 12, 0, 3.25%, 0, 0, 1, 132.18
1494971758, 6, 160, 225, 12, 0, 3.25%, 0, 0, 1, 141.31
1494971763, 6, 161, 225, 12, 0, 3.25%, 0, 0, 1, 145.58
1494971783, 6, 162, 225, 12, 0, 3.25%, 0, 0, 1, 141.87
1494971794, 6, 163, 225, 12, 0, 3.25%, 0, 0, 1, 139.26
1494971799, 6, 164, 225, 12, 0, 3.25%, 0, 0, 1, 130.86
1494971819, 6, 165, 225, 12, 0, 3.25%, 0, 0, 1, 154.12
1494971824, 6, 166, 225, 12, 0, 3.25%, 0, 0, 1, 148.55
1494971840, 6, 168, 225, 12, 0, 3.25%, 0, 0, 1, 144.21
1494971855, 6, 170, 225, 12, 0, 3.25%, 0, 0, 1, 141.84
1494971871, 6, 172, 225, 12, 0, 3.25%, 0, 0, 1, 148.25
1494971886, 6, 173, 225, 12, 0, 3.25%, 0, 0, 1, 149.17
1494971892, 6, 175, 225, 12, 0, 3.25%, 0, 0, 1, 147.63
1494971907, 6, 177, 225, 12, 0, 3.25%, 0, 0, 1, 138.87
1494971912, 6, 178, 225, 12, 0, 3.25%, 0, 0, 1, 141.78
1494971927, 6, 180, 225, 12, 0, 3.25%, 0, 0, 1, 153.18
1494971933, 6, 181, 225, 12, 0, 3.25%, 0, 0, 1, 146.75
1494971938, 6, 182, 225, 12, 0, 3.25%, 0, 0, 1, 148.20
1494971953, 6, 183, 225, 12, 0, 3.25%, 0, 0, 1, 143.30
1494971958, 6, 184, 225, 12, 0, 3.25%, 0, 0, 1, 139.18
1494971973, 6, 186, 225, 12, 0, 3.25%, 0, 0, 1, 131.15
1494971989, 6, 188, 225, 12, 0, 3.25%, 0, 0, 1, 131.10
1494972004, 6, 189, 225, 12, 0, 3.25%, 0, 0, 1, 126.18
1494972009, 6, 190, 225, 12, 0, 3.25%, 0, 0, 1, 117.51
1494972025, 6, 192, 225, 12, 0, 3.25%, 0, 0, 1, 124.96
1494972030, 6, 195, 225, 12, 0, 3.25%, 0, 0, 1, 124.82
1494972056, 6, 197, 225, 12, 0, 3.25%, 0, 0, 1, 122.84
