# unix_time, cycles_done, cur_path, paths_total, pending_total, pending_favs, map_size, unique_crashes, unique_hangs, max_depth, execs_per_sec
1495426437, 0, 0, 223, 223, 175, 3.25%, 0, 0, 1, 190.93
1495426442, 0, 0, 225, 224, 174, 3.25%, 0, 0, 1, 140.97
1495426498, 0, 1, 225, 224, 174, 3.25%, 0, 0, 1, 130.76
1495426504, 0, 3, 225, 222, 172, 3.25%, 0, 0, 1, 139.16
1495426509, 0, 4, 225, 221, 171, 3.25%, 0, 0, 1, 138.58
1495426519, 0, 5, 225, 220, 170, 3.25%, 0, 0, 1, 148.30
1495426524, 0, 6, 225, 219, 169, 3.25%, 0, 0, 1, 132.28
1495426529, 0, 8, 225, 218, 168, 3.25%, 0, 0, 1, 138.60
1495426534, 0, 10, 225, 216, 166, 3.25%, 0, 0, 1, 146.11
1495426539, 0, 13, 225, 214, 164, 3.25%, 0, 0, 1, 145.48
1495426544, 0, 15, 225, 212, 162, 3.25%, 0, 0, 1, 141.46
1495426549, 0, 17, 225, 210, 160, 3.25%, 0, 0, 1, 147.71
1495426554, 0, 19, 225, 208, 158, 3.25%, 0, 0, 1, 150.52
1495426559, 0, 20, 225, 207, 157, 3.25%, 0, 0, 1, 145.43
1495426565, 0, 22, 225, 205, 155, 3.25%, 0, 0, 1, 150.28
1495426570, 0, 24, 225, 203, 153, 3.25%, 0, 0, 1, 136.52
1495426575, 0, 25, 225, 202, 152, 3.25%, 0, 0, 1, 144.37
1495426580, 0, 28, 225, 199, 149, 3.25%, 0, 0, 1, 140.08
1495426585, 0, 30, 225, 197, 147, 3.25%, 0, 0, 1, 145.12
1495426590, 0, 31, 225, 196, 146, 3.25%, 0, 0, 1, 141.99
1495426595, 0, 32, 225, 195, 145, 3.25%, 0, 0, 1, 145.45
1495426600, 0, 33, 225, 194, 144, 3.25%, 0, 0, 1, 141.84
1495426610, 0, 35, 225, 193, 143, 3.25%, 0, 0, 1, 148.23
1495426621, 0, 37, 225, 192, 142, 3.25%, 0, 0, 1, 146.04
1495426626, 0, 38, 225, 191, 141, 3.25%, 0, 0, 1, 147.59
1495426631, 0, 40, 225, 190, 140, 3.25%, 0, 0, 1, 135.40
1495426636, 0, 41, 225, 189, 139, 3.25%, 0, 0, 1, 134.55
1495426651, 0, 42, 225, 188, 138, 3.25%, 0, 0, 1, 130.72
1495426656, 0, 44, 225, 187, 137, 3.25%, 0, 0, 1, 136.31
1495426667, 0, 45, 225, 186, 136, 3.25%, 0, 0, 1, 142.67
1495426672, 0, 46, 225, 185, 135, 3.25%, 0, 0, 1, 139.95
1495426682, 0, 47, 225, 184, 134, 3.25%, 0, 0, 1, 138.46
1495426687, 0, 48, 225, 183, 133, 3.25%, 0, 0, 1, 138.28
1495426703, 0, 50, 225, 181, 131, 3.25%, 0, 0, 1, 130.60
1495426708, 0, 51, 225, 180, 130, 3.25%, 0, 0, 1, 144.15
1495426724, 0, 53, 225, 179, 129, 3.25%, 0, 0, 1, 148.84
1495426739, 0, 54, 225, 178, 128, 3.25%, 0, 0, 1, 137.27
1495426749, 0, 56, 225, 176, 126, 3.25%, 0, 0, 1, 124.09
1495426770, 0, 60, 225, 174, 124, 3.25%, 0, 0, 1, 118.54
1495426775, 0, 62, 225, 173, 123, 3.25%, 0, 0, 1, 129.69
1495426780, 0, 64, 225, 172, 122, 3.25%, 0, 0, 1, 123.29
1495426796, 0, 65, 225, 171, 121, 3.25%, 0, 0, 1, 136.63
1495426801, 0, 69, 225, 169, 119, 3.25%, 0, 0, 1, 135.53
1495426826, 0, 70, 225, 168, 118, 3.25%, 0, 0, 1, 115.80
1495426831, 0, 71, 225, 167, 117, 3.25%, 0, 0, 1, 130.56
1495426847, 0, 72, 225, 166, 116, 3.25%, 0, 0, 1, 118.49
1495426862, 0, 73, 225, 165, 115, 3.25%, 0, 0, 1, 123.73
1495426867, 0, 74, 225, 164, 114, 3.25%, 0, 0, 1, 125.89
1495426883, 0, 75, 225, 163, 113, 3.25%, 0, 0, 1, 123.13
1495426888, 0, 76, 225, 162, 112, 3.25%, 0, 0, 1, 124.31
1495426898, 0, 78, 225, 161, 111, 3.25%, 0, 0, 1, 124.05
1495426913, 0, 79, 225, 160, 110, 3.25%, 0, 0, 1, 126.11
1495426918, 0, 80, 225, 159, 109, 3.25%, 0, 0, 1, 129.37
1495426934, 0, 82, 225, 158, 108, 3.25%, 0, 0, 1, 132.48
1495426939, 0, 83, 225, 157, 107, 3.25%, 0, 0, 1, 129.13
1495426954, 0, 85, 225, 156, 106, 3.25%, 0, 0, 1, 131.37
1495426959, 0, 86, 225, 155, 105, 3.25%, 0, 0, 1, 121.62
1495426979, 0, 87, 225, 154, 104, 3.25%, 0, 0, 1, 126.65
1495426985, 0, 88, 225, 153, 103, 3.25%, 0, 0, 1, 122.21
1495427010, 0, 89, 225, 152, 102, 3.25%, 0, 0, 1, 144.07
1495427031, 0, 91, 225, 150, 100, 3.25%, 0, 0, 1, 137.60
1495427046, 0, 92, 225, 149, 99, 3.25%, 0, 0, 1, 136.31
1495427051, 0, 93, 225, 148, 98, 3.25%, 0, 0, 1, 142.11
1495427066, 0, 94, 225, 147, 97, 3.25%, 0, 0, 1, 143.58
1495427072, 0, 97, 225, 145, 95, 3.25%, 0, 0, 1, 150.96
1495427087, 0, 98, 225, 144, 94, 3.25%, 0, 0, 1, 148.45
1495427102, 0, 99, 225, 143, 93, 3.25%, 0, 0, 1, 153.09
1495427107, 0, 100, 225, 142, 92, 3.25%, 0, 0, 1, 151.17
1495427118, 0, 101, 225, 141, 91, 3.25%, 0, 0, 1, 143.14
1495427123, 0, 102, 225, 140, 90, 3.25%, 0, 0, 1, 140.83
1495427133, 0, 103, 225, 139, 89, 3.25%, 0, 0, 1, 143.00
1495427138, 0, 104, 225, 138, 88, 3.25%, 0, 0, 1, 140.34
1495427153, 0, 106, 225, 137, 87, 3.25%, 0, 0, 1, 149.14
1495427169, 0, 108, 225, 135, 85, 3.25%, 0, 0, 1, 143.28
1495427184, 0, 109, 225, 134, 84, 3.25%, 0, 0, 1, 149.35
1495427189, 0, 110, 225, 133, 83, 3.25%, 0, 0, 1, 146.62
1495427194, 0, 111, 225, 132, 82, 3.25%, 0, 0, 1, 142.86
1495427209, 0, 113, 225, 130, 80, 3.25%, 0, 0, 1, 157.07
1495427225, 0, 114, 225, 129, 79, 3.25%, 0, 0, 1, 139.36
1495427230, 0, 115, 225, 128, 78, 3.25%, 0, 0, 1, 126.01
1495427251, 0, 117, 225, 126, 76, 3.25%, 0, 0, 1, 117.18
1495427266, 0, 118, 225, 125, 75, 3.25%, 0, 0, 1, 137.66
1495427271, 0, 119, 225, 124, 74, 3.25%, 0, 0, 1, 119.50
1495427291, 0, 124, 225, 122, 72, 3.25%, 0, 0, 1, 126.90
1495427317, 0, 127, 225, 121, 71, 3.25%, 0, 0, 1, 119.73
1495427337, 0, 129, 225, 119, 69, 3.25%, 0, 0, 1, 136.20
1495427343, 0, 130, 225, 118, 68, 3.25%, 0, 0, 1, 133.39
1495427358, 0, 132, 225, 117, 67, 3.25%, 0, 0, 1, 120.04
1495427363, 0, 133, 225, 116, 66, 3.25%, 0, 0, 1, 131.12
1495427389, 0, 134, 225, 115, 65, 3.25%, 0, 0, 1, 116.17
1495427394, 0, 136, 225, 113, 63, 3.25%, 0, 0, 1, 128.18
1495427409, 0, 137, 225, 112, 62, 3.25%, 0, 0, 1, 131.46
1495427414, 0, 138, 225, 111, 61, 3.25%, 0, 0, 1, 139.27
1495427430, 0, 139, 225, 110, 60, 3.25%, 0, 0, 1, 129.34
1495427435, 0, 140, 225, 109, 59, 3.25%, 0, 0, 1, 131.24
1495427450, 0, 142, 225, 108, 58, 3.25%, 0, 0, 1, 130.82
1495427476, 0, 144, 225, 106, 57, 3.25%, 0, 0, 1, 146.36
1495427486, 0, 147, 225, 105, 56, 3.25%, 0, 0, 1, 148.53
1495427496, 0, 148, 225, 104, 55, 3.25%, 0, 0, 1, 156.42
1495427501, 0, 150, 225, 102, 53, 3.25%, 0, 0, 1, 147.35
1495427517, 0, 151, 225, 101, 52, 3.25%, 0, 0, 1, 141.03
1495427522, 0, 152, 225, 100, 51, 3.25%, 0, 0, 1, 138.59
1495427537, 0, 153, 225, 99, 50, 3.25%, 0, 0, 1, 153.61
1495427542, 0, 157, 225, 97, 48, 3.25%, 0, 0, 1, 131.44
1495427558, 0, 158, 225, 96, 47, 3.25%, 0, 0, 1, 144.33
1495427563, 0, 160, 225, 95, 46, 3.25%, 0, 0, 1, 152.00
1495427573, 0, 161, 225, 94, 45, 3.25%, 0, 0, 1, 149.76
1495427578, 0, 162, 225, 93, 44, 3.25%, 0, 0, 1, 142.55
1495427593, 0, 163, 225, 92, 43, 3.25%, 0, 0, 1, 148.58
1495427598, 0, 164, 225, 91, 42, 3.25%, 0, 0, 1, 154.09
1495427614, 0, 165, 225, 90, 41, 3.25%, 0, 0, 1, 145.56
1495427624, 0, 166, 225, 89, 40, 3.25%, 0, 0, 1, 144.82
1495427629, 0, 167, 225, 88, 39, 3.25%, 0, 0, 1, 143.30
1495427645, 0, 168, 225, 87, 38, 3.25%, 0, 0, 1, 131.08
1495427665, 0, 169, 225, 86, 37, 3.25%, 0, 0, 1, 145.79
1495427670, 0, 171, 225, 85, 36, 3.25%, 0, 0, 1, 149.25
1495427675, 0, 172, 225, 84, 35, 3.25%, 0, 0, 1, 141.63
1495427690, 0, 174, 225, 83, 34, 3.25%, 0, 0, 1, 147.75
1495427696, 0, 176, 225, 82, 33, 3.25%, 0, 0, 1, 152.78
1495427706, 0, 177, 225, 81, 32, 3.25%, 0, 0, 1, 149.64
1495427711, 0, 178, 225, 80, 31, 3.25%, 0, 0, 1, 140.77
1495427726, 0, 180, 225, 78, 29, 3.25%, 0, 0, 1, 147.51
1495427747, 0, 182, 225, 77, 28, 3.25%, 0, 0, 1, 119.00
1495427762, 0, 183, 225, 76, 27, 3.25%, 0, 0, 1, 131.41
1495427767, 0, 184, 225, 75, 26, 3.25%, 0, 0, 1, 124.06
1495427782, 0, 186, 225, 74, 25, 3.25%, 0, 0, 1, 125.75
1495427787, 0, 188, 225, 73, 24, 3.25%, 0, 0, 1, 132.07
1495427803, 0, 189, 225, 72, 23, 3.25%, 0, 0, 1, 125.52
1495427808, 0, 190, 225, 71, 22, 3.25%, 0, 0, 1, 128.03
1495427818, 0, 191, 225, 70, 21, 3.25%, 0, 0, 1, 130.18
1495427833, 0, 192, 225, 69, 20, 3.25%, 0, 0, 1, 123.18
1495427839, 0, 193, 225, 68, 19, 3.25%, 0, 0, 1, 130.93
1495427854, 0, 195, 225, 67, 18, 3.25%, 0, 0, 1, 126.21
1495427869, 0, 196, 225, 66, 17, 3.25%, 0, 0, 1, 121.82
1495427874, 0, 197, 225, 65, 16, 3.25%, 0, 0, 1, 123.57
1495427890, 0, 198, 225, 64, 15, 3.25%, 0, 0, 1, 130.00
1495427895, 0, 199, 225, 63, 14, 3.25%, 0, 0, 1, 125.56
1495427910, 0, 200, 225, 62, 13, 3.25%, 0, 0, 1, 125.88
1495427915, 0, 201, 225, 61, 12, 3.25%, 0, 0, 1, 135.84
1495427931, 0, 203, 225, 59, 10, 3.25%, 0, 0, 1, 129.77
1495427936, 0, 204, 225, 58, 9, 3.25%, 0, 0, 1, 133.91
1495427951, 0, 205, 225, 57, 8, 3.25%, 0, 0, 1, 133.73
1495427956, 0, 207, 225, 56, 7, 3.25%, 0, 0, 1, 121.84
1495427961, 0, 211, 225, 55, 6, 3.25%, 0, 0, 1, 127.43
1495427982, 0, 212, 225, 54, 5, 3.25%, 0, 0, 1, 133.00
1495427997, 0, 214, 225, 53, 4, 3.25%, 0, 0, 1, 143.86
1495428018, 0, 215, 225, 52, 3, 3.25%, 0, 0, 1, 150.38
1495428023, 0, 217, 225, 51, 2, 3.25%, 0, 0, 1, 143.19
1495428028, 0, 222, 225, 50, 1, 3.25%, 0, 0, 1, 139.95
1495428033, 1, 0, 225, 49, 0, 3.25%, 0, 0, 1, 139.86
1495428038, 1, 1, 225, 49, 0, 3.25%, 0, 0, 1, 146.61
1495428043, 1, 3, 225, 49, 0, 3.25%, 0, 0, 1, 149.23
1495428048, 1, 4, 225, 49, 0, 3.25%, 0, 0, 1, 147.12
1495428059, 1, 6, 225, 49, 0, 3.25%, 0, 0, 1, 127.63
1495428064, 1, 8, 225, 49, 0, 3.25%, 0, 0, 1, 138.74
1495428069, 1, 9, 225, 49, 0, 3.25%, 0, 0, 1, 137.32
1495428074, 1, 12, 225, 49, 0, 3.25%, 0, 0, 1, 145.67
1495428079, 1, 14, 225, 49, 0, 3.25%, 0, 0, 1, 141.79
1495428084, 1, 15, 225, 49, 0, 3.25%, 0, 0, 1, 137.60
1495428089, 1, 18, 225, 49, 0, 3.25%, 0, 0, 1, 148.68
1495428095, 1, 20, 225, 49, 0, 3.25%, 0, 0, 1, 155.48
1495428100, 1, 22, 225, 49, 0, 3.25%, 0, 0, 1, 154.24
1495428105, 1, 23, 225, 49, 0, 3.25%, 0, 0, 1, 157.72
1495428110, 1, 25, 225, 49, 0, 3.25%, 0, 0, 1, 149.40
1495428115, 1, 27, 225, 49, 0, 3.25%, 0, 0, 1, 145.41
1495428121, 1, 30, 225, 49, 0, 3.25%, 0, 0, 1, 138.32
1495428126, 1, 31, 225, 49, 0, 3.25%, 0, 0, 1, 133.42
1495428131, 1, 32, 225, 49, 0, 3.25%, 0, 0, 1, 135.68
1495428136, 1, 33, 225, 49, 0, 3.25%, 0, 0, 1, 150.14
1495428146, 1, 35, 225, 49, 0, 3.25%, 0, 0, 1, 140.67
1495428162, 1, 37, 225, 49, 0, 3.25%, 0, 0, 1, 145.75
1495428167, 1, 38, 225, 49, 0, 3.25%, 0, 0, 1, 148.91
1495428172, 1, 40, 225, 49, 0, 3.25%, 0, 0, 1, 141.80
1495428177, 1, 41, 225, 49, 0, 3.25%, 0, 0, 1, 141.87
1495428187, 1, 42, 225, 49, 0, 3.25%, 0, 0, 1, 160.66
1495428192, 1, 44, 225, 49, 0, 3.25%, 0, 0, 1, 143.21
1495428202, 1, 45, 225, 49, 0, 3.25%, 0, 0, 1, 152.36
1495428207, 1, 46, 225, 49, 0, 3.25%, 0, 0, 1, 139.36
1495428223, 1, 47, 225, 49, 0, 3.25%, 0, 0, 1, 123.22
1495428228, 1, 48, 225, 49, 0, 3.25%, 0, 0, 1, 117.53
1495428243, 1, 49, 225, 49, 0, 3.25%, 0, 0, 1, 122.64
1495428248, 1, 50, 225, 49, 0, 3.25%, 0, 0, 1, 122.78
1495428254, 1, 51, 225, 49, 0, 3.25%, 0, 0, 1, 124.93
1495428269, 1, 52, 225, 49, 0, 3.25%, 0, 0, 1, 126.58
1495428274, 1, 53, 225, 48, 0, 3.25%, 0, 0, 1, 124.61
1495428289, 1, 54, 225, 48, 0, 3.25%, 0, 0, 1, 112.63
1495428295, 1, 55, 225, 48, 0, 3.25%, 0, 0, 1, 120.04
1495428300, 1, 56, 225, 48, 0, 3.25%, 0, 0, 1, 125.97
1495428315, 1, 59, 225, 48, 0, 3.25%, 0, 0, 1, 129.36
1495428320, 1, 60, 225, 48, 0, 3.25%, 0, 0, 1, 131.13
1495428325, 1, 62, 225, 48, 0, 3.25%, 0, 0, 1, 127.47
1495428330, 1, 64, 225, 48, 0, 3.25%, 0, 0, 1, 128.33
1495428346, 1, 67, 225, 48, 0, 3.25%, 0, 0, 1, 129.66
1495428351, 1, 68, 225, 48, 0, 3.25%, 0, 0, 1, 124.62
1495428356, 1, 69, 225, 47, 0, 3.25%, 0, 0, 1, 133.58
1495428377, 1, 70, 225, 47, 0, 3.25%, 0, 0, 1, 133.18
1495428382, 1, 71, 225, 47, 0, 3.25%, 0, 0, 1, 134.51
1495428397, 1, 72, 225, 47, 0, 3.25%, 0, 0, 1, 126.17
1495428412, 1, 73, 225, 47, 0, 3.25%, 0, 0, 1, 130.78
1495428417, 1, 74, 225, 47, 0, 3.25%, 0, 0, 1, 143.30
1495428432, 1, 76, 225, 47, 0, 3.25%, 0, 0, 1, 123.43
1495428453, 1, 78, 225, 47, 0, 3.25%, 0, 0, 1, 137.45
1495428463, 1, 79, 225, 47, 0, 3.25%, 0, 0, 1, 150.26
1495428468, 1, 80, 225, 47, 0, 3.25%, 0, 0, 1, 143.44
1495428479, 1, 82, 225, 47, 0, 3.25%, 0, 0, 1, 146.27
1495428484, 1, 83, 225, 47, 0, 3.25%, 0, 0, 1, 148.03
1495428499, 1, 84, 225, 47, 0, 3.25%, 0, 0, 1, 144.27
1495428504, 1, 85, 225, 46, 0, 3.25%, 0, 0, 1, 149.37
1495428509, 1, 86, 225, 46, 0, 3.25%, 0, 0, 1, 164.78
1495428530, 1, 87, 225, 46, 0, 3.25%, 0, 0, 1, 155.51
1495428535, 1, 88, 225, 46, 0, 3.25%, 0, 0, 1, 140.16
1495428556, 1, 89, 225, 46, 0, 3.25%, 0, 0, 1, 144.17
1495428576, 1, 90, 225, 46, 0, 3.25%, 0, 0, 1, 144.17
1495428581, 1, 91, 225, 46, 0, 3.25%, 0, 0, 1, 130.36
1495428592, 1, 92, 225, 46, 0, 3.25%, 0, 0, 1, 147.26
1495428597, 1, 93, 225, 46, 0, 3.25%, 0, 0, 1, 139.45
1495428612, 1, 94, 225, 46, 0, 3.25%, 0, 0, 1, 155.84
1495428617, 1, 97, 225, 46, 0, 3.25%, 0, 0, 1, 151.31
1495428633, 1, 98, 225, 46, 0, 3.25%, 0, 0, 1, 144.10
1495428648, 1, 99, 225, 46, 0, 3.25%, 0, 0, 1, 143.70
1495428653, 1, 100, 225, 46, 0, 3.25%, 0, 0, 1, 142.60
1495428663, 1, 101, 225, 46, 0, 3.25%, 0, 0, 1, 145.05
1495428669, 1, 102, 225, 46, 0, 3.25%, 0, 0, 1, 145.89
1495428679, 1, 103, 225, 46, 0, 3.25%, 0, 0, 1, 145.69
1495428684, 1, 104, 225, 46, 0, 3.25%, 0, 0, 1, 145.06
1495428699, 1, 106, 225, 45, 0, 3.25%, 0, 0, 1, 166.64
1495428714, 1, 107, 225, 45, 0, 3.25%, 0, 0, 1, 129.94
1495428720, 1, 108, 225, 45, 0, 3.25%, 0, 0, 1, 124.92
1495428735, 1, 109, 225, 45, 0, 3.25%, 0, 0, 1, 131.05
1495428740, 1, 110, 225, 45, 0, 3.25%, 0, 0, 1, 125.38
1495428745, 1, 111, 225, 45, 0, 3.25%, 0, 0, 1, 125.30
1495428761, 1, 112, 225, 45, 0, 3.25%, 0, 0, 1, 127.50
1495428766, 1, 113, 225, 45, 0, 3.25%, 0, 0, 1, 132.54
1495428782, 1, 114, 225, 45, 0, 3.25%, 0, 0, 1, 119.73
1495428787, 1, 115, 225, 45, 0, 3.25%, 0, 0, 1, 129.35
1495428807, 1, 117, 225, 45, 0, 3.25%, 0, 0, 1, 117.18
1495428823, 1, 118, 225, 45, 0, 3.25%, 0, 0, 1, 125.14
1495428828, 1, 119, 225, 45, 0, 3.25%, 0, 0, 1, 118.54
1495428848, 1, 124, 225, 45, 0, 3.25%, 0, 0, 1, 117.63
1495428874, 1, 127, 225, 45, 0, 3.25%, 0, 0, 1, 137.62
1495428889, 1, 128, 225, 45, 0, 3.25%, 0, 0, 1, 128.56
1495428894, 1, 129, 225, 45, 0, 3.25%, 0, 0, 1, 120.81
1495428899, 1, 130, 225, 45, 0, 3.25%, 0, 0, 1, 133.03
1495428920, 1, 132, 225, 45, 0, 3.25%, 0, 0, 1, 129.08
1495428925, 1, 133, 225, 45, 0, 3.25%, 0, 0, 1, 125.86
1495428945, 1, 134, 225, 45, 0, 3.25%, 0, 0, 1, 133.33
1495428950, 1, 135, 225, 45, 0, 3.25%, 0, 0, 1, 141.13
1495428956, 1, 136, 225, 45, 0, 3.25%, 0, 0, 1, 135.57
1495428971, 1, 138, 225, 45, 0, 3.25%, 0, 0, 1, 159.45
1495428986, 1, 139, 225, 45, 0, 3.25%, 0, 0, 1, 150.69
1495428991, 1, 140, 225, 45, 0, 3.25%, 0, 0, 1, 141.19
1495429006, 1, 142, 225, 45, 0, 3.25%, 0, 0, 1, 140.90
1495429027, 1, 144, 225, 45, 0, 3.25%, 0, 0, 1, 149.49
1495429032, 1, 145, 225, 45, 0, 3.25%, 0, 0, 1, 142.67
1495429042, 1, 147, 225, 44, 0, 3.25%, 0, 0, 1, 148.89
1495429057, 1, 148, 225, 44, 0, 3.25%, 0, 0, 1, 136.69
1495429063, 1, 149, 225, 44, 0, 3.25%, 0, 0, 1, 139.88
1495429068, 1, 150, 225, 44, 0, 3.25%, 0, 0, 1, 137.34
1495429083, 1, 151, 225, 44, 0, 3.25%, 0, 0, 1, 149.90
1495429088, 1, 152, 225, 44, 0, 3.25%, 0, 0, 1, 147.71
1495429098, 1, 153, 225, 44, 0, 3.25%, 0, 0, 1, 146.40
1495429104, 1, 154, 225, 44, 0, 3.25%, 0, 0, 1, 145.86
1495429109, 1, 157, 225, 44, 0, 3.25%, 0, 0, 1, 152.03
1495429124, 1, 160, 225, 44, 0, 3.25%, 0, 0, 1, 142.51
1495429139, 1, 161, 225, 44, 0, 3.25%, 0, 0, 1, 137.45
1495429144, 1, 162, 225, 44, 0, 3.25%, 0, 0, 1, 146.31
1495429159, 1, 163, 225, 44, 0, 3.25%, 0, 0, 1, 155.47
1495429164, 1, 164, 225, 44, 0, 3.25%, 0, 0, 1, 151.29
1495429180, 1, 165, 225, 44, 0, 3.25%, 0, 0, 1, 137.86
1495429190, 1, 166, 225, 44, 0, 3.25%, 0, 0, 1, 137.54
1495429195, 1, 167, 225, 44, 0, 3.25%, 0, 0, 1, 137.99
1495429210, 1, 168, 225, 44, 0, 3.25%, 0, 0, 1, 108.93
1495429236, 1, 169, 225, 44, 0, 3.25%, 0, 0, 1, 135.23
1495429241, 1, 171, 225, 44, 0, 3.25%, 0, 0, 1, 127.08
1495429246, 1, 172, 225, 44, 0, 3.25%, 0, 0, 1, 120.65
1495429261, 1, 174, 225, 44, 0, 3.25%, 0, 0, 1, 127.41
1495429272, 1, 175, 225, 44, 0, 3.25%, 0, 0, 1, 129.98
1495429277, 1, 176, 225, 43, 0, 3.25%, 0, 0, 1, 120.17
1495429292, 1, 177, 225, 43, 0, 3.25%, 0, 0, 1, 125.14
1495429297, 1, 178, 225, 43, 0, 3.25%, 0, 0, 1, 133.87
1495429312, 1, 180, 225, 43, 0, 3.25%, 0, 0, 1, 137.63
1495429328, 1, 182, 225, 43, 0, 3.25%, 0, 0, 1, 129.82
1495429343, 1, 183, 225, 43, 0, 3.25%, 0, 0, 1, 125.79
1495429348, 1, 184, 225, 43, 0, 3.25%, 0, 0, 1, 117.56
1495429363, 1, 186, 225, 43, 0, 3.25%, 0, 0, 1, 123.39
1495429368, 1, 187, 225, 43, 0, 3.25%, 0, 0, 1, 129.56
1495429374, 1, 188, 225, 42, 0, 3.25%, 0, 0, 1, 135.73
1495429389, 1, 189, 225, 42, 0, 3.25%, 0, 0, 1, 132.42
1495429394, 1, 190, 225, 42, 0, 3.25%, 0, 0, 1, 124.58
1495429399, 1, 191, 225, 42, 0, 3.25%, 0, 0, 1, 128.46
1495429420, 1, 192, 225, 42, 0, 3.25%, 0, 0, 1, 115.32
1495429425, 1, 193, 225, 42, 0, 3.25%, 0, 0, 1, 121.57
1495429440, 1, 194, 225, 42, 0, 3.25%, 0, 0, 1, 131.28
1495429445, 1, 195, 225, 41, 0, 3.25%, 0, 0, 1, 127.90
1495429460, 1, 197, 225, 41, 0, 3.25%, 0, 0, 1, 152.30
1495429476, 1, 198, 225, 41, 0, 3.25%, 0, 0, 1, 140.84
1495429481, 1, 199, 225, 41, 0, 3.25%, 0, 0, 1, 154.13
1495429491, 1, 200, 225, 41, 0, 3.25%, 0, 0, 1, 144.24
1495429496, 1, 201, 225, 41, 0, 3.25%, 0, 0, 1, 148.18
1495429511, 1, 202, 225, 41, 0, 3.25%, 0, 0, 1, 148.70
1495429517, 1, 204, 225, 41, 0, 3.25%, 0, 0, 1, 158.25
1495429532, 1, 205, 225, 41, 0, 3.25%, 0, 0, 1, 143.22
1495429537, 1, 207, 225, 41, 0, 3.25%, 0, 0, 1, 148.35
1495429542, 1, 208, 225, 41, 0, 3.25%, 0, 0, 1, 138.76
1495429557, 1, 211, 225, 40, 0, 3.25%, 0, 0, 1, 120.53
1495429562, 1, 212, 225, 40, 0, 3.25%, 0, 0, 1, 142.12
1495429578, 1, 213, 225, 40, 0, 3.25%, 0, 0, 1, 147.64
1495429583, 1, 214, 225, 39, 0, 3.25%, 0, 0, 1, 138.91
1495429608, 1, 216, 225, 39, 0, 3.25%, 0, 0, 1, 148.33
1495429614, 1, 217, 225, 38, 0, 3.25%, 0, 0, 1, 136.82
1495429624, 1, 222, 225, 38, 0, 3.25%, 0, 0, 1, 141.98
1495429629, 1, 224, 225, 38, 0, 3.25%, 0, 0, 1, 131.27
1495429639, 2, 0, 225, 37, 0, 3.25%, 0, 0, 1, 151.17
1495429644, 2, 1, 225, 37, 0, 3.25%, 0, 0, 1, 137.14
1495429650, 2, 2, 225, 37, 0, 3.25%, 0, 0, 1, 145.45
1495429655, 2, 4, 225, 37, 0, 3.25%, 0, 0, 1, 153.23
1495429665, 2, 5, 225, 37, 0, 3.25%, 0, 0, 1, 148.54
1495429670, 2, 6, 225, 37, 0, 3.25%, 0, 0, 1, 143.40
1495429675, 2, 8, 225, 37, 0, 3.25%, 0, 0, 1, 143.46
1495429680, 2, 10, 225, 37, 0, 3.25%, 0, 0, 1, 137.09
1495429685, 2, 12, 225, 37, 0, 3.25%, 0, 0, 1, 142.80
1495429690, 2, 15, 225, 37, 0, 3.25%, 0, 0, 1, 134.40
1495429701, 2, 18, 225, 37, 0, 3.25%, 0, 0, 1, 127.59
1495429706, 2, 20, 225, 37, 0, 3.25%, 0, 0, 1, 125.28
1495429716, 2, 22, 225, 37, 0, 3.25%, 0, 0, 1, 126.03
1495429721, 2, 23, 225, 37, 0, 3.25%, 0, 0, 1, 113.87
1495429726, 2, 25, 225, 37, 0, 3.25%, 0, 0, 1, 133.37
1495429731, 2, 27, 225, 37, 0, 3.25%, 0, 0, 1, 133.30
1495429736, 2, 29, 225, 37, 0, 3.25%, 0, 0, 1, 124.42
1495429741, 2, 31, 225, 37, 0, 3.25%, 0, 0, 1, 130.63
1495429747, 2, 32, 225, 37, 0, 3.25%, 0, 0, 1, 125.42
1495429752, 2, 33, 225, 37, 0, 3.25%, 0, 0, 1, 135.38
1495429767, 2, 35, 225, 37, 0, 3.25%, 0, 0, 1, 127.28
1495429783, 2, 37, 225, 37, 0, 3.25%, 0, 0, 1, 123.21
1495429788, 2, 38, 225, 37, 0, 3.25%, 0, 0, 1, 123.32
1495429793, 2, 41, 225, 37, 0, 3.25%, 0, 0, 1, 123.64
1495429813, 2, 43, 225, 37, 0, 3.25%, 0, 0, 1, 118.29
1495429818, 2, 44, 225, 36, 0, 3.25%, 0, 0, 1, 122.54
1495429834, 2, 45, 225, 36, 0, 3.25%, 0, 0, 1, 127.45
1495429839, 2, 46, 225, 36, 0, 3.25%, 0, 0, 1, 122.53
1495429855, 2, 48, 225, 36, 0, 3.25%, 0, 0, 1, 136.13
1495429875, 2, 49, 225, 36, 0, 3.25%, 0, 0, 1, 127.10
1495429880, 2, 51, 225, 36, 0, 3.25%, 0, 0, 1, 124.58
1495429901, 2, 53, 225, 36, 0, 3.25%, 0, 0, 1, 125.04
1495429916, 2, 54, 225, 36, 0, 3.25%, 0, 0, 1, 106.73
1495429921, 2, 55, 225, 36, 0, 3.25%, 0, 0, 1, 116.91
1495429926, 2, 56, 225, 36, 0, 3.25%, 0, 0, 1, 121.68
1495429942, 2, 58, 225, 36, 0, 3.25%, 0, 0, 1, 149.01
1495429957, 2, 59, 225, 35, 0, 3.25%, 0, 0, 1, 151.28
1495429962, 2, 60, 225, 35, 0, 3.25%, 0, 0, 1, 147.33
1495429967, 2, 64, 225, 35, 0, 3.25%, 0, 0, 1, 147.69
1495429983, 2, 65, 225, 35, 0, 3.25%, 0, 0, 1, 147.17
1495429988, 2, 66, 225, 35, 0, 3.25%, 0, 0, 1, 138.26
1495430008, 2, 67, 225, 34, 0, 3.25%, 0, 0, 1, 142.19
1495430013, 2, 69, 225, 34, 0, 3.25%, 0, 0, 1, 142.82
1495430034, 2, 71, 225, 34, 0, 3.25%, 0, 0, 1, 143.96
1495430049, 2, 72, 225, 34, 0, 3.25%, 0, 0, 1, 146.71
1495430065, 2, 73, 225, 34, 0, 3.25%, 0, 0, 1, 132.80
1495430070, 2, 74, 225, 34, 0, 3.25%, 0, 0, 1, 154.13
1495430080, 2, 75, 225, 34, 0, 3.25%, 0, 0, 1, 150.38
1495430085, 2, 76, 225, 34, 0, 3.25%, 0, 0, 1, 153.37
1495430095, 2, 78, 225, 34, 0, 3.25%, 0, 0, 1, 136.79
1495430111, 2, 79, 225, 34, 0, 3.25%, 0, 0, 1, 151.29
1495430116, 2, 80, 225, 34, 0, 3.25%, 0, 0, 1, 154.49
1495430126, 2, 82, 225, 34, 0, 3.25%, 0, 0, 1, 149.04
1495430131, 2, 83, 225, 34, 0, 3.25%, 0, 0, 1, 145.06
1495430147, 2, 86, 225, 34, 0, 3.25%, 0, 0, 1, 145.07
1495430167, 2, 87, 225, 34, 0, 3.25%, 0, 0, 1, 135.76
1495430172, 2, 88, 225, 34, 0, 3.25%, 0, 0, 1, 140.51
1495430197, 2, 89, 225, 34, 0, 3.25%, 0, 0, 1, 123.48
1495430223, 2, 91, 225, 34, 0, 3.25%, 0, 0, 1, 119.10
1495430243, 2, 93, 225, 34, 0, 3.25%, 0, 0, 1, 130.21
1495430258, 2, 94, 225, 34, 0, 3.25%, 0, 0, 1, 116.32
1495430264, 2, 96, 225, 34, 0, 3.25%, 0, 0, 1, 127.97
1495430269, 2, 97, 225, 34, 0, 3.25%, 0, 0, 1, 121.32
1495430284, 2, 98, 225, 34, 0, 3.25%, 0, 0, 1, 117.96
1495430299, 2, 99, 225, 34, 0, 3.25%, 0, 0, 1, 126.44
1495430305, 2, 100, 225, 34, 0, 3.25%, 0, 0, 1, 118.32
1495430320, 2, 102, 225, 34, 0, 3.25%, 0, 0, 1, 132.30
1495430336, 2, 103, 225, 34, 0, 3.25%, 0, 0, 1, 135.27
1495430341, 2, 104, 225, 34, 0, 3.25%, 0, 0, 1, 127.04
1495430356, 2, 106, 225, 34, 0, 3.25%, 0, 0, 1, 123.88
1495430377, 2, 108, 225, 34, 0, 3.25%, 0, 0, 1, 126.35
1495430392, 2, 109, 225, 34, 0, 3.25%, 0, 0, 1, 115.46
1495430397, 2, 110, 225, 34, 0, 3.25%, 0, 0, 1, 126.91
1495430407, 2, 111, 225, 34, 0, 3.25%, 0, 0, 1, 132.74
1495430423, 2, 113, 225, 34, 0, 3.25%, 0, 0, 1, 126.45
1495430438, 2, 114, 225, 34, 0, 3.25%, 0, 0, 1, 135.92
1495430443, 2, 115, 225, 34, 0, 3.25%, 0, 0, 1, 142.32
1495430458, 2, 117, 225, 34, 0, 3.25%, 0, 0, 1, 156.89
1495430473, 2, 118, 225, 34, 0, 3.25%, 0, 0, 1, 145.21
1495430479, 2, 119, 225, 34, 0, 3.25%, 0, 0, 1, 137.69
1495430494, 2, 124, 225, 34, 0, 3.25%, 0, 0, 1, 147.81
1495430519, 2, 125, 225, 34, 0, 3.25%, 0, 0, 1, 144.05
1495430525, 2, 127, 225, 33, 0, 3.25%, 0, 0, 1, 137.99
1495430540, 2, 129, 225, 33, 0, 3.25%, 0, 0, 1, 146.71
1495430545, 2, 130, 225, 33, 0, 3.25%, 0, 0, 1, 138.35
1495430560, 2, 131, 225, 33, 0, 3.25%, 0, 0, 1, 140.73
1495430565, 2, 132, 225, 32, 0, 3.25%, 0, 0, 1, 141.98
1495430570, 2, 133, 225, 32, 0, 3.25%, 0, 0, 1, 137.95
1495430591, 2, 134, 225, 32, 0, 3.25%, 0, 0, 1, 133.39
1495430596, 2, 135, 225, 32, 0, 3.25%, 0, 0, 1, 132.25
1495430601, 2, 136, 225, 32, 0, 3.25%, 0, 0, 1, 133.81
1495430616, 2, 138, 225, 32, 0, 3.25%, 0, 0, 1, 148.01
1495430632, 2, 139, 225, 32, 0, 3.25%, 0, 0, 1, 137.65
1495430637, 2, 140, 225, 32, 0, 3.25%, 0, 0, 1, 144.93
1495430652, 2, 142, 225, 32, 0, 3.25%, 0, 0, 1, 134.05
1495430673, 2, 144, 225, 32, 0, 3.25%, 0, 0, 1, 127.43
1495430678, 2, 146, 225, 32, 0, 3.25%, 0, 0, 1, 126.79
1495430683, 2, 147, 225, 31, 0, 3.25%, 0, 0, 1, 126.41
1495430698, 2, 148, 225, 31, 0, 3.25%, 0, 0, 1, 129.19
1495430703, 2, 149, 225, 31, 0, 3.25%, 0, 0, 1, 122.65
1495430708, 2, 150, 225, 31, 0, 3.25%, 0, 0, 1, 126.00
1495430724, 2, 151, 225, 31, 0, 3.25%, 0, 0, 1, 133.20
1495430729, 2, 152, 225, 31, 0, 3.25%, 0, 0, 1, 140.89
1495430739, 2, 153, 225, 31, 0, 3.25%, 0, 0, 1, 138.41
1495430744, 2, 154, 225, 31, 0, 3.25%, 0, 0, 1, 138.35
1495430749, 2, 157, 225, 31, 0, 3.25%, 0, 0, 1, 129.52
1495430765, 2, 158, 225, 31, 0, 3.25%, 0, 0, 1, 133.53
1495430770, 2, 160, 225, 31, 0, 3.25%, 0, 0, 1, 127.85
1495430785, 2, 161, 225, 31, 0, 3.25%, 0, 0, 1, 137.45
1495430790, 2, 162, 225, 31, 0, 3.25%, 0, 0, 1, 125.46
1495430805, 2, 163, 225, 31, 0, 3.25%, 0, 0, 1, 144.42
1495430810, 2, 164, 225, 31, 0, 3.25%, 0, 0, 1, 129.47
1495430826, 2, 165, 225, 31, 0, 3.25%, 0, 0, 1, 130.56
1495430841, 2, 166, 225, 31, 0, 3.25%, 0, 0, 1, 130.66
1495430846, 2, 167, 225, 31, 0, 3.25%, 0, 0, 1, 130.93
1495430862, 2, 168, 225, 31, 0, 3.25%, 0, 0, 1, 127.58
1495430888, 2, 169, 225, 31, 0, 3.25%, 0, 0, 1, 133.03
1495430893, 2, 171, 225, 31, 0, 3.25%, 0, 0, 1, 137.59
1495430898, 2, 172, 225, 31, 0, 3.25%, 0, 0, 1, 138.01
1495430913, 2, 174, 225, 31, 0, 3.25%, 0, 0, 1, 141.16
1495430918, 2, 176, 225, 31, 0, 3.25%, 0, 0, 1, 142.24
1495430929, 2, 177, 225, 31, 0, 3.25%, 0, 0, 1, 148.98
1495430934, 2, 178, 225, 31, 0, 3.25%, 0, 0, 1, 69.31
1495430949, 2, 180, 225, 31, 0, 3.25%, 0, 0, 1, 137.82
1495430960, 2, 182, 225, 31, 0, 3.25%, 0, 0, 1, 136.47
1495430975, 2, 183, 225, 31, 0, 3.25%, 0, 0, 1, 135.40
1495430980, 2, 184, 225, 31, 0, 3.25%, 0, 0, 1, 142.53
1495430996, 2, 186, 225, 30, 0, 3.25%, 0, 0, 1, 142.91
1495431001, 2, 188, 225, 30, 0, 3.25%, 0, 0, 1, 140.96
1495431016, 2, 189, 225, 30, 0, 3.25%, 0, 0, 1, 145.21
1495431021, 2, 190, 225, 30, 0, 3.25%, 0, 0, 1, 132.88
1495431026, 2, 191, 225, 30, 0, 3.25%, 0, 0, 1, 143.42
1495431042, 2, 192, 225, 30, 0, 3.25%, 0, 0, 1, 150.72
1495431047, 2, 193, 225, 30, 0, 3.25%, 0, 0, 1, 155.54
1495431057, 2, 195, 225, 30, 0, 3.25%, 0, 0, 1, 153.52
1495431072, 2, 196, 225, 30, 0, 3.25%, 0, 0, 1, 153.23
1495431077, 2, 197, 225, 30, 0, 3.25%, 0, 0, 1, 154.64
1495431088, 2, 198, 225, 30, 0, 3.25%, 0, 0, 1, 148.57
1495431093, 2, 199, 225, 30, 0, 3.25%, 0, 0, 1, 151.70
1495431108, 2, 201, 225, 30, 0, 3.25%, 0, 0, 1, 153.68
1495431124, 2, 202, 225, 30, 0, 3.25%, 0, 0, 1, 141.62
1495431129, 2, 204, 225, 30, 0, 3.25%, 0, 0, 1, 130.32
1495431144, 2, 205, 225, 30, 0, 3.25%, 0, 0, 1, 154.69
1495431149, 2, 211, 225, 30, 0, 3.25%, 0, 0, 1, 131.91
1495431159, 2, 212, 225, 30, 0, 3.25%, 0, 0, 1, 145.82
1495431175, 2, 214, 225, 30, 0, 3.25%, 0, 0, 1, 133.91
1495431195, 2, 215, 225, 30, 0, 3.25%, 0, 0, 1, 134.65
1495431200, 2, 217, 225, 30, 0, 3.25%, 0, 0, 1, 126.12
1495431211, 2, 218, 225, 30, 0, 3.25%, 0, 0, 1, 127.00
1495431226, 2, 222, 225, 29, 0, 3.25%, 0, 0, 1, 123.05
1495431231, 2, 224, 225, 29, 0, 3.25%, 0, 0, 1, 127.19
1495431246, 3, 0, 225, 29, 0, 3.25%, 0, 0, 1, 122.13
1495431251, 3, 1, 225, 29, 0, 3.25%, 0, 0, 1, 121.55
1495431256, 3, 2, 225, 29, 0, 3.25%, 0, 0, 1, 125.69
1495431262, 3, 4, 225, 29, 0, 3.25%, 0, 0, 1, 125.04
1495431277, 3, 6, 225, 29, 0, 3.25%, 0, 0, 1, 133.92
1495431282, 3, 8, 225, 29, 0, 3.25%, 0, 0, 1, 130.72
1495431287, 3, 9, 225, 29, 0, 3.25%, 0, 0, 1, 143.01
1495431292, 3, 11, 225, 29, 0, 3.25%, 0, 0, 1, 132.52
1495431298, 3, 12, 225, 28, 0, 3.25%, 0, 0, 1, 138.80
1495431303, 3, 13, 225, 28, 0, 3.25%, 0, 0, 1, 141.82
1495431308, 3, 15, 225, 28, 0, 3.25%, 0, 0, 1, 129.99
1495431313, 3, 17, 225, 28, 0, 3.25%, 0, 0, 1, 119.83
1495431318, 3, 18, 225, 28, 0, 3.25%, 0, 0, 1, 117.15
1495431323, 3, 20, 225, 28, 0, 3.25%, 0, 0, 1, 126.24
1495431328, 3, 22, 225, 28, 0, 3.25%, 0, 0, 1, 138.51
1495431334, 3, 23, 225, 28, 0, 3.25%, 0, 0, 1, 139.40
1495431339, 3, 25, 225, 28, 0, 3.25%, 0, 0, 1, 129.88
1495431344, 3, 26, 225, 28, 0, 3.25%, 0, 0, 1, 128.59
1495431349, 3, 29, 225, 28, 0, 3.25%, 0, 0, 1, 132.07
1495431354, 3, 31, 225, 28, 0, 3.25%, 0, 0, 1, 129.76
1495431364, 3, 32, 225, 28, 0, 3.25%, 0, 0, 1, 127.48
1495431369, 3, 33, 225, 28, 0, 3.25%, 0, 0, 1, 124.91
1495431380, 3, 35, 225, 28, 0, 3.25%, 0, 0, 1, 133.01
1495431395, 3, 37, 225, 28, 0, 3.25%, 0, 0, 1, 138.30
1495431400, 3, 38, 225, 28, 0, 3.25%, 0, 0, 1, 135.20
1495431405, 3, 39, 225, 28, 0, 3.25%, 0, 0, 1, 120.77
1495431421, 3, 40, 225, 27, 0, 3.25%, 0, 0, 1, 139.87
1495431426, 3, 41, 225, 27, 0, 3.25%, 0, 0, 1, 158.07
1495431441, 3, 44, 225, 27, 0, 3.25%, 0, 0, 1, 137.73
1495431456, 3, 46, 225, 27, 0, 3.25%, 0, 0, 1, 140.86
1495431471, 3, 48, 225, 27, 0, 3.25%, 0, 0, 1, 155.11
1495431487, 3, 49, 225, 27, 0, 3.25%, 0, 0, 1, 141.37
1495431492, 3, 50, 225, 27, 0, 3.25%, 0, 0, 1, 134.82
1495431497, 3, 51, 225, 27, 0, 3.25%, 0, 0, 1, 136.69
1495431513, 3, 53, 225, 27, 0, 3.25%, 0, 0, 1, 141.47
1495431528, 3, 54, 225, 27, 0, 3.25%, 0, 0, 1, 130.66
1495431533, 3, 55, 225, 27, 0, 3.25%, 0, 0, 1, 131.62
1495431538, 3, 56, 225, 27, 0, 3.25%, 0, 0, 1, 134.17
1495431553, 3, 60, 225, 27, 0, 3.25%, 0, 0, 1, 140.88
1495431558, 3, 61, 225, 27, 0, 3.25%, 0, 0, 1, 135.56
1495431584, 3, 62, 225, 26, 0, 3.25%, 0, 0, 1, 141.48
1495431589, 3, 64, 225, 25, 0, 3.25%, 0, 0, 1, 138.91
1495431605, 3, 65, 225, 25, 0, 3.25%, 0, 0, 1, 143.71
1495431610, 3, 68, 225, 25, 0, 3.25%, 0, 0, 1, 138.61
1495431615, 3, 69, 225, 25, 0, 3.25%, 0, 0, 1, 146.54
1495431635, 3, 70, 225, 25, 0, 3.25%, 0, 0, 1, 126.31
1495431640, 3, 71, 225, 25, 0, 3.25%, 0, 0, 1, 133.76
1495431656, 3, 72, 225, 25, 0, 3.25%, 0, 0, 1, 131.06
1495431671, 3, 73, 225, 25, 0, 3.25%, 0, 0, 1, 119.39
1495431676, 3, 74, 225, 25, 0, 3.25%, 0, 0, 1, 116.51
1495431692, 3, 76, 225, 25, 0, 3.25%, 0, 0, 1, 119.61
1495431712, 3, 78, 225, 25, 0, 3.25%, 0, 0, 1, 118.99
1495431728, 3, 79, 225, 25, 0, 3.25%, 0, 0, 1, 124.56
1495431733, 3, 80, 225, 25, 0, 3.25%, 0, 0, 1, 129.13
1495431748, 3, 82, 225, 25, 0, 3.25%, 0, 0, 1, 126.91
1495431753, 3, 83, 225, 25, 0, 3.25%, 0, 0, 1, 135.10
1495431769, 3, 85, 225, 25, 0, 3.25%, 0, 0, 1, 132.93
1495431774, 3, 86, 225, 25, 0, 3.25%, 0, 0, 1, 122.82
1495431800, 3, 88, 225, 25, 0, 3.25%, 0, 0, 1, 127.45
1495431830, 3, 89, 225, 25, 0, 3.25%, 0, 0, 1, 135.14
1495431856, 3, 91, 225, 25, 0, 3.25%, 0, 0, 1, 123.22
1495431876, 3, 92, 225, 25, 0, 3.25%, 0, 0, 1, 121.15
1495431881, 3, 93, 225, 25, 0, 3.25%, 0, 0, 1, 126.07
1495431897, 3, 94, 225, 25, 0, 3.25%, 0, 0, 1, 132.56
1495431902, 3, 96, 225, 25, 0, 3.25%, 0, 0, 1, 127.22
1495431907, 3, 97, 225, 25, 0, 3.25%, 0, 0, 1, 124.45
1495431917, 3, 98, 225, 25, 0, 3.25%, 0, 0, 1, 150.50
1495431933, 3, 99, 225, 25, 0, 3.25%, 0, 0, 1, 141.32
1495431938, 3, 100, 225, 25, 0, 3.25%, 0, 0, 1, 141.08
1495431953, 3, 102, 225, 25, 0, 3.25%, 0, 0, 1, 104.07
1495431968, 3, 103, 225, 25, 0, 3.25%, 0, 0, 1, 142.88
1495431973, 3, 104, 225, 25, 0, 3.25%, 0, 0, 1, 142.90
1495431989, 3, 106, 225, 25, 0, 3.25%, 0, 0, 1, 145.25
1495432004, 3, 108, 225, 25, 0, 3.25%, 0, 0, 1, 143.74
1495432019, 3, 109, 225, 25, 0, 3.25%, 0, 0, 1, 136.46
1495432025, 3, 110, 225, 25, 0, 3.25%, 0, 0, 1, 145.20
1495432030, 3, 111, 225, 25, 0, 3.25%, 0, 0, 1, 136.88
1495432045, 3, 112, 225, 25, 0, 3.25%, 0, 0, 1, 130.19
1495432050, 3, 113, 225, 25, 0, 3.25%, 0, 0, 1, 140.09
1495432066, 3, 115, 225, 25, 0, 3.25%, 0, 0, 1, 141.24
1495432081, 3, 116, 225, 25, 0, 3.25%, 0, 0, 1, 141.47
1495432086, 3, 117, 225, 25, 0, 3.25%, 0, 0, 1, 146.66
1495432102, 3, 119, 225, 25, 0, 3.25%, 0, 0, 1, 148.74
1495432117, 3, 121, 225, 25, 0, 3.25%, 0, 0, 1, 154.02
1495432132, 3, 124, 225, 24, 0, 3.25%, 0, 0, 1, 131.16
1495432153, 3, 127, 225, 24, 0, 3.25%, 0, 0, 1, 140.83
1495432168, 3, 128, 225, 24, 0, 3.25%, 0, 0, 1, 131.31
1495432173, 3, 129, 225, 24, 0, 3.25%, 0, 0, 1, 131.63
1495432179, 3, 130, 225, 24, 0, 3.25%, 0, 0, 1, 114.21
1495432199, 3, 133, 225, 24, 0, 3.25%, 0, 0, 1, 127.73
1495432225, 3, 134, 225, 24, 0, 3.25%, 0, 0, 1, 120.67
1495432230, 3, 135, 225, 24, 0, 3.25%, 0, 0, 1, 128.85
1495432235, 3, 136, 225, 24, 0, 3.25%, 0, 0, 1, 125.03
1495432250, 3, 137, 225, 24, 0, 3.25%, 0, 0, 1, 123.67
1495432256, 3, 138, 225, 24, 0, 3.25%, 0, 0, 1, 125.82
1495432271, 3, 139, 225, 24, 0, 3.25%, 0, 0, 1, 125.48
1495432276, 3, 140, 225, 24, 0, 3.25%, 0, 0, 1, 124.92
1495432292, 3, 141, 225, 24, 0, 3.25%, 0, 0, 1, 124.75
1495432297, 3, 142, 225, 23, 0, 3.25%, 0, 0, 1, 124.16
1495432317, 3, 144, 225, 23, 0, 3.25%, 0, 0, 1, 128.30
1495432322, 3, 147, 225, 23, 0, 3.25%, 0, 0, 1, 133.60
1495432343, 3, 149, 225, 23, 0, 3.25%, 0, 0, 1, 125.20
1495432348, 3, 150, 225, 23, 0, 3.25%, 0, 0, 1, 130.30
1495432363, 3, 151, 225, 23, 0, 3.25%, 0, 0, 1, 128.75
1495432368, 3, 152, 225, 23, 0, 3.25%, 0, 0, 1, 124.37
1495432384, 3, 153, 225, 23, 0, 3.25%, 0, 0, 1, 127.76
1495432389, 3, 154, 225, 23, 0, 3.25%, 0, 0, 1, 119.40
1495432394, 3, 157, 225, 23, 0, 3.25%, 0, 0, 1, 124.83
1495432409, 3, 158, 225, 23, 0, 3.25%, 0, 0, 1, 132.94
1495432414, 3, 160, 225, 23, 0, 3.25%, 0, 0, 1, 145.25
1495432430, 3, 161, 225, 23, 0, 3.25%, 0, 0, 1, 150.71
1495432435, 3, 162, 225, 23, 0, 3.25%, 0, 0, 1, 148.63
1495432445, 3, 163, 225, 23, 0, 3.25%, 0, 0, 1, 127.26
1495432450, 3, 164, 225, 23, 0, 3.25%, 0, 0, 1, 142.41
1495432466, 3, 165, 225, 23, 0, 3.25%, 0, 0, 1, 149.42
1495432481, 3, 166, 225, 23, 0, 3.25%, 0, 0, 1, 141.16
1495432486, 3, 167, 225, 23, 0, 3.25%, 0, 0, 1, 152.70
1495432501, 3, 168, 225, 23, 0, 3.25%, 0, 0, 1, 143.41
1495432522, 3, 171, 225, 23, 0, 3.25%, 0, 0, 1, 138.70
1495432527, 3, 172, 225, 23, 0, 3.25%, 0, 0, 1, 152.97
1495432542, 3, 174, 225, 23, 0, 3.25%, 0, 0, 1, 141.61
1495432547, 3, 176, 225, 23, 0, 3.25%, 0, 0, 1, 141.92
1495432563, 3, 178, 225, 23, 0, 3.25%, 0, 0, 1, 151.53
1495432578, 3, 179, 225, 23, 0, 3.25%, 0, 0, 1, 138.89
1495432583, 3, 180, 225, 23, 0, 3.25%, 0, 0, 1, 140.72
1495432599, 3, 182, 225, 23, 0, 3.25%, 0, 0, 1, 143.28
1495432614, 3, 184, 225, 23, 0, 3.25%, 0, 0, 1, 152.95
1495432629, 3, 186, 225, 23, 0, 3.25%, 0, 0, 1, 144.34
1495432635, 3, 188, 225, 23, 0, 3.25%, 0, 0, 1, 142.47
1495432650, 3, 189, 225, 23, 0, 3.25%, 0, 0, 1, 135.31
1495432655, 3, 190, 225, 23, 0, 3.25%, 0, 0, 1, 131.86
1495432660, 3, 191, 225, 23, 0, 3.25%, 0, 0, 1, 130.09
1495432676, 3, 192, 225, 23, 0, 3.25%, 0, 0, 1, 120.72
1495432681, 3, 193, 225, 23, 0, 3.25%, 0, 0, 1, 130.39
1495432696, 3, 195, 225, 23, 0, 3.25%, 0, 0, 1, 129.82
1495432717, 3, 197, 225, 23, 0, 3.25%, 0, 0, 1, 128.82
1495432732, 3, 198, 225, 23, 0, 3.25%, 0, 0, 1, 129.01
1495432737, 3, 199, 225, 23, 0, 3.25%, 0, 0, 1, 136.65
1495432753, 3, 200, 225, 23, 0, 3.25%, 0, 0, 1, 119.48
1495432758, 3, 201, 225, 23, 0, 3.25%, 0, 0, 1, 116.25
1495432774, 3, 203, 225, 23, 0, 3.25%, 0, 0, 1, 126.45
1495432779, 3, 204, 225, 23, 0, 3.25%, 0, 0, 1, 129.34
1495432794, 3, 205, 225, 23, 0, 3.25%, 0, 0, 1, 120.95
1495432799, 3, 206, 225, 23, 0, 3.25%, 0, 0, 1, 126.35
1495432804, 3, 207, 225, 22, 0, 3.25%, 0, 0, 1, 132.24
1495432809, 3, 209, 225, 22, 0, 3.25%, 0, 0, 1, 129.66
1495432815, 3, 211, 225, 21, 0, 3.25%, 0, 0, 1, 109.86
1495432825, 3, 212, 225, 21, 0, 3.25%, 0, 0, 1, 131.81
1495432840, 3, 214, 225, 21, 0, 3.25%, 0, 0, 1, 123.27
1495432866, 3, 215, 225, 21, 0, 3.25%, 0, 0, 1, 118.47
1495432871, 3, 216, 225, 21, 0, 3.25%, 0, 0, 1, 127.28
1495432876, 3, 217, 225, 21, 0, 3.25%, 0, 0, 1, 134.76
1495432881, 3, 220, 225, 21, 0, 3.25%, 0, 0, 1, 130.95
1495432886, 3, 222, 225, 20, 0, 3.25%, 0, 0, 1, 128.61
1495432891, 4, 0, 225, 20, 0, 3.25%, 0, 0, 1, 130.86
1495432896, 4, 1, 225, 20, 0, 3.25%, 0, 0, 1, 130.62
1495432901, 4, 3, 225, 20, 0, 3.25%, 0, 0, 1, 146.54
1495432907, 4, 4, 225, 20, 0, 3.25%, 0, 0, 1, 143.78
1495432917, 4, 5, 225, 20, 0, 3.25%, 0, 0, 1, 142.58
1495432922, 4, 6, 225, 20, 0, 3.25%, 0, 0, 1, 139.61
1495432927, 4, 8, 225, 19, 0, 3.25%, 0, 0, 1, 130.47
1495432932, 4, 9, 225, 19, 0, 3.25%, 0, 0, 1, 142.85
1495432937, 4, 12, 225, 19, 0, 3.25%, 0, 0, 1, 140.15
1495432943, 4, 14, 225, 19, 0, 3.25%, 0, 0, 1, 144.50
1495432948, 4, 15, 225, 19, 0, 3.25%, 0, 0, 1, 147.10
1495432953, 4, 18, 225, 19, 0, 3.25%, 0, 0, 1, 147.30
1495432958, 4, 20, 225, 19, 0, 3.25%, 0, 0, 1, 142.94
1495432963, 4, 21, 225, 19, 0, 3.25%, 0, 0, 1, 150.57
1495432968, 4, 22, 225, 19, 0, 3.25%, 0, 0, 1, 140.04
1495432973, 4, 25, 225, 19, 0, 3.25%, 0, 0, 1, 133.63
1495432979, 4, 26, 225, 19, 0, 3.25%, 0, 0, 1, 136.46
1495432984, 4, 29, 225, 19, 0, 3.25%, 0, 0, 1, 134.42
1495432989, 4, 31, 225, 19, 0, 3.25%, 0, 0, 1, 139.87
1495432994, 4, 32, 225, 19, 0, 3.25%, 0, 0, 1, 144.80
1495432999, 4, 33, 225, 19, 0, 3.25%, 0, 0, 1, 143.90
1495433009, 4, 34, 225, 19, 0, 3.25%, 0, 0, 1, 146.24
1495433014, 4, 35, 225, 18, 0, 3.25%, 0, 0, 1, 150.89
1495433030, 4, 37, 225, 18, 0, 3.25%, 0, 0, 1, 147.08
1495433035, 4, 38, 225, 18, 0, 3.25%, 0, 0, 1, 147.59
1495433040, 4, 41, 225, 18, 0, 3.25%, 0, 0, 1, 148.01
1495433055, 4, 42, 225, 18, 0, 3.25%, 0, 0, 1, 149.26
1495433060, 4, 44, 225, 18, 0, 3.25%, 0, 0, 1, 157.72
1495433071, 4, 45, 225, 18, 0, 3.25%, 0, 0, 1, 137.33
1495433076, 4, 46, 225, 18, 0, 3.25%, 0, 0, 1, 142.94
1495433091, 4, 48, 225, 18, 0, 3.25%, 0, 0, 1, 137.40
1495433106, 4, 49, 225, 18, 0, 3.25%, 0, 0, 1, 159.99
1495433111, 4, 50, 225, 18, 0, 3.25%, 0, 0, 1, 143.92
1495433116, 4, 51, 225, 18, 0, 3.25%, 0, 0, 1, 138.86
1495433127, 4, 53, 225, 18, 0, 3.25%, 0, 0, 1, 147.66
1495433142, 4, 54, 225, 18, 0, 3.25%, 0, 0, 1, 124.97
1495433147, 4, 55, 225, 18, 0, 3.25%, 0, 0, 1, 110.79
1495433152, 4, 56, 225, 18, 0, 3.25%, 0, 0, 1, 121.52
1495433173, 4, 60, 225, 18, 0, 3.25%, 0, 0, 1, 134.02
1495433178, 4, 62, 225, 18, 0, 3.25%, 0, 0, 1, 133.55
1495433183, 4, 64, 225, 18, 0, 3.25%, 0, 0, 1, 124.87
1495433199, 4, 65, 225, 18, 0, 3.25%, 0, 0, 1, 124.28
1495433204, 4, 67, 225, 18, 0, 3.25%, 0, 0, 1, 126.51
1495433209, 4, 69, 225, 18, 0, 3.25%, 0, 0, 1, 128.15
1495433230, 4, 71, 225, 18, 0, 3.25%, 0, 0, 1, 139.08
1495433250, 4, 72, 225, 18, 0, 3.25%, 0, 0, 1, 128.41
1495433265, 4, 74, 225, 18, 0, 3.25%, 0, 0, 1, 123.52
1495433286, 4, 76, 225, 18, 0, 3.25%, 0, 0, 1, 123.79
1495433301, 4, 77, 225, 18, 0, 3.25%, 0, 0, 1, 140.39
1495433306, 4, 78, 225, 17, 0, 3.25%, 0, 0, 1, 125.13
1495433322, 4, 79, 225, 17, 0, 3.25%, 0, 0, 1, 128.89
1495433327, 4, 80, 225, 17, 0, 3.25%, 0, 0, 1, 132.34
1495433342, 4, 81, 225, 17, 0, 3.25%, 0, 0, 1, 127.74
1495433347, 4, 83, 225, 16, 0, 3.25%, 0, 0, 1, 123.46
1495433363, 4, 85, 225, 16, 0, 3.25%, 0, 0, 1, 126.59
1495433368, 4, 86, 225, 16, 0, 3.25%, 0, 0, 1, 122.92
1495433394, 4, 87, 225, 16, 0, 3.25%, 0, 0, 1, 142.40
1495433399, 4, 88, 225, 16, 0, 3.25%, 0, 0, 1, 129.92
1495433424, 4, 89, 225, 16, 0, 3.25%, 0, 0, 1, 143.49
1495433444, 4, 90, 225, 16, 0, 3.25%, 0, 0, 1, 141.44
1495433450, 4, 91, 225, 16, 0, 3.25%, 0, 0, 1, 133.02
1495433460, 4, 92, 225, 16, 0, 3.25%, 0, 0, 1, 140.37
1495433465, 4, 93, 225, 16, 0, 3.25%, 0, 0, 1, 150.24
1495433480, 4, 94, 225, 16, 0, 3.25%, 0, 0, 1, 133.16
1495433486, 4, 97, 225, 16, 0, 3.25%, 0, 0, 1, 133.26
1495433501, 4, 98, 225, 16, 0, 3.25%, 0, 0, 1, 142.71
1495433516, 4, 99, 225, 16, 0, 3.25%, 0, 0, 1, 144.36
1495433521, 4, 100, 225, 16, 0, 3.25%, 0, 0, 1, 153.57
1495433532, 4, 101, 225, 16, 0, 3.25%, 0, 0, 1, 156.36
1495433537, 4, 102, 225, 16, 0, 3.25%, 0, 0, 1, 146.56
1495433552, 4, 104, 225, 16, 0, 3.25%, 0, 0, 1, 153.80
1495433567, 4, 106, 225, 16, 0, 3.25%, 0, 0, 1, 151.20
1495433583, 4, 108, 225, 16, 0, 3.25%, 0, 0, 1, 138.19
1495433598, 4, 109, 225, 16, 0, 3.25%, 0, 0, 1, 148.12
1495433603, 4, 110, 225, 16, 0, 3.25%, 0, 0, 1, 146.77
1495433609, 4, 111, 225, 16, 0, 3.25%, 0, 0, 1, 153.78
1495433619, 4, 112, 225, 16, 0, 3.25%, 0, 0, 1, 144.17
1495433624, 4, 113, 225, 16, 0, 3.25%, 0, 0, 1, 144.43
1495433639, 4, 114, 225, 16, 0, 3.25%, 0, 0, 1, 134.21
1495433644, 4, 115, 225, 16, 0, 3.25%, 0, 0, 1, 131.45
1495433660, 4, 117, 225, 16, 0, 3.25%, 0, 0, 1, 127.55
1495433680, 4, 118, 225, 16, 0, 3.25%, 0, 0, 1, 115.15
1495433685, 4, 119, 225, 16, 0, 3.25%, 0, 0, 1, 121.92
1495433701, 4, 122, 225, 16, 0, 3.25%, 0, 0, 1, 119.88
1495433706, 4, 124, 225, 16, 0, 3.25%, 0, 0, 1, 127.56
1495433732, 4, 127, 225, 16, 0, 3.25%, 0, 0, 1, 128.69
1495433747, 4, 128, 225, 16, 0, 3.25%, 0, 0, 1, 133.08
1495433752, 4, 129, 225, 16, 0, 3.25%, 0, 0, 1, 141.57
1495433757, 4, 130, 225, 16, 0, 3.25%, 0, 0, 1, 127.99
1495433773, 4, 132, 225, 16, 0, 3.25%, 0, 0, 1, 140.57
1495433778, 4, 133, 225, 16, 0, 3.25%, 0, 0, 1, 144.83
1495433803, 4, 135, 225, 16, 0, 3.25%, 0, 0, 1, 121.67
1495433808, 4, 136, 225, 16, 0, 3.25%, 0, 0, 1, 130.42
1495433824, 4, 137, 225, 16, 0, 3.25%, 0, 0, 1, 136.01
1495433829, 4, 138, 225, 16, 0, 3.25%, 0, 0, 1, 127.80
1495433844, 4, 139, 225, 16, 0, 3.25%, 0, 0, 1, 130.83
1495433849, 4, 140, 225, 16, 0, 3.25%, 0, 0, 1, 131.47
1495433864, 4, 142, 225, 16, 0, 3.25%, 0, 0, 1, 124.06
1495433890, 4, 144, 225, 16, 0, 3.25%, 0, 0, 1, 132.14
1495433895, 4, 147, 225, 16, 0, 3.25%, 0, 0, 1, 137.39
1495433911, 4, 148, 225, 16, 0, 3.25%, 0, 0, 1, 138.78
1495433916, 4, 150, 225, 16, 0, 3.25%, 0, 0, 1, 138.94
1495433931, 4, 151, 225, 16, 0, 3.25%, 0, 0, 1, 152.10
1495433936, 4, 152, 225, 16, 0, 3.25%, 0, 0, 1, 140.34
1495433952, 4, 153, 225, 16, 0, 3.25%, 0, 0, 1, 159.15
1495433957, 4, 157, 225, 16, 0, 3.25%, 0, 0, 1, 137.04
1495433972, 4, 158, 225, 16, 0, 3.25%, 0, 0, 1, 128.53
1495433977, 4, 159, 225, 16, 0, 3.25%, 0, 0, 1, 136.60
1495433982, 4, 160, 225, 15, 0, 3.25%, 0, 0, 1, 142.66
1495433998, 4, 161, 225, 15, 0, 3.25%, 0, 0, 1, 136.84
1495434003, 4, 162, 225, 15, 0, 3.25%, 0, 0, 1, 147.72
1495434013, 4, 163, 225, 15, 0, 3.25%, 0, 0, 1, 136.50
1495434018, 4, 164, 225, 15, 0, 3.25%, 0, 0, 1, 140.14
1495434034, 4, 165, 225, 15, 0, 3.25%, 0, 0, 1, 127.88
1495434049, 4, 166, 225, 15, 0, 3.25%, 0, 0, 1, 135.09
1495434054, 4, 167, 225, 15, 0, 3.25%, 0, 0, 1, 140.56
1495434070, 4, 168, 225, 15, 0, 3.25%, 0, 0, 1, 140.57
1495434090, 4, 169, 225, 15, 0, 3.25%, 0, 0, 1, 150.40
1495434095, 4, 170, 225, 15, 0, 3.25%, 0, 0, 1, 148.78
1495434110, 4, 172, 225, 14, 0, 3.25%, 0, 0, 1, 139.64
1495434125, 4, 174, 225, 14, 0, 3.25%, 0, 0, 1, 134.74
1495434130, 4, 176, 225, 14, 0, 3.25%, 0, 0, 1, 122.57
1495434151, 4, 178, 225, 14, 0, 3.25%, 0, 0, 1, 137.90
1495434166, 4, 179, 225, 14, 0, 3.25%, 0, 0, 1, 124.44
1495434172, 4, 180, 225, 14, 0, 3.25%, 0, 0, 1, 114.56
1495434187, 4, 182, 225, 14, 0, 3.25%, 0, 0, 1, 119.68
1495434207, 4, 184, 225, 14, 0, 3.25%, 0, 0, 1, 123.49
1495434228, 4, 186, 225, 14, 0, 3.25%, 0, 0, 1, 122.09
1495434233, 4, 188, 225, 14, 0, 3.25%, 0, 0, 1, 120.59
1495434248, 4, 189, 225, 14, 0, 3.25%, 0, 0, 1, 124.10
1495434253, 4, 190, 225, 14, 0, 3.25%, 0, 0, 1, 134.30
1495434259, 4, 191, 225, 14, 0, 3.25%, 0, 0, 1, 131.27
1495434274, 4, 192, 225, 14, 0, 3.25%, 0, 0, 1, 115.49
1495434279, 4, 193, 225, 14, 0, 3.25%, 0, 0, 1, 118.53
1495434294, 4, 195, 225, 14, 0, 3.25%, 0, 0, 1, 121.78
1495434309, 4, 196, 225, 14, 0, 3.25%, 0, 0, 1, 138.39
1495434314, 4, 197, 225, 14, 0, 3.25%, 0, 0, 1, 134.07
1495434330, 4, 198, 225, 14, 0, 3.25%, 0, 0, 1, 123.41
1495434335, 4, 199, 225, 14, 0, 3.25%, 0, 0, 1, 112.61
1495434351, 4, 201, 225, 14, 0, 3.25%, 0, 0, 1, 129.50
1495434366, 4, 202, 225, 14, 0, 3.25%, 0, 0, 1, 140.87
1495434371, 4, 203, 225, 14, 0, 3.25%, 0, 0, 1, 142.97
1495434376, 4, 204, 225, 14, 0, 3.25%, 0, 0, 1, 146.90
1495434387, 4, 205, 225, 14, 0, 3.25%, 0, 0, 1, 142.74
1495434392, 4, 207, 225, 14, 0, 3.25%, 0, 0, 1, 146.09
1495434397, 4, 211, 225, 14, 0, 3.25%, 0, 0, 1, 124.39
1495434402, 4, 212, 225, 14, 0, 3.25%, 0, 0, 1, 134.84
1495434417, 4, 214, 225, 14, 0, 3.25%, 0, 0, 1, 143.10
1495434443, 4, 217, 225, 14, 0, 3.25%, 0, 0, 1, 139.22
1495434453, 4, 219, 225, 14, 0, 3.25%, 0, 0, 1, 138.97
1495434458, 5, 0, 225, 13, 0, 3.25%, 0, 0, 1, 144.79
1495434463, 5, 1, 225, 13, 0, 3.25%, 0, 0, 1, 145.02
1495434469, 5, 3, 225, 13, 0, 3.25%, 0, 0, 1, 148.27
1495434474, 5, 4, 225, 13, 0, 3.25%, 0, 0, 1, 145.04
1495434484, 5, 6, 225, 13, 0, 3.25%, 0, 0, 1, 148.80
1495434489, 5, 8, 225, 13, 0, 3.25%, 0, 0, 1, 153.98
1495434494, 5, 9, 225, 13, 0, 3.25%, 0, 0, 1, 154.08
1495434500, 5, 12, 225, 13, 0, 3.25%, 0, 0, 1, 143.65
1495434505, 5, 14, 225, 13, 0, 3.25%, 0, 0, 1, 145.31
1495434510, 5, 15, 225, 13, 0, 3.25%, 0, 0, 1, 141.47
1495434515, 5, 18, 225, 13, 0, 3.25%, 0, 0, 1, 138.82
1495434520, 5, 20, 225, 13, 0, 3.25%, 0, 0, 1, 138.76
1495434525, 5, 22, 225, 13, 0, 3.25%, 0, 0, 1, 147.93
1495434530, 5, 23, 225, 13, 0, 3.25%, 0, 0, 1, 144.05
1495434535, 5, 25, 225, 13, 0, 3.25%, 0, 0, 1, 144.08
1495434541, 5, 27, 225, 13, 0, 3.25%, 0, 0, 1, 150.69
1495434546, 5, 29, 225, 13, 0, 3.25%, 0, 0, 1, 142.75
1495434551, 5, 31, 225, 13, 0, 3.25%, 0, 0, 1, 144.92
1495434556, 5, 32, 225, 13, 0, 3.25%, 0, 0, 1, 146.36
1495434561, 5, 33, 225, 13, 0, 3.25%, 0, 0, 1, 140.30
1495434571, 5, 35, 225, 13, 0, 3.25%, 0, 0, 1, 142.42
1495434587, 5, 36, 225, 13, 0, 3.25%, 0, 0, 1, 133.78
1495434592, 5, 37, 225, 12, 0, 3.25%, 0, 0, 1, 138.37
1495434597, 5, 38, 225, 12, 0, 3.25%, 0, 0, 1, 147.73
1495434602, 5, 40, 225, 12, 0, 3.25%, 0, 0, 1, 147.69
1495434607, 5, 41, 225, 12, 0, 3.25%, 0, 0, 1, 133.94
1495434623, 5, 44, 225, 12, 0, 3.25%, 0, 0, 1, 133.91
1495434633, 5, 45, 225, 12, 0, 3.25%, 0, 0, 1, 122.00
1495434638, 5, 46, 225, 12, 0, 3.25%, 0, 0, 1, 122.59
1495434654, 5, 47, 225, 12, 0, 3.25%, 0, 0, 1, 125.50
1495434659, 5, 48, 225, 12, 0, 3.25%, 0, 0, 1, 126.55
1495434674, 5, 49, 225, 12, 0, 3.25%, 0, 0, 1, 130.39
1495434679, 5, 50, 225, 12, 0, 3.25%, 0, 0, 1, 129.98
1495434684, 5, 51, 225, 12, 0, 3.25%, 0, 0, 1, 126.54
1495434700, 5, 53, 225, 12, 0, 3.25%, 0, 0, 1, 132.19
1495434710, 5, 54, 225, 12, 0, 3.25%, 0, 0, 1, 135.66
1495434720, 5, 55, 225, 12, 0, 3.25%, 0, 0, 1, 122.48
1495434726, 5, 56, 225, 12, 0, 3.25%, 0, 0, 1, 126.14
1495434741, 5, 59, 225, 12, 0, 3.25%, 0, 0, 1, 123.29
1495434746, 5, 60, 225, 12, 0, 3.25%, 0, 0, 1, 124.46
1495434751, 5, 64, 225, 12, 0, 3.25%, 0, 0, 1, 126.29
1495434767, 5, 65, 225, 12, 0, 3.25%, 0, 0, 1, 119.91
1495434772, 5, 67, 225, 12, 0, 3.25%, 0, 0, 1, 118.26
1495434777, 5, 69, 225, 12, 0, 3.25%, 0, 0, 1, 124.46
1495434797, 5, 70, 225, 12, 0, 3.25%, 0, 0, 1, 123.99
1495434802, 5, 71, 225, 12, 0, 3.25%, 0, 0, 1, 122.03
1495434818, 5, 72, 225, 12, 0, 3.25%, 0, 0, 1, 129.34
1495434833, 5, 73, 225, 12, 0, 3.25%, 0, 0, 1, 120.43
1495434838, 5, 74, 225, 12, 0, 3.25%, 0, 0, 1, 122.14
1495434854, 5, 76, 225, 12, 0, 3.25%, 0, 0, 1, 148.40
1495434869, 5, 78, 225, 12, 0, 3.25%, 0, 0, 1, 136.31
1495434885, 5, 79, 225, 12, 0, 3.25%, 0, 0, 1, 144.40
1495434890, 5, 80, 225, 12, 0, 3.25%, 0, 0, 1, 143.81
1495434905, 5, 83, 225, 12, 0, 3.25%, 0, 0, 1, 134.81
1495434920, 5, 85, 225, 12, 0, 3.25%, 0, 0, 1, 151.02
1495434925, 5, 86, 225, 12, 0, 3.25%, 0, 0, 1, 152.69
1495434946, 5, 87, 225, 12, 0, 3.25%, 0, 0, 1, 138.76
1495434951, 5, 88, 225, 12, 0, 3.25%, 0, 0, 1, 139.94
1495434972, 5, 89, 225, 12, 0, 3.25%, 0, 0, 1, 142.62
1495434992, 5, 90, 225, 12, 0, 3.25%, 0, 0, 1, 139.88
1495434997, 5, 91, 225, 12, 0, 3.25%, 0, 0, 1, 130.16
1495435013, 5, 93, 225, 12, 0, 3.25%, 0, 0, 1, 139.66
1495435028, 5, 94, 225, 12, 0, 3.25%, 0, 0, 1, 135.28
1495435033, 5, 96, 225, 12, 0, 3.25%, 0, 0, 1, 140.42
1495435038, 5, 97, 225, 12, 0, 3.25%, 0, 0, 1, 138.98
1495435054, 5, 98, 225, 12, 0, 3.25%, 0, 0, 1, 138.00
1495435069, 5, 100, 225, 12, 0, 3.25%, 0, 0, 1, 149.84
1495435084, 5, 102, 225, 12, 0, 3.25%, 0, 0, 1, 141.66
1495435100, 5, 103, 225, 12, 0, 3.25%, 0, 0, 1, 141.01
1495435105, 5, 104, 225, 12, 0, 3.25%, 0, 0, 1, 123.74
1495435120, 5, 106, 225, 12, 0, 3.25%, 0, 0, 1, 124.92
1495435136, 5, 108, 225, 12, 0, 3.25%, 0, 0, 1, 126.27
1495435156, 5, 110, 225, 12, 0, 3.25%, 0, 0, 1, 120.64
1495435166, 5, 111, 225, 12, 0, 3.25%, 0, 0, 1, 123.87
1495435182, 5, 112, 225, 12, 0, 3.25%, 0, 0, 1, 125.49
1495435187, 5, 113, 225, 12, 0, 3.25%, 0, 0, 1, 131.75
1495435202, 5, 115, 225, 12, 0, 3.25%, 0, 0, 1, 135.18
1495435222, 5, 117, 225, 12, 0, 3.25%, 0, 0, 1, 126.44
1495435238, 5, 118, 225, 12, 0, 3.25%, 0, 0, 1, 129.36
1495435243, 5, 119, 225, 12, 0, 3.25%, 0, 0, 1, 129.68
1495435263, 5, 123, 225, 12, 0, 3.25%, 0, 0, 1, 126.82
1495435268, 5, 124, 225, 11, 0, 3.25%, 0, 0, 1, 125.00
1495435294, 5, 127, 225, 11, 0, 3.25%, 0, 0, 1, 134.34
1495435309, 5, 128, 225, 11, 0, 3.25%, 0, 0, 1, 124.80
1495435315, 5, 129, 225, 11, 0, 3.25%, 0, 0, 1, 132.59
1495435320, 5, 130, 225, 11, 0, 3.25%, 0, 0, 1, 135.26
1495435335, 5, 132, 225, 11, 0, 3.25%, 0, 0, 1, 123.98
1495435340, 5, 133, 225, 11, 0, 3.25%, 0, 0, 1, 128.32
1495435366, 5, 134, 225, 11, 0, 3.25%, 0, 0, 1, 141.74
1495435371, 5, 136, 225, 11, 0, 3.25%, 0, 0, 1, 143.38
1495435386, 5, 137, 225, 11, 0, 3.25%, 0, 0, 1, 142.28
1495435391, 5, 138, 225, 11, 0, 3.25%, 0, 0, 1, 139.43
1495435407, 5, 139, 225, 11, 0, 3.25%, 0, 0, 1, 133.65
1495435412, 5, 140, 225, 11, 0, 3.25%, 0, 0, 1, 143.49
1495435427, 5, 142, 225, 11, 0, 3.25%, 0, 0, 1, 145.15
1495435447, 5, 144, 225, 11, 0, 3.25%, 0, 0, 1, 140.00
1495435452, 5, 147, 225, 11, 0, 3.25%, 0, 0, 1, 144.93
1495435463, 5, 148, 225, 11, 0, 3.25%, 0, 0, 1, 151.54
1495435468, 5, 149, 225, 11, 0, 3.25%, 0, 0, 1, 136.85
1495435473, 5, 150, 225, 11, 0, 3.25%, 0, 0, 1, 138.57
1495435488, 5, 152, 225, 11, 0, 3.25%, 0, 0, 1, 132.34
1495435504, 5, 153, 225, 11, 0, 3.25%, 0, 0, 1, 155.75
1495435509, 5, 154, 225, 11, 0, 3.25%, 0, 0, 1, 146.07
1495435514, 5, 157, 225, 11, 0, 3.25%, 0, 0, 1, 162.61
1495435524, 5, 158, 225, 11, 0, 3.25%, 0, 0, 1, 146.39
1495435529, 5, 160, 225, 11, 0, 3.25%, 0, 0, 1, 146.49
1495435544, 5, 161, 225, 11, 0, 3.25%, 0, 0, 1, 143.69
1495435550, 5, 162, 225, 11, 0, 3.25%, 0, 0, 1, 141.33
1495435565, 5, 163, 225, 11, 0, 3.25%, 0, 0, 1, 133.96
1495435570, 5, 164, 225, 11, 0, 3.25%, 0, 0, 1, 143.03
1495435581, 5, 165, 225, 11, 0, 3.25%, 0, 0, 1, 143.95
1495435601, 5, 167, 225, 11, 0, 3.25%, 0, 0, 1, 127.34
1495435617, 5, 168, 225, 11, 0, 3.25%, 0, 0, 1, 130.86
1495435642, 5, 169, 225, 11, 0, 3.25%, 0, 0, 1, 117.43
1495435648, 5, 171, 225, 11, 0, 3.25%, 0, 0, 1, 119.11
1495435653, 5, 172, 225, 11, 0, 3.25%, 0, 0, 1, 114.10
1495435668, 5, 174, 225, 11, 0, 3.25%, 0, 0, 1, 128.81
1495435678, 5, 176, 225, 11, 0, 3.25%, 0, 0, 1, 128.55
1495435694, 5, 177, 225, 11, 0, 3.25%, 0, 0, 1, 118.35
1495435699, 5, 178, 225, 11, 0, 3.25%, 0, 0, 1, 123.66
1495435714, 5, 180, 225, 11, 0, 3.25%, 0, 0, 1, 135.53
1495435735, 5, 181, 225, 11, 0, 3.25%, 0, 0, 1, 128.30
1495435740, 5, 182, 225, 10, 0, 3.25%, 0, 0, 1, 131.50
1495435756, 5, 183, 225, 10, 0, 3.25%, 0, 0, 1, 129.06
1495435761, 5, 184, 225, 10, 0, 3.25%, 0, 0, 1, 127.44
1495435771, 5, 186, 225, 10, 0, 3.25%, 0, 0, 1, 136.29
1495435776, 5, 188, 225, 10, 0, 3.25%, 0, 0, 1, 123.58
1495435797, 5, 189, 225, 10, 0, 3.25%, 0, 0, 1, 123.22
1495435802, 5, 190, 225, 10, 0, 3.25%, 0, 0, 1, 124.93
1495435807, 5, 191, 225, 10, 0, 3.25%, 0, 0, 1, 132.71
1495435828, 5, 193, 225, 10, 0, 3.25%, 0, 0, 1, 144.61
1495435843, 5, 195, 225, 10, 0, 3.25%, 0, 0, 1, 149.65
1495435859, 5, 196, 225, 10, 0, 3.25%, 0, 0, 1, 138.47
1495435864, 5, 197, 225, 10, 0, 3.25%, 0, 0, 1, 140.18
1495435880, 5, 199, 225, 10, 0, 3.25%, 0, 0, 1, 144.65
1495435895, 5, 200, 225, 10, 0, 3.25%, 0, 0, 1, 146.19
1495435900, 5, 201, 225, 10, 0, 3.25%, 0, 0, 1, 134.38
1495435910, 5, 202, 225, 10, 0, 3.25%, 0, 0, 1, 148.91
1495435915, 5, 203, 225, 10, 0, 3.25%, 0, 0, 1, 147.10
1495435920, 5, 204, 225, 10, 0, 3.25%, 0, 0, 1, 146.65
1495435931, 5, 205, 225, 10, 0, 3.25%, 0, 0, 1, 134.78
1495435936, 5, 207, 225, 10, 0, 3.25%, 0, 0, 1, 146.86
1495435941, 5, 211, 225, 10, 0, 3.25%, 0, 0, 1, 121.78
1495435946, 5, 212, 225, 10, 0, 3.25%, 0, 0, 1, 138.47
1495435962, 5, 214, 225, 10, 0, 3.25%, 0, 0, 1, 145.94
1495435982, 5, 215, 225, 10, 0, 3.25%, 0, 0, 1, 150.73
1495435987, 5, 217, 225, 10, 0, 3.25%, 0, 0, 1, 143.83
1495435992, 5, 218, 225, 10, 0, 3.25%, 0, 0, 1, 147.49
1495436008, 5, 222, 225, 10, 0, 3.25%, 0, 0, 1, 149.83
1495436013, 6, 0, 225, 10, 0, 3.25%, 0, 0, 1, 152.80
1495436018, 6, 1, 225, 10, 0, 3.25%, 0, 0, 1, 137.98
1495436023, 6, 3, 225, 10, 0, 3.25%, 0, 0, 1, 146.31
1495436028, 6, 4, 225, 10, 0, 3.25%, 0, 0, 1, 149.48
1495436038, 6, 5, 225, 10, 0, 3.25%, 0, 0, 1, 137.30
1495436044, 6, 6, 225, 10, 0, 3.25%, 0, 0, 1, 131.37
1495436049, 6, 8, 225, 10, 0, 3.25%, 0, 0, 1, 126.44
1495436054, 6, 10, 225, 10, 0, 3.25%, 0, 0, 1, 135.03
1495436059, 6, 12, 225, 10, 0, 3.25%, 0, 0, 1, 142.72
1495436064, 6, 15, 225, 10, 0, 3.25%, 0, 0, 1, 143.68
1495436069, 6, 16, 225, 10, 0, 3.25%, 0, 0, 1, 137.65
1495436074, 6, 18, 225, 10, 0, 3.25%, 0, 0, 1, 128.90
1495436079, 6, 20, 225, 10, 0, 3.25%, 0, 0, 1, 121.83
1495436085, 6, 21, 225, 10, 0, 3.25%, 0, 0, 1, 124.09
1495436090, 6, 22, 225, 10, 0, 3.25%, 0, 0, 1, 130.13
1495436095, 6, 24, 225, 10, 0, 3.25%, 0, 0, 1, 133.54
1495436100, 6, 25, 225, 10, 0, 3.25%, 0, 0, 1, 124.03
1495436105, 6, 28, 225, 10, 0, 3.25%, 0, 0, 1, 123.71
1495436110, 6, 30, 225, 10, 0, 3.25%, 0, 0, 1, 123.75
1495436115, 6, 31, 225, 10, 0, 3.25%, 0, 0, 1, 131.39
1495436120, 6, 32, 225, 10, 0, 3.25%, 0, 0, 1, 117.17
1495436126, 6, 33, 225, 10, 0, 3.25%, 0, 0, 1, 126.31
1495436141, 6, 35, 225, 10, 0, 3.25%, 0, 0, 1, 122.95
1495436156, 6, 37, 225, 10, 0, 3.25%, 0, 0, 1, 128.82
1495436161, 6, 38, 225, 10, 0, 3.25%, 0, 0, 1, 130.86
1495436166, 6, 40, 225, 10, 0, 3.25%, 0, 0, 1, 125.48
1495436171, 6, 41, 225, 10, 0, 3.25%, 0, 0, 1, 121.42
1495436187, 6, 43, 225, 10, 0, 3.25%, 0, 0, 1, 124.93
1495436192, 6, 44, 225, 10, 0, 3.25%, 0, 0, 1, 139.44
1495436202, 6, 45, 225, 10, 0, 3.25%, 0, 0, 1, 129.84
1495436207, 6, 46, 225, 10, 0, 3.25%, 0, 0, 1, 118.06
1495436222, 6, 47, 225, 10, 0, 3.25%, 0, 0, 1, 127.49
1495436228, 6, 48, 225, 10, 0, 3.25%, 0, 0, 1, 124.81
1495436243, 6, 49, 225, 10, 0, 3.25%, 0, 0, 1, 118.31
1495436248, 6, 51, 225, 10, 0, 3.25%, 0, 0, 1, 124.08
1495436269, 6, 53, 225, 10, 0, 3.25%, 0, 0, 1, 129.19
1495436284, 6, 54, 225, 10, 0, 3.25%, 0, 0, 1, 124.31
1495436289, 6, 55, 225, 10, 0, 3.25%, 0, 0, 1, 121.36
1495436294, 6, 56, 225, 10, 0, 3.25%, 0, 0, 1, 116.95
1495436309, 6, 58, 225, 10, 0, 3.25%, 0, 0, 1, 120.72
1495436325, 6, 59, 225, 10, 0, 3.25%, 0, 0, 1, 134.13
1495436330, 6, 60, 225, 10, 0, 3.25%, 0, 0, 1, 151.73
1495436335, 6, 64, 225, 10, 0, 3.25%, 0, 0, 1, 145.31
1495436350, 6, 65, 225, 10, 0, 3.25%, 0, 0, 1, 135.92
1495436355, 6, 69, 225, 10, 0, 3.25%, 0, 0, 1, 144.23
1495436376, 6, 70, 225, 10, 0, 3.25%, 0, 0, 1, 142.85
1495436381, 6, 71, 225, 10, 0, 3.25%, 0, 0, 1, 142.46
1495436396, 6, 72, 225, 10, 0, 3.25%, 0, 0, 1, 143.74
1495436406, 6, 73, 225, 10, 0, 3.25%, 0, 0, 1, 136.10
1495436412, 6, 74, 225, 10, 0, 3.25%, 0, 0, 1, 143.53
1495436427, 6, 76, 225, 10, 0, 3.25%, 0, 0, 1, 141.31
1495436442, 6, 78, 225, 10, 0, 3.25%, 0, 0, 1, 144.62
1495436458, 6, 79, 225, 10, 0, 3.25%, 0, 0, 1, 138.89
1495436463, 6, 80, 225, 10, 0, 3.25%, 0, 0, 1, 131.14
1495436473, 6, 82, 225, 10, 0, 3.25%, 0, 0, 1, 152.38
1495436478, 6, 83, 225, 10, 0, 3.25%, 0, 0, 1, 150.06
1495436493, 6, 85, 225, 10, 0, 3.25%, 0, 0, 1, 147.23
1495436499, 6, 86, 225, 10, 0, 3.25%, 0, 0, 1, 149.28
1495436519, 6, 87, 225, 10, 0, 3.25%, 0, 0, 1, 141.58
1495436524, 6, 88, 225, 10, 0, 3.25%, 0, 0, 1, 130.30
1495436545, 6, 89, 225, 10, 0, 3.25%, 0, 0, 1, 138.75
1495436570, 6, 91, 225, 10, 0, 3.25%, 0, 0, 1, 129.42
1495436591, 6, 92, 225, 10, 0, 3.25%, 0, 0, 1, 118.75
1495436596, 6, 93, 225, 10, 0, 3.25%, 0, 0, 1, 122.53
1495436611, 6, 94, 225, 10, 0, 3.25%, 0, 0, 1, 120.92
1495436616, 6, 97, 225, 10, 0, 3.25%, 0, 0, 1, 120.19
1495436632, 6, 98, 225, 10, 0, 3.25%, 0, 0, 1, 119.68
1495436652, 6, 99, 225, 10, 0, 3.25%, 0, 0, 1, 119.17
1495436658, 6, 100, 225, 10, 0, 3.25%, 0, 0, 1, 132.81
1495436673, 6, 101, 225, 10, 0, 3.25%, 0, 0, 1, 122.82
1495436678, 6, 102, 225, 10, 0, 3.25%, 0, 0, 1, 124.85
1495436693, 6, 103, 225, 10, 0, 3.25%, 0, 0, 1, 130.31
1495436698, 6, 104, 225, 10, 0, 3.25%, 0, 0, 1, 125.52
1495436714, 6, 106, 225, 10, 0, 3.25%, 0, 0, 1, 128.66
1495436734, 6, 108, 225, 10, 0, 3.25%, 0, 0, 1, 115.12
1495436750, 6, 109, 225, 10, 0, 3.25%, 0, 0, 1, 118.68
1495436755, 6, 110, 225, 10, 0, 3.25%, 0, 0, 1, 116.30
1495436760, 6, 111, 225, 10, 0, 3.25%, 0, 0, 1, 114.87
1495436775, 6, 112, 225, 10, 0, 3.25%, 0, 0, 1, 121.20
1495436780, 6, 113, 225, 10, 0, 3.25%, 0, 0, 1, 128.39
1495436796, 6, 114, 225, 10, 0, 3.25%, 0, 0, 1, 131.39
1495436801, 6, 115, 225, 10, 0, 3.25%, 0, 0, 1, 134.28
1495436816, 6, 117, 225, 10, 0, 3.25%, 0, 0, 1, 144.62
1495436832, 6, 118, 225, 10, 0, 3.25%, 0, 0, 1, 137.54
1495436837, 6, 119, 225, 10, 0, 3.25%, 0, 0, 1, 137.21
1495436852, 6, 122, 225, 10, 0, 3.25%, 0, 0, 1, 149.34
1495436857, 6, 124, 225, 10, 0, 3.25%, 0, 0, 1, 138.13
1495436878, 6, 127, 225, 10, 0, 3.25%, 0, 0, 1, 149.62
1495436893, 6, 128, 225, 10, 0, 3.25%, 0, 0, 1, 144.06
1495436898, 6, 129, 225, 10, 0, 3.25%, 0, 0, 1, 145.22
1495436903, 6, 130, 225, 10, 0, 3.25%, 0, 0, 1, 141.69
1495436914, 6, 132, 225, 10, 0, 3.25%, 0, 0, 1, 157.20
1495436919, 6, 133, 225, 10, 0, 3.25%, 0, 0, 1, 144.16
1495436934, 6, 134, 225, 10, 0, 3.25%, 0, 0, 1, 147.84
1495436939, 6, 135, 225, 10, 0, 3.25%, 0, 0, 1, 130.28
1495436945, 6, 136, 225, 10, 0, 3.25%, 0, 0, 1, 135.91
1495436960, 6, 138, 225, 10, 0, 3.25%, 0, 0, 1, 150.67
1495436975, 6, 139, 225, 10, 0, 3.25%, 0, 0, 1, 141.53
1495436980, 6, 140, 225, 10, 0, 3.25%, 0, 0, 1, 145.31
1495436996, 6, 142, 225, 10, 0, 3.25%, 0, 0, 1, 125.79
1495437016, 6, 144, 225, 10, 0, 3.25%, 0, 0, 1, 135.31
1495437021, 6, 147, 225, 10, 0, 3.25%, 0, 0, 1, 142.09
1495437036, 6, 149, 225, 10, 0, 3.25%, 0, 0, 1, 140.47
1495437041, 6, 150, 225, 10, 0, 3.25%, 0, 0, 1, 133.67
1495437057, 6, 151, 225, 10, 0, 3.25%, 0, 0, 1, 126.60
1495437062, 6, 152, 225, 10, 0, 3.25%, 0, 0, 1, 129.13
1495437078, 6, 153, 225, 10, 0, 3.25%, 0, 0, 1, 138.06
1495437083, 6, 155, 225, 10, 0, 3.25%, 0, 0, 1, 122.40
1495437103, 6, 157, 225, 9, 0, 3.25%, 0, 0, 1, 134.53
1495437118, 6, 158, 225, 9, 0, 3.25%, 0, 0, 1, 120.90
1495437124, 6, 160, 225, 9, 0, 3.25%, 0, 0, 1, 122.26
1495437139, 6, 161, 225, 9, 0, 3.25%, 0, 0, 1, 128.99
1495437144, 6, 162, 225, 9, 0, 3.25%, 0, 0, 1, 127.70
1495437164, 6, 163, 225, 9, 0, 3.25%, 0, 0, 1, 134.71
1495437169, 6, 164, 225, 9, 0, 3.25%, 0, 0, 1, 136.05
1495437185, 6, 165, 225, 9, 0, 3.25%, 0, 0, 1, 117.41
1495437200, 6, 166, 225, 9, 0, 3.25%, 0, 0, 1, 127.68
1495437205, 6, 167, 225, 9, 0, 3.25%, 0, 0, 1, 123.94
