# unix_time, cycles_done, cur_path, paths_total, pending_total, pending_favs, map_size, unique_crashes, unique_hangs, max_depth, execs_per_sec
1494044058, 0, 0, 492, 492, 164, 4.09%, 0, 0, 2, 71.42
1494044069, 0, 0, 492, 491, 163, 4.09%, 0, 0, 2, 97.02
1494044207, 0, 1, 492, 491, 163, 4.09%, 0, 0, 2, 122.75
1494044212, 0, 2, 492, 490, 162, 4.09%, 0, 0, 2, 113.81
1494044217, 0, 4, 492, 488, 160, 4.09%, 0, 0, 2, 88.09
1494044222, 0, 9, 492, 486, 158, 4.09%, 0, 0, 2, 121.81
1494044227, 0, 14, 492, 483, 156, 4.09%, 0, 0, 2, 154.00
1494044232, 0, 16, 492, 482, 155, 4.09%, 0, 0, 2, 139.55
1494044238, 0, 17, 492, 481, 154, 4.09%, 0, 0, 2, 92.57
1494044243, 0, 18, 492, 480, 153, 4.09%, 0, 0, 2, 132.86
1494044248, 0, 23, 492, 479, 152, 4.09%, 0, 0, 2, 162.58
1494044253, 0, 24, 492, 478, 151, 4.09%, 0, 0, 2, 140.23
1494044258, 0, 26, 492, 477, 150, 4.09%, 0, 0, 2, 102.00
1494044263, 0, 29, 492, 475, 148, 4.09%, 0, 0, 2, 163.34
1494044268, 0, 31, 492, 474, 147, 4.09%, 0, 0, 2, 126.74
1494044278, 0, 34, 492, 472, 145, 4.09%, 0, 0, 2, 124.86
1494044283, 0, 35, 492, 471, 144, 4.09%, 0, 0, 2, 165.63
1494044289, 0, 45, 492, 469, 142, 4.09%, 0, 0, 2, 176.57
1494044294, 0, 46, 492, 468, 141, 4.09%, 0, 0, 2, 109.21
1494044299, 0, 47, 492, 467, 140, 4.09%, 0, 0, 2, 125.39
1494044304, 0, 48, 493, 467, 139, 4.09%, 0, 0, 2, 139.63
1494044309, 0, 49, 493, 466, 138, 4.09%, 0, 0, 2, 120.55
1494044314, 0, 51, 493, 464, 136, 4.09%, 0, 0, 2, 142.47
1494044320, 0, 52, 493, 463, 135, 4.09%, 0, 0, 2, 131.22
1494044325, 0, 52, 493, 462, 134, 4.09%, 0, 0, 2, 108.33
1494044330, 0, 59, 493, 461, 133, 4.09%, 0, 0, 2, 147.90
1494044340, 0, 62, 493, 460, 132, 4.09%, 0, 0, 2, 83.94
1494044345, 0, 64, 493, 459, 131, 4.09%, 0, 0, 2, 143.46
1494044355, 0, 65, 493, 458, 130, 4.09%, 0, 0, 2, 119.52
1494044361, 0, 66, 493, 457, 129, 4.09%, 0, 0, 2, 110.95
1494044371, 0, 70, 493, 455, 127, 4.09%, 0, 0, 2, 156.03
1494044376, 0, 72, 493, 454, 126, 4.09%, 0, 0, 2, 66.69
1494044381, 0, 74, 493, 453, 125, 4.09%, 0, 0, 2, 84.06
1494044391, 0, 75, 493, 452, 124, 4.09%, 0, 0, 2, 100.18
1494044396, 0, 77, 493, 451, 123, 4.09%, 0, 0, 2, 94.06
1494044401, 0, 78, 493, 450, 122, 4.09%, 0, 0, 2, 138.90
1494044406, 0, 82, 493, 449, 121, 4.09%, 0, 0, 2, 95.73
1494044416, 0, 85, 493, 447, 119, 4.09%, 0, 0, 2, 99.49
1494044422, 0, 86, 493, 446, 118, 4.09%, 0, 0, 2, 171.37
1494044427, 0, 87, 493, 445, 117, 4.09%, 0, 0, 2, 126.68
1494044432, 0, 91, 493, 444, 116, 4.09%, 0, 0, 2, 102.17
1494044437, 0, 94, 493, 443, 115, 4.09%, 0, 0, 2, 104.91
1494044442, 0, 95, 493, 442, 114, 4.09%, 0, 0, 2, 101.78
1494044447, 0, 98, 493, 440, 112, 4.09%, 0, 0, 2, 156.01
1494044453, 0, 103, 493, 438, 110, 4.09%, 0, 0, 2, 137.17
1494044458, 0, 104, 493, 437, 109, 4.09%, 0, 0, 2, 106.35
1494044468, 0, 106, 493, 435, 107, 4.09%, 0, 0, 2, 137.83
1494044473, 0, 107, 493, 434, 106, 4.09%, 0, 0, 2, 91.72
1494044478, 0, 111, 493, 432, 104, 4.09%, 0, 0, 2, 120.46
1494044483, 0, 114, 493, 431, 103, 4.09%, 0, 0, 2, 102.49
1494044488, 0, 115, 493, 430, 102, 4.09%, 0, 0, 2, 133.37
1494044498, 0, 116, 493, 429, 101, 4.09%, 0, 0, 2, 98.92
1494044508, 0, 117, 493, 428, 100, 4.09%, 0, 0, 2, 66.69
1494044514, 0, 118, 493, 427, 99, 4.09%, 0, 0, 2, 102.96
1494044524, 0, 124, 493, 426, 98, 4.09%, 0, 0, 2, 167.65
1494044529, 0, 127, 493, 425, 97, 4.09%, 0, 0, 2, 181.11
1494044534, 0, 129, 493, 424, 96, 4.09%, 0, 0, 2, 174.22
1494044539, 0, 132, 493, 423, 95, 4.09%, 0, 0, 2, 157.63
1494044544, 0, 135, 493, 422, 94, 4.09%, 0, 0, 2, 132.34
1494044549, 0, 138, 493, 421, 93, 4.09%, 0, 0, 2, 90.44
1494044554, 0, 142, 493, 420, 92, 4.09%, 0, 0, 2, 114.81
1494044570, 0, 143, 493, 419, 91, 4.09%, 0, 0, 2, 112.66
1494044580, 0, 145, 493, 418, 90, 4.09%, 0, 0, 2, 174.20
1494044585, 0, 149, 493, 417, 89, 4.09%, 0, 0, 2, 167.31
1494044590, 0, 152, 493, 416, 88, 4.09%, 0, 0, 2, 126.15
1494044600, 0, 155, 493, 415, 87, 4.09%, 0, 0, 2, 84.78
1494044605, 0, 159, 493, 413, 85, 4.09%, 0, 0, 2, 149.32
1494044611, 0, 161, 493, 412, 84, 4.09%, 0, 0, 2, 107.26
1494044616, 0, 162, 493, 411, 83, 4.09%, 0, 0, 2, 190.98
1494044621, 0, 165, 493, 410, 82, 4.09%, 0, 0, 2, 198.09
1494044626, 0, 169, 493, 409, 81, 4.09%, 0, 0, 2, 194.89
1494044631, 0, 176, 493, 408, 80, 4.09%, 0, 0, 2, 94.56
1494044641, 0, 179, 493, 407, 79, 4.09%, 0, 0, 2, 109.34
1494044646, 0, 181, 493, 406, 78, 4.09%, 0, 0, 2, 165.79
1494044652, 0, 186, 493, 405, 77, 4.09%, 0, 0, 2, 173.09
1494044657, 0, 188, 493, 404, 76, 4.09%, 0, 0, 2, 158.21
1494044667, 0, 194, 493, 403, 75, 4.09%, 0, 0, 2, 133.86
1494044672, 0, 214, 493, 401, 73, 4.09%, 0, 0, 2, 137.67
1494044682, 0, 221, 493, 399, 71, 4.09%, 0, 0, 2, 183.25
1494044692, 0, 223, 493, 398, 70, 4.09%, 0, 0, 2, 119.20
1494044698, 0, 226, 493, 397, 69, 4.09%, 0, 0, 2, 188.41
1494044703, 0, 228, 493, 395, 67, 4.09%, 0, 0, 2, 159.40
1494044713, 0, 232, 493, 394, 66, 4.09%, 0, 0, 2, 72.13
1494044723, 0, 234, 493, 393, 65, 4.09%, 0, 0, 2, 166.09
1494044728, 0, 235, 493, 392, 64, 4.09%, 0, 0, 2, 107.67
1494044733, 0, 244, 493, 391, 63, 4.09%, 0, 0, 2, 159.47
1494044743, 0, 248, 493, 390, 62, 4.09%, 0, 0, 2, 20.46
1494044748, 0, 250, 493, 389, 61, 4.09%, 0, 0, 2, 120.24
1494044754, 0, 254, 493, 388, 60, 4.09%, 0, 0, 2, 166.37
1494044759, 0, 255, 493, 387, 60, 4.09%, 0, 0, 2, 145.00
1494044764, 0, 264, 493, 386, 59, 4.09%, 0, 0, 2, 165.23
1494044769, 0, 265, 493, 385, 58, 4.09%, 0, 0, 2, 130.55
1494044779, 0, 268, 493, 384, 57, 4.09%, 0, 0, 2, 164.65
1494044784, 0, 269, 493, 383, 56, 4.09%, 0, 0, 2, 169.51
1494044789, 0, 271, 493, 382, 55, 4.09%, 0, 0, 2, 156.93
1494044794, 0, 292, 493, 380, 53, 4.09%, 0, 0, 2, 178.78
1494044800, 0, 295, 493, 379, 52, 4.09%, 0, 0, 2, 180.10
1494044805, 0, 296, 493, 378, 51, 4.09%, 0, 0, 2, 145.78
1494044810, 0, 299, 493, 376, 49, 4.09%, 0, 0, 2, 197.37
1494044815, 0, 301, 493, 375, 48, 4.09%, 0, 0, 2, 158.81
1494044820, 0, 302, 493, 374, 47, 4.09%, 0, 0, 2, 139.12
1494044830, 0, 307, 493, 373, 46, 4.09%, 0, 0, 2, 134.26
1494044835, 0, 310, 493, 371, 44, 4.09%, 0, 0, 2, 155.82
1494044840, 0, 313, 493, 370, 43, 4.09%, 0, 0, 2, 122.68
1494044846, 0, 314, 493, 369, 42, 4.09%, 0, 0, 2, 112.59
1494044866, 0, 315, 493, 368, 41, 4.09%, 0, 0, 2, 164.05
1494044871, 0, 322, 493, 367, 40, 4.09%, 0, 0, 2, 145.55
1494044881, 0, 328, 493, 365, 38, 4.09%, 0, 0, 2, 198.40
1494044886, 0, 330, 493, 364, 37, 4.09%, 0, 0, 2, 199.00
1494044897, 0, 331, 493, 363, 36, 4.09%, 0, 0, 2, 120.57
1494044907, 0, 333, 493, 362, 35, 4.09%, 0, 0, 2, 107.39
1494044917, 0, 336, 493, 361, 34, 4.09%, 0, 0, 2, 118.24
1494044938, 0, 338, 493, 359, 32, 4.09%, 0, 0, 2, 127.70
1494044948, 0, 340, 493, 358, 31, 4.09%, 0, 0, 2, 47.82
1494044964, 0, 340, 494, 358, 30, 4.12%, 0, 0, 2, 90.14
1494044969, 0, 364, 494, 358, 31, 4.12%, 0, 0, 2, 79.45
1494044974, 0, 370, 494, 357, 30, 4.12%, 0, 0, 2, 149.68
1494044979, 0, 372, 494, 356, 29, 4.12%, 0, 0, 2, 173.87
1494044984, 0, 392, 494, 355, 29, 4.12%, 0, 0, 2, 23.33
1494045066, 0, 407, 494, 354, 28, 4.12%, 0, 0, 2, 73.89
1494045092, 0, 419, 494, 353, 27, 4.12%, 0, 0, 2, 73.59
1494045102, 0, 427, 494, 352, 26, 4.12%, 0, 0, 2, 60.68
1494045107, 0, 429, 494, 351, 25, 4.12%, 0, 0, 2, 114.53
1494045122, 0, 431, 494, 350, 24, 4.12%, 0, 0, 2, 137.04
1494045133, 0, 433, 494, 348, 22, 4.12%, 0, 0, 2, 120.02
1494045143, 0, 435, 494, 347, 21, 4.12%, 0, 0, 2, 86.37
1494045148, 0, 439, 494, 346, 20, 4.12%, 0, 0, 2, 102.79
1494045153, 0, 450, 494, 345, 19, 4.12%, 0, 0, 2, 111.27
1494045163, 0, 456, 494, 344, 18, 4.12%, 0, 0, 2, 89.57
1494045169, 0, 458, 494, 343, 17, 4.12%, 0, 0, 2, 68.78
1494045174, 0, 460, 494, 342, 16, 4.12%, 0, 0, 2, 119.70
1494045179, 0, 464, 494, 341, 15, 4.12%, 0, 0, 2, 166.97
1494045184, 0, 468, 494, 340, 14, 4.12%, 0, 0, 2, 143.11
1494045194, 0, 469, 494, 339, 13, 4.12%, 0, 0, 2, 54.30
1494045210, 0, 472, 494, 338, 12, 4.12%, 0, 0, 2, 50.55
1494045282, 0, 475, 494, 337, 11, 4.12%, 0, 0, 2, 94.86
1494045287, 0, 479, 494, 336, 10, 4.12%, 0, 0, 2, 23.74
1494045348, 0, 481, 494, 335, 9, 4.12%, 0, 0, 2, 81.25
1494045359, 0, 482, 494, 334, 8, 4.12%, 0, 0, 2, 93.58
1494045369, 0, 483, 495, 334, 7, 4.12%, 0, 0, 2, 177.86
1494045374, 0, 484, 495, 333, 6, 4.12%, 0, 0, 2, 24.27
1494045462, 0, 485, 495, 332, 5, 4.12%, 0, 0, 2, 69.70
1494045472, 0, 486, 495, 331, 4, 4.12%, 0, 0, 2, 110.04
1494045488, 0, 487, 495, 330, 3, 4.12%, 0, 0, 2, 81.94
1494045529, 0, 490, 495, 329, 2, 4.12%, 0, 0, 2, 41.44
1494045544, 0, 493, 495, 328, 1, 4.12%, 0, 0, 2, 25.48
1494045611, 0, 493, 495, 328, 1, 4.12%, 0, 1, 2, 29.13
1494045616, 1, 0, 495, 327, 0, 4.12%, 0, 1, 2, 110.66
1494045621, 1, 2, 495, 327, 0, 4.12%, 0, 1, 2, 148.59
1494045626, 1, 4, 495, 327, 0, 4.12%, 0, 1, 2, 25.00
1494045631, 1, 9, 495, 327, 0, 4.12%, 0, 1, 2, 192.60
1494045636, 1, 10, 495, 327, 0, 4.12%, 0, 1, 2, 189.29
1494045642, 1, 16, 495, 326, 0, 4.12%, 0, 1, 2, 180.32
1494045647, 1, 18, 495, 326, 0, 4.12%, 0, 1, 2, 178.12
1494045652, 1, 20, 495, 326, 0, 4.12%, 0, 1, 2, 152.80
1494045657, 1, 23, 495, 325, 0, 4.12%, 0, 1, 2, 149.23
1494045662, 1, 26, 495, 325, 0, 4.12%, 0, 1, 2, 153.14
1494045667, 1, 29, 495, 325, 0, 4.12%, 0, 1, 2, 169.08
1494045673, 1, 32, 495, 325, 0, 4.12%, 0, 1, 2, 168.09
1494045678, 1, 35, 495, 325, 0, 4.12%, 0, 1, 2, 179.78
1494045683, 1, 43, 495, 325, 0, 4.12%, 0, 1, 2, 151.63
1494045688, 1, 46, 495, 324, 0, 4.12%, 0, 1, 2, 170.85
1494045693, 1, 48, 495, 324, 0, 4.12%, 0, 1, 2, 140.90
1494045699, 1, 49, 495, 324, 0, 4.12%, 0, 1, 2, 154.85
1494045704, 1, 51, 495, 324, 0, 4.12%, 0, 1, 2, 173.51
1494045709, 1, 53, 495, 324, 0, 4.12%, 0, 1, 2, 190.13
1494045714, 1, 55, 495, 323, 0, 4.12%, 0, 1, 2, 166.58
1494045719, 1, 57, 495, 321, 0, 4.12%, 0, 1, 2, 173.84
1494045724, 1, 62, 495, 320, 0, 4.12%, 0, 1, 2, 146.57
1494045730, 1, 64, 495, 320, 0, 4.12%, 0, 1, 2, 149.96
1494045735, 1, 66, 495, 320, 0, 4.12%, 0, 1, 2, 154.54
1494045745, 1, 69, 495, 320, 0, 4.12%, 0, 1, 2, 128.79
1494045750, 1, 70, 495, 319, 0, 4.12%, 0, 1, 2, 154.17
1494045755, 1, 75, 495, 319, 0, 4.12%, 0, 1, 2, 163.04
1494045760, 1, 78, 495, 319, 0, 4.12%, 0, 1, 2, 163.06
1494045765, 1, 81, 495, 319, 0, 4.12%, 0, 1, 2, 146.96
1494045771, 1, 82, 495, 318, 0, 4.12%, 0, 1, 2, 149.13
1494045776, 1, 85, 495, 318, 0, 4.12%, 0, 1, 2, 168.42
1494045781, 1, 87, 495, 318, 0, 4.12%, 0, 1, 2, 166.44
1494045786, 1, 88, 495, 318, 0, 4.12%, 0, 1, 2, 203.87
1494045791, 1, 94, 495, 317, 0, 4.12%, 0, 1, 2, 167.21
1494045796, 1, 96, 495, 317, 0, 4.12%, 0, 1, 2, 168.48
1494045801, 1, 100, 495, 316, 0, 4.12%, 0, 1, 2, 184.23
1494045806, 1, 101, 495, 316, 0, 4.12%, 0, 1, 2, 178.42
1494045811, 1, 104, 495, 315, 0, 4.12%, 0, 1, 2, 158.48
1494045817, 1, 107, 495, 315, 0, 4.12%, 0, 1, 2, 159.40
1494045822, 1, 111, 495, 315, 0, 4.12%, 0, 1, 2, 169.66
1494045827, 1, 115, 495, 315, 0, 4.12%, 0, 1, 2, 145.74
1494045832, 1, 116, 495, 315, 0, 4.12%, 0, 1, 2, 26.43
1494045837, 1, 118, 495, 315, 0, 4.12%, 0, 1, 2, 108.67
1494045842, 1, 121, 495, 314, 0, 4.12%, 0, 1, 2, 183.42
1494045847, 1, 124, 495, 313, 0, 4.12%, 0, 1, 2, 176.00
1494045858, 1, 127, 495, 312, 0, 4.12%, 0, 1, 2, 193.61
1494045863, 1, 129, 495, 312, 0, 4.12%, 0, 1, 2, 176.89
1494045868, 1, 132, 495, 312, 0, 4.12%, 0, 1, 2, 184.32
1494045873, 1, 138, 495, 312, 0, 4.12%, 0, 1, 2, 174.55
1494045878, 1, 142, 495, 311, 0, 4.12%, 0, 1, 2, 167.04
1494045883, 1, 145, 495, 311, 0, 4.12%, 0, 1, 2, 178.60
1494045888, 1, 149, 495, 311, 0, 4.12%, 0, 1, 2, 188.36
1494045893, 1, 152, 495, 311, 0, 4.12%, 0, 1, 2, 173.90
1494045899, 1, 155, 495, 311, 0, 4.12%, 0, 1, 2, 150.83
1494045904, 1, 157, 495, 310, 0, 4.12%, 0, 1, 2, 165.82
1494045909, 1, 162, 495, 310, 0, 4.12%, 0, 1, 2, 164.81
1494045919, 1, 167, 495, 310, 0, 4.12%, 0, 1, 2, 185.32
1494045924, 1, 169, 495, 308, 0, 4.12%, 0, 1, 2, 175.53
1494045929, 1, 170, 495, 308, 0, 4.12%, 0, 1, 2, 188.31
1494045934, 1, 171, 495, 307, 0, 4.12%, 0, 1, 2, 161.23
1494045939, 1, 175, 495, 306, 0, 4.12%, 0, 1, 2, 117.71
1494045945, 1, 176, 495, 305, 0, 4.12%, 0, 1, 2, 152.40
1494045950, 1, 179, 495, 305, 0, 4.12%, 0, 1, 2, 180.99
1494045955, 1, 181, 495, 304, 0, 4.12%, 0, 1, 2, 183.65
1494045965, 1, 186, 495, 304, 0, 4.12%, 0, 1, 2, 184.57
1494045970, 1, 194, 495, 304, 0, 4.12%, 0, 1, 2, 158.42
1494045975, 1, 200, 495, 304, 0, 4.12%, 0, 1, 2, 156.84
1494045980, 1, 203, 495, 303, 0, 4.12%, 0, 1, 2, 122.04
1494045996, 1, 206, 495, 301, 0, 4.12%, 0, 1, 2, 28.27
1494046079, 1, 210, 495, 299, 0, 4.12%, 0, 1, 2, 164.07
1494046084, 1, 214, 495, 298, 0, 4.12%, 0, 1, 2, 175.04
1494046089, 1, 220, 495, 297, 0, 4.12%, 0, 1, 2, 191.93
1494046094, 1, 222, 495, 297, 0, 4.12%, 0, 1, 2, 167.06
1494046099, 1, 225, 495, 296, 0, 4.12%, 0, 1, 2, 186.15
1494046104, 1, 227, 495, 295, 0, 4.12%, 0, 1, 2, 173.82
1494046110, 1, 228, 495, 295, 0, 4.12%, 0, 1, 2, 160.99
1494046115, 1, 234, 495, 295, 0, 4.12%, 0, 1, 2, 177.08
1494046120, 1, 235, 495, 295, 0, 4.12%, 0, 1, 2, 159.56
1494046125, 1, 236, 495, 295, 0, 4.12%, 0, 1, 2, 128.21
1494046130, 1, 242, 495, 294, 0, 4.12%, 0, 1, 2, 172.78
1494046135, 1, 244, 495, 293, 0, 4.12%, 0, 1, 2, 179.02
1494046140, 1, 246, 495, 293, 0, 4.12%, 0, 1, 2, 107.92
1494046145, 1, 248, 495, 292, 0, 4.12%, 0, 1, 2, 132.46
1494046150, 1, 252, 495, 292, 0, 4.12%, 0, 1, 2, 162.92
1494046156, 1, 255, 495, 291, 0, 4.12%, 0, 1, 2, 188.18
1494046161, 1, 259, 495, 291, 0, 4.12%, 0, 1, 2, 46.46
1494046166, 1, 263, 495, 290, 0, 4.12%, 0, 1, 2, 126.89
1494046171, 1, 264, 495, 289, 0, 4.12%, 0, 1, 2, 158.07
1494046176, 1, 267, 495, 289, 0, 4.12%, 0, 1, 2, 167.23
1494046181, 1, 268, 495, 288, 0, 4.12%, 0, 1, 2, 180.26
1494046186, 1, 269, 495, 288, 0, 4.12%, 0, 1, 2, 173.96
1494046191, 1, 271, 495, 288, 0, 4.12%, 0, 1, 2, 170.26
1494046197, 1, 273, 495, 288, 0, 4.12%, 0, 1, 2, 155.43
1494046202, 1, 274, 495, 287, 0, 4.12%, 0, 1, 2, 167.91
1494046207, 1, 291, 495, 286, 0, 4.12%, 0, 1, 2, 170.28
1494046212, 1, 295, 495, 285, 0, 4.12%, 0, 1, 2, 168.92
1494046217, 1, 296, 495, 285, 0, 4.12%, 0, 1, 2, 187.33
1494046222, 1, 299, 495, 285, 0, 4.12%, 0, 1, 2, 176.40
1494046227, 1, 300, 495, 285, 0, 4.12%, 0, 1, 2, 158.19
1494046232, 1, 302, 495, 284, 0, 4.12%, 0, 1, 2, 164.70
1494046238, 1, 303, 495, 284, 0, 4.12%, 0, 1, 2, 177.21
1494046243, 1, 308, 495, 283, 0, 4.12%, 0, 1, 2, 176.58
1494046248, 1, 313, 495, 283, 0, 4.12%, 0, 1, 2, 167.33
1494046253, 1, 315, 495, 283, 0, 4.12%, 0, 1, 2, 150.11
1494046263, 1, 319, 495, 282, 0, 4.12%, 0, 1, 2, 169.96
1494046268, 1, 322, 495, 280, 0, 4.12%, 0, 1, 2, 169.28
1494046274, 1, 328, 495, 280, 0, 4.12%, 0, 1, 2, 184.86
1494046279, 1, 330, 495, 280, 0, 4.12%, 0, 1, 2, 180.59
1494046284, 1, 331, 495, 280, 0, 4.12%, 0, 1, 2, 197.44
1494046289, 1, 333, 495, 280, 0, 4.12%, 0, 1, 2, 37.68
1494046294, 1, 336, 495, 280, 0, 4.12%, 0, 1, 2, 152.83
1494046299, 1, 338, 495, 280, 0, 4.12%, 0, 1, 2, 170.03
1494046304, 1, 340, 495, 280, 0, 4.12%, 0, 1, 2, 145.38
1494046309, 1, 343, 495, 279, 0, 4.12%, 0, 1, 2, 151.80
1494046315, 1, 348, 495, 278, 0, 4.12%, 0, 1, 2, 123.81
1494046320, 1, 359, 495, 277, 0, 4.12%, 0, 1, 2, 167.15
1494046330, 1, 363, 495, 276, 0, 4.12%, 0, 1, 2, 18.77
1494046393, 1, 365, 495, 275, 0, 4.12%, 0, 1, 2, 160.93
1494046398, 1, 366, 495, 274, 0, 4.12%, 0, 1, 2, 172.06
1494046403, 1, 370, 495, 273, 0, 4.12%, 0, 1, 2, 191.23
1494046408, 1, 373, 495, 273, 0, 4.12%, 0, 1, 2, 209.88
1494046414, 1, 378, 495, 272, 0, 4.12%, 0, 1, 2, 43.80
1494046434, 1, 387, 495, 271, 0, 4.12%, 0, 1, 2, 173.44
1494046439, 1, 392, 495, 270, 0, 4.12%, 0, 1, 2, 27.30
1494046445, 1, 393, 495, 270, 0, 4.12%, 0, 1, 2, 60.42
1494046465, 1, 396, 495, 269, 0, 4.12%, 0, 1, 2, 106.37
1494046480, 1, 400, 495, 268, 0, 4.12%, 0, 1, 2, 96.65
1494046511, 1, 405, 495, 267, 0, 4.12%, 0, 1, 2, 72.20
1494046522, 1, 407, 495, 266, 0, 4.12%, 0, 1, 2, 114.27
1494046527, 1, 411, 495, 266, 0, 4.12%, 0, 1, 2, 50.59
1494046552, 1, 413, 495, 265, 0, 4.12%, 0, 1, 2, 71.46
1494046562, 1, 414, 495, 264, 0, 4.12%, 0, 1, 2, 141.27
1494046588, 1, 417, 495, 263, 0, 4.12%, 0, 1, 2, 141.46
1494046598, 1, 418, 495, 262, 0, 4.12%, 0, 1, 2, 128.72
1494046644, 1, 422, 495, 260, 0, 4.12%, 0, 1, 2, 92.11
1494046649, 1, 423, 495, 259, 0, 4.12%, 0, 1, 2, 110.00
1494046660, 1, 424, 495, 258, 0, 4.12%, 0, 1, 2, 131.46
1494046680, 1, 429, 495, 257, 0, 4.12%, 0, 1, 2, 144.11
1494046685, 1, 431, 495, 257, 0, 4.12%, 0, 1, 2, 186.22
1494046690, 1, 432, 495, 257, 0, 4.12%, 0, 1, 2, 177.10
1494046695, 1, 435, 495, 257, 0, 4.12%, 0, 1, 2, 61.62
1494046700, 1, 436, 495, 257, 0, 4.12%, 0, 1, 2, 120.57
1494046716, 1, 439, 495, 256, 0, 4.12%, 0, 1, 2, 133.97
1494046721, 1, 441, 495, 256, 0, 4.12%, 0, 1, 2, 96.55
1494046726, 1, 443, 495, 255, 0, 4.12%, 0, 1, 2, 115.40
1494046736, 1, 446, 495, 254, 0, 4.12%, 0, 1, 2, 171.97
1494046741, 1, 450, 495, 252, 0, 4.12%, 0, 1, 2, 172.69
1494046746, 1, 452, 495, 252, 0, 4.12%, 0, 1, 2, 132.29
1494046751, 1, 456, 495, 251, 0, 4.12%, 0, 1, 2, 131.29
1494046756, 1, 458, 495, 251, 0, 4.12%, 0, 1, 2, 148.73
1494046762, 1, 459, 495, 251, 0, 4.12%, 0, 1, 2, 77.43
1494046767, 1, 464, 495, 250, 0, 4.12%, 0, 1, 2, 278.01
1494046772, 1, 465, 495, 250, 0, 4.12%, 0, 1, 2, 144.27
1494046782, 1, 469, 495, 249, 0, 4.12%, 0, 1, 2, 161.51
1494046787, 1, 475, 495, 249, 0, 4.12%, 0, 1, 2, 112.10
1494046792, 1, 479, 495, 249, 0, 4.12%, 0, 1, 2, 101.93
1494046798, 1, 482, 495, 249, 0, 4.12%, 0, 1, 2, 139.40
1494046803, 1, 483, 495, 249, 0, 4.12%, 0, 1, 2, 155.68
1494046808, 1, 484, 495, 249, 0, 4.12%, 0, 1, 2, 162.29
1494046813, 1, 485, 495, 249, 0, 4.12%, 0, 1, 2, 121.18
1494046818, 1, 486, 495, 249, 0, 4.12%, 0, 1, 2, 122.14
1494046828, 1, 490, 495, 249, 0, 4.12%, 0, 1, 2, 169.27
1494046839, 1, 491, 495, 249, 0, 4.12%, 0, 1, 2, 131.50
1494046864, 2, 0, 495, 248, 0, 4.12%, 0, 1, 2, 104.70
1494046870, 2, 1, 495, 248, 0, 4.12%, 0, 1, 2, 155.06
1494046875, 2, 4, 495, 248, 0, 4.12%, 0, 1, 2, 180.39
1494046880, 2, 7, 495, 248, 0, 4.12%, 0, 1, 2, 185.03
1494046885, 2, 9, 495, 247, 0, 4.12%, 0, 1, 2, 182.45
1494046890, 2, 14, 495, 247, 0, 4.12%, 0, 1, 2, 177.86
1494046895, 2, 16, 495, 246, 0, 4.12%, 0, 1, 2, 137.77
1494046900, 2, 17, 495, 246, 0, 4.12%, 0, 1, 2, 131.95
1494046905, 2, 23, 495, 246, 0, 4.12%, 0, 1, 2, 186.20
1494046911, 2, 25, 495, 246, 0, 4.12%, 0, 1, 2, 182.10
1494046916, 2, 26, 495, 245, 0, 4.12%, 0, 1, 2, 179.32
1494046921, 2, 28, 495, 244, 0, 4.12%, 0, 1, 2, 154.49
1494046926, 2, 29, 495, 244, 0, 4.12%, 0, 1, 2, 175.24
1494046931, 2, 32, 495, 244, 0, 4.12%, 0, 1, 2, 164.19
1494046936, 2, 35, 495, 244, 0, 4.12%, 0, 1, 2, 165.48
1494046941, 2, 41, 495, 242, 0, 4.12%, 0, 1, 2, 177.27
1494046946, 2, 44, 495, 242, 0, 4.12%, 0, 1, 2, 183.62
1494046951, 2, 46, 495, 241, 0, 4.12%, 0, 1, 2, 183.43
1494046956, 2, 48, 495, 241, 0, 4.12%, 0, 1, 2, 210.32
1494046961, 2, 50, 495, 241, 0, 4.12%, 0, 1, 2, 178.01
1494046967, 2, 52, 495, 241, 0, 4.12%, 0, 1, 2, 181.63
1494046972, 2, 59, 495, 241, 0, 4.12%, 0, 1, 2, 195.86
1494046977, 2, 64, 495, 241, 0, 4.12%, 0, 1, 2, 162.06
1494046982, 2, 65, 495, 241, 0, 4.12%, 0, 1, 2, 163.36
1494046987, 2, 66, 495, 241, 0, 4.12%, 0, 1, 2, 167.90
1494046992, 2, 70, 495, 241, 0, 4.12%, 0, 1, 2, 169.01
1494046997, 2, 73, 495, 241, 0, 4.12%, 0, 1, 2, 166.96
1494047008, 2, 75, 495, 240, 0, 4.12%, 0, 1, 2, 172.27
1494047013, 2, 78, 495, 240, 0, 4.12%, 0, 1, 2, 110.23
1494047018, 2, 79, 495, 240, 0, 4.12%, 0, 1, 2, 144.97
1494047023, 2, 83, 495, 239, 0, 4.12%, 0, 1, 2, 170.62
1494047028, 2, 85, 495, 238, 0, 4.12%, 0, 1, 2, 165.12
1494047033, 2, 87, 495, 238, 0, 4.12%, 0, 1, 2, 158.00
1494047038, 2, 90, 495, 238, 0, 4.12%, 0, 1, 2, 166.79
1494047043, 2, 92, 495, 237, 0, 4.12%, 0, 1, 2, 169.02
1494047048, 2, 97, 495, 236, 0, 4.12%, 0, 1, 2, 158.78
1494047054, 2, 100, 495, 236, 0, 4.12%, 0, 1, 2, 216.72
1494047059, 2, 103, 495, 235, 0, 4.12%, 0, 1, 2, 174.06
1494047064, 2, 105, 495, 235, 0, 4.12%, 0, 1, 2, 156.60
1494047069, 2, 107, 495, 235, 0, 4.12%, 0, 1, 2, 166.09
1494047074, 2, 110, 495, 235, 0, 4.12%, 0, 1, 2, 164.54
1494047079, 2, 114, 495, 233, 0, 4.12%, 0, 1, 2, 183.09
1494047085, 2, 115, 495, 233, 0, 4.12%, 0, 1, 2, 165.00
1494047090, 2, 117, 495, 233, 0, 4.12%, 0, 1, 2, 144.69
1494047095, 2, 124, 495, 233, 0, 4.12%, 0, 1, 2, 159.01
1494047105, 2, 127, 495, 232, 0, 4.12%, 0, 1, 2, 173.82
1494047110, 2, 128, 495, 232, 0, 4.12%, 0, 1, 2, 192.26
1494047115, 2, 129, 495, 231, 0, 4.12%, 0, 1, 2, 180.92
1494047120, 2, 135, 495, 231, 0, 4.12%, 0, 1, 2, 176.51
1494047126, 2, 142, 495, 231, 0, 4.12%, 0, 1, 2, 164.85
1494047131, 2, 143, 495, 231, 0, 4.12%, 0, 1, 2, 161.24
1494047136, 2, 145, 495, 231, 0, 4.12%, 0, 1, 2, 173.53
1494047141, 2, 149, 495, 231, 0, 4.12%, 0, 1, 2, 191.76
1494047146, 2, 152, 495, 231, 0, 4.12%, 0, 1, 2, 137.33
1494047151, 2, 159, 495, 231, 0, 4.12%, 0, 1, 2, 165.61
1494047156, 2, 162, 495, 231, 0, 4.12%, 0, 1, 2, 161.30
1494047166, 2, 164, 495, 230, 0, 4.12%, 0, 1, 2, 178.10
1494047172, 2, 169, 495, 229, 0, 4.12%, 0, 1, 2, 188.65
1494047177, 2, 170, 495, 229, 0, 4.12%, 0, 1, 2, 192.17
1494047182, 2, 174, 495, 229, 0, 4.12%, 0, 1, 2, 193.63
1494047187, 2, 176, 495, 228, 0, 4.12%, 0, 1, 2, 188.92
1494047192, 2, 177, 495, 228, 0, 4.12%, 0, 1, 2, 179.73
1494047197, 2, 179, 495, 227, 0, 4.12%, 0, 1, 2, 167.54
1494047203, 2, 181, 495, 227, 0, 4.12%, 0, 1, 2, 167.47
1494047208, 2, 184, 495, 227, 0, 4.12%, 0, 1, 2, 173.24
1494047213, 2, 186, 495, 226, 0, 4.12%, 0, 1, 2, 195.60
1494047218, 2, 192, 495, 226, 0, 4.12%, 0, 1, 2, 35.47
1494047228, 2, 197, 495, 225, 0, 4.12%, 0, 1, 2, 134.29
1494047233, 2, 212, 495, 225, 0, 4.12%, 0, 1, 2, 65.52
1494047239, 2, 214, 495, 224, 0, 4.12%, 0, 1, 2, 135.88
1494047244, 2, 218, 495, 224, 0, 4.12%, 0, 1, 2, 158.16
1494047254, 2, 220, 495, 222, 0, 4.12%, 0, 1, 2, 175.24
1494047259, 2, 223, 495, 222, 0, 4.12%, 0, 1, 2, 177.72
1494047264, 2, 224, 495, 222, 0, 4.12%, 0, 1, 2, 158.45
1494047269, 2, 228, 495, 221, 0, 4.12%, 0, 1, 2, 162.58
1494047275, 2, 230, 495, 221, 0, 4.12%, 0, 1, 2, 145.56
1494047280, 2, 232, 495, 220, 0, 4.12%, 0, 1, 2, 145.88
1494047285, 2, 234, 495, 220, 0, 4.12%, 0, 1, 2, 169.00
1494047290, 2, 235, 495, 220, 0, 4.12%, 0, 1, 2, 152.46
1494047295, 2, 239, 495, 220, 0, 4.12%, 0, 1, 2, 171.60
1494047300, 2, 244, 495, 219, 0, 4.12%, 0, 1, 2, 161.37
1494047305, 2, 247, 495, 219, 0, 4.12%, 0, 1, 2, 148.71
1494047310, 2, 248, 495, 218, 0, 4.12%, 0, 1, 2, 138.03
1494047315, 2, 255, 495, 218, 0, 4.12%, 0, 1, 2, 157.12
1494047321, 2, 262, 495, 217, 0, 4.12%, 0, 1, 2, 154.14
1494047326, 2, 264, 495, 216, 0, 4.12%, 0, 1, 2, 186.06
1494047331, 2, 265, 495, 216, 0, 4.12%, 0, 1, 2, 179.88
1494047336, 2, 268, 495, 216, 0, 4.12%, 0, 1, 2, 167.61
1494047341, 2, 269, 495, 216, 0, 4.12%, 0, 1, 2, 162.48
1494047346, 2, 271, 495, 216, 0, 4.12%, 0, 1, 2, 175.59
1494047351, 2, 277, 495, 215, 0, 4.12%, 0, 1, 2, 228.60
1494047357, 2, 280, 495, 213, 0, 4.12%, 0, 1, 2, 190.02
1494047362, 2, 288, 495, 212, 0, 4.12%, 0, 1, 2, 25.60
1494047393, 2, 289, 495, 211, 0, 4.12%, 0, 1, 2, 118.52
1494047398, 2, 295, 495, 210, 0, 4.12%, 0, 1, 2, 166.79
1494047403, 2, 296, 495, 210, 0, 4.12%, 0, 1, 2, 147.90
1494047408, 2, 299, 495, 210, 0, 4.12%, 0, 1, 2, 179.37
1494047413, 2, 301, 495, 210, 0, 4.12%, 0, 1, 2, 173.22
1494047418, 2, 302, 495, 210, 0, 4.12%, 0, 1, 2, 167.19
1494047423, 2, 308, 495, 210, 0, 4.12%, 0, 1, 2, 173.67
1494047428, 2, 313, 495, 210, 0, 4.12%, 0, 1, 2, 168.86
1494047433, 2, 314, 495, 210, 0, 4.12%, 0, 1, 2, 147.06
1494047438, 2, 315, 495, 210, 0, 4.12%, 0, 1, 2, 190.21
1494047443, 2, 324, 495, 210, 0, 4.12%, 0, 1, 2, 30.98
1494047474, 2, 328, 495, 209, 0, 4.12%, 0, 1, 2, 140.36
1494047479, 2, 330, 495, 209, 0, 4.12%, 0, 1, 2, 149.44
1494047484, 2, 331, 495, 209, 0, 4.12%, 0, 1, 2, 166.15
1494047489, 2, 333, 495, 209, 0, 4.12%, 0, 1, 2, 150.92
1494047495, 2, 336, 495, 209, 0, 4.12%, 0, 1, 2, 164.15
1494047500, 2, 338, 495, 209, 0, 4.12%, 0, 1, 2, 168.10
1494047505, 2, 345, 495, 209, 0, 4.12%, 0, 1, 2, 153.87
1494047510, 2, 347, 495, 208, 0, 4.12%, 0, 1, 2, 155.23
1494047515, 2, 358, 495, 207, 0, 4.12%, 0, 1, 2, 33.15
1494047546, 2, 364, 495, 206, 0, 4.12%, 0, 1, 2, 121.93
1494047551, 2, 369, 495, 206, 0, 4.12%, 0, 1, 2, 158.71
1494047556, 2, 370, 495, 205, 0, 4.12%, 0, 1, 2, 186.74
1494047561, 2, 383, 495, 205, 0, 4.12%, 0, 1, 2, 185.40
1494047566, 2, 386, 495, 204, 0, 4.12%, 0, 1, 2, 120.99
1494047581, 2, 392, 495, 203, 0, 4.12%, 0, 1, 2, 97.49
1494047587, 2, 397, 495, 203, 0, 4.12%, 0, 1, 2, 142.53
1494047597, 2, 398, 495, 202, 0, 4.12%, 0, 1, 2, 23.86
1494047673, 2, 403, 495, 201, 0, 4.12%, 0, 1, 2, 98.20
1494047684, 2, 406, 495, 200, 0, 4.12%, 0, 1, 2, 98.20
1494047719, 2, 415, 495, 199, 0, 4.12%, 0, 1, 2, 27.00
1494047785, 2, 416, 495, 198, 0, 4.12%, 0, 1, 2, 116.82
1494047806, 2, 425, 495, 197, 0, 4.12%, 0, 1, 2, 8.67
1494047900, 2, 427, 495, 196, 0, 4.12%, 0, 1, 2, 160.09
1494047906, 2, 429, 495, 196, 0, 4.12%, 0, 2, 2, 167.58
1494047911, 2, 431, 495, 196, 0, 4.12%, 0, 2, 2, 131.47
1494047916, 2, 433, 495, 196, 0, 4.12%, 0, 2, 2, 155.09
1494047921, 2, 435, 495, 196, 0, 4.12%, 0, 2, 2, 134.81
1494047926, 2, 437, 495, 196, 0, 4.12%, 0, 2, 2, 112.82
1494047947, 2, 438, 495, 195, 0, 4.12%, 0, 2, 2, 137.94
1494047952, 2, 439, 495, 194, 0, 4.12%, 0, 2, 2, 158.97
1494047957, 2, 451, 495, 194, 0, 4.12%, 0, 2, 2, 140.73
1494047962, 2, 456, 495, 193, 0, 4.12%, 0, 2, 2, 155.89
1494047967, 2, 460, 495, 193, 0, 4.12%, 0, 2, 2, 153.17
1494047972, 2, 461, 495, 193, 0, 4.12%, 0, 2, 2, 110.86
1494047998, 2, 464, 495, 191, 0, 4.12%, 0, 2, 2, 143.65
1494048008, 2, 469, 495, 191, 0, 4.12%, 0, 2, 2, 151.77
1494048013, 2, 473, 495, 191, 0, 4.12%, 0, 2, 2, 139.82
1494048018, 2, 476, 495, 190, 0, 4.12%, 0, 2, 2, 29.34
1494048028, 2, 480, 495, 189, 0, 4.12%, 0, 2, 2, 90.21
1494048069, 2, 481, 495, 188, 0, 4.12%, 0, 2, 2, 114.85
1494048074, 2, 482, 495, 188, 0, 4.12%, 0, 2, 2, 138.69
1494048080, 2, 483, 495, 188, 0, 4.12%, 0, 2, 2, 173.38
1494048085, 2, 485, 495, 188, 0, 4.12%, 0, 2, 2, 74.99
1494048090, 2, 486, 495, 188, 0, 4.12%, 0, 2, 2, 130.19
1494048095, 2, 487, 495, 188, 0, 4.12%, 0, 2, 2, 143.16
1494048100, 2, 489, 495, 188, 0, 4.12%, 0, 2, 2, 106.66
1494048116, 2, 490, 495, 187, 0, 4.12%, 0, 2, 2, 169.53
1494048126, 2, 492, 495, 187, 0, 4.12%, 0, 2, 2, 154.35
1494048137, 3, 0, 495, 186, 0, 4.12%, 0, 2, 2, 85.19
1494048142, 3, 1, 495, 186, 0, 4.12%, 0, 2, 2, 202.46
1494048147, 3, 4, 495, 186, 0, 4.12%, 0, 2, 2, 185.33
1494048152, 3, 8, 495, 186, 0, 4.12%, 0, 2, 2, 188.78
1494048157, 3, 14, 495, 185, 0, 4.12%, 0, 2, 2, 181.93
1494048162, 3, 17, 495, 185, 0, 4.12%, 0, 2, 2, 116.01
1494048167, 3, 18, 495, 185, 0, 4.12%, 0, 2, 2, 157.63
1494048173, 3, 23, 495, 184, 0, 4.12%, 0, 2, 2, 185.75
1494048178, 3, 26, 495, 184, 0, 4.12%, 0, 2, 2, 170.24
1494048183, 3, 29, 495, 184, 0, 4.12%, 0, 2, 2, 184.96
1494048188, 3, 31, 495, 184, 0, 4.12%, 0, 2, 2, 168.84
1494048193, 3, 33, 495, 184, 0, 4.12%, 0, 2, 2, 153.79
1494048198, 3, 35, 495, 183, 0, 4.12%, 0, 2, 2, 161.18
1494048203, 3, 37, 495, 183, 0, 4.12%, 0, 2, 2, 169.54
1494048209, 3, 42, 495, 182, 0, 4.12%, 0, 2, 2, 176.51
1494048214, 3, 44, 495, 181, 0, 4.12%, 0, 2, 2, 182.49
1494048219, 3, 46, 495, 181, 0, 4.12%, 0, 2, 2, 197.91
1494048224, 3, 48, 495, 181, 0, 4.12%, 0, 2, 2, 169.36
1494048229, 3, 50, 495, 181, 0, 4.12%, 0, 2, 2, 183.74
1494048234, 3, 52, 495, 181, 0, 4.12%, 0, 2, 2, 174.94
1494048239, 3, 53, 495, 181, 0, 4.12%, 0, 2, 2, 180.05
1494048245, 3, 59, 495, 180, 0, 4.12%, 0, 2, 2, 176.76
1494048250, 3, 62, 495, 179, 0, 4.12%, 0, 2, 2, 171.68
1494048255, 3, 64, 495, 179, 0, 4.12%, 0, 2, 2, 155.39
1494048260, 3, 66, 495, 179, 0, 4.12%, 0, 2, 2, 151.74
1494048270, 3, 70, 495, 179, 0, 4.12%, 0, 2, 2, 173.97
1494048275, 3, 75, 495, 179, 0, 4.12%, 0, 2, 2, 168.74
1494048281, 3, 77, 495, 178, 0, 4.12%, 0, 2, 2, 174.35
1494048286, 3, 78, 495, 178, 0, 4.12%, 0, 2, 2, 186.11
1494048291, 3, 83, 495, 178, 0, 4.12%, 0, 2, 2, 169.97
1494048296, 3, 85, 495, 178, 0, 4.12%, 0, 2, 2, 170.79
1494048301, 3, 87, 495, 178, 0, 4.12%, 0, 2, 2, 166.96
1494048306, 3, 91, 495, 177, 0, 4.12%, 0, 2, 2, 159.91
1494048311, 3, 93, 495, 177, 0, 4.12%, 0, 2, 2, 178.72
1494048316, 3, 97, 495, 176, 0, 4.12%, 0, 2, 2, 168.11
1494048321, 3, 100, 495, 176, 0, 4.12%, 0, 2, 2, 185.15
1494048327, 3, 105, 495, 176, 0, 4.12%, 0, 2, 2, 161.99
1494048332, 3, 107, 495, 176, 0, 4.12%, 0, 2, 2, 168.65
1494048337, 3, 111, 495, 176, 0, 4.12%, 0, 2, 2, 168.48
1494048342, 3, 115, 495, 176, 0, 4.12%, 0, 2, 2, 157.27
1494048347, 3, 117, 495, 176, 0, 4.12%, 0, 2, 2, 132.76
1494048352, 3, 118, 495, 176, 0, 4.12%, 0, 2, 2, 148.32
1494048357, 3, 123, 495, 175, 0, 4.12%, 0, 2, 2, 148.69
1494048362, 3, 124, 495, 174, 0, 4.12%, 0, 2, 2, 185.68
1494048367, 3, 127, 495, 174, 0, 4.12%, 0, 2, 2, 188.71
1494048373, 3, 129, 495, 174, 0, 4.12%, 0, 2, 2, 184.69
1494048378, 3, 131, 495, 174, 0, 4.12%, 0, 2, 2, 178.60
1494048383, 3, 135, 495, 173, 0, 4.12%, 0, 2, 2, 179.17
1494048388, 3, 136, 495, 173, 0, 4.12%, 0, 2, 2, 153.54
1494048393, 3, 137, 495, 172, 0, 4.12%, 0, 2, 2, 214.74
1494048398, 3, 138, 495, 171, 0, 4.12%, 0, 2, 2, 133.97
1494048403, 3, 143, 495, 171, 0, 4.12%, 0, 2, 2, 156.47
1494048408, 3, 145, 495, 171, 0, 4.12%, 0, 2, 2, 159.02
1494048413, 3, 147, 495, 171, 0, 4.12%, 0, 2, 2, 165.17
1494048418, 3, 149, 495, 170, 0, 4.12%, 0, 2, 2, 188.53
1494048423, 3, 152, 495, 170, 0, 4.12%, 0, 2, 2, 164.61
1494048428, 3, 155, 495, 169, 0, 4.12%, 0, 2, 2, 156.63
1494048434, 3, 161, 495, 169, 0, 4.12%, 0, 2, 2, 166.82
1494048439, 3, 162, 495, 169, 0, 4.12%, 0, 2, 2, 177.77
1494048444, 3, 165, 495, 169, 0, 4.12%, 0, 2, 2, 181.33
1494048449, 3, 169, 495, 169, 0, 4.12%, 0, 2, 2, 193.09
1494048454, 3, 172, 495, 169, 0, 4.12%, 0, 2, 2, 191.09
1494048459, 3, 173, 495, 168, 0, 4.12%, 0, 2, 2, 182.42
1494048464, 3, 176, 495, 167, 0, 4.12%, 0, 2, 2, 182.07
1494048475, 3, 179, 495, 167, 0, 4.12%, 0, 2, 2, 175.72
1494048480, 3, 181, 495, 167, 0, 4.12%, 0, 2, 2, 186.96
1494048485, 3, 186, 495, 167, 0, 4.12%, 0, 2, 2, 168.69
1494048490, 3, 187, 495, 167, 0, 4.12%, 0, 2, 2, 180.69
1494048495, 3, 188, 495, 166, 0, 4.12%, 0, 2, 2, 165.98
1494048500, 3, 189, 495, 166, 0, 4.12%, 0, 2, 2, 132.05
1494048505, 3, 194, 495, 164, 0, 4.12%, 0, 2, 2, 177.83
1494048510, 3, 195, 495, 164, 0, 4.12%, 0, 2, 2, 189.34
1494048515, 3, 199, 495, 163, 0, 4.12%, 0, 2, 2, 168.40
1494048521, 3, 213, 495, 162, 0, 4.12%, 0, 2, 2, 160.90
1494048546, 3, 214, 495, 161, 0, 4.12%, 0, 2, 2, 138.13
1494048551, 3, 215, 495, 161, 0, 4.12%, 0, 2, 2, 163.32
1494048556, 3, 220, 495, 160, 0, 4.12%, 0, 2, 2, 163.87
1494048562, 3, 223, 495, 160, 0, 4.12%, 0, 2, 2, 163.36
1494048567, 3, 225, 495, 160, 0, 4.12%, 0, 2, 2, 159.55
1494048572, 3, 228, 495, 160, 0, 4.12%, 0, 2, 2, 171.82
1494048582, 3, 234, 495, 160, 0, 4.12%, 0, 2, 2, 140.74
1494048587, 3, 235, 495, 160, 0, 4.12%, 0, 2, 2, 177.16
1494048592, 3, 240, 495, 160, 0, 4.12%, 0, 2, 2, 201.06
1494048597, 3, 244, 495, 159, 0, 4.12%, 0, 2, 2, 199.09
1494048602, 3, 248, 495, 159, 0, 4.12%, 0, 2, 2, 172.45
1494048607, 3, 250, 495, 159, 0, 4.12%, 0, 2, 2, 162.04
1494048613, 3, 255, 495, 159, 0, 4.12%, 0, 2, 2, 149.10
1494048618, 3, 257, 495, 159, 0, 4.12%, 0, 2, 2, 180.74
1494048623, 3, 260, 495, 158, 0, 4.12%, 0, 2, 2, 200.64
1494048628, 3, 264, 495, 157, 0, 4.12%, 0, 2, 2, 50.46
1494048633, 3, 268, 495, 157, 0, 4.12%, 0, 2, 2, 127.39
1494048643, 3, 271, 495, 157, 0, 4.12%, 0, 2, 2, 181.32
1494048649, 3, 272, 495, 157, 0, 4.12%, 0, 2, 2, 189.83
1494048654, 3, 286, 495, 155, 0, 4.12%, 0, 2, 2, 179.61
1494048659, 3, 295, 495, 155, 0, 4.12%, 0, 2, 2, 186.73
1494048664, 3, 296, 495, 155, 0, 4.12%, 0, 2, 2, 186.92
1494048669, 3, 299, 495, 155, 0, 4.12%, 0, 2, 2, 178.79
1494048674, 3, 301, 495, 155, 0, 4.12%, 0, 2, 2, 171.55
1494048679, 3, 302, 495, 155, 0, 4.12%, 0, 2, 2, 183.12
1494048685, 3, 307, 495, 154, 0, 4.12%, 0, 2, 2, 180.15
1494048690, 3, 309, 495, 154, 0, 4.12%, 0, 2, 2, 50.38
1494048695, 3, 310, 495, 153, 0, 4.12%, 0, 2, 2, 111.07
1494048700, 3, 312, 495, 153, 0, 4.12%, 0, 2, 2, 94.39
1494048741, 3, 314, 495, 152, 0, 4.12%, 0, 2, 2, 122.90
1494048746, 3, 315, 495, 152, 0, 4.12%, 0, 2, 2, 173.32
1494048751, 3, 318, 495, 152, 0, 4.12%, 0, 2, 2, 148.37
1494048757, 3, 321, 495, 151, 0, 4.12%, 0, 2, 2, 132.09
1494048767, 3, 322, 495, 150, 0, 4.12%, 0, 2, 2, 156.29
1494048772, 3, 323, 495, 150, 0, 4.12%, 0, 2, 2, 163.69
1494048777, 3, 328, 495, 149, 0, 4.12%, 0, 2, 2, 187.06
1494048782, 3, 330, 495, 149, 0, 4.12%, 0, 2, 2, 194.50
1494048787, 3, 331, 495, 149, 0, 4.12%, 0, 2, 2, 176.46
1494048792, 3, 334, 495, 149, 0, 4.12%, 0, 2, 2, 152.16
1494048823, 3, 336, 495, 148, 0, 4.12%, 0, 2, 2, 125.26
1494048834, 3, 338, 495, 148, 0, 4.12%, 0, 2, 2, 155.37
1494048839, 3, 344, 495, 148, 0, 4.12%, 0, 2, 2, 110.78
1494048859, 3, 346, 495, 147, 0, 4.12%, 0, 2, 2, 48.41
1494048874, 3, 354, 495, 146, 0, 4.12%, 0, 2, 2, 72.43
1494048879, 3, 360, 495, 145, 0, 4.12%, 0, 2, 2, 97.97
1494048915, 3, 364, 495, 144, 0, 4.12%, 0, 2, 2, 111.25
1494048920, 3, 367, 495, 144, 0, 4.12%, 0, 2, 2, 138.65
1494048926, 3, 368, 495, 143, 0, 4.12%, 0, 2, 2, 169.61
1494048936, 3, 370, 495, 142, 0, 4.12%, 0, 2, 2, 154.15
1494048946, 3, 388, 495, 142, 0, 4.12%, 0, 2, 2, 82.47
1494048982, 3, 404, 495, 141, 0, 4.12%, 0, 2, 2, 100.91
1494049013, 3, 405, 495, 140, 0, 4.12%, 0, 2, 2, 114.85
1494049018, 3, 410, 495, 140, 0, 4.12%, 0, 2, 2, 128.09
1494049038, 3, 427, 495, 139, 0, 4.12%, 0, 2, 2, 149.03
1494049044, 3, 429, 495, 139, 0, 4.12%, 0, 2, 2, 171.44
1494049049, 3, 430, 495, 139, 0, 4.12%, 0, 2, 2, 133.19
1494049054, 3, 431, 495, 138, 0, 4.12%, 0, 2, 2, 145.91
1494049059, 3, 433, 496, 139, 0, 4.12%, 0, 2, 2, 157.32
1494049064, 3, 435, 496, 139, 0, 4.12%, 0, 2, 2, 142.98
1494049069, 3, 444, 496, 139, 0, 4.12%, 0, 2, 2, 140.87
1494049079, 3, 450, 496, 138, 0, 4.12%, 0, 2, 2, 155.15
1494049085, 3, 453, 496, 138, 0, 4.12%, 0, 2, 2, 25.85
1494049158, 3, 453, 496, 138, 0, 4.12%, 0, 3, 2, 17.91
1494049163, 3, 455, 496, 136, 0, 4.12%, 0, 3, 2, 158.74
1494049173, 3, 458, 496, 135, 0, 4.12%, 0, 3, 2, 149.18
1494049178, 3, 460, 496, 135, 0, 4.12%, 0, 3, 2, 163.34
1494049183, 3, 463, 496, 135, 0, 4.12%, 0, 3, 2, 21.45
1494049235, 3, 463, 496, 135, 0, 4.12%, 0, 4, 2, 54.35
1494049240, 3, 464, 496, 134, 0, 4.12%, 0, 4, 2, 27.28
1494049245, 3, 466, 496, 134, 0, 4.12%, 0, 4, 2, 126.04
1494049270, 3, 467, 496, 133, 0, 4.12%, 0, 4, 2, 84.72
1494049296, 3, 468, 496, 132, 0, 4.12%, 0, 4, 2, 153.99
1494049301, 3, 472, 496, 132, 0, 4.12%, 0, 4, 2, 119.19
1494049306, 3, 474, 496, 132, 0, 4.12%, 0, 4, 2, 87.29
1494049311, 3, 478, 496, 131, 0, 4.12%, 0, 4, 2, 134.52
1494049321, 3, 481, 496, 130, 0, 4.12%, 0, 4, 2, 110.75
1494049326, 3, 482, 496, 130, 0, 4.12%, 0, 4, 2, 132.63
1494049331, 3, 483, 496, 130, 0, 4.12%, 0, 4, 2, 185.54
1494049337, 3, 484, 496, 130, 0, 4.12%, 0, 4, 2, 40.27
1494049342, 3, 485, 496, 130, 0, 4.12%, 0, 4, 2, 122.64
1494049347, 3, 486, 496, 130, 0, 4.12%, 0, 4, 2, 149.40
1494049352, 3, 490, 496, 130, 0, 4.12%, 0, 4, 2, 139.61
1494049367, 4, 0, 496, 130, 0, 4.12%, 0, 4, 2, 113.78
1494049373, 4, 1, 496, 130, 0, 4.12%, 0, 4, 2, 155.31
1494049378, 4, 4, 496, 130, 0, 4.12%, 0, 4, 2, 168.99
1494049383, 4, 9, 496, 130, 0, 4.12%, 0, 4, 2, 167.73
1494049388, 4, 10, 496, 130, 0, 4.12%, 0, 4, 2, 158.19
1494049393, 4, 13, 496, 130, 0, 4.12%, 0, 4, 2, 34.22
1494049398, 4, 16, 496, 129, 0, 4.12%, 0, 4, 2, 177.33
1494049403, 4, 17, 496, 129, 0, 4.12%, 0, 4, 2, 164.99
1494049409, 4, 23, 496, 129, 0, 4.12%, 0, 4, 2, 178.44
1494049414, 4, 26, 496, 129, 0, 4.12%, 0, 4, 2, 172.88
1494049419, 4, 29, 496, 129, 0, 4.12%, 0, 4, 2, 171.98
1494049424, 4, 31, 496, 129, 0, 4.12%, 0, 4, 2, 143.10
1494049429, 4, 34, 496, 129, 0, 4.12%, 0, 4, 2, 160.61
1494049434, 4, 39, 496, 129, 0, 4.12%, 0, 4, 2, 187.57
1494049439, 4, 45, 496, 128, 0, 4.12%, 0, 4, 2, 191.94
1494049444, 4, 47, 496, 128, 0, 4.12%, 0, 4, 2, 176.63
1494049449, 4, 48, 496, 128, 0, 4.12%, 0, 4, 2, 147.78
1494049454, 4, 50, 496, 128, 0, 4.12%, 0, 4, 2, 157.76
1494049459, 4, 52, 496, 128, 0, 4.12%, 0, 4, 2, 155.20
1494049464, 4, 53, 496, 128, 0, 4.12%, 0, 4, 2, 169.31
1494049469, 4, 61, 496, 128, 0, 4.12%, 0, 4, 2, 147.50
1494049475, 4, 63, 496, 127, 0, 4.12%, 0, 4, 2, 155.27
1494049480, 4, 65, 496, 126, 0, 4.12%, 0, 4, 2, 176.28
1494049485, 4, 66, 496, 126, 0, 4.12%, 0, 4, 2, 158.01
1494049490, 4, 67, 496, 126, 0, 4.12%, 0, 4, 2, 161.34
1494049495, 4, 72, 496, 126, 0, 4.12%, 0, 4, 2, 170.03
1494049500, 4, 75, 496, 126, 0, 4.12%, 0, 4, 2, 165.64
1494049505, 4, 77, 496, 126, 0, 4.12%, 0, 4, 2, 170.43
1494049511, 4, 78, 496, 126, 0, 4.12%, 0, 4, 2, 186.73
1494049516, 4, 83, 496, 126, 0, 4.12%, 0, 4, 2, 172.90
1494049521, 4, 86, 496, 126, 0, 4.12%, 0, 4, 2, 164.82
1494049526, 4, 91, 496, 126, 0, 4.12%, 0, 4, 2, 155.81
1494049531, 4, 95, 496, 126, 0, 4.12%, 0, 4, 2, 164.48
1494049536, 4, 100, 496, 126, 0, 4.12%, 0, 4, 2, 178.27
1494049541, 4, 104, 496, 126, 0, 4.12%, 0, 4, 2, 171.61
1494049546, 4, 106, 496, 126, 0, 4.12%, 0, 4, 2, 142.72
1494049551, 4, 109, 496, 126, 0, 4.12%, 0, 4, 2, 165.62
1494049557, 4, 112, 496, 126, 0, 4.12%, 0, 4, 2, 207.67
1494049562, 4, 115, 496, 126, 0, 4.12%, 0, 4, 2, 171.10
1494049567, 4, 117, 496, 126, 0, 4.12%, 0, 4, 2, 156.85
1494049572, 4, 122, 496, 126, 0, 4.12%, 0, 4, 2, 158.41
1494049577, 4, 124, 496, 125, 0, 4.12%, 0, 4, 2, 187.97
1494049582, 4, 127, 496, 125, 0, 4.12%, 0, 4, 2, 184.37
1494049587, 4, 129, 496, 125, 0, 4.12%, 0, 4, 2, 129.57
1494049592, 4, 130, 496, 125, 0, 4.12%, 0, 4, 2, 149.00
1494049597, 4, 135, 496, 124, 0, 4.12%, 0, 4, 2, 146.85
1494049602, 4, 142, 496, 124, 0, 4.12%, 0, 4, 2, 155.10
1494049608, 4, 145, 496, 124, 0, 4.12%, 0, 4, 2, 162.81
1494049618, 4, 149, 496, 124, 0, 4.12%, 0, 4, 2, 184.35
1494049623, 4, 152, 496, 124, 0, 4.12%, 0, 4, 2, 152.69
1494049628, 4, 159, 496, 124, 0, 4.12%, 0, 4, 2, 145.81
1494049633, 4, 161, 496, 123, 0, 4.12%, 0, 4, 2, 161.37
1494049638, 4, 162, 496, 123, 0, 4.12%, 0, 4, 2, 178.86
1494049644, 4, 165, 496, 123, 0, 4.12%, 0, 4, 2, 189.68
1494049649, 4, 176, 496, 123, 0, 4.12%, 0, 4, 2, 90.63
1494049659, 4, 179, 496, 123, 0, 4.12%, 0, 4, 2, 187.64
1494049664, 4, 181, 496, 123, 0, 4.12%, 0, 4, 2, 176.52
1494049669, 4, 186, 496, 123, 0, 4.12%, 0, 4, 2, 179.24
1494049674, 4, 188, 496, 123, 0, 4.12%, 0, 4, 2, 152.23
1494049679, 4, 197, 496, 123, 0, 4.12%, 0, 4, 2, 187.61
1494049684, 4, 198, 496, 123, 0, 4.12%, 0, 4, 2, 189.98
1494049689, 4, 214, 496, 122, 0, 4.12%, 0, 4, 2, 188.22
1494049695, 4, 220, 496, 122, 0, 4.12%, 0, 4, 2, 190.51
1494049700, 4, 226, 496, 122, 0, 4.12%, 0, 4, 2, 167.02
1494049705, 4, 228, 496, 122, 0, 4.12%, 0, 4, 2, 166.47
1494049710, 4, 234, 496, 122, 0, 4.12%, 0, 4, 2, 168.50
1494049715, 4, 235, 496, 122, 0, 4.12%, 0, 4, 2, 175.17
1494049720, 4, 237, 496, 122, 0, 4.12%, 0, 4, 2, 174.41
1494049725, 4, 244, 496, 121, 0, 4.12%, 0, 4, 2, 175.62
1494049730, 4, 245, 496, 121, 0, 4.12%, 0, 4, 2, 168.93
1494049735, 4, 250, 496, 120, 0, 4.12%, 0, 4, 2, 185.13
1494049740, 4, 251, 496, 120, 0, 4.12%, 0, 4, 2, 45.30
1494049767, 4, 255, 496, 118, 0, 4.12%, 0, 4, 2, 139.46
1494049772, 4, 264, 496, 118, 0, 4.12%, 0, 4, 2, 181.22
1494049777, 4, 265, 496, 118, 0, 4.12%, 0, 4, 2, 166.75
1494049782, 4, 268, 496, 117, 0, 4.12%, 0, 4, 2, 166.01
1494049787, 4, 269, 496, 117, 0, 4.12%, 0, 4, 2, 178.98
1494049792, 4, 270, 496, 117, 0, 4.12%, 0, 4, 2, 162.42
1494049798, 4, 271, 496, 116, 0, 4.12%, 0, 4, 2, 192.98
1494049803, 4, 286, 496, 116, 0, 4.12%, 0, 4, 2, 197.30
1494049808, 4, 293, 496, 115, 0, 4.12%, 0, 4, 2, 186.05
1494049813, 4, 295, 496, 114, 0, 4.12%, 0, 4, 2, 182.53
1494049818, 4, 296, 496, 114, 0, 4.12%, 0, 4, 2, 60.50
1494049823, 4, 298, 496, 114, 0, 4.12%, 0, 4, 2, 174.47
1494049828, 4, 299, 496, 113, 0, 4.12%, 0, 4, 2, 184.63
1494049833, 4, 302, 496, 113, 0, 4.12%, 0, 4, 2, 174.41
1494049839, 4, 307, 496, 113, 0, 4.12%, 0, 4, 2, 165.74
1494049844, 4, 310, 496, 113, 0, 4.12%, 0, 4, 2, 212.66
1494049849, 4, 313, 496, 113, 0, 4.12%, 0, 4, 2, 179.14
1494049854, 4, 315, 496, 113, 0, 4.12%, 0, 4, 2, 116.37
1494049859, 4, 322, 496, 113, 0, 4.12%, 0, 4, 2, 154.22
1494049864, 4, 328, 496, 113, 0, 4.12%, 0, 4, 2, 173.00
1494049869, 4, 330, 496, 113, 0, 4.12%, 0, 4, 2, 184.05
1494049874, 4, 331, 496, 113, 0, 4.12%, 0, 4, 2, 199.89
1494049879, 4, 332, 496, 113, 0, 4.12%, 0, 4, 2, 177.70
1494049884, 4, 336, 496, 112, 0, 4.12%, 0, 4, 2, 162.93
1494049895, 4, 338, 496, 112, 0, 4.12%, 0, 4, 2, 153.88
1494049900, 4, 342, 496, 112, 0, 4.12%, 0, 4, 2, 160.46
1494049905, 4, 350, 496, 111, 0, 4.12%, 0, 4, 2, 82.87
1494049921, 4, 355, 496, 110, 0, 4.12%, 0, 4, 2, 143.18
1494049936, 4, 370, 496, 109, 0, 4.12%, 0, 4, 2, 188.25
1494049941, 4, 376, 496, 109, 0, 4.12%, 0, 4, 2, 155.87
1494049956, 4, 379, 496, 108, 0, 4.12%, 0, 4, 2, 157.98
1494049962, 4, 390, 496, 107, 0, 4.12%, 0, 4, 2, 112.83
1494049977, 4, 392, 496, 106, 0, 4.12%, 0, 4, 2, 38.73
1494049982, 4, 394, 496, 106, 0, 4.12%, 0, 4, 2, 149.21
1494049992, 4, 407, 496, 104, 0, 4.12%, 0, 4, 2, 112.89
1494049997, 4, 408, 496, 104, 0, 4.12%, 0, 4, 2, 73.60
1494050023, 4, 409, 496, 103, 0, 4.12%, 0, 4, 2, 102.71
1494050043, 4, 427, 496, 102, 0, 4.12%, 0, 4, 2, 151.96
1494050048, 4, 429, 496, 102, 0, 4.12%, 0, 4, 2, 164.27
1494050053, 4, 431, 496, 102, 0, 4.12%, 0, 4, 2, 158.12
1494050058, 4, 432, 496, 102, 0, 4.12%, 0, 4, 2, 169.27
1494050063, 4, 435, 496, 102, 0, 4.12%, 0, 4, 2, 149.53
1494050069, 4, 440, 496, 102, 0, 4.12%, 0, 4, 2, 168.64
1494050074, 4, 456, 496, 101, 0, 4.12%, 0, 4, 2, 166.41
1494050079, 4, 458, 496, 101, 0, 4.12%, 0, 4, 2, 155.28
1494050084, 4, 464, 496, 101, 0, 4.12%, 0, 4, 2, 170.90
1494050094, 4, 469, 496, 101, 0, 4.12%, 0, 4, 2, 137.57
1494050100, 4, 475, 496, 101, 0, 4.12%, 0, 4, 2, 134.37
1494050105, 4, 481, 496, 101, 0, 4.12%, 0, 4, 2, 196.65
1494050110, 4, 482, 496, 101, 0, 4.12%, 0, 4, 2, 150.47
1494050115, 4, 483, 496, 101, 0, 4.12%, 0, 4, 2, 171.71
1494050120, 4, 484, 496, 101, 0, 4.12%, 0, 4, 2, 127.87
1494050125, 4, 485, 496, 101, 0, 4.12%, 0, 4, 2, 139.54
1494050130, 4, 486, 496, 101, 0, 4.12%, 0, 4, 2, 141.53
1494050136, 4, 496, 497, 102, 1, 4.13%, 0, 4, 2, 81.32
1494050151, 5, 0, 497, 101, 0, 4.13%, 0, 4, 2, 155.96
1494050156, 5, 1, 497, 101, 0, 4.13%, 0, 4, 2, 156.23
1494050161, 5, 4, 497, 101, 0, 4.13%, 0, 4, 2, 161.10
1494050166, 5, 6, 497, 101, 0, 4.13%, 0, 4, 2, 160.58
1494050171, 5, 14, 497, 100, 0, 4.13%, 0, 4, 2, 177.12
1494050177, 5, 17, 497, 100, 0, 4.13%, 0, 4, 2, 166.38
1494050182, 5, 18, 497, 100, 0, 4.13%, 0, 4, 2, 181.30
1494050187, 5, 23, 497, 99, 0, 4.13%, 0, 4, 2, 190.65
1494050192, 5, 26, 497, 99, 0, 4.13%, 0, 4, 2, 167.70
1494050197, 5, 29, 497, 99, 0, 4.13%, 0, 4, 2, 180.21
1494050203, 5, 30, 497, 99, 0, 4.13%, 0, 4, 2, 15.24
1494050208, 5, 32, 497, 98, 0, 4.13%, 0, 4, 2, 164.64
1494050213, 5, 35, 497, 98, 0, 4.13%, 0, 4, 2, 177.78
1494050218, 5, 45, 497, 98, 0, 4.13%, 0, 4, 2, 192.03
1494050223, 5, 47, 497, 98, 0, 4.13%, 0, 4, 2, 158.89
1494050228, 5, 49, 497, 98, 0, 4.13%, 0, 4, 2, 151.94
1494050233, 5, 51, 497, 98, 0, 4.13%, 0, 4, 2, 172.08
1494050238, 5, 53, 497, 98, 0, 4.13%, 0, 4, 2, 173.24
1494050243, 5, 56, 497, 98, 0, 4.13%, 0, 4, 2, 188.17
1494050248, 5, 62, 497, 98, 0, 4.13%, 0, 4, 2, 157.16
1494050254, 5, 64, 497, 98, 0, 4.13%, 0, 4, 2, 157.04
1494050259, 5, 66, 497, 98, 0, 4.13%, 0, 4, 2, 157.53
1494050269, 5, 70, 497, 98, 0, 4.13%, 0, 4, 2, 168.61
1494050274, 5, 74, 497, 97, 0, 4.13%, 0, 4, 2, 163.61
1494050279, 5, 77, 497, 97, 0, 4.13%, 0, 4, 2, 160.26
1494050284, 5, 78, 497, 97, 0, 4.13%, 0, 4, 2, 177.64
1494050289, 5, 83, 497, 97, 0, 4.13%, 0, 4, 2, 152.04
1494050294, 5, 86, 497, 97, 0, 4.13%, 0, 4, 2, 158.35
1494050300, 5, 87, 497, 97, 0, 4.13%, 0, 4, 2, 139.25
1494050305, 5, 91, 497, 97, 0, 4.13%, 0, 4, 2, 168.00
1494050310, 5, 95, 497, 97, 0, 4.13%, 0, 4, 2, 155.90
1494050315, 5, 98, 497, 97, 0, 4.13%, 0, 4, 2, 165.40
1494050320, 5, 103, 497, 97, 0, 4.13%, 0, 4, 2, 165.24
1494050325, 5, 106, 497, 97, 0, 4.13%, 0, 4, 2, 160.37
1494050330, 5, 109, 497, 97, 0, 4.13%, 0, 4, 2, 164.56
1494050336, 5, 114, 497, 97, 0, 4.13%, 0, 4, 2, 162.00
1494050341, 5, 117, 497, 97, 0, 4.13%, 0, 4, 2, 160.03
1494050346, 5, 118, 497, 97, 0, 4.13%, 0, 4, 2, 149.78
1494050351, 5, 124, 497, 97, 0, 4.13%, 0, 4, 2, 182.22
1494050356, 5, 127, 497, 97, 0, 4.13%, 0, 4, 2, 190.18
1494050361, 5, 129, 497, 97, 0, 4.13%, 0, 4, 2, 180.54
1494050367, 5, 135, 497, 97, 0, 4.13%, 0, 4, 2, 172.09
1494050372, 5, 142, 497, 97, 0, 4.13%, 0, 4, 2, 146.06
1494050377, 5, 145, 497, 97, 0, 4.13%, 0, 4, 2, 161.47
1494050387, 5, 149, 497, 97, 0, 4.13%, 0, 4, 2, 184.92
1494050392, 5, 152, 497, 97, 0, 4.13%, 0, 4, 2, 171.77
1494050397, 5, 157, 497, 97, 0, 4.13%, 0, 4, 2, 163.64
1494050402, 5, 161, 497, 97, 0, 4.13%, 0, 4, 2, 160.18
1494050407, 5, 162, 497, 97, 0, 4.13%, 0, 4, 2, 165.92
1494050412, 5, 165, 497, 97, 0, 4.13%, 0, 4, 2, 186.54
1494050418, 5, 169, 497, 96, 0, 4.13%, 0, 4, 2, 179.25
1494050423, 5, 176, 497, 96, 0, 4.13%, 0, 4, 2, 175.26
1494050428, 5, 178, 497, 96, 0, 4.13%, 0, 4, 2, 167.12
1494050438, 5, 179, 497, 95, 0, 4.13%, 0, 4, 2, 183.74
1494050443, 5, 181, 497, 95, 0, 4.13%, 0, 4, 2, 185.67
1494050448, 5, 186, 497, 94, 0, 4.13%, 0, 4, 2, 184.48
1494050453, 5, 188, 497, 94, 0, 4.13%, 0, 4, 2, 178.19
1494050458, 5, 197, 497, 94, 0, 4.13%, 0, 4, 2, 162.25
1494050464, 5, 205, 497, 93, 0, 4.13%, 0, 4, 2, 178.02
1494050469, 5, 209, 497, 93, 0, 4.13%, 0, 4, 2, 170.35
1494050474, 5, 213, 497, 92, 0, 4.13%, 0, 4, 2, 172.41
1494050479, 5, 214, 497, 92, 0, 4.13%, 0, 4, 2, 177.46
1494050484, 5, 221, 497, 92, 0, 4.13%, 0, 4, 2, 173.84
1494050489, 5, 226, 497, 92, 0, 4.13%, 0, 4, 2, 174.33
1494050494, 5, 228, 497, 92, 0, 4.13%, 0, 4, 2, 162.25
1494050500, 5, 231, 497, 92, 0, 4.13%, 0, 4, 2, 84.89
1494050505, 5, 232, 497, 91, 0, 4.13%, 0, 4, 2, 111.40
1494050510, 5, 234, 497, 91, 0, 4.13%, 0, 4, 2, 168.99
1494050515, 5, 244, 497, 91, 0, 4.13%, 0, 4, 2, 177.25
1494050520, 5, 248, 497, 91, 0, 4.13%, 0, 4, 2, 165.35
1494050525, 5, 250, 497, 91, 0, 4.13%, 0, 4, 2, 147.08
1494050530, 5, 261, 497, 91, 0, 4.13%, 0, 4, 2, 161.68
1494050540, 5, 264, 497, 90, 0, 4.13%, 0, 4, 2, 175.17
1494050545, 5, 268, 497, 90, 0, 4.13%, 0, 4, 2, 187.02
1494050550, 5, 269, 497, 90, 0, 4.13%, 0, 4, 2, 182.97
1494050555, 5, 271, 497, 90, 0, 4.13%, 0, 4, 2, 184.85
1494050561, 5, 284, 497, 89, 0, 4.13%, 0, 4, 2, 134.28
1494050566, 5, 285, 497, 88, 0, 4.13%, 0, 4, 2, 129.30
1494050576, 5, 286, 497, 87, 0, 4.13%, 0, 4, 2, 155.18
1494050581, 5, 294, 497, 87, 0, 4.13%, 0, 4, 2, 140.04
1494050591, 5, 295, 497, 86, 0, 4.13%, 0, 4, 2, 160.02
1494050596, 5, 297, 497, 86, 0, 4.13%, 0, 4, 2, 173.18
1494050602, 5, 299, 497, 86, 0, 4.13%, 0, 4, 2, 168.25
1494050607, 5, 302, 497, 86, 0, 4.13%, 0, 4, 2, 174.51
1494050612, 5, 306, 497, 86, 0, 4.13%, 0, 4, 2, 164.21
1494050617, 5, 307, 497, 85, 0, 4.13%, 0, 4, 2, 159.58
1494050622, 5, 310, 497, 85, 0, 4.13%, 0, 4, 2, 150.60
1494050627, 5, 314, 497, 85, 0, 4.13%, 0, 4, 2, 130.84
1494050632, 5, 315, 497, 85, 0, 4.13%, 0, 4, 2, 177.20
1494050637, 5, 327, 497, 85, 0, 4.13%, 0, 4, 2, 170.28
1494050643, 5, 328, 497, 85, 0, 4.13%, 0, 4, 2, 179.10
1494050648, 5, 329, 497, 85, 0, 4.13%, 0, 4, 2, 146.77
1494050658, 5, 330, 497, 84, 0, 4.13%, 0, 4, 2, 148.29
1494050668, 5, 333, 497, 84, 0, 4.13%, 0, 4, 2, 166.32
1494050673, 5, 336, 497, 84, 0, 4.13%, 0, 4, 2, 173.71
1494050678, 5, 337, 497, 84, 0, 4.13%, 0, 4, 2, 181.58
1494050683, 5, 339, 497, 84, 0, 4.13%, 0, 4, 2, 12.12
1494050688, 5, 349, 497, 83, 0, 4.13%, 0, 4, 2, 43.56
1494050709, 5, 351, 497, 82, 0, 4.13%, 0, 4, 2, 175.67
1494050714, 5, 356, 497, 81, 0, 4.13%, 0, 4, 2, 26.02
1494050791, 5, 367, 497, 80, 0, 4.13%, 0, 4, 2, 134.59
1494050796, 5, 370, 497, 80, 0, 4.13%, 0, 4, 2, 182.38
1494050802, 5, 392, 497, 79, 0, 4.13%, 0, 4, 2, 176.83
1494050807, 5, 395, 497, 79, 0, 4.13%, 0, 4, 2, 97.46
1494050812, 5, 399, 497, 78, 0, 4.13%, 0, 4, 2, 110.97
1494050817, 5, 407, 497, 77, 0, 4.13%, 0, 4, 2, 154.35
1494050822, 5, 413, 497, 77, 0, 4.13%, 0, 4, 2, 177.91
1494050827, 5, 419, 497, 77, 0, 4.13%, 0, 4, 2, 170.87
1494050832, 5, 427, 497, 77, 0, 4.13%, 0, 4, 2, 156.87
1494050837, 5, 428, 497, 77, 0, 4.13%, 0, 4, 2, 114.51
1494050842, 5, 429, 497, 76, 0, 4.13%, 0, 4, 2, 171.69
1494050848, 5, 431, 497, 76, 0, 4.13%, 0, 4, 2, 164.86
1494050853, 5, 433, 497, 76, 0, 4.13%, 0, 4, 2, 159.51
1494050858, 5, 439, 497, 76, 0, 4.13%, 0, 4, 2, 161.81
1494050863, 5, 441, 497, 76, 0, 4.13%, 0, 4, 2, 153.29
1494050868, 5, 450, 497, 76, 0, 4.13%, 0, 4, 2, 151.86
1494050873, 5, 457, 497, 76, 0, 4.13%, 0, 4, 2, 147.11
1494050893, 5, 460, 497, 75, 0, 4.13%, 0, 4, 2, 164.37
1494050898, 5, 464, 497, 75, 0, 4.13%, 0, 4, 2, 189.59
1494050904, 5, 468, 497, 75, 0, 4.13%, 0, 4, 2, 151.03
1494050909, 5, 470, 497, 75, 0, 4.13%, 0, 4, 2, 41.39
1494050929, 5, 472, 497, 74, 0, 4.13%, 0, 4, 2, 80.16
1494050934, 5, 479, 497, 74, 0, 4.13%, 0, 4, 2, 119.83
1494050939, 5, 481, 497, 74, 0, 4.13%, 0, 4, 2, 135.92
1494050944, 5, 483, 497, 74, 0, 4.13%, 0, 4, 2, 155.30
1494050955, 5, 485, 497, 74, 0, 4.13%, 0, 4, 2, 87.23
1494050960, 5, 486, 497, 74, 0, 4.13%, 0, 4, 2, 116.41
1494050970, 5, 490, 497, 74, 0, 4.13%, 0, 4, 2, 139.90
1494050980, 5, 493, 497, 74, 0, 4.13%, 0, 4, 2, 34.87
1494050985, 5, 494, 497, 74, 0, 4.13%, 0, 4, 2, 109.24
1494050991, 5, 495, 497, 73, 0, 4.13%, 0, 4, 2, 95.48
1494051001, 5, 496, 497, 72, 0, 4.13%, 0, 4, 2, 172.03
1494051006, 6, 1, 497, 72, 0, 4.13%, 0, 4, 2, 168.22
1494051011, 6, 4, 497, 72, 0, 4.13%, 0, 4, 2, 177.55
1494051016, 6, 9, 497, 72, 0, 4.13%, 0, 4, 2, 181.45
1494051021, 6, 14, 497, 72, 0, 4.13%, 0, 4, 2, 183.91
1494051027, 6, 17, 497, 72, 0, 4.13%, 0, 4, 2, 154.52
1494051032, 6, 22, 497, 72, 0, 4.13%, 0, 4, 2, 163.71
1494051037, 6, 23, 497, 71, 0, 4.13%, 0, 4, 2, 165.61
1494051042, 6, 25, 497, 71, 0, 4.13%, 0, 4, 2, 180.78
1494051047, 6, 26, 497, 71, 0, 4.13%, 0, 4, 2, 172.98
1494051052, 6, 29, 497, 71, 0, 4.13%, 0, 4, 2, 181.93
1494051057, 6, 31, 497, 71, 0, 4.13%, 0, 4, 2, 152.38
1494051062, 6, 34, 497, 71, 0, 4.13%, 0, 4, 2, 156.94
1494051068, 6, 41, 497, 71, 0, 4.13%, 0, 4, 2, 175.88
1494051073, 6, 46, 497, 71, 0, 4.13%, 0, 4, 2, 160.90
1494051078, 6, 48, 497, 71, 0, 4.13%, 0, 4, 2, 160.78
1494051083, 6, 50, 497, 71, 0, 4.13%, 0, 4, 2, 161.34
1494051088, 6, 52, 497, 71, 0, 4.13%, 0, 4, 2, 34.47
1494051093, 6, 53, 497, 71, 0, 4.13%, 0, 4, 2, 140.90
1494051098, 6, 62, 497, 71, 0, 4.13%, 0, 4, 2, 161.37
1494051103, 6, 64, 497, 71, 0, 4.13%, 0, 4, 2, 151.08
1494051108, 6, 66, 497, 71, 0, 4.13%, 0, 4, 2, 173.92
1494051113, 6, 67, 497, 71, 0, 4.13%, 0, 4, 2, 173.54
1494051118, 6, 72, 497, 71, 0, 4.13%, 0, 4, 2, 181.69
1494051124, 6, 74, 497, 71, 0, 4.13%, 0, 4, 2, 145.69
1494051129, 6, 78, 497, 71, 0, 4.13%, 0, 4, 2, 157.75
1494051134, 6, 80, 497, 71, 0, 4.13%, 0, 4, 2, 157.63
1494051139, 6, 82, 497, 70, 0, 4.13%, 0, 4, 2, 148.92
1494051144, 6, 85, 497, 70, 0, 4.13%, 0, 4, 2, 166.21
1494051149, 6, 87, 497, 70, 0, 4.13%, 0, 4, 2, 148.20
1494051155, 6, 91, 497, 70, 0, 4.13%, 0, 4, 2, 148.68
1494051160, 6, 94, 497, 70, 0, 4.13%, 0, 4, 2, 175.51
1494051165, 6, 96, 497, 70, 0, 4.13%, 0, 4, 2, 186.29
1494051170, 6, 100, 497, 70, 0, 4.13%, 0, 4, 2, 198.92
1494051175, 6, 104, 497, 70, 0, 4.13%, 0, 4, 2, 165.81
1494051180, 6, 106, 497, 70, 0, 4.13%, 0, 4, 2, 169.31
1494051186, 6, 108, 497, 70, 0, 4.13%, 0, 4, 2, 123.85
1494051191, 6, 111, 497, 69, 0, 4.13%, 0, 4, 2, 153.37
1494051196, 6, 114, 497, 69, 0, 4.13%, 0, 4, 2, 172.14
1494051201, 6, 116, 497, 69, 0, 4.13%, 0, 4, 2, 163.01
1494051206, 6, 118, 497, 69, 0, 4.13%, 0, 4, 2, 143.42
1494051211, 6, 124, 497, 69, 0, 4.13%, 0, 4, 2, 162.40
1494051221, 6, 129, 497, 69, 0, 4.13%, 0, 4, 2, 185.19
1494051231, 6, 135, 497, 69, 0, 4.13%, 0, 4, 2, 173.50
1494051237, 6, 139, 497, 69, 0, 4.13%, 0, 4, 2, 130.98
1494051242, 6, 142, 497, 68, 0, 4.13%, 0, 4, 2, 131.13
1494051247, 6, 144, 497, 68, 0, 4.13%, 0, 4, 2, 155.40
1494051252, 6, 145, 497, 67, 0, 4.13%, 0, 4, 2, 181.31
1494051257, 6, 149, 497, 66, 0, 4.13%, 0, 4, 2, 177.25
1494051267, 6, 152, 497, 65, 0, 4.13%, 0, 4, 2, 174.78
1494051272, 6, 154, 497, 65, 0, 4.13%, 0, 4, 2, 172.14
1494051277, 6, 155, 497, 64, 0, 4.13%, 0, 4, 2, 167.13
1494051282, 6, 159, 497, 64, 0, 4.13%, 0, 4, 2, 174.43
1494051287, 6, 162, 497, 64, 0, 4.13%, 0, 4, 2, 177.23
1494051292, 6, 165, 497, 64, 0, 4.13%, 0, 4, 2, 181.81
1494051297, 6, 169, 497, 64, 0, 4.13%, 0, 4, 2, 192.94
1494051303, 6, 176, 497, 64, 0, 4.13%, 0, 4, 2, 185.77
1494051308, 6, 179, 497, 64, 0, 4.13%, 0, 4, 2, 180.80
1494051313, 6, 180, 497, 64, 0, 4.13%, 0, 4, 2, 177.66
1494051318, 6, 181, 497, 64, 0, 4.13%, 0, 4, 2, 142.92
1494051323, 6, 186, 497, 64, 0, 4.13%, 0, 4, 2, 167.91
1494051328, 6, 188, 497, 64, 0, 4.13%, 0, 4, 2, 156.06
1494051334, 6, 196, 497, 63, 0, 4.13%, 0, 4, 2, 165.34
1494051339, 6, 197, 497, 62, 0, 4.13%, 0, 4, 2, 160.25
1494051344, 6, 214, 497, 62, 0, 4.13%, 0, 4, 2, 182.78
1494051349, 6, 216, 497, 62, 0, 4.13%, 0, 4, 2, 175.55
1494051354, 6, 220, 497, 61, 0, 4.13%, 0, 4, 2, 183.49
1494051359, 6, 226, 497, 61, 0, 4.13%, 0, 4, 2, 165.77
1494051364, 6, 228, 497, 61, 0, 4.13%, 0, 4, 2, 163.10
1494051369, 6, 234, 497, 61, 0, 4.13%, 0, 4, 2, 167.43
1494051375, 6, 235, 497, 61, 0, 4.13%, 0, 4, 2, 163.40
1494051380, 6, 244, 497, 61, 0, 4.13%, 0, 4, 2, 171.82
1494051385, 6, 248, 497, 61, 0, 4.13%, 0, 4, 2, 167.48
1494051390, 6, 255, 497, 61, 0, 4.13%, 0, 4, 2, 153.05
1494051395, 6, 264, 497, 61, 0, 4.13%, 0, 4, 2, 181.12
1494051405, 6, 268, 497, 61, 0, 4.13%, 0, 4, 2, 177.42
1494051411, 6, 269, 497, 61, 0, 4.13%, 0, 4, 2, 181.89
1494051416, 6, 271, 497, 61, 0, 4.13%, 0, 4, 2, 184.28
1494051421, 6, 286, 497, 61, 0, 4.13%, 0, 4, 2, 185.98
1494051426, 6, 290, 497, 61, 0, 4.13%, 0, 4, 2, 131.34
1494051431, 6, 292, 497, 60, 0, 4.13%, 0, 4, 2, 157.00
1494051436, 6, 295, 497, 60, 0, 4.13%, 0, 4, 2, 184.27
1494051441, 6, 297, 497, 60, 0, 4.13%, 0, 4, 2, 173.85
1494051446, 6, 299, 497, 60, 0, 4.13%, 0, 4, 2, 170.61
1494051451, 6, 302, 497, 60, 0, 4.13%, 0, 4, 2, 186.77
1494051457, 6, 307, 497, 60, 0, 4.13%, 0, 4, 2, 166.34
1494051462, 6, 310, 497, 60, 0, 4.13%, 0, 4, 2, 182.08
1494051467, 6, 314, 497, 59, 0, 4.13%, 0, 4, 2, 167.70
1494051472, 6, 315, 497, 59, 0, 4.13%, 0, 4, 2, 200.34
1494051477, 6, 317, 497, 59, 0, 4.13%, 0, 4, 2, 228.77
1494051482, 6, 325, 497, 58, 0, 4.13%, 0, 4, 2, 187.19
1494051488, 6, 328, 497, 57, 0, 4.13%, 0, 4, 2, 191.42
1494051493, 6, 329, 497, 57, 0, 4.13%, 0, 4, 2, 186.88
1494051498, 6, 330, 497, 57, 0, 4.13%, 0, 4, 2, 196.75
1494051503, 6, 333, 497, 57, 0, 4.13%, 0, 4, 2, 174.66
1494051508, 6, 335, 497, 57, 0, 4.13%, 0, 4, 2, 117.21
1494051529, 6, 336, 497, 56, 0, 4.13%, 0, 4, 2, 160.40
1494051534, 6, 338, 497, 56, 0, 4.13%, 0, 4, 2, 165.03
1494051539, 6, 357, 497, 56, 0, 4.13%, 0, 4, 2, 140.74
1494051549, 6, 370, 497, 55, 0, 4.13%, 0, 4, 2, 153.74
1494051559, 6, 381, 497, 55, 0, 4.13%, 0, 4, 2, 20.12
1494051615, 6, 381, 497, 55, 0, 4.13%, 0, 5, 2, 30.89
1494051621, 6, 391, 497, 54, 0, 4.13%, 0, 5, 2, 103.33
1494051626, 6, 392, 497, 53, 0, 4.13%, 0, 5, 2, 88.26
1494051631, 6, 410, 497, 53, 0, 4.13%, 0, 5, 2, 134.78
1494051636, 6, 427, 497, 53, 0, 4.13%, 0, 5, 2, 146.86
1494051641, 6, 429, 497, 53, 0, 4.13%, 0, 5, 2, 172.75
1494051646, 6, 431, 497, 53, 0, 4.13%, 0, 5, 2, 168.33
1494051652, 6, 433, 497, 53, 0, 4.13%, 0, 5, 2, 167.64
1494051657, 6, 434, 497, 53, 0, 4.13%, 0, 5, 2, 153.67
1494051662, 6, 435, 497, 52, 0, 4.13%, 0, 5, 2, 160.96
1494051667, 6, 442, 497, 52, 0, 4.13%, 0, 5, 2, 126.01
1494051688, 6, 450, 497, 51, 0, 4.13%, 0, 5, 2, 142.78
1494051693, 6, 458, 497, 51, 0, 4.13%, 0, 5, 2, 148.77
1494051698, 6, 464, 497, 51, 0, 4.13%, 0, 5, 2, 169.17
1494051703, 6, 468, 497, 51, 0, 4.13%, 0, 5, 2, 182.34
1494051708, 6, 472, 497, 51, 0, 4.13%, 0, 5, 2, 143.64
1494051713, 6, 475, 497, 51, 0, 4.13%, 0, 5, 2, 144.49
1494051718, 6, 477, 498, 52, 0, 4.13%, 0, 5, 2, 61.73
1494051723, 6, 497, 499, 52, 1, 4.13%, 0, 5, 2, 29.55
1494051739, 6, 498, 499, 51, 0, 4.13%, 0, 5, 2, 108.10
1494051754, 7, 1, 499, 50, 0, 4.13%, 0, 5, 2, 144.84
1494051759, 7, 2, 499, 50, 0, 4.13%, 0, 5, 2, 150.66
1494051764, 7, 4, 499, 50, 0, 4.13%, 0, 5, 2, 196.50
1494051769, 7, 11, 499, 50, 0, 4.13%, 0, 5, 2, 169.86
1494051775, 7, 14, 499, 50, 0, 4.13%, 0, 5, 2, 178.88
1494051780, 7, 17, 499, 50, 0, 4.13%, 0, 5, 2, 158.33
1494051785, 7, 19, 499, 50, 0, 4.13%, 0, 5, 2, 172.00
1494051790, 7, 24, 499, 50, 0, 4.13%, 0, 5, 2, 182.27
1494051795, 7, 28, 499, 50, 0, 4.13%, 0, 5, 2, 167.78
1494051800, 7, 29, 499, 50, 0, 4.13%, 0, 5, 2, 157.61
1494051805, 7, 32, 499, 50, 0, 4.13%, 0, 5, 2, 155.49
1494051810, 7, 35, 499, 50, 0, 4.13%, 0, 5, 2, 175.54
1494051816, 7, 44, 499, 50, 0, 4.13%, 0, 5, 2, 194.24
1494051821, 7, 46, 499, 50, 0, 4.13%, 0, 5, 2, 177.40
1494051826, 7, 48, 499, 50, 0, 4.13%, 0, 5, 2, 151.76
1494051831, 7, 50, 499, 50, 0, 4.13%, 0, 5, 2, 165.00
1494051836, 7, 52, 499, 50, 0, 4.13%, 0, 5, 2, 181.44
1494051841, 7, 53, 499, 50, 0, 4.13%, 0, 5, 2, 186.54
1494051846, 7, 62, 499, 50, 0, 4.13%, 0, 5, 2, 150.77
1494051851, 7, 64, 499, 50, 0, 4.13%, 0, 5, 2, 152.88
1494051856, 7, 66, 499, 50, 0, 4.13%, 0, 5, 2, 146.44
1494051861, 7, 67, 499, 50, 0, 4.13%, 0, 5, 2, 165.47
1494051867, 7, 68, 499, 50, 0, 4.13%, 0, 5, 2, 180.70
1494051872, 7, 72, 499, 49, 0, 4.13%, 0, 5, 2, 161.68
1494051877, 7, 75, 499, 49, 0, 4.13%, 0, 5, 2, 171.82
1494051882, 7, 78, 499, 49, 0, 4.13%, 0, 5, 2, 177.24
1494051887, 7, 83, 499, 49, 0, 4.13%, 0, 5, 2, 162.01
1494051892, 7, 86, 499, 49, 0, 4.13%, 0, 5, 2, 168.37
1494051897, 7, 87, 499, 49, 0, 4.13%, 0, 5, 2, 162.65
1494051903, 7, 94, 499, 49, 0, 4.13%, 0, 5, 2, 148.89
1494051908, 7, 98, 499, 49, 0, 4.13%, 0, 5, 2, 174.44
1494051913, 7, 104, 499, 49, 0, 4.13%, 0, 5, 2, 170.45
1494051918, 7, 106, 499, 49, 0, 4.13%, 0, 5, 2, 158.25
1494051923, 7, 107, 499, 49, 0, 4.13%, 0, 5, 2, 159.51
1494051928, 7, 113, 499, 49, 0, 4.13%, 0, 5, 2, 175.99
1494051933, 7, 115, 499, 48, 0, 4.13%, 0, 5, 2, 149.22
1494051939, 7, 117, 499, 48, 0, 4.13%, 0, 5, 2, 138.93
1494051944, 7, 124, 499, 48, 0, 4.13%, 0, 5, 2, 202.85
1494051949, 7, 127, 499, 48, 0, 4.13%, 0, 5, 2, 183.68
1494051954, 7, 129, 500, 49, 0, 4.13%, 0, 5, 2, 181.98
1494051964, 7, 138, 500, 49, 0, 4.13%, 0, 5, 2, 167.22
1494051969, 7, 140, 500, 49, 0, 4.13%, 0, 5, 2, 157.25
1494051974, 7, 142, 500, 48, 0, 4.13%, 0, 5, 2, 155.10
1494051980, 7, 145, 500, 48, 0, 4.13%, 0, 5, 2, 165.31
1494051985, 7, 147, 500, 48, 0, 4.13%, 0, 5, 2, 181.95
1494051990, 7, 149, 500, 48, 0, 4.13%, 0, 5, 2, 176.06
1494051995, 7, 152, 500, 47, 0, 4.13%, 0, 5, 2, 166.06
1494052000, 7, 155, 500, 47, 0, 4.13%, 0, 5, 2, 139.63
1494052005, 7, 159, 500, 47, 0, 4.13%, 0, 5, 2, 159.62
1494052010, 7, 162, 500, 47, 0, 4.13%, 0, 5, 2, 177.62
1494052015, 7, 165, 500, 47, 0, 4.13%, 0, 5, 2, 189.83
1494052021, 7, 169, 500, 47, 0, 4.13%, 0, 5, 2, 192.18
1494052026, 7, 176, 500, 47, 0, 4.13%, 0, 5, 2, 187.09
1494052031, 7, 179, 500, 47, 0, 4.13%, 0, 5, 2, 191.97
1494052036, 7, 181, 500, 47, 0, 4.13%, 0, 5, 2, 196.78
1494052041, 7, 186, 500, 47, 0, 4.13%, 0, 5, 2, 192.21
1494052046, 7, 188, 500, 47, 0, 4.13%, 0, 5, 2, 168.52
1494052052, 7, 191, 500, 47, 0, 4.13%, 0, 5, 2, 146.24
1494052057, 7, 194, 500, 46, 0, 4.13%, 0, 5, 2, 162.78
1494052062, 7, 214, 500, 45, 0, 4.13%, 0, 5, 2, 169.62
1494052067, 7, 220, 500, 45, 0, 4.13%, 0, 5, 2, 179.51
1494052072, 7, 221, 500, 45, 0, 4.13%, 0, 5, 2, 181.72
1494052077, 7, 227, 500, 45, 0, 4.13%, 0, 5, 2, 177.01
1494052082, 7, 229, 500, 45, 0, 4.13%, 0, 5, 2, 143.58
1494052087, 7, 232, 500, 44, 0, 4.13%, 0, 5, 2, 143.48
1494052092, 7, 234, 500, 44, 0, 4.13%, 0, 5, 2, 184.76
1494052098, 7, 238, 500, 44, 0, 4.13%, 0, 5, 2, 172.47
1494052103, 7, 244, 500, 43, 0, 4.13%, 0, 5, 2, 191.72
1494052113, 7, 250, 500, 43, 0, 4.13%, 0, 5, 2, 161.39
1494052118, 7, 263, 500, 43, 0, 4.13%, 0, 5, 2, 160.26
1494052123, 7, 264, 500, 43, 0, 4.13%, 0, 5, 2, 178.47
1494052128, 7, 268, 500, 43, 0, 4.13%, 0, 5, 2, 168.45
1494052139, 7, 271, 500, 43, 0, 4.13%, 0, 5, 2, 185.57
1494052144, 7, 272, 500, 43, 0, 4.13%, 0, 5, 2, 198.76
1494052149, 7, 282, 500, 43, 0, 4.13%, 0, 5, 2, 203.68
1494052154, 7, 292, 500, 42, 0, 4.13%, 0, 5, 2, 189.23
1494052159, 7, 295, 500, 42, 0, 4.13%, 0, 5, 2, 187.35
1494052164, 7, 297, 500, 42, 0, 4.13%, 0, 5, 2, 175.97
1494052169, 7, 299, 500, 42, 0, 4.13%, 0, 5, 2, 187.09
1494052175, 7, 302, 500, 42, 0, 4.13%, 0, 5, 2, 174.26
1494052180, 7, 307, 500, 42, 0, 4.13%, 0, 5, 2, 177.70
1494052185, 7, 310, 500, 42, 0, 4.13%, 0, 5, 2, 167.51
1494052190, 7, 314, 500, 42, 0, 4.13%, 0, 5, 2, 152.65
1494052195, 7, 315, 500, 42, 0, 4.13%, 0, 5, 2, 158.06
1494052200, 7, 322, 500, 42, 0, 4.13%, 0, 5, 2, 164.29
1494052205, 7, 328, 500, 42, 0, 4.13%, 0, 5, 2, 192.66
1494052216, 7, 330, 500, 42, 0, 4.13%, 0, 5, 2, 189.72
1494052221, 7, 333, 500, 42, 0, 4.13%, 0, 5, 2, 169.02
1494052226, 7, 336, 500, 42, 0, 4.13%, 0, 5, 2, 159.65
1494052231, 7, 337, 500, 42, 0, 4.13%, 0, 5, 2, 174.60
1494052236, 7, 358, 500, 42, 0, 4.13%, 0, 5, 2, 147.82
1494052241, 7, 366, 500, 42, 0, 4.13%, 0, 5, 2, 155.47
1494052246, 7, 370, 500, 42, 0, 4.13%, 0, 5, 2, 180.13
1494052251, 7, 377, 500, 42, 0, 4.13%, 0, 5, 2, 182.36
1494052256, 7, 389, 500, 41, 0, 4.13%, 0, 5, 2, 22.92
1494052313, 7, 390, 500, 40, 0, 4.13%, 0, 5, 2, 138.06
1494052318, 7, 392, 500, 40, 0, 4.13%, 0, 5, 2, 64.74
1494052323, 7, 402, 500, 40, 0, 4.13%, 0, 5, 2, 59.74
1494052344, 7, 403, 501, 40, 0, 4.13%, 0, 5, 2, 129.37
1494052349, 7, 412, 501, 40, 0, 4.13%, 0, 5, 2, 146.97
1494052354, 7, 427, 501, 39, 0, 4.13%, 0, 5, 2, 159.91
1494052359, 7, 429, 501, 39, 0, 4.13%, 0, 5, 2, 163.69
1494052364, 7, 431, 501, 39, 0, 4.13%, 0, 5, 2, 166.22
1494052369, 7, 433, 501, 39, 0, 4.13%, 0, 5, 2, 163.71
1494052374, 7, 435, 501, 39, 0, 4.13%, 0, 5, 2, 67.48
1494052379, 7, 450, 501, 39, 0, 4.13%, 0, 5, 2, 126.29
1494052384, 7, 456, 501, 39, 0, 4.13%, 0, 5, 2, 15.64
1494052390, 7, 464, 501, 39, 0, 4.13%, 0, 5, 2, 150.32
1494052395, 7, 465, 501, 39, 0, 4.13%, 0, 5, 2, 171.42
1494052405, 7, 472, 501, 39, 0, 4.13%, 0, 5, 2, 155.19
1494052410, 7, 475, 501, 39, 0, 4.13%, 0, 5, 2, 137.21
1494052415, 7, 481, 501, 39, 0, 4.13%, 0, 5, 2, 140.54
1494052421, 7, 483, 501, 39, 0, 4.13%, 0, 5, 2, 140.36
1494052431, 7, 485, 501, 39, 0, 4.13%, 0, 5, 2, 119.52
1494052436, 7, 486, 501, 39, 0, 4.13%, 0, 5, 2, 139.62
1494052441, 7, 487, 501, 39, 0, 4.13%, 0, 5, 2, 135.37
1494052446, 7, 490, 501, 39, 0, 4.13%, 0, 5, 2, 141.69
1494052457, 7, 493, 501, 39, 0, 4.13%, 0, 5, 2, 110.46
1494052462, 7, 496, 501, 39, 0, 4.13%, 0, 5, 2, 129.11
1494052467, 7, 498, 501, 39, 0, 4.13%, 0, 5, 2, 175.90
1494052472, 7, 500, 501, 39, 0, 4.13%, 0, 5, 2, 151.02
1494052508, 8, 0, 501, 38, 0, 4.13%, 0, 5, 2, 188.39
1494052513, 8, 2, 501, 38, 0, 4.13%, 0, 5, 2, 177.36
1494052518, 8, 4, 501, 38, 0, 4.13%, 0, 5, 2, 184.63
1494052523, 8, 9, 501, 38, 0, 4.13%, 0, 5, 2, 178.13
1494052528, 8, 16, 501, 38, 0, 4.13%, 0, 5, 2, 171.52
1494052533, 8, 17, 501, 38, 0, 4.13%, 0, 5, 2, 159.63
1494052538, 8, 23, 501, 38, 0, 4.13%, 0, 5, 2, 179.51
1494052543, 8, 24, 501, 38, 0, 4.13%, 0, 5, 2, 168.13
1494052548, 8, 28, 501, 38, 0, 4.13%, 0, 5, 2, 185.57
1494052554, 8, 31, 501, 38, 0, 4.13%, 0, 5, 2, 161.96
1494052559, 8, 34, 501, 38, 0, 4.13%, 0, 5, 2, 182.12
1494052564, 8, 41, 501, 38, 0, 4.13%, 0, 5, 2, 182.56
1494052569, 8, 46, 501, 38, 0, 4.13%, 0, 5, 2, 180.24
1494052574, 8, 48, 501, 38, 0, 4.13%, 0, 5, 2, 177.39
1494052579, 8, 50, 501, 38, 0, 4.13%, 0, 5, 2, 167.86
1494052584, 8, 52, 501, 38, 0, 4.13%, 0, 5, 2, 165.67
1494052589, 8, 53, 501, 38, 0, 4.13%, 0, 5, 2, 181.61
1494052594, 8, 59, 501, 38, 0, 4.13%, 0, 5, 2, 164.22
1494052600, 8, 64, 501, 38, 0, 4.13%, 0, 5, 2, 144.80
1494052605, 8, 66, 501, 38, 0, 4.13%, 0, 5, 2, 166.11
1494052615, 8, 69, 501, 38, 0, 4.13%, 0, 5, 2, 150.69
1494052620, 8, 72, 501, 38, 0, 4.13%, 0, 5, 2, 160.62
1494052625, 8, 75, 501, 38, 0, 4.13%, 0, 5, 2, 153.53
1494052630, 8, 78, 501, 38, 0, 4.13%, 0, 5, 2, 195.45
1494052635, 8, 82, 501, 38, 0, 4.13%, 0, 5, 2, 173.16
1494052640, 8, 85, 501, 38, 0, 4.13%, 0, 5, 2, 164.16
1494052645, 8, 87, 501, 38, 0, 4.13%, 0, 5, 2, 164.81
1494052650, 8, 94, 501, 38, 0, 4.13%, 0, 5, 2, 157.57
1494052655, 8, 97, 501, 38, 0, 4.13%, 0, 5, 2, 155.24
1494052661, 8, 100, 501, 37, 0, 4.13%, 0, 5, 2, 173.38
1494052666, 8, 104, 501, 37, 0, 4.13%, 0, 5, 2, 169.69
1494052671, 8, 106, 501, 37, 0, 4.13%, 0, 5, 2, 160.85
1494052676, 8, 109, 501, 37, 0, 4.13%, 0, 5, 2, 179.70
1494052681, 8, 115, 501, 37, 0, 4.13%, 0, 5, 2, 129.42
1494052686, 8, 117, 501, 37, 0, 4.13%, 0, 5, 2, 157.28
1494052691, 8, 118, 501, 37, 0, 4.13%, 0, 5, 2, 161.11
1494052697, 8, 124, 501, 37, 0, 4.13%, 0, 5, 2, 181.83
1494052702, 8, 127, 501, 37, 0, 4.13%, 0, 5, 2, 181.33
1494052707, 8, 129, 501, 37, 0, 4.13%, 0, 5, 2, 177.01
1494052712, 8, 134, 501, 37, 0, 4.13%, 0, 5, 2, 158.37
1494052717, 8, 138, 501, 36, 0, 4.13%, 0, 5, 2, 147.88
1494052722, 8, 143, 501, 36, 0, 4.13%, 0, 5, 2, 151.36
1494052727, 8, 145, 501, 36, 0, 4.13%, 0, 5, 2, 174.69
1494052733, 8, 149, 501, 36, 0, 4.13%, 0, 5, 2, 184.55
1494052738, 8, 152, 501, 36, 0, 4.13%, 0, 5, 2, 163.81
1494052743, 8, 155, 501, 36, 0, 4.13%, 0, 5, 2, 149.84
1494052748, 8, 158, 501, 36, 0, 4.13%, 0, 5, 2, 157.93
1494052753, 8, 159, 501, 35, 0, 4.13%, 0, 5, 2, 180.53
1494052758, 8, 162, 501, 35, 0, 4.13%, 0, 5, 2, 170.33
1494052763, 8, 165, 501, 35, 0, 4.13%, 0, 5, 2, 194.55
1494052769, 8, 167, 501, 35, 0, 4.13%, 0, 5, 2, 186.90
1494052774, 8, 176, 501, 35, 0, 4.13%, 0, 5, 2, 182.73
1494052784, 8, 179, 501, 35, 0, 4.13%, 0, 5, 2, 159.06
1494052789, 8, 181, 501, 35, 0, 4.13%, 0, 5, 2, 186.26
1494052794, 8, 183, 501, 35, 0, 4.13%, 0, 5, 2, 190.36
1494052799, 8, 186, 501, 33, 0, 4.13%, 0, 5, 2, 187.91
1494052804, 8, 188, 501, 33, 0, 4.13%, 0, 5, 2, 152.61
1494052809, 8, 192, 501, 33, 0, 4.13%, 0, 5, 2, 150.21
1494052815, 8, 197, 501, 33, 0, 4.13%, 0, 5, 2, 156.44
1494052820, 8, 214, 501, 33, 0, 4.13%, 0, 5, 2, 171.94
1494052825, 8, 220, 501, 33, 0, 4.13%, 0, 5, 2, 177.03
1494052830, 8, 226, 501, 33, 0, 4.13%, 0, 5, 2, 163.69
1494052835, 8, 228, 501, 33, 0, 4.13%, 0, 5, 2, 162.69
1494052840, 8, 233, 501, 33, 0, 4.13%, 0, 5, 2, 151.35
1494052846, 8, 234, 501, 32, 0, 4.13%, 0, 5, 2, 182.97
1494052851, 8, 244, 501, 32, 0, 4.13%, 0, 5, 2, 183.03
1494052861, 8, 250, 501, 32, 0, 4.13%, 0, 5, 2, 162.14
1494052866, 8, 264, 501, 32, 0, 4.13%, 0, 5, 2, 163.85
1494052871, 8, 265, 501, 32, 0, 4.13%, 0, 5, 2, 167.07
1494052876, 8, 268, 501, 32, 0, 4.13%, 0, 5, 2, 169.13
1494052881, 8, 269, 501, 32, 0, 4.13%, 0, 5, 2, 167.51
1494052887, 8, 271, 501, 32, 0, 4.13%, 0, 5, 2, 194.57
1494052892, 8, 292, 501, 32, 0, 4.13%, 0, 5, 2, 197.93
1494052897, 8, 295, 501, 32, 0, 4.13%, 0, 5, 2, 195.46
1494052902, 8, 297, 501, 32, 0, 4.13%, 0, 5, 2, 184.59
1494052907, 8, 299, 501, 32, 0, 4.13%, 0, 5, 2, 177.02
1494052912, 8, 301, 501, 32, 0, 4.13%, 0, 5, 2, 166.28
1494052917, 8, 302, 501, 32, 0, 4.13%, 0, 5, 2, 182.28
1494052922, 8, 308, 501, 32, 0, 4.13%, 0, 5, 2, 165.03
1494052927, 8, 313, 501, 32, 0, 4.13%, 0, 5, 2, 162.28
1494052933, 8, 315, 501, 32, 0, 4.13%, 0, 5, 2, 161.96
1494052938, 8, 322, 501, 32, 0, 4.13%, 0, 5, 2, 177.60
1494052943, 8, 328, 501, 32, 0, 4.13%, 0, 5, 2, 185.95
1494052948, 8, 330, 501, 32, 0, 4.13%, 0, 5, 2, 187.68
1494052958, 8, 333, 501, 32, 0, 4.13%, 0, 5, 2, 171.49
1494052964, 8, 336, 501, 32, 0, 4.13%, 0, 5, 2, 179.77
1494052969, 8, 338, 501, 32, 0, 4.13%, 0, 5, 2, 174.15
1494052974, 8, 341, 501, 32, 0, 4.13%, 0, 5, 2, 160.50
1494052979, 8, 370, 501, 32, 0, 4.13%, 0, 5, 2, 179.81
1494052984, 8, 374, 501, 32, 0, 4.13%, 0, 5, 2, 131.87
1494052989, 8, 380, 501, 31, 0, 4.13%, 0, 5, 2, 114.66
1494053010, 8, 385, 501, 30, 0, 4.13%, 0, 5, 2, 129.66
1494053015, 8, 392, 501, 29, 0, 4.13%, 0, 5, 2, 136.21
1494053020, 8, 407, 501, 29, 0, 4.13%, 0, 5, 2, 124.59
1494053025, 8, 427, 501, 29, 0, 4.13%, 0, 5, 2, 146.34
1494053030, 8, 429, 501, 29, 0, 4.13%, 0, 5, 2, 173.54
1494053035, 8, 431, 501, 29, 0, 4.13%, 0, 5, 2, 153.42
1494053041, 8, 433, 501, 29, 0, 4.13%, 0, 5, 2, 161.45
1494053046, 8, 439, 501, 29, 0, 4.13%, 0, 5, 2, 160.97
1494053051, 8, 450, 501, 29, 0, 4.13%, 0, 5, 2, 161.32
1494053056, 8, 460, 501, 29, 0, 4.13%, 0, 5, 2, 149.23
1494053061, 8, 464, 501, 29, 0, 4.13%, 0, 5, 2, 180.68
1494053066, 8, 469, 501, 29, 0, 4.13%, 0, 5, 2, 147.06
1494053071, 8, 472, 501, 29, 0, 4.13%, 0, 5, 2, 116.15
1494053076, 8, 479, 501, 29, 0, 4.13%, 0, 5, 2, 37.73
1494053082, 8, 482, 501, 29, 0, 4.13%, 0, 5, 2, 130.97
1494053087, 8, 483, 501, 29, 0, 4.13%, 0, 5, 2, 162.79
1494053092, 8, 484, 501, 29, 0, 4.13%, 0, 5, 2, 133.23
1494053097, 8, 485, 501, 29, 0, 4.13%, 0, 5, 2, 135.15
1494053102, 8, 486, 501, 29, 0, 4.13%, 0, 5, 2, 171.88
1494053107, 8, 487, 501, 29, 0, 4.13%, 0, 5, 2, 20.23
1494053112, 8, 490, 501, 29, 0, 4.13%, 0, 5, 2, 178.67
1494053122, 8, 493, 501, 29, 0, 4.13%, 0, 5, 2, 153.64
1494053127, 8, 496, 501, 29, 0, 4.13%, 0, 5, 2, 131.02
1494053132, 8, 497, 501, 29, 0, 4.13%, 0, 5, 2, 160.35
1494053137, 8, 500, 501, 29, 0, 4.13%, 0, 5, 2, 165.33
1494053153, 9, 1, 501, 29, 0, 4.13%, 0, 5, 2, 172.38
1494053158, 9, 3, 501, 29, 0, 4.13%, 0, 5, 2, 160.89
1494053163, 9, 9, 501, 29, 0, 4.13%, 0, 5, 2, 175.28
1494053168, 9, 14, 501, 29, 0, 4.13%, 0, 5, 2, 176.36
1494053173, 9, 17, 501, 29, 0, 4.13%, 0, 5, 2, 145.29
1494053178, 9, 18, 501, 29, 0, 4.13%, 0, 5, 2, 168.53
1494053183, 9, 23, 501, 29, 0, 4.13%, 0, 5, 2, 183.56
1494053189, 9, 24, 501, 29, 0, 4.13%, 0, 5, 2, 170.74
1494053194, 9, 28, 501, 29, 0, 4.13%, 0, 5, 2, 164.97
1494053199, 9, 31, 501, 29, 0, 4.13%, 0, 5, 2, 147.84
1494053204, 9, 34, 501, 29, 0, 4.13%, 0, 5, 2, 148.12
1494053209, 9, 41, 501, 29, 0, 4.13%, 0, 5, 2, 175.41
1494053214, 9, 46, 501, 29, 0, 4.13%, 0, 5, 2, 172.32
1494053219, 9, 48, 501, 29, 0, 4.13%, 0, 5, 2, 172.06
1494053225, 9, 50, 501, 29, 0, 4.13%, 0, 5, 2, 169.00
1494053230, 9, 52, 501, 29, 0, 4.13%, 0, 5, 2, 159.84
1494053235, 9, 59, 501, 29, 0, 4.13%, 0, 5, 2, 189.54
1494053240, 9, 64, 501, 29, 0, 4.13%, 0, 5, 2, 157.95
1494053245, 9, 65, 501, 29, 0, 4.13%, 0, 5, 2, 162.19
1494053250, 9, 66, 501, 29, 0, 4.13%, 0, 5, 2, 133.22
1494053255, 9, 67, 501, 29, 0, 4.13%, 0, 5, 2, 144.43
1494053260, 9, 71, 501, 29, 0, 4.13%, 0, 5, 2, 159.88
1494053265, 9, 74, 501, 29, 0, 4.13%, 0, 5, 2, 160.24
1494053271, 9, 77, 501, 29, 0, 4.13%, 0, 5, 2, 156.45
1494053276, 9, 82, 501, 29, 0, 4.13%, 0, 5, 2, 173.02
1494053281, 9, 85, 501, 29, 0, 4.13%, 0, 5, 2, 176.71
1494053286, 9, 87, 501, 29, 0, 4.13%, 0, 5, 2, 162.24
1494053291, 9, 94, 501, 29, 0, 4.13%, 0, 5, 2, 160.90
1494053297, 9, 97, 501, 29, 0, 4.13%, 0, 5, 2, 157.78
1494053302, 9, 103, 501, 29, 0, 4.13%, 0, 5, 2, 192.40
1494053307, 9, 104, 501, 29, 0, 4.13%, 0, 5, 2, 186.44
1494053312, 9, 107, 501, 29, 0, 4.13%, 0, 5, 2, 174.64
1494053317, 9, 108, 501, 29, 0, 4.13%, 0, 5, 2, 36.26
1494053322, 9, 114, 501, 29, 0, 4.13%, 0, 5, 2, 173.51
1494053327, 9, 116, 501, 29, 0, 4.13%, 0, 5, 2, 162.05
1494053332, 9, 118, 501, 29, 0, 4.13%, 0, 5, 2, 161.94
1494053337, 9, 124, 501, 29, 0, 4.13%, 0, 5, 2, 25.21
1494053343, 9, 127, 501, 29, 0, 4.13%, 0, 5, 2, 181.79
1494053348, 9, 129, 501, 29, 0, 4.13%, 0, 5, 2, 186.88
1494053353, 9, 132, 501, 29, 0, 4.13%, 0, 5, 2, 183.67
1494053358, 9, 138, 501, 29, 0, 4.13%, 0, 5, 2, 159.18
1494053363, 9, 143, 501, 29, 0, 4.13%, 0, 5, 2, 163.38
1494053368, 9, 145, 501, 29, 0, 4.13%, 0, 5, 2, 177.36
1494053373, 9, 149, 501, 29, 0, 4.13%, 0, 5, 2, 180.64
1494053383, 9, 155, 501, 29, 0, 4.13%, 0, 5, 2, 147.21
1494053388, 9, 158, 501, 29, 0, 4.13%, 0, 5, 2, 175.86
1494053394, 9, 159, 501, 29, 0, 4.13%, 0, 5, 2, 179.98
1494053399, 9, 162, 501, 29, 0, 4.13%, 0, 5, 2, 187.46
1494053404, 9, 165, 501, 29, 0, 4.13%, 0, 5, 2, 196.72
1494053409, 9, 169, 501, 29, 0, 4.13%, 0, 5, 2, 195.84
1494053414, 9, 176, 501, 29, 0, 4.13%, 0, 5, 2, 186.15
1494053419, 9, 179, 501, 29, 0, 4.13%, 0, 5, 2, 189.41
1494053424, 9, 181, 501, 29, 0, 4.13%, 0, 5, 2, 188.40
1494053429, 9, 186, 501, 29, 0, 4.13%, 0, 5, 2, 188.61
1494053439, 9, 194, 501, 29, 0, 4.13%, 0, 5, 2, 155.43
1494053445, 9, 204, 501, 29, 0, 4.13%, 0, 5, 2, 113.93
1494053450, 9, 211, 501, 28, 0, 4.13%, 0, 5, 2, 145.72
1494053455, 9, 214, 501, 28, 0, 4.13%, 0, 5, 2, 164.28
1494053460, 9, 220, 501, 28, 0, 4.13%, 0, 5, 2, 189.73
1494053465, 9, 222, 501, 28, 0, 4.13%, 0, 5, 2, 201.29
1494053470, 9, 226, 501, 28, 0, 4.13%, 0, 5, 2, 175.05
1494053475, 9, 232, 501, 28, 0, 4.13%, 0, 5, 2, 157.74
1494053480, 9, 234, 501, 28, 0, 4.13%, 0, 5, 2, 171.44
1494053485, 9, 235, 501, 28, 0, 4.13%, 0, 5, 2, 176.61
1494053490, 9, 244, 501, 28, 0, 4.13%, 0, 5, 2, 183.60
1494053495, 9, 248, 501, 28, 0, 4.13%, 0, 5, 2, 161.84
1494053500, 9, 255, 501, 28, 0, 4.13%, 0, 5, 2, 149.67
1494053505, 9, 264, 501, 28, 0, 4.13%, 0, 5, 2, 175.76
1494053511, 9, 265, 501, 28, 0, 4.13%, 0, 5, 2, 151.03
1494053516, 9, 268, 501, 28, 0, 4.13%, 0, 5, 2, 177.99
1494053521, 9, 269, 501, 28, 0, 4.13%, 0, 5, 2, 161.18
1494053526, 9, 278, 501, 28, 0, 4.13%, 0, 5, 2, 186.00
1494053536, 9, 286, 501, 26, 0, 4.13%, 0, 5, 2, 190.35
1494053541, 9, 295, 501, 26, 0, 4.13%, 0, 5, 2, 184.43
1494053547, 9, 296, 501, 26, 0, 4.13%, 0, 5, 2, 176.44
1494053552, 9, 299, 501, 26, 0, 4.13%, 0, 5, 2, 179.80
1494053557, 9, 301, 501, 26, 0, 4.13%, 0, 5, 2, 162.24
1494053562, 9, 302, 501, 26, 0, 4.13%, 0, 5, 2, 182.69
1494053567, 9, 308, 501, 26, 0, 4.13%, 0, 5, 2, 167.46
1494053572, 9, 313, 501, 26, 0, 4.13%, 0, 5, 2, 163.75
1494053577, 9, 315, 501, 26, 0, 4.13%, 0, 5, 2, 172.38
1494053582, 9, 322, 501, 26, 0, 4.13%, 0, 5, 2, 178.83
1494053588, 9, 328, 501, 26, 0, 4.13%, 0, 5, 2, 182.63
1494053593, 9, 330, 501, 26, 0, 4.13%, 0, 5, 2, 191.04
1494053598, 9, 331, 501, 26, 0, 4.13%, 0, 5, 2, 191.89
1494053603, 9, 333, 501, 26, 0, 4.13%, 0, 5, 2, 159.50
1494053608, 9, 336, 501, 26, 0, 4.13%, 0, 5, 2, 185.29
1494053613, 9, 338, 501, 26, 0, 4.13%, 0, 5, 2, 168.45
1494053618, 9, 358, 501, 26, 0, 4.13%, 0, 5, 2, 168.86
1494053623, 9, 362, 501, 26, 0, 4.13%, 0, 5, 2, 122.97
1494053629, 9, 364, 501, 25, 0, 4.13%, 0, 5, 2, 151.87
1494053634, 9, 370, 501, 25, 0, 4.13%, 0, 5, 2, 184.61
1494053639, 9, 384, 501, 25, 0, 4.13%, 0, 5, 2, 29.41
1494053689, 9, 392, 501, 24, 0, 4.13%, 0, 5, 2, 67.71
1494053695, 9, 419, 501, 24, 0, 4.13%, 0, 5, 2, 119.99
1494053700, 9, 427, 501, 24, 0, 4.13%, 0, 5, 2, 133.11
1494053705, 9, 429, 501, 24, 0, 4.13%, 0, 5, 2, 169.34
1494053710, 9, 431, 501, 24, 0, 4.13%, 0, 5, 2, 168.14
1494053715, 9, 433, 501, 24, 0, 4.13%, 0, 5, 2, 162.34
1494053720, 9, 439, 501, 24, 0, 4.13%, 0, 5, 2, 156.78
1494053725, 9, 445, 501, 24, 0, 4.13%, 0, 5, 2, 131.45
1494053730, 9, 456, 501, 23, 0, 4.13%, 0, 5, 2, 142.83
1494053736, 9, 464, 501, 23, 0, 4.13%, 0, 5, 2, 155.75
1494053746, 9, 469, 501, 23, 0, 4.13%, 0, 5, 2, 155.19
1494053751, 9, 475, 501, 23, 0, 4.13%, 0, 5, 2, 96.16
1494053756, 9, 479, 501, 23, 0, 4.13%, 0, 5, 2, 95.63
1494053761, 9, 482, 501, 23, 0, 4.13%, 0, 5, 2, 13.84
1494053766, 9, 483, 501, 23, 0, 4.13%, 0, 5, 2, 159.14
1494053771, 9, 484, 501, 23, 0, 4.13%, 0, 5, 2, 33.00
1494053776, 9, 485, 501, 23, 0, 4.13%, 0, 5, 2, 102.75
1494053782, 9, 486, 501, 23, 0, 4.13%, 0, 5, 2, 108.85
1494053787, 9, 487, 501, 23, 0, 4.13%, 0, 5, 2, 133.91
1494053792, 9, 490, 501, 23, 0, 4.13%, 0, 5, 2, 156.25
1494053802, 9, 493, 501, 23, 0, 4.13%, 0, 5, 2, 129.67
1494053807, 9, 496, 501, 23, 0, 4.13%, 0, 5, 2, 137.52
1494053812, 10, 0, 501, 23, 0, 4.13%, 0, 5, 2, 152.39
1494053817, 10, 2, 501, 23, 0, 4.13%, 0, 5, 2, 162.64
1494053822, 10, 4, 501, 23, 0, 4.13%, 0, 5, 2, 185.44
1494053827, 10, 11, 501, 23, 0, 4.13%, 0, 5, 2, 196.29
1494053832, 10, 17, 501, 23, 0, 4.13%, 0, 5, 2, 180.59
1494053837, 10, 18, 501, 23, 0, 4.13%, 0, 5, 2, 174.94
1494053843, 10, 23, 501, 23, 0, 4.13%, 0, 5, 2, 179.80
1494053848, 10, 25, 501, 23, 0, 4.13%, 0, 5, 2, 169.97
1494053853, 10, 28, 501, 23, 0, 4.13%, 0, 5, 2, 160.25
1494053858, 10, 29, 501, 23, 0, 4.13%, 0, 5, 2, 174.68
1494053863, 10, 32, 501, 23, 0, 4.13%, 0, 5, 2, 153.31
1494053868, 10, 35, 501, 23, 0, 4.13%, 0, 5, 2, 179.12
1494053873, 10, 45, 502, 24, 0, 4.13%, 0, 5, 2, 218.49
1494053878, 10, 47, 502, 24, 0, 4.13%, 0, 5, 2, 183.40
1494053883, 10, 48, 502, 24, 0, 4.13%, 0, 5, 2, 158.01
1494053888, 10, 51, 502, 24, 0, 4.13%, 0, 5, 2, 175.53
1494053893, 10, 53, 502, 24, 0, 4.13%, 0, 5, 2, 172.48
1494053899, 10, 59, 502, 24, 0, 4.13%, 0, 5, 2, 186.11
1494053904, 10, 63, 502, 24, 0, 4.13%, 0, 5, 2, 159.90
1494053909, 10, 65, 502, 24, 0, 4.13%, 0, 5, 2, 165.21
1494053914, 10, 66, 502, 24, 0, 4.13%, 0, 5, 2, 161.75
1494053919, 10, 67, 502, 24, 0, 4.13%, 0, 5, 2, 166.78
1494053924, 10, 72, 502, 24, 0, 4.13%, 0, 5, 2, 163.55
1494053929, 10, 75, 502, 24, 0, 4.13%, 0, 5, 2, 150.67
1494053934, 10, 78, 502, 24, 0, 4.13%, 0, 5, 2, 168.10
1494053939, 10, 83, 502, 24, 0, 4.13%, 0, 5, 2, 167.12
1494053944, 10, 85, 502, 24, 0, 4.13%, 0, 5, 2, 58.97
1494053950, 10, 87, 502, 24, 0, 4.13%, 0, 5, 2, 117.74
1494053955, 10, 94, 502, 24, 0, 4.13%, 0, 5, 2, 149.80
1494053960, 10, 97, 502, 24, 0, 4.13%, 0, 5, 2, 150.53
1494053965, 10, 103, 502, 24, 0, 4.13%, 0, 5, 2, 180.51
1494053970, 10, 105, 502, 24, 0, 4.13%, 0, 5, 2, 157.78
1494053975, 10, 107, 502, 24, 0, 4.13%, 0, 5, 2, 163.89
1494053981, 10, 114, 502, 24, 0, 4.13%, 0, 5, 2, 152.88
1494053986, 10, 116, 502, 24, 0, 4.13%, 0, 5, 2, 153.15
1494053991, 10, 117, 502, 24, 0, 4.13%, 0, 5, 2, 150.93
1494053996, 10, 124, 502, 24, 0, 4.13%, 0, 5, 2, 163.16
1494054001, 10, 125, 502, 24, 0, 4.13%, 0, 5, 2, 166.24
1494054006, 10, 127, 502, 24, 0, 4.13%, 0, 5, 2, 200.30
1494054011, 10, 129, 502, 24, 0, 4.13%, 0, 5, 2, 195.01
1494054017, 10, 135, 502, 24, 0, 4.13%, 0, 5, 2, 179.54
1494054022, 10, 140, 502, 24, 0, 4.13%, 0, 5, 2, 167.53
1494054027, 10, 142, 502, 24, 0, 4.13%, 0, 5, 2, 166.88
1494054032, 10, 145, 502, 24, 0, 4.13%, 0, 5, 2, 170.63
1494054037, 10, 149, 502, 24, 0, 4.13%, 0, 5, 2, 183.53
1494054047, 10, 155, 502, 24, 0, 4.13%, 0, 5, 2, 163.02
1494054053, 10, 159, 503, 25, 0, 4.13%, 0, 5, 2, 165.90
1494054058, 10, 162, 503, 25, 0, 4.13%, 0, 5, 2, 178.78
1494054063, 10, 164, 503, 25, 0, 4.13%, 0, 5, 2, 186.40
1494054068, 10, 165, 503, 25, 0, 4.13%, 0, 5, 2, 192.43
1494054073, 10, 176, 503, 25, 0, 4.13%, 0, 5, 2, 188.79
1494054078, 10, 179, 503, 25, 0, 4.13%, 0, 5, 2, 159.41
1494054083, 10, 181, 503, 25, 0, 4.13%, 0, 5, 2, 190.39
1494054093, 10, 186, 503, 25, 0, 4.13%, 0, 5, 2, 157.18
1494054098, 10, 194, 503, 25, 0, 4.13%, 0, 5, 2, 168.33
1494054103, 10, 202, 503, 25, 0, 4.13%, 0, 5, 2, 173.46
1494054108, 10, 214, 503, 24, 0, 4.13%, 0, 5, 2, 182.33
1494054114, 10, 220, 503, 24, 0, 4.13%, 0, 5, 2, 192.89
1494054119, 10, 226, 503, 24, 0, 4.13%, 0, 5, 2, 184.61
1494054124, 10, 228, 503, 24, 0, 4.13%, 0, 5, 2, 170.79
1494054129, 10, 234, 503, 24, 0, 4.13%, 0, 5, 2, 166.10
1494054134, 10, 235, 503, 24, 0, 4.13%, 0, 5, 2, 170.63
1494054139, 10, 244, 503, 24, 0, 4.13%, 0, 5, 2, 160.06
1494054144, 10, 248, 503, 24, 0, 4.13%, 0, 5, 2, 167.92
1494054149, 10, 255, 503, 24, 0, 4.13%, 0, 5, 2, 167.03
1494054154, 10, 256, 503, 24, 0, 4.13%, 0, 5, 2, 100.89
1494054159, 10, 264, 503, 23, 0, 4.13%, 0, 5, 2, 147.88
1494054170, 10, 268, 503, 23, 0, 4.13%, 0, 5, 2, 176.03
1494054175, 10, 269, 503, 23, 0, 4.13%, 0, 5, 2, 183.39
1494054180, 10, 271, 503, 23, 0, 4.13%, 0, 5, 2, 187.58
1494054185, 10, 286, 503, 23, 0, 4.13%, 0, 5, 2, 179.74
1494054190, 10, 295, 503, 23, 0, 4.13%, 0, 5, 2, 183.20
1494054196, 10, 297, 503, 23, 0, 4.13%, 0, 5, 2, 198.90
1494054201, 10, 299, 503, 23, 0, 4.13%, 0, 5, 2, 179.80
1494054206, 10, 302, 503, 23, 0, 4.13%, 0, 5, 2, 162.81
1494054211, 10, 305, 503, 23, 0, 4.13%, 0, 5, 2, 170.29
1494054216, 10, 308, 503, 22, 0, 4.13%, 0, 5, 2, 178.50
1494054221, 10, 313, 503, 22, 0, 4.13%, 0, 5, 2, 167.57
1494054227, 10, 315, 503, 22, 0, 4.13%, 0, 5, 2, 155.63
1494054237, 10, 328, 503, 22, 0, 4.13%, 0, 5, 2, 180.99
1494054247, 10, 330, 503, 22, 0, 4.13%, 0, 5, 2, 188.81
1494054252, 10, 333, 503, 22, 0, 4.13%, 0, 5, 2, 175.72
1494054257, 10, 336, 503, 22, 0, 4.13%, 0, 5, 2, 181.04
1494054262, 10, 338, 503, 22, 0, 4.13%, 0, 5, 2, 177.74
1494054267, 10, 354, 503, 22, 0, 4.13%, 0, 5, 2, 160.75
1494054272, 10, 370, 503, 22, 0, 4.13%, 0, 5, 2, 173.45
1494054278, 10, 371, 503, 22, 0, 4.13%, 0, 5, 2, 30.52
1494054313, 10, 392, 503, 21, 0, 4.13%, 0, 5, 2, 104.93
1494054318, 10, 393, 503, 21, 0, 4.13%, 0, 5, 2, 123.01
1494054323, 10, 418, 503, 21, 0, 4.13%, 0, 5, 2, 142.95
1494054328, 10, 420, 503, 21, 0, 4.13%, 0, 5, 2, 160.19
1494054334, 10, 426, 503, 21, 0, 4.13%, 0, 5, 2, 79.95
1494054344, 10, 427, 503, 20, 0, 4.13%, 0, 5, 2, 113.44
1494054349, 10, 429, 503, 20, 0, 4.13%, 0, 5, 2, 171.00
1494054354, 10, 431, 503, 20, 0, 4.13%, 0, 5, 2, 172.80
1494054359, 10, 433, 503, 20, 0, 4.13%, 0, 5, 2, 166.77
1494054365, 10, 439, 503, 20, 0, 4.13%, 0, 5, 2, 159.85
1494054370, 10, 447, 503, 20, 0, 4.13%, 0, 5, 2, 83.68
1494054385, 10, 450, 503, 19, 0, 4.13%, 0, 5, 2, 107.64
1494054390, 10, 460, 503, 19, 0, 4.13%, 0, 5, 2, 148.32
1494054395, 10, 464, 503, 19, 0, 4.13%, 0, 5, 2, 181.38
1494054401, 10, 465, 503, 19, 0, 4.13%, 0, 5, 2, 175.75
1494054406, 10, 468, 503, 19, 0, 4.13%, 0, 5, 2, 173.59
1494054411, 10, 472, 503, 19, 0, 4.13%, 0, 5, 2, 107.32
1494054416, 10, 479, 503, 19, 0, 4.13%, 0, 5, 2, 111.89
1494054421, 10, 481, 503, 19, 0, 4.13%, 0, 5, 2, 134.67
1494054426, 10, 483, 503, 19, 0, 4.13%, 0, 5, 2, 166.50
1494054431, 10, 484, 503, 19, 0, 4.13%, 0, 5, 2, 177.81
1494054436, 10, 485, 503, 19, 0, 4.13%, 0, 5, 2, 89.09
1494054442, 10, 486, 503, 19, 0, 4.13%, 0, 5, 2, 110.95
1494054447, 10, 487, 503, 19, 0, 4.13%, 0, 5, 2, 124.65
1494054452, 10, 490, 503, 19, 0, 4.13%, 0, 5, 2, 141.00
1494054462, 10, 493, 503, 19, 0, 4.13%, 0, 5, 2, 117.42
1494054467, 10, 497, 503, 19, 0, 4.13%, 0, 5, 2, 141.16
1494054472, 10, 501, 503, 19, 0, 4.13%, 0, 5, 2, 96.60
1494054482, 10, 502, 503, 18, 0, 4.13%, 0, 5, 2, 124.69
1494054497, 11, 1, 503, 17, 0, 4.13%, 0, 5, 2, 144.82
1494054503, 11, 3, 503, 17, 0, 4.13%, 0, 5, 2, 158.34
1494054508, 11, 4, 503, 17, 0, 4.13%, 0, 5, 2, 146.12
1494054513, 11, 14, 503, 17, 0, 4.13%, 0, 5, 2, 176.09
1494054518, 11, 17, 503, 17, 0, 4.13%, 0, 5, 2, 160.71
1494054523, 11, 18, 504, 18, 0, 4.13%, 0, 5, 2, 171.72
1494054528, 11, 23, 504, 18, 0, 4.13%, 0, 5, 2, 182.62
1494054533, 11, 28, 504, 18, 0, 4.13%, 0, 5, 2, 171.42
1494054538, 11, 29, 504, 18, 0, 4.13%, 0, 5, 2, 174.29
1494054543, 11, 32, 504, 18, 0, 4.13%, 0, 5, 2, 160.35
1494054548, 11, 35, 504, 18, 0, 4.13%, 0, 5, 2, 166.63
1494054554, 11, 37, 505, 19, 0, 4.13%, 0, 5, 2, 174.31
1494054559, 11, 45, 505, 19, 0, 4.13%, 0, 5, 2, 209.03
1494054564, 11, 47, 505, 19, 0, 4.13%, 0, 5, 2, 176.97
1494054569, 11, 49, 505, 19, 0, 4.13%, 0, 5, 2, 156.72
1494054574, 11, 51, 505, 19, 0, 4.13%, 0, 5, 2, 173.51
1494054579, 11, 53, 505, 19, 0, 4.13%, 0, 5, 2, 165.79
1494054584, 11, 59, 505, 19, 0, 4.13%, 0, 5, 2, 170.55
1494054589, 11, 62, 505, 19, 0, 4.13%, 0, 5, 2, 163.67
1494054594, 11, 65, 505, 19, 0, 4.13%, 0, 5, 2, 162.26
1494054599, 11, 66, 505, 19, 0, 4.13%, 0, 5, 2, 167.22
1494054604, 11, 67, 505, 19, 0, 4.13%, 0, 5, 2, 165.95
1494054609, 11, 72, 505, 19, 0, 4.13%, 0, 5, 2, 169.99
1494054614, 11, 75, 505, 19, 0, 4.13%, 0, 5, 2, 162.25
1494054619, 11, 78, 505, 19, 0, 4.13%, 0, 5, 2, 183.20
1494054624, 11, 82, 505, 19, 0, 4.13%, 0, 5, 2, 165.34
