# unix_time, cycles_done, cur_path, paths_total, pending_total, pending_favs, map_size, unique_crashes, unique_hangs, max_depth, execs_per_sec
1494820230, 0, 0, 223, 223, 175, 3.25%, 0, 0, 1, 336.86
1494820235, 0, 0, 224, 223, 174, 3.25%, 0, 0, 1, 306.18
1494820286, 0, 1, 224, 223, 174, 3.25%, 0, 0, 1, 105.35
1494820291, 0, 3, 224, 221, 172, 3.25%, 0, 0, 1, 137.85
1494820307, 0, 4, 224, 220, 171, 3.25%, 0, 0, 1, 143.75
1494820322, 0, 6, 224, 218, 169, 3.25%, 0, 0, 1, 142.25
1494820327, 0, 8, 224, 217, 168, 3.25%, 0, 0, 1, 156.88
1494820332, 0, 10, 224, 215, 166, 3.25%, 0, 0, 1, 148.19
1494820348, 0, 12, 224, 214, 165, 3.25%, 0, 0, 1, 127.82
1494820353, 0, 13, 224, 213, 164, 3.25%, 0, 0, 1, 124.33
1494820358, 0, 14, 224, 212, 163, 3.25%, 0, 0, 1, 122.19
1494820364, 0, 15, 224, 211, 162, 3.25%, 0, 0, 1, 127.25
1494820369, 0, 16, 224, 210, 161, 3.25%, 0, 0, 1, 132.38
1494820374, 0, 18, 224, 208, 159, 3.25%, 0, 0, 1, 135.66
1494820379, 0, 19, 224, 207, 158, 3.25%, 0, 0, 1, 131.92
1494820384, 0, 20, 224, 206, 157, 3.25%, 0, 0, 1, 133.00
1494820389, 0, 22, 224, 204, 155, 3.25%, 0, 0, 1, 130.99
1494820399, 0, 23, 224, 203, 154, 3.25%, 0, 0, 1, 122.07
1494820415, 0, 25, 224, 201, 152, 3.25%, 0, 0, 1, 139.01
1494820420, 0, 26, 224, 200, 151, 3.25%, 0, 0, 1, 139.97
1494820425, 0, 28, 224, 198, 149, 3.25%, 0, 0, 1, 138.23
1494820430, 0, 29, 224, 197, 148, 3.25%, 0, 0, 1, 135.64
1494820435, 0, 30, 224, 196, 147, 3.25%, 0, 0, 1, 138.10
1494820440, 0, 31, 224, 195, 146, 3.25%, 0, 0, 1, 145.37
1494820445, 0, 32, 224, 194, 145, 3.25%, 0, 0, 1, 136.59
1494820461, 0, 33, 224, 193, 144, 3.25%, 0, 0, 1, 135.30
1494820466, 0, 34, 224, 192, 143, 3.25%, 0, 0, 1, 120.70
1494820481, 0, 36, 224, 191, 142, 3.25%, 0, 0, 1, 135.28
1494820486, 0, 37, 224, 190, 141, 3.25%, 0, 0, 1, 150.27
1494820491, 0, 38, 224, 189, 140, 3.25%, 0, 0, 1, 133.67
1494820496, 0, 40, 224, 188, 139, 3.25%, 0, 0, 1, 136.30
1494820501, 0, 41, 224, 187, 138, 3.25%, 0, 0, 1, 128.95
1494820512, 0, 43, 224, 185, 136, 3.25%, 0, 0, 1, 111.27
1494820522, 0, 44, 224, 184, 135, 3.25%, 0, 0, 1, 120.25
1494820527, 0, 45, 224, 183, 134, 3.25%, 0, 0, 1, 117.96
1494820538, 0, 47, 224, 182, 133, 3.25%, 0, 0, 1, 122.04
1494820553, 0, 48, 224, 181, 132, 3.25%, 0, 0, 1, 125.39
1494820569, 0, 49, 224, 180, 131, 3.25%, 0, 0, 1, 115.89
1494820574, 0, 50, 224, 179, 130, 3.25%, 0, 0, 1, 126.11
1494820589, 0, 51, 224, 178, 129, 3.25%, 0, 0, 1, 119.93
1494820599, 0, 53, 224, 177, 128, 3.25%, 0, 0, 1, 139.93
1494820614, 0, 54, 224, 176, 127, 3.25%, 0, 0, 1, 142.47
1494820619, 0, 55, 224, 175, 126, 3.25%, 0, 0, 1, 107.27
1494820650, 0, 57, 224, 173, 124, 3.25%, 0, 0, 1, 147.35
1494820665, 0, 60, 224, 172, 123, 3.25%, 0, 0, 1, 146.10
1494820680, 0, 61, 224, 171, 122, 3.25%, 0, 0, 1, 139.14
1494820686, 0, 62, 224, 170, 121, 3.25%, 0, 0, 1, 130.90
1494820696, 0, 63, 224, 169, 120, 3.25%, 0, 0, 1, 132.12
1494820711, 0, 64, 224, 168, 119, 3.25%, 0, 0, 1, 131.95
1494820716, 0, 67, 224, 167, 118, 3.25%, 0, 0, 1, 151.52
1494820731, 0, 69, 224, 166, 117, 3.25%, 0, 0, 1, 143.33
1494820737, 0, 70, 224, 165, 116, 3.25%, 0, 0, 1, 143.23
1494820752, 0, 72, 224, 164, 115, 3.25%, 0, 0, 1, 149.05
1494820757, 0, 73, 224, 163, 114, 3.25%, 0, 0, 1, 136.98
1494820762, 0, 74, 224, 162, 113, 3.25%, 0, 0, 1, 138.32
1494820777, 0, 75, 224, 161, 112, 3.25%, 0, 0, 1, 134.31
1494820782, 0, 76, 224, 160, 111, 3.25%, 0, 0, 1, 138.81
1494820798, 0, 77, 224, 159, 110, 3.25%, 0, 0, 1, 146.14
1494820803, 0, 78, 224, 158, 109, 3.25%, 0, 0, 1, 142.86
1494820808, 0, 79, 224, 157, 108, 3.25%, 0, 0, 1, 151.52
1494820823, 0, 80, 224, 156, 107, 3.25%, 0, 0, 1, 137.85
1494820828, 0, 81, 224, 155, 106, 3.25%, 0, 0, 1, 152.37
1494820844, 0, 84, 224, 154, 105, 3.25%, 0, 0, 1, 129.39
1494820849, 0, 85, 224, 153, 104, 3.25%, 0, 0, 1, 134.73
1494820864, 0, 87, 224, 152, 103, 3.25%, 0, 0, 1, 135.08
1494820879, 0, 88, 224, 151, 102, 3.25%, 0, 0, 1, 122.97
1494820884, 0, 89, 224, 150, 101, 3.25%, 0, 0, 1, 126.20
1494820905, 0, 90, 224, 149, 100, 3.25%, 0, 0, 1, 116.95
1494820910, 0, 91, 224, 148, 99, 3.25%, 0, 0, 1, 122.23
1494820915, 0, 92, 224, 147, 98, 3.25%, 0, 0, 1, 124.70
1494820921, 0, 93, 224, 146, 97, 3.25%, 0, 0, 1, 131.04
1494820926, 0, 94, 224, 145, 96, 3.25%, 0, 0, 1, 128.21
1494820936, 0, 95, 224, 144, 95, 3.25%, 0, 0, 1, 123.21
1494820941, 0, 98, 224, 142, 93, 3.25%, 0, 0, 1, 121.55
1494820946, 0, 99, 224, 141, 92, 3.25%, 0, 0, 1, 123.35
1494820951, 0, 100, 224, 140, 91, 3.25%, 0, 0, 1, 118.51
1494820972, 0, 101, 224, 139, 90, 3.25%, 0, 0, 1, 136.37
1494820977, 0, 102, 224, 138, 89, 3.25%, 0, 0, 1, 122.47
1494820992, 0, 103, 224, 137, 88, 3.25%, 0, 0, 1, 125.00
1494820998, 0, 104, 224, 136, 87, 3.25%, 0, 0, 1, 134.54
1494821013, 0, 105, 224, 135, 86, 3.25%, 0, 0, 1, 127.37
1494821018, 0, 106, 224, 134, 85, 3.25%, 0, 0, 1, 123.05
1494821034, 0, 107, 224, 133, 84, 3.25%, 0, 0, 1, 123.61
1494821039, 0, 109, 224, 132, 83, 3.25%, 0, 0, 1, 119.48
1494821059, 0, 110, 224, 131, 82, 3.25%, 0, 0, 1, 115.83
1494821065, 0, 111, 224, 130, 81, 3.25%, 0, 0, 1, 118.84
1494821080, 0, 113, 224, 129, 80, 3.25%, 0, 0, 1, 123.66
1494821090, 0, 114, 224, 128, 79, 3.25%, 0, 0, 1, 134.39
1494821095, 0, 116, 224, 126, 77, 3.25%, 0, 0, 1, 138.16
1494821101, 0, 117, 224, 125, 76, 3.25%, 0, 0, 1, 146.85
1494821106, 0, 118, 224, 124, 75, 3.25%, 0, 0, 1, 138.79
1494821111, 0, 119, 224, 123, 74, 3.25%, 0, 0, 1, 146.27
1494821126, 0, 121, 224, 121, 72, 3.25%, 0, 0, 1, 142.91
1494821141, 0, 122, 224, 120, 71, 3.25%, 0, 0, 1, 141.73
1494821156, 0, 124, 224, 119, 70, 3.25%, 0, 0, 1, 145.72
1494821161, 0, 125, 224, 118, 70, 3.25%, 0, 0, 1, 150.35
1494821172, 0, 128, 224, 117, 69, 3.25%, 0, 0, 1, 137.04
1494821177, 0, 130, 224, 116, 68, 3.25%, 0, 0, 1, 146.48
1494821202, 0, 133, 224, 114, 66, 3.25%, 0, 0, 1, 132.28
1494821212, 0, 134, 224, 113, 65, 3.25%, 0, 0, 1, 146.38
1494821223, 0, 136, 224, 112, 64, 3.25%, 0, 0, 1, 145.69
1494821228, 0, 137, 224, 111, 63, 3.25%, 0, 0, 1, 141.47
1494821233, 0, 138, 224, 110, 62, 3.25%, 0, 0, 1, 135.88
1494821248, 0, 139, 224, 109, 61, 3.25%, 0, 0, 1, 137.96
1494821253, 0, 140, 224, 108, 60, 3.25%, 0, 0, 1, 150.54
1494821258, 0, 141, 224, 107, 59, 3.25%, 0, 0, 1, 141.53
1494821269, 0, 142, 224, 106, 58, 3.25%, 0, 0, 1, 146.35
1494821274, 0, 143, 224, 105, 57, 3.25%, 0, 0, 1, 148.10
1494821289, 0, 145, 224, 103, 55, 3.25%, 0, 0, 1, 150.45
1494821304, 0, 149, 224, 102, 54, 3.25%, 0, 0, 1, 146.53
1494821330, 0, 153, 224, 100, 52, 3.25%, 0, 0, 1, 143.16
1494821346, 0, 155, 224, 98, 50, 3.25%, 0, 0, 1, 135.26
1494821351, 0, 156, 224, 97, 49, 3.25%, 0, 0, 1, 136.92
1494821366, 0, 157, 224, 96, 48, 3.25%, 0, 0, 1, 130.88
1494821381, 0, 159, 224, 94, 46, 3.25%, 0, 0, 1, 128.03
1494821396, 0, 161, 224, 93, 45, 3.25%, 0, 0, 1, 126.52
1494821427, 0, 162, 224, 92, 44, 3.25%, 0, 0, 1, 129.25
1494821438, 0, 163, 224, 91, 43, 3.25%, 0, 0, 1, 143.07
1494821458, 0, 165, 224, 90, 42, 3.25%, 0, 0, 1, 124.27
1494821463, 0, 166, 224, 89, 41, 3.25%, 0, 0, 1, 125.31
1494821479, 0, 168, 224, 87, 39, 3.25%, 0, 0, 1, 128.53
1494821494, 0, 170, 224, 86, 38, 3.25%, 0, 0, 1, 117.58
1494821514, 0, 172, 224, 84, 36, 3.25%, 0, 0, 1, 124.08
1494821519, 0, 173, 224, 83, 35, 3.25%, 0, 0, 1, 123.77
1494821524, 0, 175, 224, 82, 34, 3.25%, 0, 0, 1, 134.28
1494821539, 0, 177, 224, 81, 33, 3.25%, 0, 0, 1, 129.05
1494821544, 0, 178, 224, 80, 32, 3.25%, 0, 0, 1, 134.59
1494821560, 0, 180, 224, 79, 31, 3.25%, 0, 0, 1, 143.60
1494821565, 0, 182, 224, 78, 30, 3.25%, 0, 0, 1, 134.89
1494821585, 0, 184, 224, 76, 28, 3.25%, 0, 0, 1, 129.31
1494821601, 0, 185, 224, 75, 27, 3.25%, 0, 0, 1, 155.51
1494821621, 0, 186, 224, 74, 26, 3.25%, 0, 0, 1, 142.03
1494821626, 0, 189, 224, 72, 24, 3.25%, 0, 0, 1, 145.74
1494821642, 0, 190, 224, 71, 23, 3.25%, 0, 0, 1, 146.74
1494821647, 0, 192, 224, 70, 22, 3.25%, 0, 0, 1, 138.82
1494821662, 0, 195, 224, 69, 21, 3.25%, 0, 0, 1, 150.57
1494821668, 0, 196, 224, 68, 20, 3.25%, 0, 0, 1, 149.95
1494821688, 0, 197, 224, 67, 19, 3.25%, 0, 0, 1, 134.14
1494821698, 0, 198, 224, 66, 18, 3.25%, 0, 0, 1, 156.00
1494821714, 0, 199, 224, 65, 17, 3.25%, 0, 0, 1, 140.93
1494821729, 0, 200, 224, 64, 16, 3.25%, 0, 0, 1, 139.53
1494821745, 0, 202, 224, 62, 14, 3.25%, 0, 0, 1, 136.85
1494821760, 0, 203, 224, 61, 13, 3.25%, 0, 0, 1, 134.69
1494821765, 0, 205, 224, 59, 11, 3.25%, 0, 0, 1, 135.69
1494821780, 0, 206, 224, 58, 10, 3.25%, 0, 0, 1, 139.50
1494821786, 0, 207, 224, 57, 9, 3.25%, 0, 0, 1, 147.81
1494821801, 0, 209, 224, 55, 7, 3.25%, 0, 0, 1, 145.10
1494821816, 0, 210, 224, 54, 6, 3.25%, 0, 0, 1, 148.11
1494821822, 0, 211, 224, 53, 5, 3.25%, 0, 0, 1, 141.91
1494821832, 0, 212, 224, 52, 4, 3.25%, 0, 0, 1, 139.06
1494821837, 0, 214, 224, 51, 3, 3.25%, 0, 0, 1, 143.10
1494821852, 0, 216, 224, 50, 2, 3.25%, 0, 0, 1, 124.09
1494821868, 0, 220, 224, 49, 1, 3.25%, 0, 0, 1, 127.41
1494821888, 1, 0, 224, 48, 0, 3.25%, 0, 0, 1, 111.14
1494821898, 1, 2, 224, 48, 0, 3.25%, 0, 0, 1, 120.90
1494821903, 1, 3, 224, 48, 0, 3.25%, 0, 0, 1, 127.63
1494821919, 1, 4, 224, 48, 0, 3.25%, 0, 0, 1, 130.89
1494821934, 1, 5, 224, 48, 0, 3.25%, 0, 0, 1, 124.89
1494821939, 1, 8, 224, 48, 0, 3.25%, 0, 0, 1, 127.05
1494821945, 1, 9, 224, 48, 0, 3.25%, 0, 0, 1, 118.21
1494821950, 1, 10, 224, 48, 0, 3.25%, 0, 0, 1, 131.40
1494821965, 1, 12, 224, 48, 0, 3.25%, 0, 0, 1, 122.94
1494821970, 1, 13, 224, 48, 0, 3.25%, 0, 0, 1, 126.10
1494821975, 1, 14, 224, 48, 0, 3.25%, 0, 0, 1, 124.83
1494821980, 1, 16, 224, 48, 0, 3.25%, 0, 0, 1, 128.50
1494821991, 1, 18, 224, 48, 0, 3.25%, 0, 0, 1, 127.37
1494821996, 1, 19, 224, 48, 0, 3.25%, 0, 0, 1, 131.03
1494822001, 1, 20, 224, 48, 0, 3.25%, 0, 0, 1, 132.77
1494822006, 1, 22, 224, 48, 0, 3.25%, 0, 0, 1, 119.24
1494822016, 1, 23, 224, 48, 0, 3.25%, 0, 0, 1, 125.22
1494822031, 1, 25, 224, 48, 0, 3.25%, 0, 0, 1, 132.24
1494822036, 1, 26, 224, 48, 0, 3.25%, 0, 0, 1, 139.96
1494822041, 1, 28, 224, 48, 0, 3.25%, 0, 0, 1, 131.84
1494822047, 1, 29, 224, 48, 0, 3.25%, 0, 0, 1, 130.06
1494822052, 1, 30, 224, 48, 0, 3.25%, 0, 0, 1, 124.66
1494822057, 1, 31, 224, 48, 0, 3.25%, 0, 0, 1, 123.69
1494822062, 1, 32, 224, 48, 0, 3.25%, 0, 0, 1, 125.19
1494822082, 1, 33, 224, 48, 0, 3.25%, 0, 0, 1, 126.99
1494822088, 1, 34, 224, 48, 0, 3.25%, 0, 0, 1, 122.70
1494822103, 1, 36, 224, 48, 0, 3.25%, 0, 0, 1, 148.23
1494822108, 1, 37, 224, 48, 0, 3.25%, 0, 0, 1, 148.86
1494822113, 1, 38, 224, 48, 0, 3.25%, 0, 0, 1, 145.73
1494822118, 1, 39, 224, 48, 0, 3.25%, 0, 0, 1, 140.67
1494822133, 1, 40, 224, 47, 0, 3.25%, 0, 0, 1, 139.04
1494822139, 1, 41, 224, 47, 0, 3.25%, 0, 0, 1, 140.64
1494822144, 1, 42, 224, 47, 0, 3.25%, 0, 0, 1, 148.88
1494822149, 1, 43, 224, 47, 0, 3.25%, 0, 0, 1, 144.10
1494822154, 1, 44, 224, 47, 0, 3.25%, 0, 0, 1, 138.65
1494822164, 1, 45, 224, 47, 0, 3.25%, 0, 0, 1, 145.59
1494822169, 1, 47, 224, 47, 0, 3.25%, 0, 0, 1, 137.94
1494822185, 1, 48, 224, 47, 0, 3.25%, 0, 0, 1, 138.35
1494822195, 1, 49, 224, 47, 0, 3.25%, 0, 0, 1, 135.15
1494822200, 1, 50, 224, 47, 0, 3.25%, 0, 0, 1, 126.63
1494822215, 1, 51, 224, 47, 0, 3.25%, 0, 0, 1, 136.43
1494822225, 1, 53, 224, 47, 0, 3.25%, 0, 0, 1, 134.46
1494822241, 1, 55, 224, 47, 0, 3.25%, 0, 0, 1, 121.37
1494822267, 1, 56, 224, 47, 0, 3.25%, 0, 0, 1, 131.16
1494822272, 1, 57, 224, 47, 0, 3.25%, 0, 0, 1, 123.90
1494822287, 1, 60, 224, 47, 0, 3.25%, 0, 0, 1, 143.25
1494822302, 1, 61, 224, 47, 0, 3.25%, 0, 0, 1, 141.72
1494822307, 1, 62, 224, 47, 0, 3.25%, 0, 0, 1, 133.87
1494822318, 1, 63, 224, 47, 0, 3.25%, 0, 0, 1, 131.89
1494822333, 1, 64, 224, 47, 0, 3.25%, 0, 0, 1, 133.05
1494822338, 1, 66, 224, 47, 0, 3.25%, 0, 0, 1, 131.88
1494822343, 1, 67, 224, 46, 0, 3.25%, 0, 0, 1, 124.98
1494822358, 1, 69, 224, 46, 0, 3.25%, 0, 0, 1, 123.90
1494822364, 1, 70, 224, 46, 0, 3.25%, 0, 0, 1, 121.43
1494822379, 1, 72, 224, 46, 0, 3.25%, 0, 0, 1, 116.16
1494822389, 1, 73, 224, 46, 0, 3.25%, 0, 0, 1, 115.57
1494822395, 1, 74, 224, 46, 0, 3.25%, 0, 0, 1, 119.30
1494822415, 1, 75, 224, 46, 0, 3.25%, 0, 0, 1, 127.32
1494822420, 1, 76, 224, 46, 0, 3.25%, 0, 0, 1, 127.45
1494822435, 1, 77, 224, 46, 0, 3.25%, 0, 0, 1, 127.05
1494822440, 1, 78, 224, 46, 0, 3.25%, 0, 0, 1, 133.66
1494822445, 1, 79, 224, 46, 0, 3.25%, 0, 0, 1, 127.07
1494822461, 1, 80, 224, 46, 0, 3.25%, 0, 0, 1, 128.73
1494822466, 1, 81, 224, 46, 0, 3.25%, 0, 0, 1, 122.60
1494822481, 1, 84, 224, 46, 0, 3.25%, 0, 0, 1, 125.46
1494822486, 1, 85, 224, 46, 0, 3.25%, 0, 0, 1, 121.30
1494822506, 1, 87, 224, 46, 0, 3.25%, 0, 0, 1, 126.19
1494822522, 1, 88, 224, 46, 0, 3.25%, 0, 0, 1, 135.84
1494822532, 1, 89, 224, 46, 0, 3.25%, 0, 0, 1, 137.72
1494822547, 1, 90, 224, 46, 0, 3.25%, 0, 0, 1, 120.60
1494822552, 1, 91, 224, 46, 0, 3.25%, 0, 0, 1, 129.45
1494822557, 1, 92, 224, 46, 0, 3.25%, 0, 0, 1, 124.08
1494822568, 1, 93, 224, 46, 0, 3.25%, 0, 0, 1, 119.10
1494822573, 1, 94, 224, 46, 0, 3.25%, 0, 0, 1, 125.01
1494822578, 1, 95, 224, 46, 0, 3.25%, 0, 0, 1, 127.17
1494822583, 1, 97, 224, 46, 0, 3.25%, 0, 0, 1, 135.57
1494822588, 1, 98, 224, 46, 0, 3.25%, 0, 0, 1, 133.39
1494822593, 1, 99, 224, 46, 0, 3.25%, 0, 0, 1, 129.61
1494822598, 1, 100, 224, 46, 0, 3.25%, 0, 0, 1, 138.58
1494822609, 1, 101, 224, 46, 0, 3.25%, 0, 0, 1, 136.19
1494822614, 1, 102, 224, 46, 0, 3.25%, 0, 0, 1, 147.73
1494822629, 1, 103, 224, 46, 0, 3.25%, 0, 0, 1, 145.38
1494822634, 1, 104, 224, 46, 0, 3.25%, 0, 0, 1, 140.81
1494822645, 1, 105, 224, 46, 0, 3.25%, 0, 0, 1, 138.10
1494822650, 1, 106, 224, 46, 0, 3.25%, 0, 0, 1, 141.70
1494822665, 1, 107, 224, 46, 0, 3.25%, 0, 0, 1, 136.91
1494822670, 1, 109, 224, 46, 0, 3.25%, 0, 0, 1, 138.54
1494822680, 1, 110, 224, 46, 0, 3.25%, 0, 0, 1, 146.53
1494822685, 1, 111, 224, 46, 0, 3.25%, 0, 0, 1, 131.90
1494822701, 1, 113, 224, 46, 0, 3.25%, 0, 0, 1, 144.16
1494822706, 1, 114, 224, 46, 0, 3.25%, 0, 0, 1, 149.42
1494822711, 1, 115, 224, 46, 0, 3.25%, 0, 0, 1, 146.49
1494822716, 1, 117, 224, 46, 0, 3.25%, 0, 0, 1, 153.17
1494822721, 1, 118, 224, 46, 0, 3.25%, 0, 0, 1, 145.77
1494822726, 1, 119, 224, 46, 0, 3.25%, 0, 0, 1, 140.21
1494822742, 1, 120, 224, 46, 0, 3.25%, 0, 0, 1, 137.18
1494822747, 1, 121, 224, 46, 0, 3.25%, 0, 0, 1, 142.57
1494822757, 1, 122, 224, 46, 0, 3.25%, 0, 0, 1, 135.49
1494822772, 1, 125, 224, 46, 0, 3.25%, 0, 0, 1, 142.86
1494822777, 1, 128, 224, 46, 0, 3.25%, 0, 0, 1, 139.12
1494822783, 1, 130, 224, 46, 0, 3.25%, 0, 0, 1, 137.72
1494822808, 1, 133, 224, 46, 0, 3.25%, 0, 0, 1, 140.95
1494822818, 1, 134, 224, 46, 0, 3.25%, 0, 0, 1, 148.85
1494822829, 1, 135, 224, 46, 0, 3.25%, 0, 0, 1, 148.61
1494822834, 1, 136, 224, 45, 0, 3.25%, 0, 0, 1, 147.92
1494822839, 1, 137, 224, 45, 0, 3.25%, 0, 0, 1, 140.34
1494822844, 1, 138, 224, 45, 0, 3.25%, 0, 0, 1, 129.86
1494822860, 1, 139, 224, 45, 0, 3.25%, 0, 0, 1, 126.97
1494822865, 1, 140, 224, 45, 0, 3.25%, 0, 0, 1, 136.22
1494822870, 1, 141, 224, 45, 0, 3.25%, 0, 0, 1, 120.10
1494822885, 1, 142, 224, 45, 0, 3.25%, 0, 0, 1, 116.22
1494822890, 1, 143, 224, 45, 0, 3.25%, 0, 0, 1, 130.38
1494822905, 1, 144, 224, 45, 0, 3.25%, 0, 0, 1, 122.16
1494822911, 1, 145, 224, 45, 0, 3.25%, 0, 0, 1, 128.17
1494822926, 1, 146, 224, 45, 0, 3.25%, 0, 0, 1, 129.40
1494822931, 1, 147, 224, 44, 0, 3.25%, 0, 0, 1, 119.37
1494822936, 1, 149, 224, 43, 0, 3.25%, 0, 0, 1, 118.90
1494822962, 1, 152, 224, 43, 0, 3.25%, 0, 0, 1, 121.63
1494822967, 1, 153, 224, 43, 0, 3.25%, 0, 0, 1, 119.11
1494822982, 1, 154, 224, 43, 0, 3.25%, 0, 0, 1, 119.77
1494822987, 1, 156, 224, 43, 0, 3.25%, 0, 0, 1, 132.20
1494823002, 1, 157, 224, 43, 0, 3.25%, 0, 0, 1, 134.07
1494823018, 1, 159, 224, 43, 0, 3.25%, 0, 0, 1, 137.38
1494823039, 1, 161, 224, 43, 0, 3.25%, 0, 0, 1, 132.49
1494823064, 1, 162, 224, 43, 0, 3.25%, 0, 0, 1, 120.40
1494823075, 1, 163, 224, 43, 0, 3.25%, 0, 0, 1, 130.70
1494823095, 1, 164, 224, 43, 0, 3.25%, 0, 0, 1, 126.94
1494823100, 1, 165, 224, 42, 0, 3.25%, 0, 0, 1, 127.64
1494823106, 1, 166, 224, 42, 0, 3.25%, 0, 0, 1, 134.88
1494823121, 1, 168, 224, 42, 0, 3.25%, 0, 0, 1, 144.69
1494823137, 1, 170, 224, 42, 0, 3.25%, 0, 0, 1, 143.73
1494823147, 1, 171, 224, 42, 0, 3.25%, 0, 0, 1, 146.70
1494823152, 1, 173, 224, 42, 0, 3.25%, 0, 0, 1, 158.90
1494823157, 1, 175, 224, 42, 0, 3.25%, 0, 0, 1, 145.03
1494823173, 1, 177, 224, 42, 0, 3.25%, 0, 0, 1, 146.58
1494823178, 1, 178, 224, 42, 0, 3.25%, 0, 0, 1, 135.62
1494823193, 1, 180, 224, 42, 0, 3.25%, 0, 0, 1, 142.09
1494823198, 1, 181, 224, 42, 0, 3.25%, 0, 0, 1, 145.81
1494823203, 1, 182, 224, 41, 0, 3.25%, 0, 0, 1, 152.32
1494823214, 1, 183, 224, 41, 0, 3.25%, 0, 0, 1, 139.99
1494823219, 1, 184, 224, 41, 0, 3.25%, 0, 0, 1, 132.33
1494823234, 1, 185, 224, 41, 0, 3.25%, 0, 0, 1, 131.70
1494823255, 1, 188, 224, 41, 0, 3.25%, 0, 0, 1, 129.65
1494823260, 1, 189, 224, 41, 0, 3.25%, 0, 0, 1, 124.49
1494823275, 1, 192, 224, 41, 0, 3.25%, 0, 0, 1, 137.68
1494823290, 1, 194, 224, 41, 0, 3.25%, 0, 0, 1, 150.31
1494823306, 1, 196, 224, 40, 0, 3.25%, 0, 0, 1, 148.29
1494823331, 1, 197, 224, 40, 0, 3.25%, 0, 0, 1, 132.42
1494823347, 1, 198, 224, 40, 0, 3.25%, 0, 0, 1, 131.32
1494823362, 1, 199, 224, 40, 0, 3.25%, 0, 0, 1, 126.39
1494823377, 1, 200, 224, 40, 0, 3.25%, 0, 0, 1, 128.08
1494823398, 1, 202, 224, 40, 0, 3.25%, 0, 0, 1, 126.02
1494823413, 1, 203, 224, 40, 0, 3.25%, 0, 0, 1, 137.61
1494823418, 1, 205, 224, 40, 0, 3.25%, 0, 0, 1, 132.56
1494823434, 1, 206, 224, 40, 0, 3.25%, 0, 0, 1, 137.60
1494823439, 1, 207, 224, 40, 0, 3.25%, 0, 0, 1, 133.64
1494823455, 1, 209, 224, 40, 0, 3.25%, 0, 0, 1, 132.65
1494823475, 1, 211, 224, 40, 0, 3.25%, 0, 0, 1, 126.78
1494823490, 1, 214, 224, 40, 0, 3.25%, 0, 0, 1, 130.54
1494823511, 1, 216, 224, 40, 0, 3.25%, 0, 0, 1, 130.24
1494823526, 1, 221, 224, 40, 0, 3.25%, 0, 0, 1, 117.51
1494823532, 1, 222, 224, 39, 0, 3.25%, 0, 0, 1, 123.40
1494823537, 2, 0, 224, 38, 0, 3.25%, 0, 0, 1, 126.95
1494823547, 2, 2, 224, 38, 0, 3.25%, 0, 0, 1, 140.28
1494823552, 2, 3, 224, 38, 0, 3.25%, 0, 0, 1, 131.99
1494823567, 2, 4, 224, 38, 0, 3.25%, 0, 0, 1, 133.96
1494823583, 2, 5, 224, 38, 0, 3.25%, 0, 0, 1, 119.83
1494823588, 2, 8, 224, 38, 0, 3.25%, 0, 0, 1, 127.61
1494823593, 2, 10, 224, 38, 0, 3.25%, 0, 0, 1, 134.98
1494823608, 2, 12, 224, 38, 0, 3.25%, 0, 0, 1, 144.69
1494823614, 2, 13, 224, 38, 0, 3.25%, 0, 0, 1, 144.02
1494823619, 2, 14, 224, 38, 0, 3.25%, 0, 0, 1, 139.57
1494823624, 2, 15, 224, 38, 0, 3.25%, 0, 0, 1, 158.14
1494823629, 2, 16, 224, 38, 0, 3.25%, 0, 0, 1, 157.19
1494823634, 2, 19, 224, 38, 0, 3.25%, 0, 0, 1, 144.14
1494823639, 2, 20, 224, 38, 0, 3.25%, 0, 0, 1, 154.89
1494823644, 2, 21, 224, 38, 0, 3.25%, 0, 0, 1, 164.92
1494823650, 2, 22, 224, 38, 0, 3.25%, 0, 0, 1, 141.17
1494823655, 2, 23, 224, 38, 0, 3.25%, 0, 0, 1, 144.75
1494823670, 2, 26, 224, 38, 0, 3.25%, 0, 0, 1, 140.39
1494823675, 2, 27, 224, 38, 0, 3.25%, 0, 0, 1, 144.36
1494823681, 2, 28, 224, 38, 0, 3.25%, 0, 0, 1, 146.46
1494823686, 2, 30, 224, 38, 0, 3.25%, 0, 0, 1, 137.43
1494823691, 2, 31, 224, 38, 0, 3.25%, 0, 0, 1, 148.37
1494823696, 2, 32, 224, 38, 0, 3.25%, 0, 0, 1, 144.69
1494823712, 2, 33, 224, 38, 0, 3.25%, 0, 0, 1, 144.53
1494823717, 2, 34, 224, 38, 0, 3.25%, 0, 0, 1, 146.49
1494823732, 2, 36, 224, 38, 0, 3.25%, 0, 0, 1, 136.61
1494823737, 2, 37, 224, 38, 0, 3.25%, 0, 0, 1, 138.16
1494823742, 2, 38, 224, 38, 0, 3.25%, 0, 0, 1, 137.95
1494823747, 2, 40, 224, 38, 0, 3.25%, 0, 0, 1, 153.77
1494823752, 2, 41, 224, 38, 0, 3.25%, 0, 0, 1, 148.70
1494823763, 2, 43, 224, 38, 0, 3.25%, 0, 0, 1, 138.92
1494823768, 2, 44, 224, 38, 0, 3.25%, 0, 0, 1, 147.98
1494823778, 2, 45, 224, 38, 0, 3.25%, 0, 0, 1, 147.89
1494823783, 2, 47, 224, 38, 0, 3.25%, 0, 0, 1, 140.40
1494823799, 2, 48, 224, 38, 0, 3.25%, 0, 0, 1, 150.37
1494823809, 2, 49, 224, 38, 0, 3.25%, 0, 0, 1, 146.54
1494823814, 2, 50, 224, 38, 0, 3.25%, 0, 0, 1, 137.32
1494823829, 2, 51, 224, 38, 0, 3.25%, 0, 0, 1, 137.13
1494823839, 2, 53, 224, 38, 0, 3.25%, 0, 0, 1, 146.99
1494823849, 2, 54, 224, 38, 0, 3.25%, 0, 0, 1, 141.69
1494823855, 2, 55, 224, 38, 0, 3.25%, 0, 0, 1, 105.86
1494823886, 2, 56, 224, 38, 0, 3.25%, 0, 0, 1, 123.33
1494823891, 2, 57, 224, 38, 0, 3.25%, 0, 0, 1, 119.41
1494823906, 2, 59, 224, 38, 0, 3.25%, 0, 0, 1, 122.67
1494823911, 2, 60, 224, 37, 0, 3.25%, 0, 0, 1, 122.23
1494823927, 2, 61, 224, 37, 0, 3.25%, 0, 0, 1, 127.87
1494823932, 2, 62, 224, 37, 0, 3.25%, 0, 0, 1, 121.75
1494823947, 2, 63, 224, 37, 0, 3.25%, 0, 0, 1, 118.49
1494823962, 2, 64, 224, 37, 0, 3.25%, 0, 0, 1, 116.28
1494823967, 2, 67, 224, 37, 0, 3.25%, 0, 0, 1, 128.54
1494823983, 2, 69, 224, 37, 0, 3.25%, 0, 0, 1, 123.36
1494823988, 2, 70, 224, 37, 0, 3.25%, 0, 0, 1, 124.49
1494824008, 2, 72, 224, 37, 0, 3.25%, 0, 0, 1, 130.64
1494824013, 2, 73, 224, 37, 0, 3.25%, 0, 0, 1, 134.87
1494824018, 2, 74, 224, 37, 0, 3.25%, 0, 0, 1, 123.91
1494824039, 2, 75, 224, 37, 0, 3.25%, 0, 0, 1, 121.87
1494824044, 2, 76, 224, 37, 0, 3.25%, 0, 0, 1, 115.46
1494824059, 2, 77, 224, 37, 0, 3.25%, 0, 0, 1, 116.08
1494824064, 2, 78, 224, 37, 0, 3.25%, 0, 0, 1, 124.68
1494824070, 2, 79, 224, 37, 0, 3.25%, 0, 0, 1, 120.16
1494824090, 2, 81, 224, 37, 0, 3.25%, 0, 0, 1, 120.14
1494824105, 2, 82, 224, 37, 0, 3.25%, 0, 0, 1, 131.78
1494824111, 2, 83, 224, 36, 0, 3.25%, 0, 0, 1, 134.21
1494824116, 2, 84, 224, 35, 0, 3.25%, 0, 0, 1, 142.64
1494824121, 2, 85, 224, 35, 0, 3.25%, 0, 0, 1, 137.36
1494824136, 2, 87, 224, 35, 0, 3.25%, 0, 0, 1, 141.06
1494824151, 2, 88, 224, 35, 0, 3.25%, 0, 0, 1, 134.44
1494824162, 2, 89, 224, 35, 0, 3.25%, 0, 0, 1, 143.47
1494824177, 2, 91, 224, 35, 0, 3.25%, 0, 0, 1, 144.84
1494824188, 2, 92, 224, 35, 0, 3.25%, 0, 0, 1, 136.41
1494824193, 2, 93, 224, 35, 0, 3.25%, 0, 0, 1, 139.97
1494824198, 2, 94, 224, 35, 0, 3.25%, 0, 0, 1, 139.66
1494824203, 2, 95, 224, 35, 0, 3.25%, 0, 0, 1, 131.82
1494824208, 2, 96, 224, 35, 0, 3.25%, 0, 0, 1, 139.64
1494824224, 2, 97, 224, 34, 0, 3.25%, 0, 0, 1, 136.53
1494824229, 2, 98, 224, 34, 0, 3.25%, 0, 0, 1, 135.80
1494824234, 2, 99, 224, 34, 0, 3.25%, 0, 0, 1, 143.51
1494824239, 2, 100, 224, 34, 0, 3.25%, 0, 0, 1, 140.79
1494824249, 2, 101, 224, 34, 0, 3.25%, 0, 0, 1, 137.85
1494824254, 2, 102, 224, 34, 0, 3.25%, 0, 0, 1, 137.67
1494824270, 2, 103, 224, 34, 0, 3.25%, 0, 0, 1, 147.25
1494824275, 2, 104, 224, 34, 0, 3.25%, 0, 0, 1, 138.78
1494824285, 2, 105, 224, 34, 0, 3.25%, 0, 0, 1, 144.72
1494824290, 2, 106, 224, 34, 0, 3.25%, 0, 0, 1, 150.93
1494824305, 2, 140, 225, 35, 1, 3.25%, 0, 0, 1, 149.18
1494824310, 2, 224, 225, 35, 1, 3.25%, 0, 0, 1, 135.07
1494824336, 3, 0, 225, 34, 0, 3.25%, 0, 0, 1, 141.13
1494824346, 3, 3, 225, 34, 0, 3.25%, 0, 0, 1, 144.77
1494824361, 3, 4, 225, 34, 0, 3.25%, 0, 0, 1, 126.27
1494824382, 3, 8, 225, 34, 0, 3.25%, 0, 0, 1, 125.35
1494824387, 3, 9, 225, 34, 0, 3.25%, 0, 0, 1, 122.86
1494824392, 3, 10, 225, 34, 0, 3.25%, 0, 0, 1, 124.86
1494824407, 3, 12, 225, 34, 0, 3.25%, 0, 0, 1, 120.16
1494824412, 3, 13, 225, 34, 0, 3.25%, 0, 0, 1, 127.16
1494824418, 3, 14, 225, 34, 0, 3.25%, 0, 0, 1, 125.53
1494824428, 3, 16, 225, 34, 0, 3.25%, 0, 0, 1, 144.56
1494824433, 3, 18, 225, 34, 0, 3.25%, 0, 0, 1, 131.05
1494824438, 3, 19, 225, 34, 0, 3.25%, 0, 0, 1, 134.86
1494824443, 3, 20, 225, 34, 0, 3.25%, 0, 0, 1, 129.89
1494824449, 3, 21, 225, 34, 0, 3.25%, 0, 0, 1, 132.23
1494824454, 3, 22, 225, 34, 0, 3.25%, 0, 0, 1, 124.27
1494824459, 3, 23, 225, 34, 0, 3.25%, 0, 0, 1, 126.10
1494824474, 3, 25, 225, 34, 0, 3.25%, 0, 0, 1, 132.60
1494824479, 3, 26, 225, 34, 0, 3.25%, 0, 0, 1, 119.16
1494824485, 3, 28, 225, 34, 0, 3.25%, 0, 0, 1, 125.75
1494824495, 3, 30, 225, 34, 0, 3.25%, 0, 0, 1, 162.38
1494824500, 3, 31, 225, 34, 0, 3.25%, 0, 0, 1, 130.98
1494824505, 3, 32, 225, 34, 0, 3.25%, 0, 0, 1, 122.63
1494824526, 3, 33, 225, 34, 0, 3.25%, 0, 0, 1, 137.45
1494824531, 3, 34, 225, 34, 0, 3.25%, 0, 0, 1, 128.21
1494824546, 3, 36, 225, 34, 0, 3.25%, 0, 0, 1, 127.79
1494824551, 3, 37, 225, 34, 0, 3.25%, 0, 0, 1, 128.53
1494824556, 3, 38, 225, 34, 0, 3.25%, 0, 0, 1, 126.03
1494824561, 3, 40, 225, 34, 0, 3.25%, 0, 0, 1, 135.08
1494824567, 3, 41, 225, 34, 0, 3.25%, 0, 0, 1, 126.84
1494824577, 3, 42, 225, 34, 0, 3.25%, 0, 0, 1, 117.62
1494824582, 3, 43, 225, 34, 0, 3.25%, 0, 0, 1, 119.57
1494824587, 3, 44, 225, 34, 0, 3.25%, 0, 0, 1, 119.07
1494824597, 3, 45, 225, 34, 0, 3.25%, 0, 0, 1, 130.74
1494824602, 3, 46, 225, 34, 0, 3.25%, 0, 0, 1, 125.94
1494824618, 3, 47, 225, 33, 0, 3.25%, 0, 0, 1, 143.01
1494824633, 3, 48, 225, 33, 0, 3.25%, 0, 0, 1, 140.40
1494824653, 3, 50, 225, 33, 0, 3.25%, 0, 0, 1, 143.76
1494824669, 3, 51, 225, 33, 0, 3.25%, 0, 0, 1, 146.11
1494824679, 3, 53, 225, 33, 0, 3.25%, 0, 0, 1, 144.74
1494824694, 3, 55, 225, 33, 0, 3.25%, 0, 0, 1, 138.10
1494824720, 3, 56, 225, 33, 0, 3.25%, 0, 0, 1, 133.53
1494824725, 3, 57, 225, 33, 0, 3.25%, 0, 0, 1, 121.65
1494824740, 3, 58, 225, 33, 0, 3.25%, 0, 0, 1, 146.76
1494824751, 3, 60, 225, 32, 0, 3.25%, 0, 0, 1, 145.17
1494824766, 3, 61, 225, 32, 0, 3.25%, 0, 0, 1, 130.73
1494824771, 3, 62, 225, 32, 0, 3.25%, 0, 0, 1, 133.40
1494824781, 3, 63, 225, 32, 0, 3.25%, 0, 0, 1, 145.62
1494824797, 3, 67, 225, 32, 0, 3.25%, 0, 0, 1, 136.87
1494824812, 3, 68, 225, 32, 0, 3.25%, 0, 0, 1, 143.80
1494824817, 3, 69, 225, 31, 0, 3.25%, 0, 0, 1, 157.03
1494824822, 3, 70, 225, 31, 0, 3.25%, 0, 0, 1, 143.05
1494824838, 3, 71, 225, 31, 0, 3.25%, 0, 0, 1, 129.54
1494824843, 3, 72, 225, 30, 0, 3.25%, 0, 0, 1, 133.72
1494824853, 3, 73, 225, 30, 0, 3.25%, 0, 0, 1, 122.80
1494824863, 3, 74, 225, 30, 0, 3.25%, 0, 0, 1, 122.34
1494824879, 3, 75, 225, 30, 0, 3.25%, 0, 0, 1, 121.07
1494824884, 3, 76, 225, 30, 0, 3.25%, 0, 0, 1, 130.04
1494824899, 3, 77, 225, 30, 0, 3.25%, 0, 0, 1, 120.52
1494824910, 3, 78, 225, 30, 0, 3.25%, 0, 0, 1, 130.61
1494824915, 3, 79, 225, 30, 0, 3.25%, 0, 0, 1, 119.83
1494824930, 3, 81, 225, 30, 0, 3.25%, 0, 0, 1, 134.66
1494824945, 3, 84, 225, 30, 0, 3.25%, 0, 0, 1, 125.08
1494824951, 3, 85, 225, 30, 0, 3.25%, 0, 0, 1, 136.19
1494824966, 3, 87, 225, 30, 0, 3.25%, 0, 0, 1, 134.96
1494824981, 3, 88, 225, 30, 0, 3.25%, 0, 0, 1, 132.35
1494824992, 3, 89, 225, 30, 0, 3.25%, 0, 0, 1, 119.39
1494825007, 3, 90, 225, 30, 0, 3.25%, 0, 0, 1, 122.22
1494825012, 3, 91, 225, 30, 0, 3.25%, 0, 0, 1, 130.19
1494825022, 3, 92, 225, 30, 0, 3.25%, 0, 0, 1, 119.77
1494825027, 3, 93, 225, 30, 0, 3.25%, 0, 0, 1, 124.21
1494825032, 3, 94, 225, 30, 0, 3.25%, 0, 0, 1, 125.99
1494825043, 3, 95, 225, 30, 0, 3.25%, 0, 0, 1, 117.02
1494825048, 3, 98, 225, 30, 0, 3.25%, 0, 0, 1, 119.34
1494825058, 3, 99, 225, 30, 0, 3.25%, 0, 0, 1, 121.09
1494825063, 3, 100, 225, 30, 0, 3.25%, 0, 0, 1, 122.15
1494825079, 3, 101, 225, 30, 0, 3.25%, 0, 0, 1, 127.75
1494825084, 3, 102, 225, 30, 0, 3.25%, 0, 0, 1, 138.98
1494825099, 3, 103, 225, 30, 0, 3.25%, 0, 0, 1, 122.30
1494825104, 3, 104, 225, 30, 0, 3.25%, 0, 0, 1, 129.57
1494825119, 3, 106, 225, 30, 0, 3.25%, 0, 0, 1, 141.57
1494825135, 3, 107, 225, 30, 0, 3.25%, 0, 0, 1, 141.62
1494825140, 3, 109, 225, 30, 0, 3.25%, 0, 0, 1, 149.52
1494825155, 3, 111, 225, 30, 0, 3.25%, 0, 0, 1, 148.51
1494825171, 3, 112, 225, 30, 0, 3.25%, 0, 0, 1, 137.77
1494825176, 3, 113, 225, 29, 0, 3.25%, 0, 0, 1, 147.24
1494825181, 3, 114, 225, 29, 0, 3.25%, 0, 0, 1, 151.42
1494825186, 3, 115, 225, 29, 0, 3.25%, 0, 0, 1, 143.32
1494825191, 3, 116, 225, 29, 0, 3.25%, 0, 0, 1, 132.33
1494825196, 3, 117, 225, 29, 0, 3.25%, 0, 0, 1, 138.59
1494825201, 3, 119, 225, 29, 0, 3.25%, 0, 0, 1, 139.74
1494825217, 3, 120, 225, 29, 0, 3.25%, 0, 0, 1, 134.24
1494825222, 3, 121, 225, 29, 0, 3.25%, 0, 0, 1, 143.05
1494825237, 3, 122, 225, 29, 0, 3.25%, 0, 0, 1, 140.31
1494825253, 3, 125, 225, 29, 0, 3.25%, 0, 0, 1, 143.52
1494825258, 3, 128, 225, 29, 0, 3.25%, 0, 0, 1, 141.77
1494825263, 3, 130, 225, 29, 0, 3.25%, 0, 0, 1, 154.23
1494825284, 3, 131, 225, 29, 0, 3.25%, 0, 0, 1, 143.84
1494825289, 3, 132, 225, 28, 0, 3.25%, 0, 0, 1, 138.74
1494825294, 3, 133, 225, 28, 0, 3.25%, 0, 0, 1, 139.41
1494825299, 3, 134, 225, 28, 0, 3.25%, 0, 0, 1, 146.93
1494825309, 3, 136, 225, 28, 0, 3.25%, 0, 0, 1, 142.63
1494825314, 3, 137, 225, 28, 0, 3.25%, 0, 0, 1, 146.85
1494825319, 3, 138, 225, 28, 0, 3.25%, 0, 0, 1, 132.37
1494825335, 3, 139, 225, 28, 0, 3.25%, 0, 0, 1, 139.59
1494825340, 3, 140, 225, 28, 0, 3.25%, 0, 0, 1, 141.56
1494825345, 3, 141, 225, 28, 0, 3.25%, 0, 0, 1, 149.03
1494825355, 3, 142, 225, 28, 0, 3.25%, 0, 0, 1, 140.43
1494825360, 3, 143, 225, 28, 0, 3.25%, 0, 0, 1, 132.77
1494825381, 3, 145, 225, 28, 0, 3.25%, 0, 0, 1, 127.27
1494825401, 3, 149, 225, 28, 0, 3.25%, 0, 0, 1, 130.29
1494825422, 3, 150, 225, 28, 0, 3.25%, 0, 0, 1, 130.41
1494825427, 3, 152, 225, 27, 0, 3.25%, 0, 0, 1, 120.11
1494825432, 3, 153, 225, 27, 0, 3.25%, 0, 0, 1, 127.35
1494825448, 3, 155, 225, 27, 0, 3.25%, 0, 0, 1, 130.33
1494825453, 3, 156, 225, 27, 0, 3.25%, 0, 0, 1, 131.91
1494825468, 3, 157, 225, 27, 0, 3.25%, 0, 0, 1, 122.75
1494825484, 3, 159, 225, 27, 0, 3.25%, 0, 0, 1, 129.64
1494825504, 3, 161, 225, 26, 0, 3.25%, 0, 0, 1, 124.90
1494825530, 3, 162, 225, 26, 0, 3.25%, 0, 0, 1, 134.37
1494825540, 3, 163, 225, 26, 0, 3.25%, 0, 0, 1, 133.88
1494825555, 3, 165, 225, 26, 0, 3.25%, 0, 0, 1, 123.13
1494825565, 3, 166, 225, 26, 0, 3.25%, 0, 0, 1, 125.30
1494825580, 3, 168, 225, 26, 0, 3.25%, 0, 0, 1, 125.40
1494825596, 3, 170, 225, 26, 0, 3.25%, 0, 0, 1, 126.26
1494825611, 3, 171, 225, 26, 0, 3.25%, 0, 0, 1, 156.39
1494825617, 3, 173, 225, 26, 0, 3.25%, 0, 0, 1, 137.20
1494825622, 3, 174, 225, 26, 0, 3.25%, 0, 0, 1, 134.45
1494825627, 3, 175, 225, 25, 0, 3.25%, 0, 0, 1, 141.54
1494825642, 3, 177, 225, 25, 0, 3.25%, 0, 0, 1, 137.57
1494825647, 3, 178, 225, 25, 0, 3.25%, 0, 0, 1, 150.66
1494825657, 3, 180, 225, 25, 0, 3.25%, 0, 0, 1, 152.72
1494825662, 3, 182, 225, 25, 0, 3.25%, 0, 0, 1, 157.94
1494825678, 3, 183, 225, 25, 0, 3.25%, 0, 0, 1, 123.87
1494825683, 3, 184, 225, 25, 0, 3.25%, 0, 0, 1, 145.30
1494825698, 3, 185, 225, 25, 0, 3.25%, 0, 0, 1, 131.62
1494825718, 3, 186, 225, 25, 0, 3.25%, 0, 0, 1, 135.47
1494825724, 3, 189, 225, 25, 0, 3.25%, 0, 0, 1, 149.02
1494825739, 3, 192, 225, 25, 0, 3.25%, 0, 0, 1, 147.97
1494825754, 3, 195, 225, 25, 0, 3.25%, 0, 0, 1, 136.64
1494825759, 3, 196, 225, 25, 0, 3.25%, 0, 0, 1, 148.71
1494825785, 3, 197, 225, 25, 0, 3.25%, 0, 0, 1, 134.24
1494825800, 3, 198, 225, 25, 0, 3.25%, 0, 0, 1, 143.26
1494825815, 3, 199, 225, 25, 0, 3.25%, 0, 0, 1, 141.25
1494825825, 3, 200, 225, 25, 0, 3.25%, 0, 0, 1, 146.84
1494825841, 3, 202, 225, 25, 0, 3.25%, 0, 0, 1, 156.57
1494825856, 3, 203, 225, 25, 0, 3.25%, 0, 0, 1, 137.03
1494825861, 3, 204, 225, 25, 0, 3.25%, 0, 0, 1, 120.41
1494825866, 3, 205, 225, 25, 0, 3.25%, 0, 0, 1, 116.99
1494825882, 3, 207, 225, 25, 0, 3.25%, 0, 0, 1, 122.23
1494825902, 3, 209, 225, 25, 0, 3.25%, 0, 0, 1, 126.28
1494825923, 3, 211, 225, 25, 0, 3.25%, 0, 0, 1, 125.22
1494825943, 3, 214, 225, 25, 0, 3.25%, 0, 0, 1, 127.32
1494825964, 3, 216, 225, 24, 0, 3.25%, 0, 0, 1, 127.52
1494825979, 3, 217, 225, 24, 0, 3.25%, 0, 0, 1, 121.11
1494825984, 3, 220, 225, 23, 0, 3.25%, 0, 0, 1, 119.96
1494825989, 3, 224, 225, 23, 0, 3.25%, 0, 0, 1, 132.16
1494826020, 4, 0, 225, 23, 0, 3.25%, 0, 0, 1, 117.99
1494826025, 4, 1, 225, 23, 0, 3.25%, 0, 0, 1, 121.25
1494826030, 4, 3, 225, 23, 0, 3.25%, 0, 0, 1, 120.72
1494826050, 4, 4, 225, 23, 0, 3.25%, 0, 0, 1, 125.99
1494826066, 4, 5, 225, 23, 0, 3.25%, 0, 0, 1, 118.50
1494826071, 4, 8, 225, 23, 0, 3.25%, 0, 0, 1, 117.85
1494826076, 4, 10, 225, 23, 0, 3.25%, 0, 0, 1, 132.25
1494826097, 4, 12, 225, 23, 0, 3.25%, 0, 0, 1, 127.24
1494826102, 4, 13, 225, 23, 0, 3.25%, 0, 0, 1, 127.66
1494826107, 4, 14, 225, 23, 0, 3.25%, 0, 0, 1, 139.18
1494826112, 4, 16, 225, 23, 0, 3.25%, 0, 0, 1, 139.55
1494826117, 4, 17, 225, 23, 0, 3.25%, 0, 0, 1, 134.54
1494826122, 4, 19, 225, 23, 0, 3.25%, 0, 0, 1, 145.70
1494826127, 4, 20, 225, 23, 0, 3.25%, 0, 0, 1, 142.50
1494826132, 4, 21, 225, 23, 0, 3.25%, 0, 0, 1, 150.07
1494826138, 4, 22, 225, 23, 0, 3.25%, 0, 0, 1, 137.06
1494826143, 4, 23, 225, 23, 0, 3.25%, 0, 0, 1, 138.04
1494826158, 4, 25, 225, 23, 0, 3.25%, 0, 0, 1, 144.48
1494826163, 4, 26, 225, 23, 0, 3.25%, 0, 0, 1, 146.92
1494826168, 4, 28, 225, 23, 0, 3.25%, 0, 0, 1, 154.51
1494826173, 4, 29, 225, 23, 0, 3.25%, 0, 0, 1, 142.71
1494826178, 4, 30, 225, 23, 0, 3.25%, 0, 0, 1, 141.24
1494826184, 4, 31, 225, 23, 0, 3.25%, 0, 0, 1, 139.56
1494826189, 4, 32, 225, 23, 0, 3.25%, 0, 0, 1, 138.36
1494826204, 4, 33, 225, 23, 0, 3.25%, 0, 0, 1, 139.32
1494826209, 4, 34, 225, 23, 0, 3.25%, 0, 0, 1, 140.83
1494826225, 4, 36, 225, 23, 0, 3.25%, 0, 0, 1, 133.18
1494826230, 4, 37, 225, 23, 0, 3.25%, 0, 0, 1, 133.35
1494826235, 4, 38, 225, 23, 0, 3.25%, 0, 0, 1, 144.38
1494826240, 4, 40, 225, 23, 0, 3.25%, 0, 0, 1, 143.21
1494826245, 4, 41, 225, 23, 0, 3.25%, 0, 0, 1, 151.34
1494826251, 4, 43, 225, 23, 0, 3.25%, 0, 0, 1, 136.22
1494826261, 4, 44, 225, 23, 0, 3.25%, 0, 0, 1, 139.77
1494826266, 4, 45, 225, 23, 0, 3.25%, 0, 0, 1, 141.86
1494826271, 4, 47, 225, 23, 0, 3.25%, 0, 0, 1, 137.96
1494826286, 4, 48, 225, 23, 0, 3.25%, 0, 0, 1, 135.76
1494826302, 4, 49, 225, 23, 0, 3.25%, 0, 0, 1, 140.45
1494826307, 4, 50, 225, 23, 0, 3.25%, 0, 0, 1, 140.32
1494826317, 4, 51, 225, 23, 0, 3.25%, 0, 0, 1, 140.30
1494826327, 4, 53, 225, 23, 0, 3.25%, 0, 0, 1, 150.65
1494826343, 4, 55, 225, 23, 0, 3.25%, 0, 0, 1, 127.67
1494826374, 4, 56, 225, 23, 0, 3.25%, 0, 0, 1, 125.15
1494826379, 4, 57, 225, 23, 0, 3.25%, 0, 0, 1, 129.33
1494826394, 4, 60, 225, 23, 0, 3.25%, 0, 0, 1, 136.17
1494826409, 4, 61, 225, 23, 0, 3.25%, 0, 0, 1, 137.02
1494826414, 4, 62, 225, 23, 0, 3.25%, 0, 0, 1, 127.46
1494826430, 4, 63, 225, 23, 0, 3.25%, 0, 0, 1, 129.15
1494826445, 4, 67, 225, 23, 0, 3.25%, 0, 0, 1, 123.27
1494826465, 4, 68, 225, 23, 0, 3.25%, 0, 0, 1, 139.04
1494826470, 4, 69, 225, 23, 0, 3.25%, 0, 0, 1, 128.06
1494826475, 4, 70, 225, 23, 0, 3.25%, 0, 0, 1, 128.96
1494826491, 4, 72, 225, 23, 0, 3.25%, 0, 0, 1, 130.12
1494826501, 4, 73, 225, 23, 0, 3.25%, 0, 0, 1, 130.26
1494826506, 4, 74, 225, 23, 0, 3.25%, 0, 0, 1, 131.55
1494826521, 4, 75, 225, 23, 0, 3.25%, 0, 0, 1, 123.15
1494826527, 4, 76, 225, 23, 0, 3.25%, 0, 0, 1, 128.65
1494826542, 4, 77, 225, 23, 0, 3.25%, 0, 0, 1, 126.25
1494826552, 4, 78, 225, 23, 0, 3.25%, 0, 0, 1, 132.05
1494826557, 4, 81, 225, 23, 0, 3.25%, 0, 0, 1, 138.34
1494826573, 4, 83, 225, 23, 0, 3.25%, 0, 0, 1, 136.95
1494826578, 4, 84, 225, 23, 0, 3.25%, 0, 0, 1, 124.08
1494826583, 4, 85, 225, 23, 0, 3.25%, 0, 0, 1, 124.24
1494826603, 4, 87, 225, 23, 0, 3.25%, 0, 0, 1, 127.38
1494826619, 4, 88, 225, 23, 0, 3.25%, 0, 0, 1, 143.36
1494826624, 4, 89, 225, 23, 0, 3.25%, 0, 0, 1, 142.79
1494826639, 4, 91, 225, 23, 0, 3.25%, 0, 0, 1, 138.03
1494826649, 4, 92, 225, 23, 0, 3.25%, 0, 0, 1, 145.15
1494826655, 4, 93, 225, 23, 0, 3.25%, 0, 0, 1, 145.79
1494826660, 4, 94, 225, 23, 0, 3.25%, 0, 0, 1, 148.67
1494826665, 4, 95, 225, 23, 0, 3.25%, 0, 0, 1, 154.94
1494826670, 4, 96, 225, 23, 0, 3.25%, 0, 0, 1, 136.92
1494826685, 4, 98, 225, 23, 0, 3.25%, 0, 0, 1, 135.84
1494826691, 4, 99, 225, 23, 0, 3.25%, 0, 0, 1, 148.26
1494826696, 4, 100, 225, 23, 0, 3.25%, 0, 0, 1, 140.45
1494826711, 4, 101, 225, 23, 0, 3.25%, 0, 0, 1, 146.64
1494826716, 4, 102, 225, 23, 0, 3.25%, 0, 0, 1, 136.12
1494826731, 4, 103, 225, 23, 0, 3.25%, 0, 0, 1, 131.04
1494826737, 4, 104, 225, 23, 0, 3.25%, 0, 0, 1, 137.10
1494826752, 4, 106, 225, 23, 0, 3.25%, 0, 0, 1, 142.87
1494826767, 4, 107, 225, 23, 0, 3.25%, 0, 0, 1, 142.07
1494826772, 4, 109, 225, 23, 0, 3.25%, 0, 0, 1, 148.77
1494826788, 4, 111, 225, 23, 0, 3.25%, 0, 0, 1, 142.12
1494826803, 4, 113, 225, 23, 0, 3.25%, 0, 0, 1, 135.09
1494826814, 4, 115, 225, 23, 0, 3.25%, 0, 0, 1, 140.15
1494826819, 4, 116, 225, 23, 0, 3.25%, 0, 0, 1, 131.18
1494826824, 4, 117, 225, 23, 0, 3.25%, 0, 0, 1, 136.86
1494826829, 4, 118, 225, 23, 0, 3.25%, 0, 0, 1, 133.43
1494826834, 4, 119, 225, 23, 0, 3.25%, 0, 0, 1, 135.91
1494826849, 4, 121, 225, 23, 0, 3.25%, 0, 0, 1, 141.06
1494826865, 4, 122, 225, 23, 0, 3.25%, 0, 0, 1, 132.89
1494826880, 4, 124, 225, 23, 0, 3.25%, 0, 0, 1, 135.80
1494826885, 4, 125, 225, 23, 0, 3.25%, 0, 0, 1, 129.20
1494826895, 4, 128, 225, 23, 0, 3.25%, 0, 0, 1, 126.29
1494826901, 4, 130, 225, 23, 0, 3.25%, 0, 0, 1, 131.32
1494826926, 4, 133, 225, 23, 0, 3.25%, 0, 0, 1, 122.31
1494826936, 4, 134, 225, 23, 0, 3.25%, 0, 0, 1, 127.91
1494826952, 4, 136, 225, 23, 0, 3.25%, 0, 0, 1, 126.45
1494826957, 4, 137, 225, 23, 0, 3.25%, 0, 0, 1, 127.72
1494826962, 4, 138, 225, 23, 0, 3.25%, 0, 0, 1, 122.27
1494826977, 4, 139, 225, 23, 0, 3.25%, 0, 0, 1, 122.78
1494826983, 4, 140, 225, 23, 0, 3.25%, 0, 0, 1, 126.60
1494826988, 4, 141, 225, 23, 0, 3.25%, 0, 0, 1, 128.49
1494827003, 4, 142, 225, 23, 0, 3.25%, 0, 0, 1, 134.02
1494827008, 4, 143, 225, 23, 0, 3.25%, 0, 0, 1, 140.52
1494827018, 4, 144, 225, 23, 0, 3.25%, 0, 0, 1, 132.45
1494827024, 4, 145, 225, 23, 0, 3.25%, 0, 0, 1, 130.70
1494827039, 4, 149, 225, 23, 0, 3.25%, 0, 0, 1, 126.63
1494827065, 4, 151, 225, 23, 0, 3.25%, 0, 0, 1, 120.94
1494827080, 4, 152, 225, 22, 0, 3.25%, 0, 0, 1, 122.01
1494827085, 4, 153, 225, 22, 0, 3.25%, 0, 0, 1, 120.78
1494827100, 4, 154, 225, 22, 0, 3.25%, 0, 0, 1, 133.72
1494827106, 4, 156, 225, 22, 0, 3.25%, 0, 0, 1, 140.78
1494827121, 4, 157, 225, 22, 0, 3.25%, 0, 0, 1, 138.03
1494827136, 4, 159, 225, 22, 0, 3.25%, 0, 0, 1, 146.15
1494827152, 4, 161, 225, 22, 0, 3.25%, 0, 0, 1, 133.65
1494827172, 4, 162, 225, 22, 0, 3.25%, 0, 0, 1, 141.08
1494827187, 4, 163, 225, 22, 0, 3.25%, 0, 0, 1, 142.49
1494827203, 4, 165, 225, 22, 0, 3.25%, 0, 0, 1, 145.02
1494827208, 4, 166, 225, 22, 0, 3.25%, 0, 0, 1, 145.74
1494827223, 4, 168, 225, 22, 0, 3.25%, 0, 0, 1, 142.92
1494827239, 4, 170, 225, 22, 0, 3.25%, 0, 0, 1, 155.51
1494827254, 4, 172, 225, 22, 0, 3.25%, 0, 0, 1, 145.75
1494827259, 4, 173, 225, 22, 0, 3.25%, 0, 0, 1, 140.03
1494827264, 4, 175, 225, 22, 0, 3.25%, 0, 0, 1, 142.39
1494827279, 4, 177, 225, 21, 0, 3.25%, 0, 0, 1, 138.51
1494827285, 4, 178, 225, 21, 0, 3.25%, 0, 0, 1, 134.05
1494827300, 4, 180, 225, 20, 0, 3.25%, 0, 0, 1, 145.56
1494827305, 4, 182, 225, 20, 0, 3.25%, 0, 0, 1, 141.57
1494827320, 4, 183, 225, 20, 0, 3.25%, 0, 0, 1, 140.32
1494827325, 4, 184, 225, 20, 0, 3.25%, 0, 0, 1, 140.70
1494827341, 4, 185, 225, 20, 0, 3.25%, 0, 0, 1, 141.27
1494827361, 4, 187, 225, 20, 0, 3.25%, 0, 0, 1, 139.60
1494827376, 4, 189, 225, 19, 0, 3.25%, 0, 0, 1, 134.75
1494827392, 4, 190, 225, 19, 0, 3.25%, 0, 0, 1, 127.66
1494827397, 4, 192, 225, 19, 0, 3.25%, 0, 0, 1, 132.38
1494827412, 4, 195, 225, 19, 0, 3.25%, 0, 0, 1, 121.72
1494827417, 4, 196, 225, 19, 0, 3.25%, 0, 0, 1, 122.59
1494827443, 4, 197, 225, 19, 0, 3.25%, 0, 0, 1, 137.76
1494827458, 4, 198, 225, 19, 0, 3.25%, 0, 0, 1, 135.97
1494827474, 4, 199, 225, 19, 0, 3.25%, 0, 0, 1, 124.86
1494827489, 4, 200, 225, 19, 0, 3.25%, 0, 0, 1, 131.10
1494827504, 4, 201, 225, 19, 0, 3.25%, 0, 0, 1, 119.99
1494827509, 4, 202, 225, 19, 0, 3.25%, 0, 0, 1, 119.60
1494827519, 4, 203, 225, 19, 0, 3.25%, 0, 0, 1, 129.46
1494827525, 4, 204, 225, 19, 0, 3.25%, 0, 0, 1, 130.41
1494827530, 4, 205, 225, 19, 0, 3.25%, 0, 0, 1, 122.68
1494827540, 4, 206, 225, 19, 0, 3.25%, 0, 0, 1, 140.31
1494827545, 4, 207, 225, 19, 0, 3.25%, 0, 0, 1, 128.72
1494827560, 4, 209, 225, 19, 0, 3.25%, 0, 0, 1, 119.14
1494827581, 4, 211, 225, 19, 0, 3.25%, 0, 0, 1, 122.13
1494827596, 4, 212, 225, 19, 0, 3.25%, 0, 0, 1, 134.35
1494827601, 4, 214, 225, 19, 0, 3.25%, 0, 0, 1, 134.69
1494827616, 4, 216, 225, 19, 0, 3.25%, 0, 0, 1, 127.23
1494827632, 4, 220, 225, 19, 0, 3.25%, 0, 0, 1, 115.42
1494827637, 4, 224, 225, 19, 0, 3.25%, 0, 0, 1, 148.16
1494827652, 5, 0, 225, 19, 0, 3.25%, 0, 0, 1, 150.24
1494827658, 5, 2, 225, 19, 0, 3.25%, 0, 0, 1, 144.18
1494827663, 5, 3, 225, 19, 0, 3.25%, 0, 0, 1, 146.97
1494827678, 5, 4, 225, 19, 0, 3.25%, 0, 0, 1, 146.09
1494827688, 5, 5, 225, 19, 0, 3.25%, 0, 0, 1, 146.61
1494827693, 5, 8, 225, 19, 0, 3.25%, 0, 0, 1, 149.41
1494827698, 5, 10, 225, 19, 0, 3.25%, 0, 0, 1, 139.69
1494827719, 5, 12, 225, 19, 0, 3.25%, 0, 0, 1, 141.98
1494827724, 5, 13, 225, 19, 0, 3.25%, 0, 0, 1, 136.05
1494827729, 5, 14, 225, 19, 0, 3.25%, 0, 0, 1, 136.80
1494827734, 5, 16, 225, 19, 0, 3.25%, 0, 0, 1, 136.66
1494827739, 5, 17, 225, 19, 0, 3.25%, 0, 0, 1, 132.50
1494827744, 5, 19, 225, 19, 0, 3.25%, 0, 0, 1, 140.96
1494827749, 5, 20, 225, 19, 0, 3.25%, 0, 0, 1, 138.81
1494827754, 5, 21, 225, 19, 0, 3.25%, 0, 0, 1, 139.44
1494827760, 5, 22, 225, 19, 0, 3.25%, 0, 0, 1, 145.59
1494827765, 5, 23, 225, 19, 0, 3.25%, 0, 0, 1, 134.00
1494827775, 5, 24, 225, 19, 0, 3.25%, 0, 0, 1, 150.44
1494827780, 5, 26, 225, 19, 0, 3.25%, 0, 0, 1, 144.01
1494827785, 5, 27, 225, 19, 0, 3.25%, 0, 0, 1, 149.99
1494827790, 5, 29, 225, 19, 0, 3.25%, 0, 0, 1, 149.14
1494827795, 5, 30, 225, 19, 0, 3.25%, 0, 0, 1, 152.25
1494827801, 5, 31, 225, 19, 0, 3.25%, 0, 0, 1, 149.63
1494827806, 5, 32, 225, 19, 0, 3.25%, 0, 0, 1, 148.95
1494827821, 5, 33, 225, 19, 0, 3.25%, 0, 0, 1, 143.23
1494827826, 5, 34, 225, 19, 0, 3.25%, 0, 0, 1, 146.77
1494827837, 5, 35, 225, 19, 0, 3.25%, 0, 0, 1, 144.73
1494827852, 5, 36, 225, 18, 0, 3.25%, 0, 0, 1, 148.75
1494827862, 5, 37, 225, 18, 0, 3.25%, 0, 0, 1, 146.90
1494827867, 5, 38, 225, 18, 0, 3.25%, 0, 0, 1, 147.66
1494827872, 5, 41, 225, 18, 0, 3.25%, 0, 0, 1, 156.39
1494827883, 5, 43, 225, 18, 0, 3.25%, 0, 0, 1, 123.30
1494827893, 5, 44, 225, 18, 0, 3.25%, 0, 0, 1, 117.99
1494827903, 5, 45, 225, 18, 0, 3.25%, 0, 0, 1, 127.06
1494827908, 5, 47, 225, 18, 0, 3.25%, 0, 0, 1, 128.12
1494827924, 5, 48, 225, 18, 0, 3.25%, 0, 0, 1, 131.76
1494827939, 5, 49, 225, 18, 0, 3.25%, 0, 0, 1, 116.85
1494827944, 5, 50, 225, 18, 0, 3.25%, 0, 0, 1, 120.16
1494827960, 5, 51, 225, 18, 0, 3.25%, 0, 0, 1, 117.21
1494827970, 5, 53, 225, 18, 0, 3.25%, 0, 0, 1, 130.53
1494827986, 5, 54, 225, 18, 0, 3.25%, 0, 0, 1, 126.21
1494827991, 5, 55, 225, 18, 0, 3.25%, 0, 0, 1, 100.92
1494828021, 5, 56, 225, 18, 0, 3.25%, 0, 0, 1, 114.09
1494828026, 5, 57, 225, 18, 0, 3.25%, 0, 0, 1, 122.95
1494828042, 5, 60, 225, 18, 0, 3.25%, 0, 0, 1, 122.62
1494828062, 5, 61, 225, 18, 0, 3.25%, 0, 0, 1, 133.08
1494828067, 5, 62, 225, 18, 0, 3.25%, 0, 0, 1, 129.71
1494828077, 5, 63, 225, 18, 0, 3.25%, 0, 0, 1, 136.97
1494828093, 5, 64, 225, 18, 0, 3.25%, 0, 0, 1, 128.13
1494828098, 5, 67, 225, 18, 0, 3.25%, 0, 0, 1, 127.53
1494828113, 5, 69, 225, 18, 0, 3.25%, 0, 0, 1, 122.09
1494828118, 5, 70, 225, 18, 0, 3.25%, 0, 0, 1, 117.71
1494828133, 5, 72, 225, 18, 0, 3.25%, 0, 0, 1, 130.00
1494828138, 5, 73, 225, 18, 0, 3.25%, 0, 0, 1, 142.88
1494828144, 5, 74, 225, 18, 0, 3.25%, 0, 0, 1, 134.09
1494828159, 5, 75, 225, 18, 0, 3.25%, 0, 0, 1, 146.31
1494828164, 5, 76, 225, 18, 0, 3.25%, 0, 0, 1, 141.52
1494828179, 5, 77, 225, 18, 0, 3.25%, 0, 0, 1, 143.57
1494828185, 5, 78, 225, 18, 0, 3.25%, 0, 0, 1, 139.02
1494828190, 5, 81, 225, 18, 0, 3.25%, 0, 0, 1, 140.63
1494828205, 5, 84, 225, 18, 0, 3.25%, 0, 0, 1, 138.77
1494828210, 5, 85, 225, 18, 0, 3.25%, 0, 0, 1, 144.39
1494828225, 5, 86, 225, 18, 0, 3.25%, 0, 0, 1, 144.20
1494828231, 5, 87, 225, 17, 0, 3.25%, 0, 0, 1, 133.03
1494828246, 5, 88, 225, 17, 0, 3.25%, 0, 0, 1, 151.46
1494828251, 5, 89, 225, 17, 0, 3.25%, 0, 0, 1, 151.58
1494828267, 5, 90, 225, 17, 0, 3.25%, 0, 0, 1, 143.12
1494828272, 5, 91, 225, 17, 0, 3.25%, 0, 0, 1, 155.00
1494828277, 5, 92, 225, 17, 0, 3.25%, 0, 0, 1, 140.48
1494828282, 5, 93, 225, 17, 0, 3.25%, 0, 0, 1, 135.03
1494828287, 5, 94, 225, 17, 0, 3.25%, 0, 0, 1, 155.24
1494828298, 5, 95, 225, 17, 0, 3.25%, 0, 0, 1, 141.78
1494828303, 5, 98, 225, 17, 0, 3.25%, 0, 0, 1, 142.91
1494828308, 5, 99, 225, 17, 0, 3.25%, 0, 0, 1, 139.94
1494828313, 5, 100, 225, 17, 0, 3.25%, 0, 0, 1, 143.28
1494828328, 5, 101, 225, 17, 0, 3.25%, 0, 0, 1, 144.66
1494828333, 5, 102, 225, 17, 0, 3.25%, 0, 0, 1, 135.15
1494828349, 5, 103, 225, 17, 0, 3.25%, 0, 0, 1, 138.84
1494828354, 5, 104, 225, 17, 0, 3.25%, 0, 0, 1, 139.54
1494828369, 5, 106, 225, 17, 0, 3.25%, 0, 0, 1, 142.04
1494828385, 5, 107, 225, 17, 0, 3.25%, 0, 0, 1, 130.54
1494828390, 5, 109, 225, 17, 0, 3.25%, 0, 0, 1, 126.19
1494828405, 5, 110, 225, 17, 0, 3.25%, 0, 0, 1, 122.11
1494828410, 5, 111, 225, 17, 0, 3.25%, 0, 0, 1, 128.33
1494828426, 5, 113, 225, 17, 0, 3.25%, 0, 0, 1, 137.23
1494828436, 5, 114, 225, 17, 0, 3.25%, 0, 0, 1, 128.79
1494828441, 5, 115, 225, 17, 0, 3.25%, 0, 0, 1, 135.22
1494828446, 5, 117, 225, 17, 0, 3.25%, 0, 0, 1, 127.57
1494828452, 5, 118, 225, 17, 0, 3.25%, 0, 0, 1, 128.37
1494828457, 5, 119, 225, 17, 0, 3.25%, 0, 0, 1, 131.09
1494828472, 5, 120, 225, 17, 0, 3.25%, 0, 0, 1, 131.62
1494828477, 5, 121, 225, 17, 0, 3.25%, 0, 0, 1, 130.85
1494828493, 5, 122, 225, 17, 0, 3.25%, 0, 0, 1, 140.33
1494828508, 5, 123, 225, 17, 0, 3.25%, 0, 0, 1, 140.53
1494828513, 5, 125, 225, 16, 0, 3.25%, 0, 0, 1, 132.35
1494828518, 5, 127, 225, 16, 0, 3.25%, 0, 0, 1, 131.15
1494828534, 5, 128, 225, 15, 0, 3.25%, 0, 0, 1, 131.66
1494828539, 5, 129, 225, 15, 0, 3.25%, 0, 0, 1, 128.71
1494828544, 5, 130, 225, 14, 0, 3.25%, 0, 0, 1, 131.97
1494828564, 5, 131, 225, 14, 0, 3.25%, 0, 0, 1, 130.21
1494828570, 5, 132, 225, 14, 0, 3.25%, 0, 0, 1, 134.00
1494828575, 5, 133, 225, 14, 0, 3.25%, 0, 0, 1, 137.38
1494828580, 5, 134, 225, 14, 0, 3.25%, 0, 0, 1, 133.35
1494828595, 5, 136, 225, 14, 0, 3.25%, 0, 0, 1, 133.72
1494828600, 5, 137, 225, 14, 0, 3.25%, 0, 0, 1, 124.55
1494828605, 5, 138, 225, 14, 0, 3.25%, 0, 0, 1, 122.59
1494828621, 5, 139, 225, 14, 0, 3.25%, 0, 0, 1, 127.68
1494828626, 5, 141, 225, 14, 0, 3.25%, 0, 0, 1, 149.10
1494828641, 5, 142, 225, 14, 0, 3.25%, 0, 0, 1, 147.92
1494828646, 5, 143, 225, 14, 0, 3.25%, 0, 0, 1, 158.41
1494828662, 5, 145, 225, 14, 0, 3.25%, 0, 0, 1, 146.02
1494828677, 5, 149, 225, 14, 0, 3.25%, 0, 0, 1, 132.32
1494828703, 5, 153, 225, 14, 0, 3.25%, 0, 0, 1, 145.57
1494828718, 5, 155, 225, 14, 0, 3.25%, 0, 0, 1, 156.79
1494828723, 5, 156, 225, 14, 0, 3.25%, 0, 0, 1, 148.48
1494828739, 5, 157, 225, 14, 0, 3.25%, 0, 0, 1, 140.59
1494828754, 5, 159, 225, 14, 0, 3.25%, 0, 0, 1, 140.06
1494828770, 5, 161, 225, 14, 0, 3.25%, 0, 0, 1, 138.17
1494828790, 5, 162, 225, 14, 0, 3.25%, 0, 0, 1, 143.09
1494828805, 5, 163, 225, 14, 0, 3.25%, 0, 0, 1, 155.34
1494828821, 5, 165, 225, 14, 0, 3.25%, 0, 0, 1, 134.81
1494828826, 5, 166, 225, 14, 0, 3.25%, 0, 0, 1, 130.92
1494828841, 5, 168, 225, 14, 0, 3.25%, 0, 0, 1, 145.16
1494828856, 5, 169, 225, 14, 0, 3.25%, 0, 0, 1, 142.56
1494828861, 5, 170, 225, 13, 0, 3.25%, 0, 0, 1, 144.67
1494828877, 5, 172, 225, 13, 0, 3.25%, 0, 0, 1, 142.07
1494828882, 5, 173, 225, 13, 0, 3.25%, 0, 0, 1, 137.95
1494828887, 5, 175, 225, 13, 0, 3.25%, 0, 0, 1, 138.56
1494828902, 5, 177, 225, 13, 0, 3.25%, 0, 0, 1, 123.02
1494828907, 5, 178, 225, 13, 0, 3.25%, 0, 0, 1, 117.08
1494828928, 5, 180, 225, 13, 0, 3.25%, 0, 0, 1, 128.29
1494828933, 5, 182, 225, 13, 0, 3.25%, 0, 0, 1, 129.40
1494828948, 5, 183, 225, 13, 0, 3.25%, 0, 0, 1, 125.51
1494828953, 5, 184, 225, 13, 0, 3.25%, 0, 0, 1, 126.67
1494828969, 5, 185, 225, 13, 0, 3.25%, 0, 0, 1, 123.57
1494828995, 5, 188, 225, 13, 0, 3.25%, 0, 0, 1, 126.61
1494829000, 5, 189, 225, 13, 0, 3.25%, 0, 0, 1, 122.43
1494829015, 5, 192, 225, 13, 0, 3.25%, 0, 0, 1, 125.20
1494829031, 5, 195, 225, 13, 0, 3.25%, 0, 0, 1, 119.17
1494829036, 5, 196, 225, 13, 0, 3.25%, 0, 0, 1, 116.39
1494829061, 5, 197, 225, 13, 0, 3.25%, 0, 0, 1, 120.04
1494829076, 5, 198, 225, 13, 0, 3.25%, 0, 0, 1, 128.49
1494829092, 5, 199, 225, 13, 0, 3.25%, 0, 0, 1, 129.99
1494829107, 5, 200, 225, 13, 0, 3.25%, 0, 0, 1, 125.83
1494829128, 5, 202, 225, 13, 0, 3.25%, 0, 0, 1, 114.65
1494829143, 5, 203, 225, 13, 0, 3.25%, 0, 0, 1, 132.81
1494829148, 5, 205, 225, 13, 0, 3.25%, 0, 0, 1, 143.61
1494829163, 5, 206, 225, 13, 0, 3.25%, 0, 0, 1, 143.71
1494829169, 5, 207, 225, 13, 0, 3.25%, 0, 0, 1, 139.25
1494829184, 5, 209, 225, 13, 0, 3.25%, 0, 0, 1, 145.04
1494829200, 5, 211, 225, 13, 0, 3.25%, 0, 0, 1, 145.59
1494829215, 5, 214, 225, 13, 0, 3.25%, 0, 0, 1, 138.25
1494829230, 5, 216, 225, 13, 0, 3.25%, 0, 0, 1, 140.62
1494829246, 5, 218, 225, 13, 0, 3.25%, 0, 0, 1, 132.80
1494829277, 5, 224, 225, 12, 0, 3.25%, 0, 0, 1, 132.15
1494829292, 6, 0, 225, 12, 0, 3.25%, 0, 0, 1, 137.59
1494829302, 6, 2, 225, 12, 0, 3.25%, 0, 0, 1, 146.41
1494829307, 6, 3, 225, 12, 0, 3.25%, 0, 0, 1, 140.06
1494829323, 6, 4, 225, 12, 0, 3.25%, 0, 0, 1, 143.63
1494829338, 6, 6, 225, 12, 0, 3.25%, 0, 0, 1, 142.35
1494829343, 6, 8, 225, 12, 0, 3.25%, 0, 0, 1, 138.87
1494829349, 6, 10, 225, 12, 0, 3.25%, 0, 0, 1, 133.22
1494829364, 6, 12, 225, 12, 0, 3.25%, 0, 0, 1, 140.47
1494829369, 6, 13, 225, 12, 0, 3.25%, 0, 0, 1, 137.14
1494829374, 6, 14, 225, 12, 0, 3.25%, 0, 0, 1, 140.02
1494829379, 6, 16, 225, 12, 0, 3.25%, 0, 0, 1, 156.62
1494829384, 6, 18, 225, 12, 0, 3.25%, 0, 0, 1, 154.76
1494829389, 6, 19, 225, 12, 0, 3.25%, 0, 0, 1, 136.66
1494829395, 6, 20, 225, 12, 0, 3.25%, 0, 0, 1, 130.09
1494829400, 6, 22, 225, 12, 0, 3.25%, 0, 0, 1, 124.32
1494829410, 6, 23, 225, 12, 0, 3.25%, 0, 0, 1, 137.99
1494829420, 6, 24, 225, 12, 0, 3.25%, 0, 0, 1, 138.39
1494829425, 6, 26, 225, 12, 0, 3.25%, 0, 0, 1, 135.95
1494829430, 6, 27, 225, 12, 0, 3.25%, 0, 0, 1, 123.19
1494829435, 6, 28, 225, 12, 0, 3.25%, 0, 0, 1, 131.33
1494829441, 6, 30, 225, 12, 0, 3.25%, 0, 0, 1, 136.08
1494829446, 6, 31, 225, 12, 0, 3.25%, 0, 0, 1, 128.66
1494829451, 6, 32, 225, 12, 0, 3.25%, 0, 0, 1, 125.43
1494829471, 6, 33, 225, 12, 0, 3.25%, 0, 0, 1, 127.04
1494829476, 6, 34, 225, 12, 0, 3.25%, 0, 0, 1, 137.80
1494829492, 6, 35, 225, 12, 0, 3.25%, 0, 0, 1, 132.54
1494829507, 6, 36, 225, 12, 0, 3.25%, 0, 0, 1, 139.78
1494829512, 6, 37, 225, 12, 0, 3.25%, 0, 0, 1, 125.87
1494829522, 6, 38, 225, 12, 0, 3.25%, 0, 0, 1, 131.62
1494829527, 6, 40, 225, 12, 0, 3.25%, 0, 0, 1, 122.72
1494829532, 6, 41, 225, 12, 0, 3.25%, 0, 0, 1, 131.41
1494829537, 6, 42, 225, 12, 0, 3.25%, 0, 0, 1, 133.41
1494829543, 6, 43, 225, 12, 0, 3.25%, 0, 0, 1, 128.47
1494829548, 6, 44, 225, 12, 0, 3.25%, 0, 0, 1, 127.31
1494829558, 6, 45, 225, 12, 0, 3.25%, 0, 0, 1, 125.73
1494829563, 6, 47, 225, 12, 0, 3.25%, 0, 0, 1, 137.55
1494829578, 6, 48, 225, 12, 0, 3.25%, 0, 0, 1, 133.31
1494829594, 6, 49, 225, 12, 0, 3.25%, 0, 0, 1, 130.42
1494829599, 6, 50, 225, 12, 0, 3.25%, 0, 0, 1, 135.83
1494829614, 6, 51, 225, 12, 0, 3.25%, 0, 0, 1, 131.40
1494829624, 6, 53, 225, 12, 0, 3.25%, 0, 0, 1, 131.73
1494829640, 6, 54, 225, 12, 0, 3.25%, 0, 0, 1, 133.91
1494829645, 6, 55, 225, 12, 0, 3.25%, 0, 0, 1, 98.33
1494829670, 6, 56, 225, 12, 0, 3.25%, 0, 0, 1, 146.35
1494829675, 6, 57, 225, 12, 0, 3.25%, 0, 0, 1, 152.90
1494829686, 6, 59, 225, 12, 0, 3.25%, 0, 0, 1, 148.16
1494829691, 6, 60, 225, 12, 0, 3.25%, 0, 0, 1, 149.12
1494829706, 6, 61, 225, 12, 0, 3.25%, 0, 0, 1, 139.10
1494829711, 6, 62, 225, 12, 0, 3.25%, 0, 0, 1, 146.44
1494829721, 6, 63, 225, 12, 0, 3.25%, 0, 0, 1, 137.93
1494829737, 6, 65, 225, 12, 0, 3.25%, 0, 0, 1, 144.80
1494829752, 6, 67, 225, 11, 0, 3.25%, 0, 0, 1, 145.28
1494829768, 6, 68, 225, 11, 0, 3.25%, 0, 0, 1, 138.77
1494829773, 6, 69, 225, 11, 0, 3.25%, 0, 0, 1, 143.38
1494829778, 6, 70, 225, 11, 0, 3.25%, 0, 0, 1, 142.78
1494829793, 6, 72, 225, 11, 0, 3.25%, 0, 0, 1, 142.69
1494829798, 6, 73, 225, 11, 0, 3.25%, 0, 0, 1, 146.00
1494829803, 6, 74, 225, 11, 0, 3.25%, 0, 0, 1, 138.02
1494829814, 6, 75, 225, 11, 0, 3.25%, 0, 0, 1, 153.95
1494829819, 6, 76, 225, 11, 0, 3.25%, 0, 0, 1, 144.53
1494829834, 6, 77, 225, 11, 0, 3.25%, 0, 0, 1, 134.47
1494829839, 6, 78, 225, 11, 0, 3.25%, 0, 0, 1, 140.05
1494829845, 6, 80, 225, 11, 0, 3.25%, 0, 0, 1, 139.89
1494829850, 6, 81, 225, 11, 0, 3.25%, 0, 0, 1, 139.75
1494829865, 6, 84, 225, 11, 0, 3.25%, 0, 0, 1, 138.57
1494829870, 6, 85, 225, 11, 0, 3.25%, 0, 0, 1, 134.13
1494829885, 6, 87, 225, 11, 0, 3.25%, 0, 0, 1, 138.43
1494829901, 6, 88, 225, 11, 0, 3.25%, 0, 0, 1, 131.66
1494829906, 6, 89, 225, 11, 0, 3.25%, 0, 0, 1, 125.80
1494829921, 6, 90, 225, 11, 0, 3.25%, 0, 0, 1, 130.87
1494829927, 6, 91, 225, 11, 0, 3.25%, 0, 0, 1, 120.11
1494829937, 6, 92, 225, 11, 0, 3.25%, 0, 0, 1, 120.13
1494829942, 6, 93, 225, 11, 0, 3.25%, 0, 0, 1, 121.25
1494829947, 6, 94, 225, 11, 0, 3.25%, 0, 0, 1, 126.10
1494829952, 6, 95, 225, 11, 0, 3.25%, 0, 0, 1, 125.99
1494829962, 6, 98, 225, 11, 0, 3.25%, 0, 0, 1, 118.83
1494829967, 6, 99, 225, 11, 0, 3.25%, 0, 0, 1, 134.53
1494829973, 6, 100, 225, 11, 0, 3.25%, 0, 0, 1, 129.49
1494829988, 6, 101, 225, 11, 0, 3.25%, 0, 0, 1, 122.75
1494829993, 6, 102, 225, 11, 0, 3.25%, 0, 0, 1, 125.64
1494830008, 6, 103, 225, 11, 0, 3.25%, 0, 0, 1, 129.25
1494830014, 6, 104, 225, 11, 0, 3.25%, 0, 0, 1, 132.39
1494830029, 6, 105, 225, 11, 0, 3.25%, 0, 0, 1, 126.67
1494830034, 6, 106, 225, 11, 0, 3.25%, 0, 0, 1, 123.08
1494830055, 6, 109, 225, 11, 0, 3.25%, 0, 0, 1, 118.42
1494830075, 6, 110, 225, 11, 0, 3.25%, 0, 0, 1, 129.92
1494830080, 6, 111, 225, 11, 0, 3.25%, 0, 0, 1, 124.48
1494830096, 6, 113, 225, 11, 0, 3.25%, 0, 0, 1, 130.94
1494830101, 6, 114, 225, 11, 0, 3.25%, 0, 0, 1, 127.92
1494830106, 6, 115, 225, 11, 0, 3.25%, 0, 0, 1, 121.99
1494830111, 6, 116, 225, 11, 0, 3.25%, 0, 0, 1, 125.64
1494830116, 6, 117, 225, 11, 0, 3.25%, 0, 0, 1, 130.12
1494830121, 6, 119, 225, 11, 0, 3.25%, 0, 0, 1, 125.38
1494830136, 6, 120, 225, 11, 0, 3.25%, 0, 0, 1, 117.99
1494830141, 6, 121, 225, 11, 0, 3.25%, 0, 0, 1, 120.97
1494830156, 6, 122, 225, 11, 0, 3.25%, 0, 0, 1, 137.73
1494830172, 6, 125, 225, 11, 0, 3.25%, 0, 0, 1, 137.07
1494830182, 6, 130, 225, 11, 0, 3.25%, 0, 0, 1, 134.36
1494830208, 6, 133, 225, 11, 0, 3.25%, 0, 0, 1, 144.84
1494830218, 6, 134, 225, 11, 0, 3.25%, 0, 0, 1, 139.27
1494830228, 6, 136, 225, 11, 0, 3.25%, 0, 0, 1, 145.53
1494830233, 6, 137, 225, 11, 0, 3.25%, 0, 0, 1, 139.33
1494830238, 6, 138, 225, 11, 0, 3.25%, 0, 0, 1, 135.86
1494830254, 6, 140, 225, 11, 0, 3.25%, 0, 0, 1, 135.33
1494830259, 6, 141, 225, 11, 0, 3.25%, 0, 0, 1, 138.25
1494830274, 6, 143, 225, 11, 0, 3.25%, 0, 0, 1, 148.74
1494830289, 6, 144, 225, 11, 0, 3.25%, 0, 0, 1, 131.05
1494830295, 6, 145, 225, 11, 0, 3.25%, 0, 0, 1, 128.53
1494830310, 6, 149, 225, 11, 0, 3.25%, 0, 0, 1, 145.78
1494830330, 6, 152, 225, 11, 0, 3.25%, 0, 0, 1, 129.86
1494830335, 6, 153, 225, 11, 0, 3.25%, 0, 0, 1, 145.64
1494830346, 6, 154, 225, 11, 0, 3.25%, 0, 0, 1, 140.54
1494830351, 6, 156, 225, 11, 0, 3.25%, 0, 0, 1, 138.30
1494830367, 6, 157, 225, 11, 0, 3.25%, 0, 0, 1, 143.89
1494830382, 6, 159, 225, 11, 0, 3.25%, 0, 0, 1, 135.61
1494830397, 6, 161, 225, 11, 0, 3.25%, 0, 0, 1, 139.56
1494830418, 6, 162, 225, 11, 0, 3.25%, 0, 0, 1, 128.64
1494830433, 6, 163, 225, 11, 0, 3.25%, 0, 0, 1, 125.99
1494830448, 6, 165, 225, 11, 0, 3.25%, 0, 0, 1, 138.76
1494830453, 6, 166, 225, 11, 0, 3.25%, 0, 0, 1, 129.09
1494830469, 6, 167, 225, 11, 0, 3.25%, 0, 0, 1, 130.70
1494830474, 6, 168, 225, 11, 0, 3.25%, 0, 0, 1, 126.38
1494830489, 6, 170, 225, 11, 0, 3.25%, 0, 0, 1, 125.34
1494830505, 6, 171, 225, 11, 0, 3.25%, 0, 0, 1, 126.43
1494830510, 6, 173, 225, 11, 0, 3.25%, 0, 0, 1, 124.98
1494830520, 6, 175, 225, 11, 0, 3.25%, 0, 0, 1, 125.62
1494830535, 6, 178, 225, 11, 0, 3.25%, 0, 0, 1, 129.91
1494830550, 6, 180, 225, 11, 0, 3.25%, 0, 0, 1, 131.00
1494830555, 6, 182, 225, 11, 0, 3.25%, 0, 0, 1, 128.77
1494830571, 6, 183, 225, 11, 0, 3.25%, 0, 0, 1, 125.43
1494830576, 6, 184, 225, 11, 0, 3.25%, 0, 0, 1, 123.54
1494830591, 6, 185, 225, 11, 0, 3.25%, 0, 0, 1, 124.60
1494830617, 6, 188, 225, 11, 0, 3.25%, 0, 0, 1, 123.82
1494830622, 6, 189, 225, 11, 0, 3.25%, 0, 0, 1, 116.35
1494830638, 6, 192, 225, 11, 0, 3.25%, 0, 0, 1, 122.14
1494830653, 6, 193, 225, 11, 0, 3.25%, 0, 0, 1, 137.03
1494830658, 6, 195, 225, 10, 0, 3.25%, 0, 0, 1, 127.46
1494830664, 6, 196, 225, 10, 0, 3.25%, 0, 0, 1, 139.06
1494830684, 6, 197, 225, 10, 0, 3.25%, 0, 0, 1, 129.38
1494830700, 6, 198, 225, 10, 0, 3.25%, 0, 0, 1, 142.19
1494830715, 6, 199, 225, 10, 0, 3.25%, 0, 0, 1, 137.46
1494830725, 6, 200, 225, 10, 0, 3.25%, 0, 0, 1, 141.87
1494830741, 6, 201, 225, 10, 0, 3.25%, 0, 0, 1, 141.55
1494830746, 6, 202, 225, 10, 0, 3.25%, 0, 0, 1, 143.91
1494830762, 6, 204, 225, 10, 0, 3.25%, 0, 0, 1, 151.65
1494830767, 6, 205, 225, 10, 0, 3.25%, 0, 0, 1, 149.64
1494830777, 6, 206, 225, 10, 0, 3.25%, 0, 0, 1, 162.96
1494830782, 6, 207, 225, 10, 0, 3.25%, 0, 0, 1, 140.51
1494830792, 6, 208, 225, 10, 0, 3.25%, 0, 0, 1, 144.40
1494830797, 6, 209, 225, 10, 0, 3.25%, 0, 0, 1, 145.01
1494830813, 6, 211, 225, 10, 0, 3.25%, 0, 0, 1, 141.38
1494830828, 6, 214, 225, 10, 0, 3.25%, 0, 0, 1, 147.67
1494830844, 6, 216, 225, 10, 0, 3.25%, 0, 0, 1, 135.79
1494830859, 6, 224, 225, 10, 0, 3.25%, 0, 0, 1, 128.80
1494830874, 7, 0, 225, 10, 0, 3.25%, 0, 0, 1, 143.87
1494830885, 7, 2, 225, 10, 0, 3.25%, 0, 0, 1, 141.44
1494830890, 7, 3, 225, 10, 0, 3.25%, 0, 0, 1, 145.02
1494830900, 7, 4, 225, 10, 0, 3.25%, 0, 0, 1, 142.75
1494830915, 7, 5, 225, 10, 0, 3.25%, 0, 0, 1, 124.75
1494830920, 7, 8, 225, 10, 0, 3.25%, 0, 0, 1, 133.33
1494830925, 7, 9, 225, 10, 0, 3.25%, 0, 0, 1, 139.08
1494830930, 7, 10, 225, 10, 0, 3.25%, 0, 0, 1, 132.57
1494830946, 7, 11, 225, 10, 0, 3.25%, 0, 0, 1, 133.77
1494830951, 7, 12, 225, 9, 0, 3.25%, 0, 0, 1, 132.15
1494830956, 7, 13, 225, 9, 0, 3.25%, 0, 0, 1, 136.32
1494830961, 7, 14, 225, 9, 0, 3.25%, 0, 0, 1, 128.50
1494830966, 7, 15, 225, 9, 0, 3.25%, 0, 0, 1, 130.00
1494830971, 7, 16, 225, 9, 0, 3.25%, 0, 0, 1, 169.85
1494830976, 7, 18, 225, 9, 0, 3.25%, 0, 0, 1, 132.82
