# unix_time, cycles_done, cur_path, paths_total, pending_total, pending_favs, map_size, unique_crashes, unique_hangs, max_depth, execs_per_sec
1494245338, 0, 0, 2, 2, 1, 0.45%, 0, 0, 1, 315.79
1494245343, 0, 1, 22, 22, 1, 0.60%, 0, 0, 2, 79.51
1494245348, 0, 1, 27, 27, 1, 0.63%, 0, 0, 2, 86.44
1494245353, 0, 1, 37, 37, 1, 0.70%, 0, 0, 2, 74.35
1494245359, 0, 1, 43, 43, 1, 0.73%, 0, 0, 2, 68.95
1494245364, 0, 1, 48, 48, 1, 0.76%, 0, 0, 2, 77.36
1494245369, 0, 1, 51, 51, 1, 0.77%, 0, 0, 2, 68.92
1494245374, 0, 1, 54, 54, 1, 0.78%, 0, 0, 2, 82.74
1494245379, 0, 1, 59, 59, 1, 0.80%, 0, 0, 2, 75.28
1494245384, 0, 1, 60, 60, 1, 0.80%, 0, 0, 2, 76.89
1494245389, 0, 1, 63, 63, 1, 0.81%, 0, 0, 2, 74.34
1494245395, 0, 1, 64, 64, 1, 0.82%, 0, 0, 2, 68.16
1494245400, 0, 1, 66, 66, 1, 0.82%, 0, 0, 2, 78.42
1494245415, 0, 1, 68, 68, 1, 0.83%, 0, 0, 2, 73.42
1494245441, 0, 1, 76, 75, 0, 0.86%, 0, 0, 2, 68.25
1494245446, 0, 1, 79, 78, 0, 0.87%, 0, 0, 2, 66.26
