# unix_time, cycles_done, cur_path, paths_total, pending_total, pending_favs, map_size, unique_crashes, unique_hangs, max_depth, execs_per_sec
1493416708, 0, 0, 448, 448, 167, 4.04%, 0, 0, 1, 620.13
1493416713, 0, 9, 450, 444, 161, 4.04%, 0, 0, 1, 2563.57
1493416718, 0, 24, 450, 437, 154, 4.04%, 0, 0, 1, 2529.17
1493416723, 0, 47, 450, 430, 147, 4.04%, 0, 0, 1, 2438.34
1493416729, 0, 68, 450, 421, 138, 4.04%, 0, 0, 1, 2314.36
1493416734, 0, 92, 450, 410, 128, 4.04%, 0, 0, 1, 2527.44
1493416739, 0, 111, 450, 401, 119, 4.04%, 0, 0, 1, 2225.76
1493416744, 0, 136, 451, 392, 111, 4.05%, 0, 0, 1, 2524.73
1493416749, 0, 155, 451, 385, 104, 4.05%, 0, 0, 1, 2595.41
1493416754, 0, 170, 451, 377, 96, 4.05%, 0, 0, 1, 2414.31
1493416759, 0, 184, 451, 369, 88, 4.05%, 0, 0, 1, 2480.32
1493416765, 0, 197, 451, 361, 80, 4.05%, 0, 0, 1, 2493.77
1493416770, 0, 231, 451, 350, 70, 4.05%, 0, 0, 1, 2610.11
1493416775, 0, 251, 451, 343, 63, 4.05%, 0, 0, 1, 2395.56
1493416780, 0, 284, 452, 338, 58, 4.05%, 0, 0, 1, 2241.84
1493416785, 0, 294, 452, 330, 50, 4.05%, 0, 0, 1, 2318.73
1493416790, 0, 308, 452, 322, 42, 4.05%, 0, 0, 1, 2333.53
1493416795, 0, 321, 452, 314, 34, 4.05%, 0, 0, 1, 2357.31
1493416800, 0, 336, 452, 308, 28, 4.05%, 0, 0, 1, 216.45
1493416806, 0, 365, 453, 304, 23, 4.05%, 0, 0, 1, 1988.30
1493416811, 0, 388, 453, 296, 15, 4.05%, 0, 0, 1, 2343.75
1493416816, 0, 406, 454, 291, 9, 4.05%, 0, 0, 2, 2339.03
1493416821, 0, 440, 455, 286, 3, 4.05%, 0, 0, 2, 1924.91
1493416826, 1, 9, 456, 282, 0, 4.05%, 0, 0, 2, 2539.34
1493416831, 1, 24, 456, 281, 0, 4.05%, 0, 0, 2, 2575.54
1493416836, 1, 52, 456, 279, 0, 4.05%, 0, 0, 2, 3069.22
1493416841, 1, 81, 456, 275, 0, 4.05%, 0, 0, 2, 3350.35
