# unix_time, cycles_done, cur_path, paths_total, pending_total, pending_favs, map_size, unique_crashes, unique_hangs, max_depth, execs_per_sec
1494071636, 0, 0, 507, 507, 177, 4.16%, 0, 0, 1, 69.55
1494071647, 0, 0, 507, 506, 176, 4.16%, 0, 0, 1, 78.16
1494071657, 0, 0, 508, 507, 176, 4.16%, 0, 0, 1, 42.08
1494071672, 0, 0, 510, 509, 176, 4.16%, 0, 0, 1, 71.24
1494071825, 0, 1, 510, 509, 176, 4.16%, 0, 0, 1, 148.62
1494071830, 0, 2, 510, 508, 175, 4.16%, 0, 0, 1, 127.83
1494071835, 0, 4, 510, 506, 173, 4.16%, 0, 0, 1, 149.58
1494071841, 0, 7, 510, 504, 171, 4.16%, 0, 0, 1, 40.67
1494071846, 0, 12, 510, 502, 169, 4.16%, 0, 0, 1, 146.32
1494071851, 0, 14, 510, 501, 168, 4.16%, 0, 0, 1, 142.01
1494071856, 0, 15, 510, 500, 167, 4.16%, 0, 0, 1, 92.65
1494071861, 0, 18, 511, 500, 166, 4.16%, 0, 0, 1, 52.72
1494071866, 0, 22, 511, 499, 165, 4.16%, 0, 0, 1, 148.46
1494071871, 0, 25, 511, 497, 163, 4.16%, 0, 0, 1, 123.82
1494071876, 0, 30, 511, 495, 161, 4.16%, 0, 0, 1, 32.71
1494071886, 0, 34, 511, 493, 159, 4.16%, 0, 0, 1, 121.87
1494071892, 0, 35, 511, 492, 158, 4.16%, 0, 0, 1, 30.50
1494071897, 0, 43, 511, 490, 156, 4.16%, 0, 0, 1, 147.56
1494071902, 0, 44, 511, 489, 155, 4.16%, 0, 0, 1, 175.18
1494071907, 0, 45, 511, 488, 154, 4.16%, 0, 0, 1, 111.97
1494071912, 0, 46, 511, 487, 153, 4.16%, 0, 0, 1, 112.55
1494071917, 0, 48, 511, 485, 151, 4.16%, 0, 0, 1, 143.91
1494071922, 0, 49, 511, 484, 150, 4.16%, 0, 0, 1, 125.17
1494071928, 0, 51, 511, 483, 149, 4.16%, 0, 0, 1, 109.52
1494071933, 0, 52, 511, 482, 148, 4.16%, 0, 0, 1, 120.97
1494071938, 0, 54, 511, 481, 147, 4.16%, 0, 0, 1, 152.17
1494071943, 0, 58, 511, 480, 146, 4.16%, 0, 0, 1, 176.60
1494071948, 0, 60, 511, 479, 145, 4.16%, 0, 0, 1, 106.78
1494071954, 0, 62, 511, 478, 144, 4.16%, 0, 0, 1, 104.87
1494071959, 0, 63, 511, 477, 143, 4.16%, 0, 0, 1, 107.04
1494071964, 0, 64, 511, 476, 142, 4.16%, 0, 0, 1, 134.71
1494071969, 0, 65, 511, 475, 141, 4.16%, 0, 0, 1, 166.10
1494071974, 0, 67, 511, 474, 140, 4.16%, 0, 0, 1, 119.38
1494071979, 0, 68, 511, 473, 139, 4.16%, 0, 0, 1, 21.35
1494071984, 0, 70, 511, 471, 137, 4.16%, 0, 0, 1, 121.87
1494071989, 0, 71, 511, 470, 136, 4.16%, 0, 0, 1, 152.79
1494071995, 0, 73, 511, 469, 135, 4.16%, 0, 0, 1, 117.71
1494072005, 0, 75, 511, 467, 133, 4.16%, 0, 0, 1, 134.13
1494072010, 0, 76, 511, 466, 132, 4.16%, 0, 0, 1, 116.01
1494072015, 0, 80, 511, 464, 130, 4.16%, 0, 0, 1, 144.43
1494072025, 0, 81, 511, 463, 129, 4.16%, 0, 0, 1, 149.49
1494072031, 0, 83, 511, 462, 128, 4.16%, 0, 0, 1, 139.20
1494072036, 0, 84, 511, 461, 127, 4.16%, 0, 0, 1, 139.73
1494072041, 0, 85, 511, 460, 126, 4.16%, 0, 0, 1, 114.00
1494072046, 0, 87, 511, 459, 125, 4.16%, 0, 0, 1, 203.65
1494072051, 0, 89, 511, 458, 124, 4.16%, 0, 0, 1, 123.47
1494072056, 0, 92, 511, 457, 123, 4.16%, 0, 0, 1, 40.70
1494072061, 0, 93, 511, 456, 122, 4.16%, 0, 0, 1, 90.51
1494072066, 0, 95, 511, 455, 121, 4.16%, 0, 0, 1, 162.24
1494072072, 0, 100, 511, 453, 119, 4.16%, 0, 0, 1, 133.52
1494072077, 0, 101, 511, 452, 118, 4.16%, 0, 0, 1, 93.78
1494072082, 0, 102, 511, 451, 117, 4.16%, 0, 0, 1, 151.33
1494072087, 0, 103, 511, 450, 116, 4.16%, 0, 0, 1, 134.74
1494072092, 0, 105, 511, 448, 114, 4.16%, 0, 0, 1, 147.40
1494072097, 0, 109, 511, 447, 113, 4.16%, 0, 0, 1, 111.11
1494072102, 0, 110, 511, 446, 112, 4.16%, 0, 0, 1, 97.66
1494072107, 0, 111, 511, 445, 111, 4.16%, 0, 0, 1, 96.12
1494072117, 0, 112, 511, 444, 110, 4.16%, 0, 0, 1, 50.23
1494072123, 0, 113, 511, 443, 109, 4.16%, 0, 0, 1, 98.53
1494072133, 0, 115, 511, 442, 108, 4.16%, 0, 0, 1, 137.96
1494072138, 0, 122, 511, 441, 107, 4.16%, 0, 0, 1, 178.71
1494072143, 0, 123, 511, 440, 106, 4.16%, 0, 0, 1, 175.96
1494072148, 0, 126, 511, 438, 104, 4.16%, 0, 0, 1, 189.34
1494072153, 0, 131, 511, 437, 103, 4.16%, 0, 0, 1, 126.97
1494072158, 0, 135, 511, 436, 102, 4.16%, 0, 0, 1, 115.60
1494072169, 0, 138, 511, 435, 101, 4.16%, 0, 0, 1, 151.96
1494072174, 0, 141, 511, 434, 100, 4.16%, 0, 0, 1, 192.03
1494072179, 0, 144, 511, 432, 98, 4.16%, 0, 0, 1, 121.74
1494072189, 0, 147, 511, 431, 97, 4.16%, 0, 0, 1, 63.66
1494072194, 0, 152, 511, 429, 95, 4.16%, 0, 0, 1, 133.17
1494072205, 0, 158, 511, 427, 93, 4.16%, 0, 0, 1, 249.09
1494072210, 0, 161, 511, 426, 92, 4.16%, 0, 0, 1, 193.79
1494072220, 0, 163, 511, 425, 91, 4.16%, 0, 0, 1, 172.33
1494072225, 0, 165, 511, 424, 90, 4.16%, 0, 0, 1, 146.71
1494072230, 0, 167, 511, 423, 89, 4.16%, 0, 0, 1, 168.69
1494072235, 0, 168, 511, 422, 88, 4.16%, 0, 0, 1, 130.84
1494072240, 0, 171, 511, 421, 87, 4.16%, 0, 0, 1, 147.05
1494072250, 0, 173, 511, 420, 86, 4.16%, 0, 0, 1, 180.03
1494072256, 0, 175, 511, 419, 85, 4.16%, 0, 0, 1, 131.39
1494072266, 0, 181, 511, 418, 84, 4.16%, 0, 0, 1, 124.37
1494072271, 0, 185, 511, 417, 83, 4.16%, 0, 0, 1, 160.26
1494072276, 0, 192, 511, 416, 82, 4.16%, 0, 0, 1, 263.80
1494072281, 0, 195, 511, 415, 81, 4.16%, 0, 0, 1, 196.41
1494072286, 0, 201, 511, 414, 80, 4.16%, 0, 0, 1, 170.69
1494072297, 0, 202, 511, 413, 79, 4.16%, 0, 0, 1, 207.07
1494072302, 0, 203, 511, 412, 78, 4.16%, 0, 0, 1, 176.12
1494072312, 0, 206, 511, 410, 76, 4.16%, 0, 0, 1, 147.59
1494072322, 0, 207, 511, 409, 75, 4.16%, 0, 0, 1, 105.94
1494072327, 0, 211, 511, 408, 74, 4.16%, 0, 0, 1, 110.61
1494072337, 0, 213, 511, 407, 73, 4.16%, 0, 0, 1, 152.33
1494072342, 0, 221, 511, 406, 72, 4.16%, 0, 0, 1, 185.76
1494072347, 0, 225, 511, 405, 71, 4.16%, 0, 0, 1, 36.22
1494072358, 0, 227, 511, 404, 70, 4.16%, 0, 0, 1, 139.94
1494072363, 0, 228, 511, 403, 69, 4.16%, 0, 0, 1, 95.70
1494072399, 0, 241, 511, 401, 67, 4.16%, 0, 0, 1, 85.84
1494072409, 0, 243, 511, 400, 66, 4.16%, 0, 0, 1, 133.21
1494072414, 0, 253, 511, 399, 65, 4.16%, 0, 0, 1, 179.58
1494072419, 0, 263, 511, 398, 64, 4.16%, 0, 0, 1, 176.19
1494072424, 0, 265, 511, 397, 63, 4.16%, 0, 0, 1, 184.53
1494072429, 0, 270, 511, 396, 62, 4.16%, 0, 0, 1, 108.23
1494072435, 0, 279, 511, 394, 60, 4.16%, 0, 0, 1, 130.64
1494072440, 0, 280, 511, 393, 59, 4.16%, 0, 0, 1, 119.29
1494072445, 0, 283, 511, 392, 58, 4.16%, 0, 0, 1, 111.78
1494072450, 0, 285, 511, 391, 57, 4.16%, 0, 0, 1, 154.16
1494072455, 0, 287, 511, 390, 56, 4.16%, 0, 0, 1, 188.62
1494072460, 0, 291, 511, 389, 55, 4.16%, 0, 0, 1, 118.40
1494072465, 0, 304, 511, 388, 54, 4.16%, 0, 0, 1, 112.04
1494072470, 0, 305, 511, 387, 53, 4.16%, 0, 0, 1, 162.60
1494072476, 0, 308, 511, 386, 52, 4.16%, 0, 0, 1, 83.62
1494072496, 0, 326, 511, 385, 51, 4.16%, 0, 0, 1, 82.22
1494072516, 0, 329, 511, 384, 50, 4.16%, 0, 0, 1, 108.52
1494072521, 0, 330, 511, 383, 49, 4.16%, 0, 0, 1, 113.72
1494072536, 0, 341, 511, 382, 48, 4.16%, 0, 0, 1, 186.40
1494072541, 0, 347, 511, 380, 46, 4.16%, 0, 0, 1, 92.20
1494072547, 0, 353, 511, 379, 45, 4.16%, 0, 0, 1, 25.19
1494072629, 0, 356, 511, 378, 44, 4.16%, 0, 0, 1, 209.52
1494072639, 0, 367, 511, 377, 43, 4.16%, 0, 0, 1, 46.45
1494072665, 0, 368, 511, 376, 42, 4.16%, 0, 0, 1, 104.00
1494072686, 0, 382, 511, 374, 41, 4.16%, 0, 0, 1, 130.13
1494072696, 0, 391, 511, 372, 39, 4.16%, 0, 0, 1, 170.94
1494072701, 0, 393, 511, 371, 38, 4.16%, 0, 0, 1, 113.99
1494072706, 0, 394, 511, 370, 37, 4.16%, 0, 0, 1, 24.68
1494072777, 0, 401, 511, 369, 36, 4.16%, 0, 0, 1, 81.34
1494072788, 0, 403, 511, 368, 35, 4.16%, 0, 0, 1, 118.60
1494072793, 0, 408, 511, 367, 34, 4.16%, 0, 0, 1, 39.17
1494072803, 0, 413, 511, 366, 33, 4.16%, 0, 0, 1, 42.75
1494072875, 0, 416, 511, 365, 32, 4.16%, 0, 0, 1, 103.83
1494072885, 0, 418, 511, 364, 31, 4.16%, 0, 0, 1, 137.76
1494072890, 0, 420, 511, 363, 30, 4.16%, 0, 0, 1, 95.43
1494072895, 0, 424, 511, 362, 29, 4.16%, 0, 0, 1, 128.21
1494072905, 0, 428, 511, 361, 28, 4.16%, 0, 0, 1, 127.10
1494072910, 0, 437, 511, 360, 27, 4.16%, 0, 0, 1, 112.12
1494072915, 0, 444, 511, 358, 25, 4.16%, 0, 0, 1, 126.70
1494072926, 0, 451, 511, 357, 24, 4.16%, 0, 0, 1, 84.93
1494072931, 0, 452, 511, 356, 23, 4.16%, 0, 0, 1, 88.45
1494072941, 0, 453, 511, 355, 22, 4.16%, 0, 0, 1, 109.04
1494072947, 0, 454, 511, 354, 21, 4.16%, 0, 0, 1, 106.16
1494072952, 0, 455, 511, 353, 20, 4.16%, 0, 0, 1, 103.91
1494072957, 0, 456, 511, 352, 19, 4.16%, 0, 0, 1, 104.00
1494072967, 0, 465, 511, 350, 17, 4.16%, 0, 0, 1, 136.81
1494072972, 0, 466, 511, 349, 16, 4.16%, 0, 0, 1, 23.62
1494073039, 0, 467, 511, 348, 15, 4.16%, 0, 0, 1, 172.42
1494073044, 0, 476, 511, 347, 14, 4.16%, 0, 0, 1, 130.54
1494073054, 0, 479, 511, 346, 13, 4.16%, 0, 0, 1, 44.35
1494073059, 0, 481, 511, 345, 12, 4.16%, 0, 0, 1, 95.16
1494073070, 0, 482, 511, 344, 11, 4.16%, 0, 0, 1, 73.46
1494073090, 0, 485, 511, 343, 10, 4.16%, 0, 0, 1, 124.92
1494073095, 0, 486, 511, 342, 9, 4.16%, 0, 0, 1, 94.64
1494073100, 0, 487, 511, 341, 8, 4.16%, 0, 0, 1, 130.30
1494073105, 0, 490, 511, 340, 7, 4.16%, 0, 0, 1, 115.75
1494073111, 0, 494, 511, 339, 6, 4.16%, 0, 0, 1, 92.91
1494073116, 0, 496, 511, 338, 5, 4.16%, 0, 0, 1, 105.59
1494073126, 0, 499, 511, 337, 4, 4.16%, 0, 0, 1, 124.53
1494073131, 0, 500, 511, 336, 3, 4.16%, 0, 0, 1, 21.97
1494073218, 0, 502, 511, 335, 2, 4.16%, 0, 0, 1, 33.39
1494073264, 0, 505, 511, 334, 1, 4.16%, 0, 0, 1, 103.15
1494073269, 1, 0, 511, 333, 0, 4.16%, 0, 0, 1, 133.70
1494073274, 1, 1, 511, 333, 0, 4.16%, 0, 0, 1, 73.17
1494073279, 1, 2, 511, 333, 0, 4.16%, 0, 0, 1, 116.07
1494073284, 1, 4, 511, 333, 0, 4.16%, 0, 0, 1, 156.02
1494073290, 1, 8, 511, 333, 0, 4.16%, 0, 0, 1, 180.73
1494073295, 1, 9, 511, 332, 0, 4.16%, 0, 0, 1, 178.05
1494073300, 1, 15, 511, 332, 0, 4.16%, 0, 0, 1, 170.97
1494073305, 1, 22, 511, 332, 0, 4.16%, 0, 0, 1, 162.71
1494073310, 1, 27, 511, 332, 0, 4.16%, 0, 0, 1, 164.24
1494073315, 1, 30, 511, 332, 0, 4.16%, 0, 0, 1, 152.84
1494073320, 1, 35, 511, 332, 0, 4.16%, 0, 0, 1, 157.43
1494073325, 1, 41, 511, 331, 0, 4.16%, 0, 0, 1, 177.39
1494073330, 1, 43, 511, 331, 0, 4.16%, 0, 0, 1, 151.92
1494073336, 1, 45, 511, 331, 0, 4.16%, 0, 0, 1, 126.76
1494073341, 1, 47, 511, 331, 0, 4.16%, 0, 0, 1, 154.72
1494073346, 1, 49, 511, 331, 0, 4.16%, 0, 0, 1, 168.91
1494073351, 1, 52, 511, 331, 0, 4.16%, 0, 0, 1, 157.90
1494073356, 1, 54, 511, 331, 0, 4.16%, 0, 0, 1, 180.05
1494073361, 1, 58, 511, 330, 0, 4.16%, 0, 0, 1, 207.35
1494073366, 1, 61, 511, 330, 0, 4.16%, 0, 0, 1, 181.58
1494073371, 1, 62, 511, 329, 0, 4.16%, 0, 0, 1, 170.63
1494073376, 1, 64, 511, 329, 0, 4.16%, 0, 0, 1, 157.46
1494073381, 1, 67, 511, 329, 0, 4.16%, 0, 0, 1, 145.94
1494073387, 1, 69, 511, 329, 0, 4.16%, 0, 0, 1, 163.34
1494073392, 1, 71, 511, 329, 0, 4.16%, 0, 0, 1, 184.39
1494073397, 1, 73, 511, 328, 0, 4.16%, 0, 0, 1, 167.48
1494073402, 1, 75, 511, 328, 0, 4.16%, 0, 0, 1, 163.35
1494073407, 1, 77, 511, 328, 0, 4.16%, 0, 0, 1, 166.17
1494073412, 1, 81, 511, 328, 0, 4.16%, 0, 0, 1, 157.62
1494073422, 1, 85, 511, 328, 0, 4.16%, 0, 0, 1, 161.74
1494073427, 1, 87, 511, 327, 0, 4.16%, 0, 0, 1, 168.81
1494073438, 1, 89, 511, 326, 0, 4.16%, 0, 0, 1, 213.11
1494073443, 1, 95, 511, 326, 0, 4.16%, 0, 0, 1, 172.00
1494073448, 1, 100, 511, 326, 0, 4.16%, 0, 0, 1, 131.56
1494073453, 1, 102, 511, 326, 0, 4.16%, 0, 0, 1, 160.41
1494073458, 1, 104, 511, 326, 0, 4.16%, 0, 0, 1, 158.58
1494073463, 1, 109, 511, 325, 0, 4.16%, 0, 0, 1, 164.85
1494073469, 1, 110, 511, 325, 0, 4.16%, 0, 0, 1, 160.00
1494073474, 1, 112, 511, 325, 0, 4.16%, 0, 0, 1, 155.13
1494073479, 1, 115, 511, 325, 0, 4.16%, 0, 0, 1, 183.08
1494073484, 1, 118, 511, 325, 0, 4.16%, 0, 0, 1, 140.52
1494073489, 1, 122, 511, 323, 0, 4.16%, 0, 0, 1, 196.57
1494073494, 1, 124, 511, 323, 0, 4.16%, 0, 0, 1, 182.12
1494073499, 1, 126, 511, 322, 0, 4.16%, 0, 0, 1, 180.14
1494073504, 1, 131, 511, 322, 0, 4.16%, 0, 0, 1, 128.42
1494073509, 1, 132, 511, 322, 0, 4.16%, 0, 0, 1, 102.73
1494073514, 1, 135, 511, 321, 0, 4.16%, 0, 0, 1, 125.08
1494073519, 1, 138, 511, 321, 0, 4.16%, 0, 0, 1, 182.21
1494073524, 1, 139, 511, 321, 0, 4.16%, 0, 0, 1, 178.95
1494073530, 1, 144, 511, 320, 0, 4.16%, 0, 0, 1, 185.95
1494073535, 1, 147, 511, 319, 0, 4.16%, 0, 0, 1, 167.34
1494073540, 1, 151, 511, 319, 0, 4.16%, 0, 0, 1, 196.59
1494073545, 1, 156, 511, 319, 0, 4.16%, 0, 0, 1, 174.90
1494073550, 1, 158, 511, 319, 0, 4.16%, 0, 0, 1, 181.70
1494073555, 1, 161, 511, 318, 0, 4.16%, 0, 0, 1, 187.86
1494073566, 1, 163, 511, 318, 0, 4.16%, 0, 0, 1, 161.42
1494073571, 1, 167, 511, 318, 0, 4.16%, 0, 0, 1, 152.35
1494073576, 1, 168, 511, 318, 0, 4.16%, 0, 0, 1, 169.24
1494073581, 1, 170, 511, 318, 0, 4.16%, 0, 0, 1, 175.29
1494073586, 1, 171, 511, 317, 0, 4.16%, 0, 0, 1, 186.00
1494073591, 1, 173, 511, 317, 0, 4.16%, 0, 0, 1, 181.06
1494073596, 1, 175, 511, 317, 0, 4.16%, 0, 0, 1, 64.79
1494073602, 1, 180, 511, 317, 0, 4.16%, 0, 0, 1, 127.34
1494073607, 1, 184, 511, 316, 0, 4.16%, 0, 0, 1, 161.60
1494073612, 1, 185, 511, 315, 0, 4.16%, 0, 0, 1, 185.08
1494073617, 1, 188, 511, 315, 0, 4.16%, 0, 0, 1, 167.32
1494073627, 1, 190, 511, 314, 0, 4.16%, 0, 0, 1, 168.75
1494073632, 1, 191, 511, 313, 0, 4.16%, 0, 0, 1, 173.22
1494073638, 1, 192, 511, 312, 0, 4.16%, 0, 0, 1, 182.93
1494073643, 1, 195, 511, 312, 0, 4.16%, 0, 0, 1, 179.60
1494073648, 1, 199, 511, 312, 0, 4.16%, 0, 0, 1, 174.71
1494073653, 1, 200, 511, 311, 0, 4.16%, 0, 0, 1, 171.64
1494073658, 1, 201, 511, 310, 0, 4.16%, 0, 0, 1, 169.36
1494073663, 1, 202, 511, 310, 0, 4.16%, 0, 0, 1, 186.57
1494073674, 1, 205, 511, 310, 0, 4.16%, 0, 0, 1, 175.51
1494073679, 1, 206, 511, 310, 0, 4.16%, 0, 0, 1, 174.07
1494073684, 1, 210, 511, 310, 0, 4.16%, 0, 0, 1, 152.24
1494073689, 1, 211, 511, 309, 0, 4.16%, 0, 0, 1, 152.55
1494073694, 1, 213, 511, 309, 0, 4.16%, 0, 0, 1, 181.90
1494073699, 1, 215, 511, 309, 0, 4.16%, 0, 0, 1, 107.57
1494073704, 1, 216, 511, 308, 0, 4.16%, 0, 0, 1, 126.03
1494073714, 1, 221, 511, 306, 0, 4.16%, 0, 0, 1, 188.91
1494073725, 1, 226, 511, 306, 0, 4.16%, 0, 0, 1, 161.05
1494073735, 1, 227, 511, 305, 0, 4.16%, 0, 0, 1, 153.67
1494073740, 1, 232, 511, 305, 0, 4.16%, 0, 0, 1, 143.50
1494073745, 1, 235, 511, 305, 0, 4.16%, 0, 0, 1, 88.70
1494073750, 1, 237, 511, 304, 0, 4.16%, 0, 0, 1, 150.88
1494073756, 1, 243, 511, 302, 0, 4.16%, 0, 0, 1, 174.89
1494073766, 1, 249, 511, 301, 0, 4.16%, 0, 0, 1, 131.39
1494073776, 1, 252, 511, 299, 0, 4.16%, 0, 0, 1, 157.01
1494073781, 1, 253, 511, 298, 0, 4.16%, 0, 0, 1, 189.42
1494073787, 1, 262, 511, 297, 0, 4.16%, 0, 0, 1, 192.44
1494073792, 1, 265, 511, 296, 0, 4.16%, 0, 0, 1, 194.34
1494073797, 1, 266, 511, 296, 0, 4.16%, 0, 0, 1, 170.05
1494073802, 1, 268, 511, 295, 0, 4.16%, 0, 0, 1, 86.16
1494073807, 1, 269, 511, 294, 0, 4.16%, 0, 0, 1, 144.66
1494073812, 1, 274, 511, 293, 0, 4.16%, 0, 0, 1, 166.15
1494073817, 1, 278, 511, 291, 0, 4.16%, 0, 0, 1, 169.39
1494073823, 1, 280, 511, 290, 0, 4.16%, 0, 0, 1, 168.58
1494073828, 1, 282, 511, 290, 0, 4.16%, 0, 0, 1, 87.31
1494073869, 1, 285, 511, 289, 0, 4.16%, 0, 0, 1, 193.00
1494073874, 1, 286, 511, 289, 0, 4.16%, 0, 0, 1, 152.76
1494073879, 1, 287, 511, 288, 0, 4.16%, 0, 0, 1, 175.37
1494073884, 1, 304, 511, 288, 0, 4.16%, 0, 0, 1, 158.01
1494073889, 1, 306, 511, 288, 0, 4.16%, 0, 0, 1, 151.08
1494073894, 1, 308, 511, 287, 0, 4.16%, 0, 0, 1, 156.51
1494073900, 1, 311, 511, 286, 0, 4.16%, 0, 0, 1, 155.99
1494073905, 1, 313, 511, 285, 0, 4.16%, 0, 0, 1, 82.13
1494073920, 1, 315, 511, 284, 0, 4.16%, 0, 0, 1, 129.91
1494073925, 1, 316, 511, 283, 0, 4.16%, 0, 0, 1, 26.52
1494073941, 1, 319, 511, 282, 0, 4.16%, 0, 0, 1, 112.43
1494073966, 1, 323, 511, 281, 0, 4.16%, 0, 0, 1, 45.86
1494073997, 1, 326, 511, 280, 0, 4.16%, 0, 0, 1, 98.31
1494074002, 1, 327, 511, 280, 0, 4.16%, 0, 0, 1, 133.77
1494074017, 1, 330, 511, 279, 0, 4.16%, 0, 0, 1, 175.91
1494074022, 1, 333, 511, 279, 0, 4.16%, 0, 0, 1, 162.43
1494074038, 1, 334, 511, 278, 0, 4.16%, 0, 0, 1, 136.19
1494074048, 1, 336, 511, 277, 0, 4.16%, 0, 0, 1, 170.73
1494074053, 1, 337, 511, 276, 0, 4.16%, 0, 0, 1, 192.63
1494074079, 1, 338, 511, 275, 0, 4.16%, 0, 0, 1, 212.82
1494074084, 1, 341, 511, 274, 0, 4.16%, 0, 0, 1, 180.51
1494074094, 1, 347, 511, 274, 0, 4.16%, 0, 0, 1, 195.60
1494074099, 1, 349, 511, 274, 0, 4.16%, 0, 0, 1, 169.34
1494074105, 1, 351, 511, 273, 0, 4.16%, 0, 0, 1, 21.80
1494074141, 1, 353, 511, 272, 0, 4.16%, 0, 0, 1, 117.80
1494074146, 1, 356, 511, 272, 0, 4.16%, 0, 1, 1, 124.74
1494074151, 1, 358, 511, 272, 0, 4.16%, 0, 1, 1, 198.11
1494074161, 1, 370, 511, 271, 0, 4.16%, 0, 1, 1, 102.34
1494074171, 1, 371, 511, 270, 0, 4.16%, 0, 1, 1, 144.92
1494074177, 1, 373, 511, 269, 0, 4.16%, 0, 1, 1, 151.55
1494074182, 1, 377, 511, 268, 0, 4.16%, 0, 1, 1, 132.67
1494074202, 1, 379, 511, 267, 0, 4.16%, 0, 1, 1, 138.81
1494074217, 1, 382, 511, 266, 0, 4.16%, 0, 1, 1, 167.13
1494074222, 1, 383, 511, 266, 0, 4.16%, 0, 1, 1, 176.22
1494074227, 1, 384, 511, 266, 0, 4.16%, 0, 1, 1, 134.02
1494074238, 1, 389, 511, 265, 0, 4.16%, 0, 1, 1, 192.14
1494074243, 1, 392, 511, 264, 0, 4.16%, 0, 1, 1, 152.67
1494074268, 1, 393, 511, 263, 0, 4.16%, 0, 1, 1, 129.24
1494074273, 1, 395, 511, 263, 0, 4.16%, 0, 1, 1, 188.13
1494074278, 1, 396, 511, 262, 0, 4.16%, 0, 1, 1, 152.39
1494074283, 1, 401, 511, 261, 0, 4.16%, 0, 1, 1, 129.43
1494074294, 1, 402, 511, 261, 0, 4.16%, 0, 1, 1, 112.07
1494074299, 1, 405, 511, 260, 0, 4.16%, 0, 1, 1, 204.29
1494074314, 1, 413, 511, 259, 0, 4.16%, 0, 1, 1, 32.55
1494074319, 1, 416, 511, 259, 0, 4.16%, 0, 1, 1, 154.89
1494074325, 1, 420, 511, 259, 0, 4.16%, 0, 1, 1, 160.59
1494074330, 1, 421, 511, 259, 0, 4.16%, 0, 1, 1, 38.79
1494074350, 1, 422, 511, 258, 0, 4.16%, 0, 1, 1, 116.18
1494074360, 1, 424, 511, 257, 0, 4.16%, 0, 1, 1, 16.16
1494074365, 1, 426, 511, 257, 0, 4.16%, 0, 1, 1, 138.54
1494074386, 1, 429, 511, 256, 0, 4.16%, 0, 1, 1, 19.90
1494074468, 1, 436, 511, 255, 0, 4.16%, 0, 1, 1, 22.53
1494074524, 1, 437, 511, 254, 0, 4.16%, 0, 1, 1, 65.85
1494074529, 1, 441, 511, 254, 0, 4.16%, 0, 2, 1, 154.71
1494074539, 1, 444, 512, 254, 0, 4.16%, 0, 2, 1, 129.45
1494074545, 1, 446, 512, 254, 0, 4.16%, 0, 2, 1, 122.42
1494074560, 1, 452, 512, 253, 0, 4.16%, 0, 2, 1, 180.95
1494074565, 1, 453, 512, 253, 0, 4.16%, 0, 2, 1, 145.93
1494074570, 1, 455, 512, 253, 0, 4.16%, 0, 2, 1, 137.90
1494074575, 1, 458, 512, 253, 0, 4.16%, 0, 2, 1, 148.48
1494074596, 1, 463, 512, 252, 0, 4.16%, 0, 2, 1, 129.16
1494074621, 1, 464, 512, 251, 0, 4.16%, 0, 2, 1, 103.92
1494074632, 1, 466, 512, 250, 0, 4.16%, 0, 2, 1, 126.18
1494074637, 1, 467, 512, 250, 0, 4.16%, 0, 2, 1, 114.28
1494074642, 1, 471, 512, 250, 0, 4.16%, 0, 2, 1, 137.71
1494074657, 1, 475, 512, 249, 0, 4.16%, 0, 2, 1, 60.36
1494074693, 1, 476, 512, 248, 0, 4.16%, 0, 2, 1, 102.22
1494074698, 1, 479, 512, 248, 0, 4.16%, 0, 2, 1, 145.24
1494074703, 1, 480, 512, 248, 0, 4.16%, 0, 2, 1, 19.81
1494074749, 1, 480, 512, 248, 0, 4.16%, 0, 3, 1, 21.98
1494074754, 1, 482, 512, 247, 0, 4.16%, 0, 3, 1, 115.61
1494074760, 1, 486, 512, 247, 0, 4.16%, 0, 3, 1, 136.51
1494074765, 1, 487, 512, 247, 0, 4.16%, 0, 3, 1, 155.97
1494074770, 1, 491, 512, 247, 0, 4.16%, 0, 3, 1, 46.32
1494074775, 1, 494, 512, 246, 0, 4.16%, 0, 3, 1, 99.50
1494074780, 1, 499, 512, 246, 0, 4.16%, 0, 3, 1, 140.29
1494074785, 1, 500, 512, 246, 0, 4.16%, 0, 3, 1, 41.64
1494074790, 1, 502, 512, 246, 0, 4.16%, 0, 3, 1, 12.85
1494074795, 1, 505, 512, 246, 0, 4.16%, 0, 3, 1, 120.08
1494074800, 1, 507, 512, 246, 0, 4.16%, 0, 3, 1, 121.13
1494074805, 1, 508, 512, 245, 0, 4.16%, 0, 3, 1, 82.83
1494074810, 2, 0, 512, 244, 0, 4.16%, 0, 3, 1, 142.29
1494074815, 2, 1, 512, 244, 0, 4.16%, 0, 3, 1, 110.91
1494074820, 2, 4, 512, 244, 0, 4.16%, 0, 3, 1, 164.03
1494074826, 2, 6, 512, 244, 0, 4.16%, 0, 3, 1, 171.92
1494074831, 2, 7, 512, 243, 0, 4.16%, 0, 3, 1, 158.93
1494074836, 2, 14, 512, 243, 0, 4.16%, 0, 3, 1, 169.37
1494074841, 2, 19, 512, 243, 0, 4.16%, 0, 3, 1, 162.58
1494074846, 2, 22, 512, 242, 0, 4.16%, 0, 3, 1, 157.99
1494074851, 2, 26, 512, 242, 0, 4.16%, 0, 3, 1, 145.14
1494074856, 2, 27, 512, 241, 0, 4.16%, 0, 3, 1, 168.82
1494074861, 2, 31, 512, 241, 0, 4.16%, 0, 3, 1, 169.02
1494074867, 2, 41, 512, 241, 0, 4.16%, 0, 3, 1, 182.05
1494074872, 2, 44, 512, 241, 0, 4.16%, 0, 3, 1, 186.70
1494074877, 2, 45, 512, 241, 0, 4.16%, 0, 3, 1, 139.22
1494074882, 2, 47, 512, 241, 0, 4.16%, 0, 3, 1, 156.28
1494074887, 2, 49, 512, 241, 0, 4.16%, 0, 3, 1, 160.41
1494074892, 2, 52, 512, 240, 0, 4.16%, 0, 3, 1, 160.56
1494074897, 2, 54, 512, 240, 0, 4.16%, 0, 3, 1, 167.34
1494074902, 2, 58, 512, 239, 0, 4.16%, 0, 3, 1, 168.02
1494074907, 2, 62, 512, 239, 0, 4.16%, 0, 3, 1, 165.89
1494074912, 2, 64, 512, 239, 0, 4.16%, 0, 3, 1, 160.91
1494074918, 2, 66, 512, 239, 0, 4.16%, 0, 3, 1, 181.14
1494074923, 2, 67, 512, 238, 0, 4.16%, 0, 3, 1, 147.24
1494074928, 2, 70, 512, 238, 0, 4.16%, 0, 3, 1, 166.49
1494074933, 2, 71, 512, 238, 0, 4.16%, 0, 3, 1, 174.71
1494074938, 2, 75, 512, 238, 0, 4.16%, 0, 3, 1, 163.20
1494074943, 2, 76, 512, 238, 0, 4.16%, 0, 3, 1, 170.16
1494074948, 2, 81, 512, 238, 0, 4.16%, 0, 3, 1, 177.47
1494074958, 2, 82, 512, 238, 0, 4.16%, 0, 3, 1, 119.17
1494074963, 2, 84, 512, 237, 0, 4.16%, 0, 3, 1, 159.48
1494074968, 2, 87, 512, 237, 0, 4.16%, 0, 3, 1, 162.62
1494074974, 2, 88, 512, 237, 0, 4.16%, 0, 3, 1, 155.68
1494074979, 2, 89, 512, 237, 0, 4.16%, 0, 3, 1, 150.34
1494074984, 2, 94, 512, 237, 0, 4.16%, 0, 3, 1, 159.22
1494074989, 2, 95, 512, 236, 0, 4.16%, 0, 3, 1, 191.59
1494074994, 2, 100, 512, 235, 0, 4.16%, 0, 3, 1, 202.99
1494074999, 2, 102, 512, 235, 0, 4.16%, 0, 3, 1, 178.53
1494075004, 2, 104, 512, 235, 0, 4.16%, 0, 3, 1, 153.96
1494075009, 2, 110, 512, 235, 0, 4.16%, 0, 3, 1, 160.88
1494075014, 2, 112, 512, 235, 0, 4.16%, 0, 3, 1, 149.74
1494075019, 2, 115, 512, 235, 0, 4.16%, 0, 3, 1, 164.53
1494075030, 2, 122, 513, 236, 0, 4.16%, 0, 3, 1, 163.37
1494075035, 2, 126, 513, 236, 0, 4.16%, 0, 3, 1, 165.18
1494075040, 2, 127, 513, 236, 0, 4.16%, 0, 3, 1, 153.34
1494075045, 2, 135, 513, 235, 0, 4.16%, 0, 3, 1, 150.16
1494075050, 2, 138, 513, 235, 0, 4.16%, 0, 3, 1, 183.73
1494075055, 2, 141, 513, 234, 0, 4.16%, 0, 3, 1, 190.31
1494075060, 2, 144, 513, 234, 0, 4.16%, 0, 3, 1, 176.36
1494075066, 2, 148, 513, 234, 0, 4.16%, 0, 3, 1, 178.07
1494075071, 2, 152, 513, 233, 0, 4.16%, 0, 3, 1, 176.84
1494075076, 2, 155, 513, 232, 0, 4.16%, 0, 3, 1, 178.53
1494075081, 2, 158, 513, 231, 0, 4.16%, 0, 3, 1, 185.35
1494075086, 2, 161, 513, 231, 0, 4.16%, 0, 3, 1, 175.18
1494075091, 2, 162, 513, 231, 0, 4.16%, 0, 3, 1, 179.63
1494075096, 2, 163, 513, 230, 0, 4.16%, 0, 3, 1, 177.58
1494075102, 2, 165, 513, 229, 0, 4.16%, 0, 3, 1, 182.17
1494075107, 2, 167, 513, 228, 0, 4.16%, 0, 3, 1, 159.39
1494075112, 2, 168, 513, 228, 0, 4.16%, 0, 3, 1, 168.20
1494075117, 2, 171, 513, 228, 0, 4.16%, 0, 3, 1, 179.57
1494075122, 2, 173, 513, 228, 0, 4.16%, 0, 3, 1, 188.92
1494075127, 2, 175, 513, 228, 0, 4.16%, 0, 3, 1, 171.99
1494075132, 2, 176, 513, 228, 0, 4.16%, 0, 3, 1, 110.06
1494075137, 2, 177, 513, 227, 0, 4.16%, 0, 3, 1, 88.83
1494075142, 2, 181, 513, 226, 0, 4.16%, 0, 3, 1, 134.45
1494075148, 2, 185, 513, 226, 0, 4.16%, 0, 3, 1, 168.57
1494075153, 2, 186, 513, 226, 0, 4.16%, 0, 3, 1, 119.51
1494075168, 2, 192, 513, 225, 0, 4.16%, 0, 3, 1, 163.27
1494075173, 2, 193, 513, 225, 0, 4.16%, 0, 3, 1, 179.68
1494075178, 2, 195, 513, 224, 0, 4.16%, 0, 3, 1, 171.65
1494075183, 2, 201, 513, 224, 0, 4.16%, 0, 3, 1, 181.07
1494075189, 2, 202, 513, 224, 0, 4.16%, 0, 3, 1, 192.09
1494075194, 2, 205, 513, 224, 0, 4.16%, 0, 3, 1, 174.42
1494075199, 2, 206, 513, 224, 0, 4.16%, 0, 3, 1, 196.86
1494075204, 2, 207, 513, 224, 0, 4.16%, 0, 3, 1, 179.50
1494075209, 2, 211, 513, 224, 0, 4.16%, 0, 3, 1, 154.47
1494075214, 2, 213, 513, 223, 0, 4.16%, 0, 3, 1, 176.45
1494075219, 2, 221, 513, 223, 0, 4.16%, 0, 3, 1, 180.43
1494075229, 2, 227, 513, 223, 0, 4.16%, 0, 3, 1, 158.01
1494075234, 2, 232, 513, 223, 0, 4.16%, 0, 3, 1, 145.17
1494075240, 2, 243, 513, 223, 0, 4.16%, 0, 3, 1, 143.61
1494075250, 2, 247, 513, 223, 0, 4.16%, 0, 3, 1, 155.92
1494075255, 2, 251, 513, 222, 0, 4.16%, 0, 3, 1, 172.70
1494075260, 2, 253, 513, 221, 0, 4.16%, 0, 3, 1, 158.45
1494075270, 2, 259, 513, 220, 0, 4.16%, 0, 3, 1, 187.82
1494075275, 2, 260, 513, 219, 0, 4.16%, 0, 3, 1, 138.46
1494075285, 2, 265, 513, 218, 0, 4.16%, 0, 3, 1, 164.60
1494075296, 2, 279, 513, 218, 0, 4.16%, 0, 3, 1, 174.49
1494075301, 2, 281, 513, 218, 0, 4.16%, 0, 3, 1, 162.52
1494075306, 2, 285, 513, 217, 0, 4.16%, 0, 3, 1, 170.20
1494075316, 2, 290, 513, 217, 0, 4.16%, 0, 3, 1, 149.93
1494075331, 2, 296, 513, 216, 0, 4.16%, 0, 3, 1, 162.02
1494075336, 2, 303, 513, 215, 0, 4.16%, 0, 3, 1, 173.32
1494075357, 2, 305, 513, 214, 0, 4.16%, 0, 3, 1, 154.33
1494075362, 2, 307, 513, 214, 0, 4.16%, 0, 3, 1, 165.61
1494075367, 2, 308, 513, 213, 0, 4.16%, 0, 3, 1, 158.92
1494075372, 2, 324, 513, 212, 0, 4.16%, 0, 3, 1, 145.08
1494075382, 2, 326, 513, 211, 0, 4.16%, 0, 3, 1, 174.10
1494075387, 2, 330, 513, 211, 0, 4.16%, 0, 3, 1, 161.21
1494075393, 2, 340, 513, 211, 0, 4.16%, 0, 3, 1, 183.21
1494075413, 2, 341, 513, 210, 0, 4.16%, 0, 3, 1, 163.66
1494075419, 2, 342, 513, 210, 0, 4.16%, 0, 3, 1, 133.73
1494075434, 2, 347, 513, 209, 0, 4.16%, 0, 3, 1, 192.96
1494075439, 2, 353, 513, 209, 0, 4.16%, 0, 3, 1, 156.45
1494075444, 2, 356, 513, 209, 0, 4.16%, 0, 3, 1, 171.62
1494075449, 2, 363, 513, 209, 0, 4.16%, 0, 3, 1, 125.53
1494075475, 2, 365, 513, 208, 0, 4.16%, 0, 3, 1, 71.93
1494075485, 2, 367, 513, 207, 0, 4.16%, 0, 3, 1, 119.28
1494075490, 2, 369, 513, 207, 0, 4.16%, 0, 3, 1, 63.12
1494075515, 2, 372, 513, 206, 0, 4.16%, 0, 3, 1, 41.38
1494075536, 2, 374, 513, 205, 0, 4.16%, 0, 3, 1, 114.15
1494075541, 2, 381, 513, 204, 0, 4.16%, 0, 3, 1, 23.51
1494075582, 2, 382, 513, 203, 0, 4.16%, 0, 3, 1, 214.97
1494075587, 2, 383, 513, 203, 0, 4.16%, 0, 3, 1, 188.42
1494075593, 2, 390, 513, 202, 0, 4.16%, 0, 3, 1, 10.27
1494075696, 2, 393, 513, 201, 0, 4.16%, 0, 3, 1, 188.97
1494075701, 2, 394, 513, 201, 0, 4.16%, 0, 3, 1, 136.18
1494075706, 2, 398, 513, 201, 0, 4.16%, 0, 3, 1, 123.96
1494075717, 2, 400, 513, 200, 0, 4.16%, 0, 3, 1, 164.93
1494075722, 2, 401, 513, 199, 0, 4.16%, 0, 3, 1, 186.94
1494075727, 2, 408, 513, 199, 0, 4.16%, 0, 3, 1, 158.33
1494075732, 2, 413, 513, 199, 0, 4.16%, 0, 3, 1, 112.00
1494075737, 2, 416, 513, 199, 0, 4.16%, 0, 3, 1, 152.21
1494075742, 2, 419, 513, 199, 0, 4.16%, 0, 3, 1, 163.93
1494075747, 2, 421, 513, 198, 0, 4.16%, 0, 3, 1, 159.46
1494075752, 2, 423, 513, 198, 0, 4.16%, 0, 3, 1, 135.62
1494075758, 2, 424, 513, 197, 0, 4.16%, 0, 3, 1, 168.13
1494075763, 2, 425, 513, 197, 0, 4.16%, 0, 3, 1, 179.49
1494075778, 2, 428, 513, 196, 0, 4.16%, 0, 3, 1, 83.32
1494075783, 2, 437, 513, 196, 0, 4.16%, 0, 3, 1, 133.64
1494075788, 2, 440, 513, 196, 0, 4.16%, 0, 3, 1, 94.96
1494075803, 2, 444, 513, 195, 0, 4.16%, 0, 3, 1, 177.14
1494075808, 2, 447, 513, 195, 0, 4.16%, 0, 3, 1, 77.73
1494075819, 2, 449, 513, 194, 0, 4.16%, 0, 3, 1, 111.80
1494075834, 2, 450, 513, 193, 0, 4.16%, 0, 3, 1, 95.76
1494075839, 2, 451, 513, 192, 0, 4.16%, 0, 3, 1, 119.80
1494075844, 2, 452, 513, 192, 0, 4.16%, 0, 3, 1, 126.84
1494075849, 2, 454, 513, 192, 0, 4.16%, 0, 3, 1, 22.99
1494075854, 2, 456, 513, 192, 0, 4.16%, 0, 3, 1, 155.05
1494075859, 2, 460, 513, 192, 0, 4.16%, 0, 3, 1, 155.45
1494075864, 2, 462, 513, 192, 0, 4.16%, 0, 3, 1, 69.87
1494075885, 2, 464, 513, 191, 0, 4.16%, 0, 3, 1, 118.33
1494075890, 2, 466, 513, 191, 0, 4.16%, 0, 3, 1, 109.19
1494075895, 2, 467, 513, 191, 0, 4.16%, 0, 3, 1, 179.41
1494075900, 2, 470, 513, 191, 0, 4.16%, 0, 3, 1, 53.16
1494075905, 2, 474, 513, 190, 0, 4.16%, 0, 3, 1, 107.28
1494075921, 2, 476, 513, 189, 0, 4.16%, 0, 3, 1, 148.90
1494075926, 2, 477, 513, 189, 0, 4.16%, 0, 3, 1, 155.82
1494075931, 2, 478, 513, 188, 0, 4.16%, 0, 3, 1, 15.12
1494076028, 2, 479, 514, 188, 0, 4.16%, 0, 3, 1, 150.19
1494076033, 2, 482, 514, 188, 0, 4.16%, 0, 4, 1, 208.26
1494076038, 2, 484, 514, 188, 0, 4.16%, 0, 4, 1, 122.18
1494076043, 2, 485, 514, 187, 0, 4.16%, 0, 4, 1, 124.55
1494076049, 2, 486, 514, 187, 0, 4.16%, 0, 4, 1, 89.56
1494076054, 2, 489, 514, 187, 0, 4.16%, 0, 4, 1, 176.78
1494076074, 2, 494, 514, 186, 0, 4.16%, 0, 4, 1, 142.31
1494076079, 2, 499, 514, 186, 0, 4.16%, 0, 4, 1, 136.67
1494076084, 2, 500, 514, 186, 0, 4.16%, 0, 4, 1, 98.27
1494076089, 2, 503, 514, 186, 0, 4.16%, 0, 4, 1, 23.81
1494076115, 2, 510, 514, 185, 0, 4.16%, 0, 4, 1, 111.02
1494076141, 3, 1, 514, 184, 0, 4.16%, 0, 4, 1, 153.66
1494076146, 3, 2, 514, 184, 0, 4.16%, 0, 4, 1, 159.35
1494076151, 3, 4, 514, 184, 0, 4.16%, 0, 4, 1, 168.64
1494076156, 3, 9, 514, 184, 0, 4.16%, 0, 4, 1, 176.46
1494076161, 3, 12, 514, 183, 0, 4.16%, 0, 4, 1, 158.00
1494076166, 3, 14, 514, 182, 0, 4.16%, 0, 4, 1, 151.78
1494076171, 3, 18, 514, 182, 0, 4.16%, 0, 4, 1, 153.19
1494076176, 3, 23, 514, 182, 0, 4.16%, 0, 4, 1, 181.81
1494076182, 3, 27, 514, 181, 0, 4.16%, 0, 4, 1, 175.13
1494076187, 3, 30, 514, 181, 0, 4.16%, 0, 4, 1, 167.05
1494076192, 3, 34, 514, 181, 0, 4.16%, 0, 4, 1, 154.00
1494076197, 3, 36, 514, 181, 0, 4.16%, 0, 4, 1, 138.62
1494076202, 3, 38, 514, 180, 0, 4.16%, 0, 4, 1, 162.29
1494076207, 3, 43, 514, 179, 0, 4.16%, 0, 4, 1, 169.79
1494076212, 3, 44, 514, 179, 0, 4.16%, 0, 4, 1, 164.30
1494076218, 3, 46, 514, 179, 0, 4.16%, 0, 4, 1, 153.40
1494076223, 3, 49, 514, 179, 0, 4.16%, 0, 4, 1, 169.84
1494076228, 3, 52, 514, 179, 0, 4.16%, 0, 4, 1, 162.18
1494076233, 3, 53, 514, 179, 0, 4.16%, 0, 4, 1, 175.65
1494076238, 3, 56, 514, 178, 0, 4.16%, 0, 4, 1, 188.64
1494076243, 3, 58, 514, 177, 0, 4.16%, 0, 4, 1, 186.39
1494076248, 3, 60, 514, 177, 0, 4.16%, 0, 4, 1, 166.34
1494076254, 3, 63, 514, 177, 0, 4.16%, 0, 4, 1, 183.63
1494076259, 3, 65, 514, 177, 0, 4.16%, 0, 4, 1, 161.52
1494076264, 3, 68, 514, 177, 0, 4.16%, 0, 4, 1, 28.17
1494076269, 3, 70, 514, 177, 0, 4.16%, 0, 4, 1, 185.85
1494076274, 3, 73, 514, 177, 0, 4.16%, 0, 4, 1, 156.28
1494076279, 3, 74, 514, 177, 0, 4.16%, 0, 4, 1, 143.41
1494076284, 3, 76, 514, 177, 0, 4.16%, 0, 4, 1, 163.02
1494076289, 3, 80, 514, 177, 0, 4.16%, 0, 4, 1, 162.95
1494076295, 3, 81, 514, 177, 0, 4.16%, 0, 4, 1, 157.64
1494076300, 3, 84, 514, 177, 0, 4.16%, 0, 4, 1, 162.40
1494076305, 3, 87, 514, 177, 0, 4.16%, 0, 4, 1, 172.70
1494076310, 3, 89, 514, 177, 0, 4.16%, 0, 4, 1, 179.51
1494076315, 3, 92, 514, 176, 0, 4.16%, 0, 4, 1, 172.45
1494076320, 3, 95, 514, 176, 0, 4.16%, 0, 4, 1, 166.81
1494076325, 3, 99, 514, 176, 0, 4.16%, 0, 4, 1, 170.93
1494076330, 3, 101, 514, 175, 0, 4.16%, 0, 4, 1, 151.91
1494076335, 3, 103, 514, 175, 0, 4.16%, 0, 4, 1, 160.89
1494076340, 3, 109, 514, 175, 0, 4.16%, 0, 4, 1, 168.55
1494076345, 3, 111, 514, 175, 0, 4.16%, 0, 4, 1, 147.03
1494076350, 3, 112, 514, 175, 0, 4.16%, 0, 4, 1, 156.16
1494076356, 3, 114, 514, 175, 0, 4.16%, 0, 4, 1, 150.65
1494076361, 3, 115, 514, 174, 0, 4.16%, 0, 4, 1, 181.42
1494076366, 3, 117, 514, 174, 0, 4.16%, 0, 4, 1, 117.69
1494076371, 3, 119, 514, 173, 0, 4.16%, 0, 4, 1, 133.92
1494076376, 3, 120, 514, 172, 0, 4.16%, 0, 4, 1, 178.59
1494076381, 3, 122, 514, 171, 0, 4.16%, 0, 4, 1, 201.23
1494076386, 3, 126, 514, 171, 0, 4.16%, 0, 4, 1, 175.36
1494076392, 3, 131, 514, 171, 0, 4.16%, 0, 4, 1, 167.66
1494076397, 3, 133, 514, 171, 0, 4.16%, 0, 4, 1, 153.97
1494076402, 3, 137, 514, 170, 0, 4.16%, 0, 4, 1, 147.09
1494076407, 3, 138, 514, 169, 0, 4.16%, 0, 4, 1, 172.92
1494076412, 3, 141, 514, 169, 0, 4.16%, 0, 4, 1, 190.72
1494076417, 3, 144, 514, 169, 0, 4.16%, 0, 4, 1, 162.08
1494076422, 3, 152, 514, 169, 0, 4.16%, 0, 4, 1, 157.38
1494076427, 3, 158, 514, 169, 0, 4.16%, 0, 4, 1, 175.09
1494076437, 3, 161, 514, 168, 0, 4.16%, 0, 4, 1, 192.24
1494076442, 3, 163, 514, 168, 0, 4.16%, 0, 4, 1, 175.92
1494076453, 3, 167, 514, 168, 0, 4.16%, 0, 4, 1, 167.08
1494076458, 3, 168, 514, 168, 0, 4.16%, 0, 4, 1, 170.50
1494076463, 3, 171, 514, 168, 0, 4.16%, 0, 4, 1, 179.94
1494076468, 3, 173, 514, 168, 0, 4.16%, 0, 4, 1, 182.94
1494076473, 3, 174, 514, 168, 0, 4.16%, 0, 4, 1, 188.81
1494076479, 3, 175, 514, 167, 0, 4.16%, 0, 4, 1, 174.78
1494076484, 3, 185, 514, 167, 0, 4.16%, 0, 4, 1, 133.64
1494076489, 3, 189, 514, 167, 0, 4.16%, 0, 4, 1, 29.22
1494076566, 3, 192, 514, 166, 0, 4.16%, 0, 4, 1, 173.63
1494076571, 3, 197, 514, 166, 0, 4.16%, 0, 4, 1, 173.31
1494076576, 3, 201, 514, 165, 0, 4.16%, 0, 4, 1, 181.75
1494076581, 3, 202, 514, 165, 0, 4.16%, 0, 4, 1, 193.06
1494076587, 3, 203, 514, 165, 0, 4.16%, 0, 4, 1, 184.27
1494076592, 3, 206, 514, 165, 0, 4.16%, 0, 4, 1, 183.91
1494076602, 3, 211, 514, 165, 0, 4.16%, 0, 4, 1, 150.33
1494076607, 3, 213, 514, 165, 0, 4.16%, 0, 4, 1, 203.27
1494076612, 3, 218, 514, 164, 0, 4.16%, 0, 4, 1, 183.47
1494076617, 3, 219, 514, 163, 0, 4.16%, 0, 4, 1, 186.28
1494076622, 3, 221, 514, 163, 0, 4.16%, 0, 4, 1, 180.34
1494076628, 3, 222, 514, 163, 0, 4.16%, 0, 4, 1, 193.91
1494076633, 3, 227, 514, 162, 0, 4.16%, 0, 4, 1, 161.16
1494076638, 3, 229, 514, 162, 0, 4.16%, 0, 4, 1, 168.32
1494076643, 3, 236, 514, 161, 0, 4.16%, 0, 4, 1, 160.39
1494076648, 3, 243, 514, 160, 0, 4.16%, 0, 4, 1, 180.78
1494076658, 3, 253, 514, 160, 0, 4.16%, 0, 4, 1, 193.92
1494076663, 3, 256, 514, 160, 0, 4.16%, 0, 4, 1, 183.90
1494076669, 3, 264, 514, 159, 0, 4.16%, 0, 4, 1, 162.81
1494076674, 3, 265, 514, 158, 0, 4.16%, 0, 4, 1, 109.84
1494076684, 3, 267, 514, 158, 0, 4.16%, 0, 4, 1, 180.12
1494076689, 3, 270, 514, 157, 0, 4.16%, 0, 4, 1, 177.53
1494076694, 3, 279, 514, 157, 0, 4.16%, 0, 4, 1, 159.07
1494076699, 3, 283, 514, 157, 0, 4.16%, 0, 4, 1, 150.69
1494076705, 3, 285, 514, 157, 0, 4.16%, 0, 4, 1, 178.30
1494076710, 3, 287, 514, 157, 0, 4.16%, 0, 4, 1, 171.64
1494076715, 3, 292, 514, 156, 0, 4.16%, 0, 4, 1, 27.03
1494076746, 3, 294, 514, 154, 0, 4.16%, 0, 4, 1, 159.01
1494076756, 3, 302, 514, 152, 0, 4.16%, 0, 4, 1, 145.95
1494076777, 3, 305, 514, 151, 0, 4.16%, 0, 4, 1, 145.51
1494076782, 3, 320, 514, 151, 0, 4.16%, 0, 4, 1, 27.03
1494076864, 3, 325, 514, 150, 0, 4.16%, 0, 4, 1, 64.23
1494076900, 3, 328, 514, 149, 0, 4.16%, 0, 4, 1, 21.16
1494076962, 3, 330, 514, 148, 0, 4.16%, 0, 4, 1, 107.20
1494076972, 3, 331, 514, 148, 0, 4.16%, 0, 4, 1, 191.48
1494076977, 3, 332, 514, 147, 0, 4.16%, 0, 4, 1, 171.68
1494076982, 3, 341, 514, 146, 0, 4.16%, 0, 4, 1, 185.57
1494076987, 3, 343, 514, 146, 0, 4.16%, 0, 4, 1, 186.00
1494076992, 3, 344, 514, 146, 0, 4.16%, 0, 4, 1, 125.35
1494077007, 3, 347, 514, 145, 0, 4.16%, 0, 4, 1, 161.53
1494077013, 3, 350, 514, 145, 0, 4.16%, 0, 4, 1, 136.19
1494077048, 3, 353, 514, 144, 0, 4.16%, 0, 4, 1, 98.27
1494077054, 3, 355, 514, 144, 0, 4.16%, 0, 4, 1, 139.12
1494077059, 3, 356, 514, 143, 0, 4.16%, 0, 4, 1, 149.46
1494077064, 3, 357, 514, 143, 0, 4.16%, 0, 4, 1, 139.64
1494077074, 3, 362, 514, 142, 0, 4.16%, 0, 4, 1, 154.88
1494077079, 3, 363, 514, 141, 0, 4.16%, 0, 4, 1, 151.86
1494077084, 3, 371, 514, 141, 0, 4.16%, 0, 4, 1, 157.39
1494077089, 3, 383, 514, 141, 0, 4.16%, 0, 4, 1, 163.39
1494077094, 3, 391, 514, 141, 0, 4.16%, 0, 4, 1, 181.56
1494077099, 3, 394, 514, 141, 0, 4.16%, 0, 4, 1, 115.45
1494077105, 3, 401, 514, 141, 0, 4.16%, 0, 4, 1, 144.55
1494077110, 3, 403, 514, 141, 0, 4.16%, 0, 4, 1, 164.13
1494077115, 3, 407, 514, 141, 0, 4.16%, 0, 4, 1, 147.61
1494077125, 3, 413, 514, 140, 0, 4.16%, 0, 4, 1, 119.68
1494077130, 3, 416, 514, 140, 0, 4.16%, 0, 4, 1, 161.84
1494077135, 3, 420, 514, 140, 0, 4.16%, 0, 4, 1, 183.73
1494077140, 3, 424, 514, 140, 0, 4.16%, 0, 4, 1, 198.45
1494077146, 3, 428, 514, 140, 0, 4.16%, 0, 4, 1, 166.31
1494077151, 3, 433, 514, 140, 0, 4.16%, 0, 4, 1, 76.88
1494077156, 3, 437, 514, 139, 0, 4.16%, 0, 4, 1, 117.42
1494077161, 3, 438, 514, 139, 0, 4.16%, 0, 4, 1, 58.47
1494077233, 3, 445, 514, 138, 0, 4.16%, 0, 4, 1, 59.38
1494077244, 3, 452, 514, 137, 0, 4.16%, 0, 4, 1, 124.56
1494077249, 3, 453, 514, 137, 0, 4.16%, 0, 4, 1, 142.29
1494077254, 3, 455, 514, 137, 0, 4.16%, 0, 4, 1, 144.06
1494077260, 3, 459, 514, 137, 0, 4.16%, 0, 4, 1, 4.16
1494077265, 3, 460, 514, 136, 0, 4.16%, 0, 4, 1, 114.84
1494077270, 3, 466, 514, 136, 0, 4.16%, 0, 4, 1, 155.97
1494077275, 3, 467, 514, 136, 0, 4.16%, 0, 4, 1, 135.38
1494077280, 3, 468, 514, 136, 0, 4.16%, 0, 4, 1, 22.93
1494077321, 3, 473, 514, 135, 0, 4.16%, 0, 4, 1, 75.91
1494077332, 3, 479, 514, 134, 0, 4.16%, 0, 4, 1, 172.81
1494077337, 3, 481, 514, 134, 0, 4.16%, 0, 4, 1, 155.00
1494077342, 3, 483, 515, 135, 0, 4.16%, 0, 4, 1, 175.92
1494077357, 3, 486, 515, 134, 0, 4.16%, 0, 4, 1, 172.52
1494077367, 3, 488, 515, 134, 0, 4.16%, 0, 4, 1, 151.27
1494077372, 3, 493, 515, 133, 0, 4.16%, 0, 4, 1, 113.60
1494077382, 3, 496, 515, 132, 0, 4.16%, 0, 4, 1, 120.81
1494077387, 3, 500, 515, 132, 0, 4.16%, 0, 4, 1, 112.38
1494077393, 3, 502, 515, 132, 0, 4.16%, 0, 4, 1, 92.90
1494077398, 3, 505, 515, 132, 0, 4.16%, 0, 4, 1, 142.48
1494077403, 3, 506, 515, 132, 0, 4.16%, 0, 4, 1, 64.22
1494077423, 3, 513, 515, 131, 0, 4.16%, 0, 4, 1, 69.74
1494077444, 4, 0, 515, 130, 0, 4.16%, 0, 4, 1, 220.57
1494077449, 4, 2, 515, 130, 0, 4.16%, 0, 4, 1, 39.23
1494077454, 4, 4, 515, 130, 0, 4.16%, 0, 4, 1, 150.53
1494077459, 4, 7, 515, 130, 0, 4.16%, 0, 4, 1, 33.99
1494077464, 4, 8, 515, 130, 0, 4.16%, 0, 4, 1, 148.70
1494077470, 4, 14, 515, 130, 0, 4.16%, 0, 4, 1, 172.23
1494077475, 4, 17, 515, 130, 0, 4.16%, 0, 4, 1, 171.52
1494077480, 4, 22, 515, 129, 0, 4.16%, 0, 4, 1, 174.91
1494077485, 4, 27, 515, 129, 0, 4.16%, 0, 4, 1, 183.88
1494077490, 4, 30, 515, 129, 0, 4.16%, 0, 4, 1, 136.85
1494077495, 4, 32, 515, 129, 0, 4.16%, 0, 4, 1, 142.44
1494077500, 4, 37, 515, 128, 0, 4.16%, 0, 4, 1, 165.32
1494077505, 4, 41, 515, 126, 0, 4.16%, 0, 4, 1, 183.78
1494077510, 4, 44, 515, 126, 0, 4.16%, 0, 4, 1, 180.78
1494077516, 4, 45, 515, 126, 0, 4.16%, 0, 4, 1, 144.91
1494077521, 4, 47, 515, 126, 0, 4.16%, 0, 4, 1, 157.25
1494077526, 4, 51, 515, 126, 0, 4.16%, 0, 4, 1, 164.71
1494077531, 4, 52, 515, 126, 0, 4.16%, 0, 4, 1, 187.34
1494077536, 4, 58, 515, 126, 0, 4.16%, 0, 4, 1, 179.49
1494077541, 4, 62, 515, 126, 0, 4.16%, 0, 4, 1, 159.28
1494077546, 4, 64, 515, 126, 0, 4.16%, 0, 4, 1, 151.62
1494077551, 4, 65, 515, 126, 0, 4.16%, 0, 4, 1, 156.01
1494077557, 4, 68, 515, 126, 0, 4.16%, 0, 4, 1, 174.69
1494077562, 4, 70, 515, 126, 0, 4.16%, 0, 4, 1, 189.68
1494077567, 4, 73, 515, 126, 0, 4.16%, 0, 4, 1, 178.30
1494077572, 4, 75, 515, 126, 0, 4.16%, 0, 4, 1, 150.10
1494077577, 4, 77, 515, 126, 0, 4.16%, 0, 4, 1, 186.48
1494077582, 4, 79, 515, 125, 0, 4.16%, 0, 4, 1, 159.92
1494077587, 4, 81, 515, 124, 0, 4.16%, 0, 4, 1, 137.38
1494077598, 4, 84, 515, 124, 0, 4.16%, 0, 4, 1, 154.98
1494077603, 4, 87, 515, 124, 0, 4.16%, 0, 4, 1, 170.14
1494077608, 4, 89, 515, 124, 0, 4.16%, 0, 4, 1, 172.45
1494077613, 4, 90, 515, 124, 0, 4.16%, 0, 4, 1, 183.61
1494077618, 4, 92, 515, 123, 0, 4.16%, 0, 4, 1, 193.22
1494077623, 4, 95, 515, 123, 0, 4.16%, 0, 4, 1, 157.12
1494077628, 4, 97, 515, 123, 0, 4.16%, 0, 4, 1, 184.10
1494077634, 4, 100, 515, 122, 0, 4.16%, 0, 4, 1, 183.47
1494077639, 4, 103, 515, 122, 0, 4.16%, 0, 4, 1, 169.93
1494077644, 4, 106, 515, 122, 0, 4.16%, 0, 4, 1, 180.37
1494077649, 4, 109, 515, 120, 0, 4.16%, 0, 4, 1, 172.31
1494077654, 4, 111, 515, 120, 0, 4.16%, 0, 4, 1, 152.59
1494077659, 4, 113, 515, 120, 0, 4.16%, 0, 4, 1, 142.59
1494077664, 4, 115, 515, 120, 0, 4.16%, 0, 4, 1, 168.16
1494077670, 4, 122, 515, 120, 0, 4.16%, 0, 4, 1, 180.16
1494077675, 4, 125, 515, 120, 0, 4.16%, 0, 4, 1, 171.76
1494077680, 4, 126, 515, 120, 0, 4.16%, 0, 4, 1, 179.21
1494077685, 4, 135, 515, 119, 0, 4.16%, 0, 4, 1, 171.34
1494077690, 4, 138, 515, 119, 0, 4.16%, 0, 4, 1, 186.61
1494077695, 4, 141, 515, 119, 0, 4.16%, 0, 4, 1, 176.86
1494077700, 4, 144, 515, 119, 0, 4.16%, 0, 4, 1, 157.62
1494077705, 4, 149, 515, 119, 0, 4.16%, 0, 4, 1, 154.99
1494077711, 4, 150, 515, 118, 0, 4.16%, 0, 4, 1, 181.66
1494077716, 4, 152, 515, 117, 0, 4.16%, 0, 4, 1, 165.32
1494077721, 4, 158, 515, 117, 0, 4.16%, 0, 4, 1, 185.01
1494077726, 4, 161, 515, 117, 0, 4.16%, 0, 4, 1, 182.57
1494077736, 4, 163, 515, 117, 0, 4.16%, 0, 4, 1, 177.86
1494077741, 4, 167, 515, 117, 0, 4.16%, 0, 4, 1, 188.59
1494077746, 4, 168, 515, 117, 0, 4.16%, 0, 4, 1, 181.28
1494077752, 4, 171, 515, 117, 0, 4.16%, 0, 4, 1, 191.98
1494077757, 4, 173, 515, 117, 0, 4.16%, 0, 4, 1, 180.74
1494077762, 4, 175, 515, 117, 0, 4.16%, 0, 4, 1, 162.62
1494077767, 4, 185, 515, 117, 0, 4.16%, 0, 4, 1, 162.74
1494077777, 4, 192, 515, 117, 0, 4.16%, 0, 4, 1, 167.75
1494077782, 4, 194, 515, 117, 0, 4.16%, 0, 4, 1, 110.53
1494077802, 4, 195, 515, 116, 0, 4.16%, 0, 4, 1, 123.43
1494077807, 4, 198, 515, 116, 0, 4.16%, 0, 4, 1, 199.68
1494077813, 4, 201, 515, 115, 0, 4.16%, 0, 4, 1, 181.90
1494077818, 4, 202, 515, 115, 0, 4.16%, 0, 4, 1, 177.97
1494077823, 4, 203, 515, 115, 0, 4.16%, 0, 4, 1, 176.64
1494077828, 4, 206, 515, 115, 0, 4.16%, 0, 4, 1, 182.10
1494077838, 4, 209, 515, 115, 0, 4.16%, 0, 4, 1, 108.16
1494077843, 4, 211, 515, 114, 0, 4.16%, 0, 4, 1, 137.54
1494077848, 4, 213, 515, 114, 0, 4.16%, 0, 4, 1, 193.08
1494077854, 4, 216, 515, 114, 0, 4.16%, 0, 4, 1, 177.35
1494077859, 4, 221, 515, 114, 0, 4.16%, 0, 4, 1, 188.78
1494077864, 4, 223, 515, 114, 0, 4.16%, 0, 4, 1, 187.23
1494077869, 4, 224, 515, 113, 0, 4.16%, 0, 4, 1, 105.65
1494077874, 4, 225, 515, 112, 0, 4.16%, 0, 4, 1, 98.73
1494077879, 4, 228, 515, 112, 0, 4.16%, 0, 4, 1, 128.25
1494077884, 4, 230, 515, 112, 0, 4.16%, 0, 4, 1, 160.15
1494077889, 4, 232, 515, 111, 0, 4.16%, 0, 4, 1, 32.85
1494077895, 4, 238, 515, 111, 0, 4.16%, 0, 4, 1, 135.16
1494077900, 4, 241, 515, 110, 0, 4.16%, 0, 4, 1, 150.80
1494077905, 4, 243, 515, 110, 0, 4.16%, 0, 4, 1, 177.18
1494077910, 4, 251, 515, 110, 0, 4.16%, 0, 4, 1, 29.37
1494077915, 4, 253, 515, 110, 0, 4.16%, 0, 4, 1, 190.26
1494077920, 4, 263, 515, 110, 0, 4.16%, 0, 4, 1, 196.41
1494077925, 4, 265, 515, 110, 0, 4.16%, 0, 4, 1, 190.13
1494077930, 4, 271, 515, 110, 0, 4.16%, 0, 4, 1, 171.39
1494077935, 4, 279, 515, 109, 0, 4.16%, 0, 4, 1, 176.15
1494077940, 4, 285, 515, 109, 0, 4.16%, 0, 4, 1, 156.18
1494077945, 4, 287, 515, 109, 0, 4.16%, 0, 4, 1, 184.34
1494077951, 4, 294, 515, 109, 0, 4.16%, 0, 4, 1, 181.83
1494077956, 4, 300, 515, 109, 0, 4.16%, 0, 4, 1, 173.89
1494077966, 4, 305, 515, 108, 0, 4.16%, 0, 4, 1, 143.69
1494077971, 4, 326, 515, 108, 0, 4.16%, 0, 4, 1, 135.63
1494077976, 4, 330, 515, 108, 0, 4.16%, 0, 4, 1, 147.96
1494077987, 4, 341, 515, 107, 0, 4.16%, 0, 4, 1, 133.66
1494077992, 4, 345, 515, 107, 0, 4.16%, 0, 4, 1, 168.95
1494078053, 4, 346, 515, 106, 0, 4.16%, 0, 4, 1, 152.07
1494078068, 4, 347, 515, 105, 0, 4.16%, 0, 4, 1, 153.57
1494078073, 4, 348, 515, 105, 0, 4.16%, 0, 4, 1, 187.13
1494078084, 4, 353, 515, 104, 0, 4.16%, 0, 4, 1, 122.14
1494078089, 4, 356, 515, 104, 0, 4.16%, 0, 4, 1, 168.51
1494078094, 4, 367, 515, 104, 0, 4.16%, 0, 4, 1, 145.64
1494078099, 4, 370, 515, 104, 0, 4.16%, 0, 4, 1, 180.07
1494078104, 4, 382, 515, 104, 0, 4.16%, 0, 4, 1, 167.17
1494078109, 4, 383, 515, 104, 0, 4.16%, 0, 4, 1, 178.94
1494078114, 4, 385, 515, 104, 0, 4.16%, 0, 4, 1, 121.86
1494078119, 4, 393, 515, 103, 0, 4.16%, 0, 4, 1, 149.52
1494078124, 4, 394, 515, 103, 0, 4.16%, 0, 4, 1, 50.61
1494078129, 4, 401, 515, 103, 0, 4.16%, 0, 4, 1, 147.68
1494078134, 4, 404, 515, 103, 0, 4.16%, 0, 4, 1, 141.21
1494078165, 4, 412, 515, 102, 0, 4.16%, 0, 4, 1, 163.11
1494078175, 4, 416, 515, 101, 0, 4.16%, 0, 4, 1, 139.64
1494078185, 4, 417, 515, 101, 0, 4.16%, 0, 4, 1, 134.59
1494078201, 4, 420, 515, 100, 0, 4.16%, 0, 4, 1, 159.25
1494078206, 4, 424, 515, 100, 0, 4.16%, 0, 4, 1, 157.52
1494078211, 4, 427, 515, 100, 0, 4.16%, 0, 4, 1, 149.71
1494078216, 4, 428, 515, 99, 0, 4.16%, 0, 4, 1, 151.20
1494078221, 4, 429, 515, 99, 0, 4.16%, 0, 4, 1, 120.93
1494078226, 4, 434, 515, 99, 0, 4.16%, 0, 4, 1, 70.19
1494078247, 4, 442, 515, 98, 0, 4.16%, 0, 4, 1, 152.90
1494078252, 4, 448, 515, 98, 0, 4.16%, 0, 4, 1, 139.57
1494078262, 4, 452, 515, 97, 0, 4.16%, 0, 4, 1, 135.90
1494078267, 4, 453, 515, 97, 0, 4.16%, 0, 4, 1, 156.80
1494078273, 4, 455, 515, 97, 0, 4.16%, 0, 4, 1, 153.76
1494078278, 4, 460, 515, 97, 0, 4.16%, 0, 4, 1, 159.21
1494078283, 4, 466, 515, 97, 0, 4.16%, 0, 4, 1, 122.75
1494078288, 4, 467, 515, 97, 0, 4.16%, 0, 4, 1, 166.07
1494078293, 4, 476, 515, 97, 0, 4.16%, 0, 4, 1, 142.99
1494078298, 4, 481, 515, 97, 0, 4.16%, 0, 4, 1, 142.00
1494078303, 4, 485, 515, 97, 0, 4.16%, 0, 4, 1, 150.54
1494078308, 4, 486, 515, 97, 0, 4.16%, 0, 4, 1, 156.58
1494078314, 4, 490, 515, 97, 0, 4.16%, 0, 4, 1, 158.45
1494078319, 4, 494, 515, 96, 0, 4.16%, 0, 4, 1, 132.79
1494078324, 4, 497, 515, 96, 0, 4.16%, 0, 4, 1, 127.19
1494078350, 4, 498, 515, 95, 0, 4.16%, 0, 4, 1, 74.90
1494078406, 4, 500, 515, 94, 0, 4.16%, 0, 4, 1, 110.56
1494078411, 4, 502, 515, 94, 0, 4.16%, 0, 4, 1, 99.61
1494078416, 4, 505, 515, 94, 0, 4.16%, 0, 4, 1, 126.19
1494078421, 5, 1, 515, 94, 0, 4.16%, 0, 4, 1, 147.41
1494078426, 5, 2, 515, 94, 0, 4.16%, 0, 4, 1, 167.81
1494078431, 5, 4, 515, 94, 0, 4.16%, 0, 4, 1, 167.77
1494078437, 5, 9, 515, 94, 0, 4.16%, 0, 4, 1, 174.30
1494078442, 5, 15, 515, 94, 0, 4.16%, 0, 4, 1, 166.48
1494078447, 5, 20, 515, 94, 0, 4.16%, 0, 4, 1, 144.25
1494078452, 5, 22, 515, 93, 0, 4.16%, 0, 4, 1, 147.96
1494078457, 5, 27, 515, 93, 0, 4.16%, 0, 4, 1, 177.10
1494078462, 5, 28, 515, 93, 0, 4.16%, 0, 4, 1, 154.35
1494078467, 5, 31, 515, 92, 0, 4.16%, 0, 4, 1, 147.79
1494078472, 5, 41, 515, 92, 0, 4.16%, 0, 4, 1, 169.48
1494078477, 5, 44, 515, 92, 0, 4.16%, 0, 4, 1, 166.24
1494078482, 5, 45, 515, 92, 0, 4.16%, 0, 4, 1, 169.64
1494078487, 5, 47, 515, 92, 0, 4.16%, 0, 4, 1, 165.65
1494078493, 5, 51, 515, 92, 0, 4.16%, 0, 4, 1, 161.89
1494078498, 5, 52, 515, 92, 0, 4.16%, 0, 4, 1, 189.96
1494078503, 5, 58, 515, 92, 0, 4.16%, 0, 4, 1, 188.93
1494078508, 5, 62, 515, 92, 0, 4.16%, 0, 4, 1, 155.78
1494078513, 5, 63, 515, 92, 0, 4.16%, 0, 4, 1, 146.46
1494078518, 5, 65, 515, 92, 0, 4.16%, 0, 4, 1, 83.49
1494078523, 5, 68, 515, 92, 0, 4.16%, 0, 4, 1, 136.46
1494078528, 5, 70, 515, 92, 0, 4.16%, 0, 4, 1, 186.35
1494078534, 5, 73, 515, 92, 0, 4.16%, 0, 4, 1, 103.01
1494078539, 5, 75, 515, 92, 0, 4.16%, 0, 4, 1, 155.49
1494078544, 5, 77, 515, 92, 0, 4.16%, 0, 4, 1, 170.98
1494078549, 5, 81, 515, 92, 0, 4.16%, 0, 4, 1, 168.83
1494078554, 5, 83, 515, 92, 0, 4.16%, 0, 4, 1, 162.25
1494078559, 5, 85, 515, 92, 0, 4.16%, 0, 4, 1, 160.49
1494078564, 5, 87, 515, 92, 0, 4.16%, 0, 4, 1, 178.86
1494078570, 5, 89, 515, 92, 0, 4.16%, 0, 4, 1, 164.83
1494078575, 5, 95, 515, 92, 0, 4.16%, 0, 4, 1, 154.10
1494078580, 5, 100, 515, 92, 0, 4.16%, 0, 4, 1, 170.87
1494078585, 5, 102, 515, 92, 0, 4.16%, 0, 4, 1, 174.15
1494078590, 5, 104, 515, 92, 0, 4.16%, 0, 4, 1, 170.39
1494078595, 5, 110, 515, 92, 0, 4.16%, 0, 4, 1, 160.03
1494078600, 5, 112, 515, 92, 0, 4.16%, 0, 4, 1, 144.37
1494078605, 5, 115, 515, 92, 0, 4.16%, 0, 4, 1, 178.65
1494078611, 5, 122, 515, 92, 0, 4.16%, 0, 4, 1, 188.65
1494078616, 5, 125, 515, 92, 0, 4.16%, 0, 4, 1, 173.42
1494078621, 5, 126, 515, 92, 0, 4.16%, 0, 4, 1, 179.41
1494078626, 5, 135, 515, 92, 0, 4.16%, 0, 4, 1, 169.08
1494078631, 5, 138, 515, 92, 0, 4.16%, 0, 4, 1, 183.18
1494078636, 5, 141, 515, 92, 0, 4.16%, 0, 4, 1, 195.44
1494078642, 5, 144, 515, 92, 0, 4.16%, 0, 4, 1, 157.60
1494078647, 5, 151, 515, 92, 0, 4.16%, 0, 4, 1, 152.37
1494078652, 5, 156, 515, 92, 0, 4.16%, 0, 4, 1, 151.78
1494078657, 5, 158, 515, 91, 0, 4.16%, 0, 4, 1, 172.56
1494078667, 5, 161, 515, 91, 0, 4.16%, 0, 4, 1, 216.73
1494078672, 5, 163, 515, 91, 0, 4.16%, 0, 4, 1, 191.77
1494078677, 5, 165, 515, 91, 0, 4.16%, 0, 4, 1, 172.07
1494078682, 5, 167, 515, 91, 0, 4.16%, 0, 4, 1, 174.80
1494078688, 5, 171, 515, 91, 0, 4.16%, 0, 4, 1, 160.66
1494078698, 5, 173, 515, 91, 0, 4.16%, 0, 4, 1, 187.27
1494078703, 5, 175, 515, 91, 0, 4.16%, 0, 4, 1, 157.86
1494078708, 5, 185, 515, 91, 0, 4.16%, 0, 4, 1, 157.89
1494078713, 5, 188, 515, 91, 0, 4.16%, 0, 4, 1, 169.62
1494078718, 5, 192, 515, 91, 0, 4.16%, 0, 4, 1, 184.64
1494078724, 5, 195, 515, 91, 0, 4.16%, 0, 4, 1, 173.92
1494078734, 5, 202, 515, 91, 0, 4.16%, 0, 4, 1, 200.40
1494078744, 5, 204, 515, 91, 0, 4.16%, 0, 4, 1, 170.23
1494078749, 5, 205, 515, 90, 0, 4.16%, 0, 4, 1, 180.42
1494078754, 5, 206, 515, 90, 0, 4.16%, 0, 4, 1, 181.51
1494078759, 5, 208, 515, 90, 0, 4.16%, 0, 4, 1, 159.35
1494078764, 5, 213, 515, 89, 0, 4.16%, 0, 4, 1, 173.38
1494078775, 5, 221, 515, 89, 0, 4.16%, 0, 4, 1, 170.08
1494078780, 5, 225, 515, 89, 0, 4.16%, 0, 4, 1, 163.67
1494078785, 5, 228, 515, 89, 0, 4.16%, 0, 4, 1, 130.63
1494078790, 5, 233, 515, 89, 0, 4.16%, 0, 4, 1, 131.89
1494078800, 5, 243, 515, 88, 0, 4.16%, 0, 4, 1, 134.77
1494078810, 5, 251, 515, 88, 0, 4.16%, 0, 4, 1, 181.89
1494078815, 5, 253, 515, 88, 0, 4.16%, 0, 4, 1, 189.80
1494078820, 5, 263, 515, 87, 0, 4.16%, 0, 4, 1, 198.75
1494078826, 5, 265, 515, 87, 0, 4.16%, 0, 4, 1, 192.31
1494078831, 5, 273, 515, 87, 0, 4.16%, 0, 4, 1, 177.65
1494078836, 5, 279, 516, 88, 0, 4.16%, 0, 4, 1, 170.62
1494078841, 5, 285, 516, 88, 0, 4.16%, 0, 4, 1, 160.98
1494078851, 5, 288, 516, 88, 0, 4.16%, 0, 4, 1, 158.20
1494078856, 5, 291, 516, 87, 0, 4.16%, 0, 4, 1, 171.87
1494078861, 5, 298, 516, 87, 0, 4.16%, 0, 4, 1, 113.39
1494078872, 5, 301, 516, 86, 0, 4.16%, 0, 4, 1, 75.41
1494078902, 5, 308, 516, 85, 0, 4.16%, 0, 4, 1, 137.21
1494078908, 5, 314, 516, 85, 0, 4.16%, 0, 4, 1, 136.39
1494078913, 5, 326, 516, 83, 0, 4.16%, 0, 4, 1, 171.94
1494078918, 5, 330, 516, 83, 0, 4.16%, 0, 4, 1, 167.37
1494078928, 5, 341, 516, 83, 0, 4.16%, 0, 4, 1, 177.74
1494078933, 5, 347, 517, 84, 0, 4.16%, 0, 4, 1, 219.24
1494078938, 5, 353, 517, 84, 0, 4.16%, 0, 4, 1, 153.59
1494078943, 5, 356, 517, 84, 0, 4.16%, 0, 4, 1, 182.70
1494078949, 5, 366, 517, 84, 0, 4.16%, 0, 4, 1, 89.79
1494078969, 5, 367, 517, 83, 0, 4.16%, 0, 4, 1, 96.50
1494078974, 5, 375, 517, 83, 0, 4.16%, 0, 4, 1, 109.13
1494078979, 5, 376, 517, 82, 0, 4.16%, 0, 4, 1, 28.15
1494079046, 5, 382, 517, 81, 0, 4.16%, 0, 4, 1, 128.32
1494079051, 5, 383, 517, 81, 0, 4.16%, 0, 4, 1, 162.96
1494079056, 5, 394, 517, 81, 0, 4.16%, 0, 4, 1, 145.02
1494079061, 5, 401, 517, 81, 0, 4.16%, 0, 4, 1, 158.71
1494079066, 5, 403, 517, 81, 0, 4.16%, 0, 4, 1, 150.69
1494079071, 5, 406, 517, 81, 0, 4.16%, 0, 4, 1, 128.68
1494079086, 5, 408, 517, 80, 0, 4.16%, 0, 4, 1, 125.94
1494079092, 5, 416, 517, 80, 0, 4.16%, 0, 4, 1, 111.24
1494079102, 5, 420, 517, 80, 0, 4.16%, 0, 4, 1, 160.73
1494079107, 5, 424, 517, 80, 0, 4.16%, 0, 4, 1, 162.42
1494079112, 5, 428, 517, 80, 0, 4.16%, 0, 4, 1, 152.90
1494079117, 5, 444, 517, 80, 0, 4.16%, 0, 4, 1, 152.86
1494079122, 5, 446, 517, 80, 0, 4.16%, 0, 4, 1, 179.06
1494079128, 5, 452, 517, 80, 0, 4.16%, 0, 4, 1, 171.02
1494079133, 5, 453, 517, 80, 0, 4.16%, 0, 4, 1, 151.13
1494079138, 5, 455, 517, 80, 0, 4.16%, 0, 4, 1, 158.18
1494079143, 5, 456, 517, 80, 0, 4.16%, 0, 4, 1, 149.61
1494079148, 5, 461, 517, 80, 0, 4.16%, 0, 4, 1, 122.58
1494079158, 5, 466, 517, 79, 0, 4.16%, 0, 4, 1, 37.40
1494079163, 5, 467, 517, 79, 0, 4.16%, 0, 4, 1, 171.06
1494079168, 5, 476, 517, 79, 0, 4.16%, 0, 4, 1, 159.06
1494079174, 5, 481, 517, 79, 0, 4.16%, 0, 4, 1, 154.91
1494079179, 5, 485, 517, 79, 0, 4.16%, 0, 4, 1, 149.61
1494079184, 5, 486, 517, 79, 0, 4.16%, 0, 4, 1, 157.07
1494079189, 5, 490, 517, 79, 0, 4.16%, 0, 4, 1, 162.57
1494079194, 5, 496, 517, 79, 0, 4.16%, 0, 4, 1, 144.68
1494079199, 5, 500, 517, 79, 0, 4.16%, 0, 4, 1, 119.08
1494079204, 5, 502, 517, 79, 0, 4.16%, 0, 4, 1, 111.66
1494079209, 5, 505, 517, 79, 0, 4.16%, 0, 4, 1, 122.11
1494079214, 5, 511, 517, 79, 0, 4.16%, 0, 4, 1, 87.69
