# unix_time, cycles_done, cur_path, paths_total, pending_total, pending_favs, map_size, unique_crashes, unique_hangs, max_depth, execs_per_sec
1494135369, 0, 0, 492, 492, 175, 4.17%, 0, 0, 2, 72.24
1494135374, 0, 0, 493, 493, 175, 4.17%, 0, 0, 3, 125.69
1494135385, 0, 0, 493, 492, 174, 4.17%, 0, 0, 3, 168.24
1494135390, 0, 0, 495, 494, 174, 4.17%, 0, 0, 3, 51.02
1494135410, 0, 0, 496, 495, 174, 4.17%, 0, 0, 3, 65.70
1494135415, 0, 0, 503, 502, 174, 4.17%, 0, 0, 3, 70.54
1494135420, 0, 0, 505, 504, 174, 4.17%, 0, 0, 3, 68.17
1494135426, 0, 0, 520, 519, 174, 4.18%, 0, 0, 3, 73.33
1494135431, 0, 0, 521, 520, 174, 4.18%, 0, 0, 3, 66.55
1494135575, 0, 1, 521, 520, 178, 4.18%, 0, 0, 3, 120.72
1494135580, 0, 2, 521, 519, 177, 4.18%, 0, 0, 3, 134.78
1494135596, 0, 4, 521, 517, 175, 4.18%, 0, 0, 3, 163.90
1494135601, 0, 7, 521, 515, 173, 4.18%, 0, 0, 3, 134.49
1494135611, 0, 8, 521, 514, 172, 4.18%, 0, 0, 3, 179.59
1494135616, 0, 9, 521, 513, 171, 4.18%, 0, 0, 3, 202.81
1494135621, 0, 11, 521, 512, 171, 4.18%, 0, 0, 3, 138.59
1494135626, 0, 13, 521, 511, 170, 4.18%, 0, 0, 3, 145.33
1494135637, 0, 14, 521, 510, 169, 4.18%, 0, 0, 3, 94.49
1494135647, 0, 15, 521, 509, 168, 4.18%, 0, 0, 3, 163.02
1494135652, 0, 17, 521, 508, 167, 4.18%, 0, 0, 3, 150.72
1494135657, 0, 20, 521, 507, 166, 4.18%, 0, 0, 3, 180.85
1494135663, 0, 21, 521, 506, 165, 4.18%, 0, 0, 3, 153.14
1494135673, 0, 23, 521, 505, 164, 4.18%, 0, 0, 3, 150.54
1494135678, 0, 24, 521, 504, 163, 4.18%, 0, 0, 3, 171.09
1494135683, 0, 28, 521, 502, 161, 4.18%, 0, 0, 3, 168.90
1494135693, 0, 29, 521, 501, 160, 4.18%, 0, 0, 3, 109.86
1494135703, 0, 30, 521, 500, 159, 4.18%, 0, 0, 3, 146.88
1494135708, 0, 32, 521, 499, 158, 4.18%, 0, 0, 3, 141.26
1494135719, 0, 38, 521, 497, 156, 4.18%, 0, 0, 3, 178.01
1494135724, 0, 40, 521, 496, 155, 4.18%, 0, 0, 3, 147.26
1494135734, 0, 42, 521, 495, 154, 4.18%, 0, 0, 3, 102.19
1494135744, 0, 43, 521, 494, 153, 4.18%, 0, 0, 3, 123.87
1494135749, 0, 44, 521, 493, 152, 4.18%, 0, 0, 3, 161.36
1494135755, 0, 45, 521, 492, 151, 4.18%, 0, 0, 3, 139.30
1494135760, 0, 46, 521, 491, 150, 4.18%, 0, 0, 3, 135.54
1494135765, 0, 47, 521, 490, 149, 4.18%, 0, 0, 3, 122.30
1494135770, 0, 48, 521, 489, 148, 4.18%, 0, 0, 3, 97.37
1494135780, 0, 49, 521, 488, 147, 4.18%, 0, 0, 3, 164.11
1494135786, 0, 51, 521, 486, 145, 4.18%, 0, 0, 3, 170.09
1494135796, 0, 53, 521, 485, 144, 4.18%, 0, 0, 3, 191.96
1494135801, 0, 57, 521, 484, 143, 4.18%, 0, 0, 3, 109.11
1494135806, 0, 58, 521, 483, 142, 4.18%, 0, 0, 3, 148.42
1494135816, 0, 59, 521, 482, 141, 4.18%, 0, 0, 3, 128.52
1494135821, 0, 60, 521, 481, 140, 4.18%, 0, 0, 3, 113.91
1494135827, 0, 61, 521, 480, 139, 4.18%, 0, 0, 3, 108.39
1494135837, 0, 62, 521, 479, 138, 4.18%, 0, 0, 3, 141.89
1494135842, 0, 64, 521, 478, 137, 4.18%, 0, 0, 3, 110.87
1494135847, 0, 66, 521, 477, 136, 4.18%, 0, 0, 3, 165.15
1494135852, 0, 67, 521, 476, 135, 4.18%, 0, 0, 3, 128.55
1494135857, 0, 69, 521, 475, 134, 4.18%, 0, 0, 3, 96.01
1494135867, 0, 70, 521, 474, 133, 4.18%, 0, 0, 3, 132.59
1494135872, 0, 72, 521, 473, 132, 4.18%, 0, 0, 3, 108.87
1494135877, 0, 73, 521, 472, 131, 4.18%, 0, 0, 3, 176.13
1494135883, 0, 77, 521, 470, 129, 4.18%, 0, 0, 3, 152.55
1494135893, 0, 79, 521, 468, 127, 4.18%, 0, 0, 3, 126.85
1494135898, 0, 81, 521, 467, 126, 4.18%, 0, 0, 3, 135.25
1494135908, 0, 83, 521, 466, 125, 4.18%, 0, 0, 3, 139.73
1494135913, 0, 85, 521, 465, 124, 4.18%, 0, 0, 3, 164.68
1494135919, 0, 86, 521, 464, 123, 4.18%, 0, 0, 3, 148.30
1494135924, 0, 87, 521, 463, 122, 4.18%, 0, 0, 3, 92.01
1494135929, 0, 90, 521, 461, 120, 4.18%, 0, 0, 3, 163.64
1494135934, 0, 94, 521, 459, 118, 4.18%, 0, 0, 3, 161.92
1494135944, 0, 95, 521, 458, 117, 4.18%, 0, 0, 3, 100.30
1494135949, 0, 97, 521, 456, 115, 4.18%, 0, 0, 3, 131.36
1494135960, 0, 99, 521, 454, 113, 4.18%, 0, 0, 3, 158.79
1494135965, 0, 102, 521, 453, 112, 4.18%, 0, 0, 3, 44.50
1494135970, 0, 103, 521, 452, 111, 4.18%, 0, 0, 3, 80.43
1494135980, 0, 104, 521, 451, 110, 4.18%, 0, 0, 3, 81.86
1494135985, 0, 105, 521, 450, 109, 4.18%, 0, 0, 3, 105.10
1494135995, 0, 106, 521, 449, 108, 4.18%, 0, 0, 3, 111.45
1494136000, 0, 107, 521, 448, 107, 4.18%, 0, 0, 3, 146.83
1494136006, 0, 114, 521, 447, 106, 4.18%, 0, 0, 3, 170.98
1494136011, 0, 115, 521, 446, 105, 4.18%, 0, 0, 3, 172.08
1494136016, 0, 121, 521, 445, 104, 4.18%, 0, 0, 3, 104.93
1494136021, 0, 124, 521, 444, 103, 4.18%, 0, 0, 3, 127.28
1494136031, 0, 127, 521, 443, 102, 4.18%, 0, 0, 3, 156.07
1494136036, 0, 132, 521, 442, 101, 4.18%, 0, 0, 3, 180.59
1494136041, 0, 133, 521, 441, 100, 4.18%, 0, 0, 3, 146.17
1494136047, 0, 135, 521, 440, 99, 4.18%, 0, 0, 3, 127.51
1494136057, 0, 137, 521, 439, 98, 4.18%, 0, 0, 3, 127.52
1494136062, 0, 139, 521, 438, 97, 4.18%, 0, 0, 3, 108.06
1494136067, 0, 143, 521, 437, 96, 4.18%, 0, 0, 3, 155.20
1494136072, 0, 147, 521, 436, 95, 4.18%, 0, 0, 3, 189.49
1494136077, 0, 149, 521, 435, 94, 4.18%, 0, 0, 3, 151.92
1494136082, 0, 151, 521, 434, 93, 4.18%, 0, 0, 3, 167.13
1494136087, 0, 157, 521, 433, 92, 4.18%, 0, 0, 3, 133.80
1494136098, 0, 161, 521, 432, 91, 4.18%, 0, 0, 3, 99.40
1494136103, 0, 166, 521, 431, 90, 4.18%, 0, 0, 3, 103.67
1494136108, 0, 175, 521, 430, 89, 4.18%, 0, 0, 3, 144.65
1494136113, 0, 180, 521, 428, 87, 4.18%, 0, 0, 3, 169.58
1494136118, 0, 183, 521, 427, 86, 4.18%, 0, 0, 3, 175.75
1494136128, 0, 185, 521, 426, 85, 4.18%, 0, 0, 3, 128.66
1494136133, 0, 187, 521, 425, 84, 4.18%, 0, 0, 3, 147.66
1494136139, 0, 189, 521, 423, 82, 4.18%, 0, 0, 3, 132.27
1494136149, 0, 193, 521, 422, 81, 4.18%, 0, 0, 3, 81.21
1494136154, 0, 195, 521, 421, 80, 4.18%, 0, 0, 3, 138.85
1494136164, 0, 198, 521, 420, 79, 4.18%, 0, 0, 3, 168.71
1494136169, 0, 202, 521, 418, 77, 4.18%, 0, 0, 3, 186.09
1494136174, 0, 205, 521, 417, 76, 4.18%, 0, 0, 3, 189.13
1494136184, 0, 207, 521, 416, 75, 4.18%, 0, 0, 3, 94.97
1494136189, 0, 209, 521, 415, 74, 4.18%, 0, 0, 3, 116.70
1494136194, 0, 210, 521, 414, 73, 4.18%, 0, 0, 3, 150.22
1494136230, 0, 214, 521, 413, 72, 4.18%, 0, 0, 3, 116.81
1494136235, 0, 215, 521, 412, 71, 4.18%, 0, 0, 3, 106.39
1494136240, 0, 219, 521, 411, 71, 4.18%, 0, 0, 3, 174.43
1494136245, 0, 223, 521, 410, 70, 4.18%, 0, 0, 3, 104.10
1494136250, 0, 225, 521, 409, 69, 4.18%, 0, 0, 3, 127.39
1494136261, 0, 230, 521, 408, 68, 4.18%, 0, 0, 3, 187.88
1494136266, 0, 239, 521, 406, 66, 4.18%, 0, 0, 3, 191.60
1494136276, 0, 251, 521, 404, 64, 4.18%, 0, 0, 3, 137.23
1494136281, 0, 257, 521, 403, 63, 4.18%, 0, 0, 3, 42.89
1494136286, 0, 258, 521, 402, 62, 4.18%, 0, 0, 3, 138.32
1494136291, 0, 260, 521, 401, 61, 4.18%, 0, 0, 3, 153.45
1494136297, 0, 268, 521, 400, 60, 4.18%, 0, 0, 3, 122.72
1494136302, 0, 271, 521, 399, 59, 4.18%, 0, 0, 3, 118.30
1494136312, 0, 275, 521, 398, 58, 4.18%, 0, 0, 3, 101.61
1494136322, 0, 277, 521, 397, 57, 4.18%, 0, 0, 3, 98.68
1494136332, 0, 283, 521, 396, 56, 4.18%, 0, 0, 3, 56.06
1494136353, 0, 308, 521, 395, 55, 4.18%, 0, 0, 3, 60.74
1494136368, 0, 310, 521, 394, 54, 4.18%, 0, 0, 3, 501.70
1494136373, 0, 324, 521, 393, 53, 4.18%, 0, 0, 3, 29.03
1494136455, 0, 327, 521, 392, 52, 4.18%, 0, 0, 3, 87.56
1494136465, 0, 336, 521, 391, 51, 4.18%, 0, 0, 3, 91.22
1494136491, 0, 350, 521, 390, 50, 4.18%, 0, 0, 3, 5.49
1494136496, 0, 351, 521, 389, 49, 4.18%, 0, 0, 3, 101.98
1494136501, 0, 353, 521, 388, 48, 4.18%, 0, 0, 3, 99.15
1494136506, 0, 354, 521, 387, 47, 4.18%, 0, 0, 3, 143.42
1494136512, 0, 358, 521, 386, 46, 4.18%, 0, 0, 3, 163.78
1494136517, 0, 360, 521, 385, 45, 4.18%, 0, 0, 3, 116.96
1494136522, 0, 361, 521, 384, 44, 4.18%, 0, 0, 3, 16.58
1494136593, 0, 365, 521, 383, 43, 4.18%, 0, 0, 3, 119.17
1494136599, 0, 375, 521, 382, 42, 4.18%, 0, 0, 3, 162.67
1494136670, 0, 378, 521, 381, 41, 4.18%, 0, 0, 3, 83.40
1494136681, 0, 380, 521, 380, 40, 4.18%, 0, 0, 3, 34.64
1494136686, 0, 387, 521, 379, 39, 4.18%, 0, 0, 3, 95.63
1494136696, 0, 394, 521, 378, 38, 4.18%, 0, 0, 3, 153.11
1494136701, 0, 400, 521, 376, 36, 4.18%, 0, 0, 3, 31.14
1494136706, 0, 405, 521, 375, 35, 4.18%, 0, 0, 3, 84.17
1494136717, 0, 406, 521, 374, 34, 4.18%, 0, 0, 3, 192.06
1494136722, 0, 407, 521, 373, 33, 4.18%, 0, 0, 3, 85.64
1494136727, 0, 408, 521, 372, 32, 4.18%, 0, 0, 3, 98.37
1494136732, 0, 409, 521, 371, 31, 4.18%, 0, 0, 3, 109.18
1494136742, 0, 417, 521, 369, 29, 4.18%, 0, 0, 3, 25.53
1494136808, 0, 426, 521, 367, 27, 4.18%, 0, 0, 3, 96.36
1494136818, 0, 429, 521, 366, 26, 4.18%, 0, 0, 3, 47.23
1494136823, 0, 431, 521, 365, 25, 4.18%, 0, 0, 3, 82.33
1494136844, 0, 434, 521, 364, 24, 4.18%, 0, 0, 3, 117.79
1494136849, 0, 435, 521, 363, 23, 4.18%, 0, 0, 3, 130.54
1494136854, 0, 438, 521, 362, 22, 4.18%, 0, 0, 3, 129.13
1494136859, 0, 441, 521, 361, 21, 4.18%, 0, 0, 3, 1.74
1494136864, 0, 445, 521, 360, 20, 4.18%, 0, 0, 3, 111.94
1494136870, 0, 446, 521, 359, 19, 4.18%, 0, 0, 3, 20.84
1494136951, 0, 458, 521, 358, 18, 4.18%, 0, 0, 3, 95.88
1494136957, 0, 461, 521, 357, 17, 4.18%, 0, 0, 3, 86.97
1494136962, 0, 465, 521, 356, 16, 4.18%, 0, 0, 3, 85.85
1494136967, 0, 467, 521, 355, 15, 4.18%, 0, 0, 3, 96.48
1494136977, 0, 473, 521, 354, 14, 4.18%, 0, 0, 3, 79.23
1494136982, 0, 474, 521, 353, 13, 4.18%, 0, 0, 3, 95.40
1494136992, 0, 475, 521, 352, 12, 4.18%, 0, 0, 3, 171.33
1494136998, 0, 478, 521, 351, 11, 4.18%, 0, 0, 3, 119.99
1494137008, 0, 484, 521, 350, 10, 4.18%, 0, 0, 3, 93.02
1494137013, 0, 489, 521, 349, 9, 4.18%, 0, 0, 3, 149.25
1494137018, 0, 490, 521, 348, 8, 4.18%, 0, 0, 3, 15.30
1494137023, 0, 494, 521, 347, 7, 4.18%, 0, 0, 3, 127.59
1494137034, 0, 498, 521, 346, 6, 4.18%, 0, 0, 3, 172.86
1494137039, 0, 505, 521, 345, 5, 4.18%, 0, 0, 3, 138.99
1494137044, 0, 513, 521, 343, 3, 4.18%, 0, 0, 3, 156.72
1494137049, 0, 514, 521, 342, 2, 4.18%, 0, 0, 3, 124.41
1494137059, 0, 520, 521, 341, 1, 4.18%, 0, 0, 3, 153.45
1494137064, 1, 0, 521, 340, 0, 4.18%, 0, 0, 3, 153.19
1494137075, 1, 1, 521, 340, 0, 4.18%, 0, 0, 3, 152.75
1494137085, 1, 2, 521, 340, 0, 4.18%, 0, 0, 3, 168.07
1494137095, 1, 4, 521, 340, 0, 4.18%, 0, 0, 3, 176.04
1494137100, 1, 7, 521, 340, 0, 4.18%, 0, 0, 3, 168.22
1494137105, 1, 8, 521, 340, 0, 4.18%, 0, 0, 3, 155.86
1494137110, 1, 11, 521, 340, 0, 4.18%, 0, 0, 3, 178.94
1494137115, 1, 13, 521, 340, 0, 4.18%, 0, 0, 3, 161.58
1494137126, 1, 14, 521, 340, 0, 4.18%, 0, 0, 3, 145.59
1494137131, 1, 15, 521, 340, 0, 4.18%, 0, 0, 3, 157.97
1494137136, 1, 16, 521, 340, 0, 4.18%, 0, 0, 3, 177.86
1494137141, 1, 17, 521, 339, 0, 4.18%, 0, 0, 3, 166.48
1494137146, 1, 20, 521, 339, 0, 4.18%, 0, 0, 3, 184.40
1494137151, 1, 21, 521, 339, 0, 4.18%, 0, 0, 3, 179.39
1494137156, 1, 22, 521, 339, 0, 4.18%, 0, 0, 3, 176.69
1494137161, 1, 23, 521, 338, 0, 4.18%, 0, 0, 3, 174.40
1494137171, 1, 28, 521, 338, 0, 4.18%, 0, 0, 3, 171.28
1494137182, 1, 29, 521, 338, 0, 4.18%, 0, 0, 3, 163.59
1494137187, 1, 30, 521, 338, 0, 4.18%, 0, 0, 3, 160.77
1494137192, 1, 32, 521, 338, 0, 4.18%, 0, 0, 3, 154.31
1494137197, 1, 33, 521, 338, 0, 4.18%, 0, 0, 3, 162.31
1494137202, 1, 38, 521, 338, 0, 4.18%, 0, 0, 3, 184.37
1494137207, 1, 40, 521, 338, 0, 4.18%, 0, 0, 3, 180.45
1494137212, 1, 42, 521, 338, 0, 4.18%, 0, 0, 3, 160.10
1494137217, 1, 43, 521, 338, 0, 4.18%, 0, 0, 3, 147.14
1494137223, 1, 44, 521, 338, 0, 4.18%, 0, 0, 3, 166.05
1494137228, 1, 45, 521, 338, 0, 4.18%, 0, 0, 3, 152.05
1494137233, 1, 47, 521, 338, 0, 4.18%, 0, 0, 3, 159.19
1494137238, 1, 48, 521, 338, 0, 4.18%, 0, 0, 3, 160.68
1494137243, 1, 49, 521, 338, 0, 4.18%, 0, 0, 3, 178.30
1494137248, 1, 51, 521, 338, 0, 4.18%, 0, 0, 3, 183.71
1494137253, 1, 53, 521, 338, 0, 4.18%, 0, 0, 3, 169.48
1494137258, 1, 57, 521, 338, 0, 4.18%, 0, 0, 3, 174.70
1494137264, 1, 58, 521, 338, 0, 4.18%, 0, 0, 3, 172.12
1494137274, 1, 60, 521, 338, 0, 4.18%, 0, 0, 3, 161.54
1494137279, 1, 61, 521, 338, 0, 4.18%, 0, 0, 3, 164.67
1494137284, 1, 62, 521, 338, 0, 4.18%, 0, 0, 3, 157.40
1494137289, 1, 64, 521, 337, 0, 4.18%, 0, 0, 3, 167.54
1494137294, 1, 65, 521, 337, 0, 4.18%, 0, 0, 3, 145.81
1494137300, 1, 66, 521, 336, 0, 4.18%, 0, 0, 3, 158.96
1494137305, 1, 69, 521, 336, 0, 4.18%, 0, 0, 3, 150.57
1494137310, 1, 70, 521, 336, 0, 4.18%, 0, 0, 3, 142.61
1494137315, 1, 73, 521, 336, 0, 4.18%, 0, 0, 3, 161.33
1494137320, 1, 75, 521, 336, 0, 4.18%, 0, 0, 3, 180.77
1494137325, 1, 76, 521, 336, 0, 4.18%, 0, 0, 3, 183.30
1494137330, 1, 77, 521, 335, 0, 4.18%, 0, 0, 3, 167.68
1494137335, 1, 79, 521, 335, 0, 4.18%, 0, 0, 3, 153.29
1494137340, 1, 80, 521, 335, 0, 4.18%, 0, 0, 3, 164.28
1494137345, 1, 81, 521, 334, 0, 4.18%, 0, 0, 3, 174.68
1494137351, 1, 84, 521, 334, 0, 4.18%, 0, 0, 3, 151.43
1494137356, 1, 85, 521, 333, 0, 4.18%, 0, 0, 3, 180.42
1494137361, 1, 86, 521, 333, 0, 4.18%, 0, 0, 3, 184.50
1494137366, 1, 88, 521, 333, 0, 4.18%, 0, 0, 3, 189.37
1494137371, 1, 90, 521, 332, 0, 4.18%, 0, 0, 3, 187.53
1494137376, 1, 91, 521, 332, 0, 4.18%, 0, 0, 3, 186.14
1494137381, 1, 95, 521, 332, 0, 4.18%, 0, 0, 3, 159.51
1494137387, 1, 97, 521, 332, 0, 4.18%, 0, 0, 3, 169.23
1494137392, 1, 98, 521, 332, 0, 4.18%, 0, 0, 3, 158.25
1494137397, 1, 103, 521, 332, 0, 4.18%, 0, 0, 3, 155.80
1494137402, 1, 104, 521, 332, 0, 4.18%, 0, 0, 3, 131.02
1494137407, 1, 106, 521, 332, 0, 4.18%, 0, 0, 3, 149.74
1494137412, 1, 107, 521, 332, 0, 4.18%, 0, 0, 3, 159.16
1494137417, 1, 109, 521, 332, 0, 4.18%, 0, 0, 3, 176.58
1494137422, 1, 114, 521, 331, 0, 4.18%, 0, 0, 3, 177.80
1494137428, 1, 117, 521, 331, 0, 4.18%, 0, 0, 3, 186.05
1494137433, 1, 120, 521, 329, 0, 4.18%, 0, 0, 3, 159.30
1494137438, 1, 124, 521, 328, 0, 4.18%, 0, 0, 3, 153.66
1494137443, 1, 127, 521, 328, 0, 4.18%, 0, 0, 3, 176.00
1494137448, 1, 130, 521, 328, 0, 4.18%, 0, 0, 3, 189.42
1494137453, 1, 132, 521, 327, 0, 4.18%, 0, 0, 3, 177.25
1494137458, 1, 135, 521, 327, 0, 4.18%, 0, 0, 3, 168.37
1494137463, 1, 138, 521, 327, 0, 4.18%, 0, 0, 3, 169.56
1494137468, 1, 139, 521, 326, 0, 4.18%, 0, 0, 3, 192.06
1494137474, 1, 142, 521, 326, 0, 4.18%, 0, 0, 3, 178.25
1494137479, 1, 144, 521, 325, 0, 4.18%, 0, 0, 3, 180.29
1494137484, 1, 147, 521, 324, 0, 4.18%, 0, 0, 3, 171.78
1494137489, 1, 148, 521, 324, 0, 4.18%, 0, 0, 3, 193.65
1494137494, 1, 149, 521, 323, 0, 4.18%, 0, 0, 3, 187.25
1494137500, 1, 152, 521, 323, 0, 4.18%, 0, 0, 3, 145.40
1494137505, 1, 157, 521, 322, 0, 4.18%, 0, 0, 3, 170.07
1494137510, 1, 158, 521, 322, 0, 4.18%, 0, 0, 3, 188.82
1494137515, 1, 161, 521, 320, 0, 4.18%, 0, 0, 3, 174.21
1494137520, 1, 163, 521, 320, 0, 4.18%, 0, 0, 3, 94.69
1494137525, 1, 165, 521, 319, 0, 4.18%, 0, 0, 3, 123.76
1494137530, 1, 167, 521, 318, 0, 4.18%, 0, 0, 3, 154.13
1494137535, 1, 174, 521, 317, 0, 4.18%, 0, 0, 3, 172.03
1494137540, 1, 175, 521, 316, 0, 4.18%, 0, 0, 3, 170.75
1494137545, 1, 177, 521, 315, 0, 4.18%, 0, 0, 3, 45.26
1494137571, 1, 178, 521, 314, 0, 4.18%, 0, 0, 3, 133.44
1494137576, 1, 180, 521, 314, 0, 4.18%, 0, 0, 3, 175.14
1494137581, 1, 185, 521, 314, 0, 4.18%, 0, 0, 3, 167.64
1494137586, 1, 188, 521, 314, 0, 4.18%, 0, 0, 3, 168.70
1494137591, 1, 190, 521, 314, 0, 4.18%, 0, 0, 3, 194.98
1494137596, 1, 193, 521, 313, 0, 4.18%, 0, 0, 3, 94.48
1494137602, 1, 195, 521, 313, 0, 4.18%, 0, 0, 3, 155.41
1494137607, 1, 198, 521, 313, 0, 4.18%, 0, 0, 3, 195.58
1494137612, 1, 200, 521, 313, 0, 4.18%, 0, 0, 3, 85.34
1494137622, 1, 202, 521, 312, 0, 4.18%, 0, 0, 3, 195.43
1494137627, 1, 205, 521, 312, 0, 4.18%, 0, 0, 3, 205.46
1494137632, 1, 207, 521, 312, 0, 4.18%, 0, 0, 3, 187.58
1494137637, 1, 209, 521, 312, 0, 4.18%, 0, 0, 3, 165.26
1494137643, 1, 214, 521, 312, 0, 4.18%, 0, 0, 3, 141.34
1494137648, 1, 219, 521, 311, 0, 4.18%, 0, 0, 3, 208.80
1494137653, 1, 223, 521, 311, 0, 4.18%, 0, 0, 3, 185.14
1494137658, 1, 225, 521, 311, 0, 4.18%, 0, 0, 3, 187.89
1494137663, 1, 226, 521, 311, 0, 4.18%, 0, 0, 3, 185.89
1494137668, 1, 228, 521, 310, 0, 4.18%, 0, 0, 3, 169.55
1494137678, 1, 230, 521, 309, 0, 4.18%, 0, 0, 3, 191.86
1494137683, 1, 235, 521, 309, 0, 4.18%, 0, 0, 3, 169.58
1494137688, 1, 239, 521, 309, 0, 4.18%, 0, 0, 3, 190.49
1494137694, 1, 240, 521, 309, 0, 4.18%, 0, 0, 3, 136.36
1494137699, 1, 248, 521, 307, 0, 4.18%, 0, 0, 3, 165.29
1494137704, 1, 251, 521, 306, 0, 4.18%, 0, 0, 3, 170.82
1494137709, 1, 254, 521, 306, 0, 4.18%, 0, 0, 3, 184.67
1494137714, 1, 256, 521, 305, 0, 4.18%, 0, 0, 3, 187.99
1494137719, 1, 257, 521, 304, 0, 4.18%, 0, 0, 3, 179.85
1494137724, 1, 258, 521, 304, 0, 4.18%, 0, 0, 3, 184.60
1494137730, 1, 260, 521, 304, 0, 4.18%, 0, 0, 3, 166.92
1494137735, 1, 264, 521, 303, 0, 4.18%, 0, 0, 3, 193.53
1494137740, 1, 271, 521, 302, 0, 4.18%, 0, 0, 3, 185.35
1494137745, 1, 275, 521, 302, 0, 4.18%, 0, 0, 3, 169.97
1494137750, 1, 280, 521, 302, 0, 4.18%, 0, 0, 3, 158.46
1494137771, 1, 283, 521, 301, 0, 4.18%, 0, 0, 3, 143.07
1494137776, 1, 284, 521, 301, 0, 4.18%, 0, 0, 3, 147.01
1494137781, 1, 292, 521, 300, 0, 4.18%, 0, 0, 3, 62.36
1494137796, 1, 299, 521, 299, 0, 4.18%, 0, 0, 3, 136.73
1494137807, 1, 302, 521, 298, 0, 4.18%, 0, 0, 3, 174.70
1494137812, 1, 308, 521, 297, 0, 4.18%, 0, 0, 3, 156.05
1494137817, 1, 312, 521, 297, 0, 4.18%, 0, 0, 3, 180.36
1494137827, 1, 319, 521, 296, 0, 4.18%, 0, 0, 3, 95.24
1494137832, 1, 324, 521, 295, 0, 4.18%, 0, 0, 3, 157.10
1494137837, 1, 326, 521, 295, 0, 4.18%, 0, 0, 3, 140.58
1494137842, 1, 327, 521, 294, 0, 4.18%, 0, 0, 3, 178.36
1494137847, 1, 328, 521, 294, 0, 4.18%, 0, 0, 3, 165.05
1494137863, 1, 329, 521, 293, 0, 4.18%, 0, 0, 3, 190.20
1494137868, 1, 332, 521, 292, 0, 4.18%, 0, 0, 3, 113.97
1494137894, 1, 336, 521, 291, 0, 4.18%, 0, 0, 3, 109.68
1494137899, 1, 343, 521, 291, 0, 4.18%, 0, 0, 3, 133.02
1494137904, 1, 348, 521, 290, 0, 4.18%, 0, 0, 3, 53.51
1494137919, 1, 351, 521, 289, 0, 4.18%, 0, 0, 3, 174.31
1494137924, 1, 354, 521, 289, 0, 4.18%, 0, 0, 3, 190.35
1494137930, 1, 359, 521, 289, 0, 4.18%, 0, 0, 3, 174.23
1494137955, 1, 360, 521, 288, 0, 4.18%, 0, 0, 3, 138.00
1494137960, 1, 361, 521, 288, 0, 4.18%, 0, 0, 3, 32.93
1494137965, 1, 365, 521, 288, 0, 4.18%, 0, 0, 3, 145.42
1494137970, 1, 371, 521, 288, 0, 4.18%, 0, 0, 3, 45.61
1494137976, 1, 372, 521, 287, 0, 4.18%, 0, 0, 3, 80.94
1494137996, 1, 373, 521, 286, 0, 4.18%, 0, 0, 3, 105.88
1494138012, 1, 375, 521, 285, 0, 4.18%, 0, 0, 3, 107.18
1494138017, 1, 378, 521, 285, 0, 4.18%, 0, 0, 3, 175.59
1494138022, 1, 383, 521, 285, 0, 4.18%, 0, 0, 3, 166.81
1494138027, 1, 387, 521, 284, 0, 4.18%, 0, 0, 3, 169.88
1494138032, 1, 389, 521, 284, 0, 4.18%, 0, 0, 3, 169.67
1494138037, 1, 391, 521, 283, 0, 4.18%, 0, 0, 3, 120.32
1494138042, 1, 395, 521, 282, 0, 4.18%, 0, 0, 3, 27.04
1494138114, 1, 400, 521, 281, 0, 4.18%, 0, 0, 3, 110.40
1494138119, 1, 403, 521, 281, 0, 4.18%, 0, 0, 3, 165.65
1494138124, 1, 406, 521, 280, 0, 4.18%, 0, 0, 3, 157.32
1494138129, 1, 407, 521, 280, 0, 4.18%, 0, 0, 3, 141.36
1494138134, 1, 409, 521, 280, 0, 4.18%, 0, 0, 3, 149.94
1494138139, 1, 411, 521, 280, 0, 4.18%, 0, 0, 3, 83.16
1494138155, 1, 412, 521, 279, 0, 4.18%, 0, 0, 3, 97.04
1494138160, 1, 417, 521, 278, 0, 4.18%, 0, 0, 3, 136.20
1494138165, 1, 422, 521, 278, 0, 4.18%, 0, 0, 3, 145.81
1494138175, 1, 425, 521, 277, 0, 4.18%, 0, 0, 3, 146.07
1494138217, 1, 428, 521, 276, 0, 4.18%, 0, 0, 3, 133.46
1494138314, 1, 431, 521, 275, 0, 4.18%, 0, 0, 3, 152.70
1494138319, 1, 435, 521, 275, 0, 4.18%, 0, 0, 3, 137.78
1494138324, 1, 437, 521, 275, 0, 4.18%, 0, 0, 3, 105.32
1494138339, 1, 438, 521, 274, 0, 4.18%, 0, 0, 3, 131.70
1494138344, 1, 443, 521, 274, 0, 4.18%, 0, 0, 3, 103.63
1494138365, 1, 444, 521, 273, 0, 4.18%, 0, 0, 3, 63.97
1494138421, 1, 445, 521, 272, 0, 4.18%, 0, 0, 3, 119.03
1494138426, 1, 452, 521, 272, 0, 4.18%, 0, 0, 3, 101.80
1494138452, 1, 455, 521, 271, 0, 4.18%, 0, 0, 3, 71.03
1494138457, 1, 458, 521, 270, 0, 4.18%, 0, 0, 3, 122.28
1494138462, 1, 460, 521, 270, 0, 4.18%, 0, 0, 3, 29.94
1494138478, 1, 464, 521, 269, 0, 4.18%, 0, 0, 3, 25.10
1494138534, 1, 467, 521, 268, 0, 4.18%, 0, 0, 3, 155.81
1494138539, 1, 468, 521, 268, 0, 4.18%, 0, 0, 3, 100.07
1494138550, 1, 470, 521, 267, 0, 4.18%, 0, 0, 3, 90.06
1494138560, 1, 474, 521, 266, 0, 4.18%, 0, 0, 3, 147.08
1494138565, 1, 475, 521, 266, 0, 4.18%, 0, 0, 3, 144.84
1494138570, 1, 478, 521, 266, 0, 4.18%, 0, 0, 3, 124.81
1494138575, 1, 485, 521, 266, 0, 4.18%, 0, 0, 3, 110.10
1494138585, 1, 490, 521, 265, 0, 4.18%, 0, 0, 3, 141.96
1494138591, 1, 492, 521, 265, 0, 4.18%, 0, 0, 3, 104.20
1494138601, 1, 498, 521, 263, 0, 4.18%, 0, 0, 3, 176.23
1494138611, 1, 505, 521, 262, 0, 4.18%, 0, 0, 3, 136.81
1494138616, 1, 507, 521, 262, 0, 4.18%, 0, 0, 3, 133.67
1494138632, 1, 509, 521, 261, 0, 4.18%, 0, 0, 3, 105.22
1494138637, 1, 510, 521, 260, 0, 4.18%, 0, 0, 3, 120.35
1494138642, 1, 513, 521, 259, 0, 4.18%, 0, 0, 3, 153.88
1494138647, 1, 520, 521, 259, 0, 4.18%, 0, 0, 3, 158.33
1494138657, 2, 0, 521, 259, 0, 4.18%, 0, 0, 3, 137.85
1494138667, 2, 1, 521, 259, 0, 4.18%, 0, 0, 3, 170.85
1494138672, 2, 2, 521, 259, 0, 4.18%, 0, 0, 3, 160.75
1494138683, 2, 4, 521, 259, 0, 4.18%, 0, 0, 3, 165.38
1494138688, 2, 7, 521, 259, 0, 4.18%, 0, 0, 3, 183.83
1494138698, 2, 10, 521, 259, 0, 4.18%, 0, 0, 3, 184.81
1494138703, 2, 11, 521, 258, 0, 4.18%, 0, 0, 3, 175.24
1494138708, 2, 13, 521, 258, 0, 4.18%, 0, 0, 3, 170.45
1494138719, 2, 14, 521, 258, 0, 4.18%, 0, 0, 3, 150.96
1494138724, 2, 15, 521, 258, 0, 4.18%, 0, 0, 3, 158.91
1494138729, 2, 17, 521, 258, 0, 4.18%, 0, 0, 3, 164.30
1494138734, 2, 20, 521, 258, 0, 4.18%, 0, 0, 3, 174.53
1494138739, 2, 21, 521, 258, 0, 4.18%, 0, 0, 3, 170.54
1494138749, 2, 23, 521, 258, 0, 4.18%, 0, 0, 3, 152.01
1494138755, 2, 26, 521, 258, 0, 4.18%, 0, 0, 3, 177.96
1494138760, 2, 28, 521, 258, 0, 4.18%, 0, 0, 3, 177.58
1494138765, 2, 29, 521, 258, 0, 4.18%, 0, 0, 3, 151.85
1494138775, 2, 30, 521, 258, 0, 4.18%, 0, 0, 3, 138.39
1494138780, 2, 32, 521, 258, 0, 4.18%, 0, 0, 3, 152.85
1494138786, 2, 34, 521, 258, 0, 4.18%, 0, 0, 3, 177.60
1494138791, 2, 37, 521, 257, 0, 4.18%, 0, 0, 3, 181.14
1494138796, 2, 38, 521, 256, 0, 4.18%, 0, 0, 3, 193.01
1494138801, 2, 39, 521, 256, 0, 4.18%, 0, 0, 3, 190.36
1494138806, 2, 40, 521, 255, 0, 4.18%, 0, 0, 3, 168.64
1494138811, 2, 41, 521, 255, 0, 4.18%, 0, 0, 3, 156.01
1494138816, 2, 42, 521, 254, 0, 4.18%, 0, 0, 3, 164.28
1494138821, 2, 43, 521, 254, 0, 4.18%, 0, 0, 3, 153.70
1494138826, 2, 45, 521, 254, 0, 4.18%, 0, 0, 3, 173.64
1494138831, 2, 46, 521, 254, 0, 4.18%, 0, 0, 3, 164.73
1494138836, 2, 48, 521, 254, 0, 4.18%, 0, 0, 3, 177.96
1494138847, 2, 49, 521, 254, 0, 4.18%, 0, 0, 3, 223.74
1494138852, 2, 51, 521, 254, 0, 4.18%, 0, 0, 3, 196.16
1494138857, 2, 53, 521, 254, 0, 4.18%, 0, 0, 3, 188.29
1494138862, 2, 56, 521, 254, 0, 4.18%, 0, 0, 3, 175.57
1494138872, 2, 57, 521, 253, 0, 4.18%, 0, 0, 3, 152.56
1494138877, 2, 58, 521, 253, 0, 4.18%, 0, 0, 3, 136.20
1494138883, 2, 59, 521, 253, 0, 4.18%, 0, 0, 3, 162.33
1494138888, 2, 60, 521, 253, 0, 4.18%, 0, 0, 3, 140.20
1494138893, 2, 61, 521, 253, 0, 4.18%, 0, 0, 3, 151.69
1494138898, 2, 64, 521, 253, 0, 4.18%, 0, 0, 3, 155.27
1494138903, 2, 66, 521, 253, 0, 4.18%, 0, 0, 3, 174.10
1494138909, 2, 69, 521, 253, 0, 4.18%, 0, 0, 3, 160.79
1494138914, 2, 70, 521, 253, 0, 4.18%, 0, 0, 3, 152.11
1494138919, 2, 72, 521, 252, 0, 4.18%, 0, 0, 3, 170.78
1494138924, 2, 73, 521, 252, 0, 4.18%, 0, 0, 3, 180.99
1494138929, 2, 77, 521, 252, 0, 4.18%, 0, 0, 3, 167.78
1494138934, 2, 78, 521, 252, 0, 4.18%, 0, 0, 3, 36.77
1494138939, 2, 79, 521, 252, 0, 4.18%, 0, 0, 3, 20.41
1494138945, 2, 81, 521, 252, 0, 4.18%, 0, 0, 3, 199.60
1494138950, 2, 85, 521, 252, 0, 4.18%, 0, 0, 3, 185.51
1494138955, 2, 86, 521, 252, 0, 4.18%, 0, 0, 3, 179.21
1494138960, 2, 89, 521, 252, 0, 4.18%, 0, 0, 3, 117.98
1494138965, 2, 91, 521, 252, 0, 4.18%, 0, 0, 3, 180.14
1494138970, 2, 92, 521, 252, 0, 4.18%, 0, 0, 3, 185.93
1494138975, 2, 95, 521, 251, 0, 4.18%, 0, 0, 3, 159.76
1494138980, 2, 97, 521, 251, 0, 4.18%, 0, 0, 3, 163.38
1494138986, 2, 98, 521, 251, 0, 4.18%, 0, 0, 3, 162.52
1494138991, 2, 102, 521, 251, 0, 4.18%, 0, 0, 3, 15.88
1494138996, 2, 104, 521, 251, 0, 4.18%, 0, 0, 3, 123.78
1494139001, 2, 105, 521, 251, 0, 4.18%, 0, 0, 3, 148.71
1494139006, 2, 106, 521, 251, 0, 4.18%, 0, 0, 3, 159.23
1494139011, 2, 107, 521, 251, 0, 4.18%, 0, 0, 3, 171.27
1494139016, 2, 113, 521, 250, 0, 4.18%, 0, 0, 3, 182.91
1494139021, 2, 114, 521, 249, 0, 4.18%, 0, 0, 3, 183.16
1494139027, 2, 121, 521, 249, 0, 4.18%, 0, 0, 3, 166.20
1494139032, 2, 126, 521, 249, 0, 4.18%, 0, 0, 3, 150.70
1494139037, 2, 127, 521, 248, 0, 4.18%, 0, 0, 3, 190.81
1494139042, 2, 132, 521, 248, 0, 4.18%, 0, 0, 3, 187.86
1494139047, 2, 135, 521, 248, 0, 4.18%, 0, 0, 3, 161.21
1494139052, 2, 139, 521, 248, 0, 4.18%, 0, 0, 3, 174.23
1494139058, 2, 143, 521, 248, 0, 4.18%, 0, 0, 3, 170.39
1494139063, 2, 147, 521, 247, 0, 4.18%, 0, 0, 3, 183.73
1494139073, 2, 149, 521, 247, 0, 4.18%, 0, 0, 3, 194.07
1494139078, 2, 151, 521, 246, 0, 4.18%, 0, 0, 3, 185.28
1494139083, 2, 153, 521, 246, 0, 4.18%, 0, 0, 3, 177.86
1494139089, 2, 154, 521, 245, 0, 4.18%, 0, 0, 3, 118.87
1494139094, 2, 157, 521, 244, 0, 4.18%, 0, 0, 3, 172.14
1494139099, 2, 160, 521, 244, 0, 4.18%, 0, 0, 3, 186.33
1494139104, 2, 170, 521, 243, 0, 4.18%, 0, 0, 3, 164.83
1494139119, 2, 175, 521, 242, 0, 4.18%, 0, 0, 3, 133.58
1494139124, 2, 180, 521, 242, 0, 4.18%, 0, 0, 3, 163.83
1494139135, 2, 186, 521, 242, 0, 4.18%, 0, 0, 3, 168.24
1494139140, 2, 188, 521, 241, 0, 4.18%, 0, 0, 3, 175.62
1494139145, 2, 190, 521, 241, 0, 4.18%, 0, 0, 3, 184.85
1494139150, 2, 195, 521, 241, 0, 4.18%, 0, 0, 3, 174.62
1494139160, 2, 196, 521, 241, 0, 4.18%, 0, 0, 3, 120.65
1494139165, 2, 198, 521, 240, 0, 4.18%, 0, 0, 3, 163.08
1494139171, 2, 202, 521, 240, 0, 4.18%, 0, 0, 3, 184.03
1494139176, 2, 205, 521, 240, 0, 4.18%, 0, 0, 3, 194.23
1494139186, 2, 206, 521, 240, 0, 4.18%, 0, 0, 3, 99.44
1494139191, 2, 207, 521, 239, 0, 4.18%, 0, 0, 3, 136.84
1494139196, 2, 209, 521, 238, 0, 4.18%, 0, 0, 3, 169.59
1494139201, 2, 214, 521, 238, 0, 4.18%, 0, 0, 3, 158.16
1494139206, 2, 219, 521, 238, 0, 4.18%, 0, 0, 3, 32.61
1494139212, 2, 223, 521, 237, 0, 4.18%, 0, 0, 3, 36.48
1494139217, 2, 225, 521, 237, 0, 4.18%, 0, 0, 3, 145.11
1494139222, 2, 227, 521, 237, 0, 4.18%, 0, 0, 3, 154.26
1494139227, 2, 230, 521, 236, 0, 4.18%, 0, 0, 3, 184.71
1494139232, 2, 231, 521, 236, 0, 4.18%, 0, 0, 3, 176.22
1494139237, 2, 236, 521, 235, 0, 4.18%, 0, 0, 3, 190.34
1494139242, 2, 239, 521, 234, 0, 4.18%, 0, 0, 3, 185.82
1494139247, 2, 243, 521, 233, 0, 4.18%, 0, 0, 3, 164.40
1494139253, 2, 244, 521, 232, 0, 4.18%, 0, 0, 3, 150.78
1494139263, 2, 250, 521, 231, 0, 4.18%, 0, 0, 3, 178.55
1494139268, 2, 251, 521, 230, 0, 4.18%, 0, 0, 3, 158.18
1494139273, 2, 255, 521, 229, 0, 4.18%, 0, 0, 3, 180.60
1494139278, 2, 258, 521, 228, 0, 4.18%, 0, 0, 3, 185.92
1494139284, 2, 260, 521, 228, 0, 4.18%, 0, 0, 3, 184.15
1494139289, 2, 262, 521, 228, 0, 4.18%, 0, 0, 3, 187.10
1494139294, 2, 265, 521, 227, 0, 4.18%, 0, 0, 3, 164.50
1494139299, 2, 267, 521, 226, 0, 4.18%, 0, 0, 3, 138.23
1494139309, 2, 268, 521, 225, 0, 4.18%, 0, 0, 3, 195.11
1494139314, 2, 271, 521, 224, 0, 4.18%, 0, 0, 3, 193.30
1494139319, 2, 274, 521, 224, 0, 4.18%, 0, 0, 3, 191.67
1494139325, 2, 277, 521, 223, 0, 4.18%, 0, 0, 3, 173.18
1494139330, 2, 282, 521, 223, 0, 4.18%, 0, 0, 3, 193.09
1494139335, 2, 283, 521, 222, 0, 4.18%, 0, 0, 3, 166.23
1494139340, 2, 293, 521, 222, 0, 4.18%, 0, 0, 3, 22.93
1494139417, 2, 295, 521, 221, 0, 4.18%, 0, 0, 3, 110.24
1494139427, 2, 304, 521, 220, 0, 4.18%, 0, 0, 3, 142.24
1494139437, 2, 308, 521, 219, 0, 4.18%, 0, 0, 3, 171.34
1494139442, 2, 310, 521, 219, 0, 4.18%, 0, 0, 3, 183.51
1494139448, 2, 311, 521, 219, 0, 4.18%, 0, 0, 3, 134.36
1494139463, 2, 313, 521, 218, 0, 4.18%, 0, 0, 3, 127.07
1494139478, 2, 316, 521, 217, 0, 4.18%, 0, 0, 3, 21.44
1494139540, 2, 318, 521, 216, 0, 4.18%, 0, 0, 3, 173.85
1494139545, 2, 323, 521, 215, 0, 4.18%, 0, 0, 3, 127.89
1494139550, 2, 324, 521, 214, 0, 4.18%, 0, 0, 3, 121.08
1494139555, 2, 327, 521, 214, 0, 4.18%, 0, 0, 3, 133.29
1494139560, 2, 331, 521, 214, 0, 4.18%, 0, 0, 3, 164.38
1494139570, 2, 338, 521, 213, 0, 4.18%, 0, 0, 3, 140.41
1494139596, 2, 339, 521, 212, 0, 4.18%, 0, 0, 3, 101.85
1494139606, 2, 340, 521, 211, 0, 4.18%, 0, 0, 3, 160.71
1494139611, 2, 346, 521, 210, 0, 4.18%, 0, 0, 3, 172.72
1494139616, 2, 350, 521, 209, 0, 4.18%, 0, 0, 3, 178.02
1494139621, 2, 353, 521, 209, 0, 4.18%, 0, 0, 3, 80.98
1494139627, 2, 354, 521, 209, 0, 4.18%, 0, 0, 3, 164.49
1494139632, 2, 360, 521, 209, 0, 4.18%, 0, 0, 3, 181.09
1494139637, 2, 365, 521, 209, 0, 4.18%, 0, 0, 3, 143.43
1494139647, 2, 367, 521, 209, 0, 4.18%, 0, 0, 3, 102.31
1494139673, 2, 368, 521, 208, 0, 4.18%, 0, 0, 3, 1028.58
1494139678, 2, 369, 521, 207, 0, 4.18%, 0, 0, 3, 115.37
1494139693, 2, 375, 521, 206, 0, 4.18%, 0, 0, 3, 108.44
1494139699, 2, 377, 521, 206, 0, 4.18%, 0, 0, 3, 116.98
1494139704, 2, 378, 521, 205, 0, 4.18%, 0, 0, 3, 151.00
1494139714, 2, 387, 521, 205, 0, 4.18%, 0, 0, 3, 160.36
1494139719, 2, 398, 521, 205, 0, 4.18%, 0, 0, 3, 165.57
1494139724, 2, 402, 521, 205, 0, 4.18%, 0, 0, 3, 113.06
1494139729, 2, 405, 521, 204, 0, 4.18%, 0, 0, 3, 120.13
1494139734, 2, 406, 521, 204, 0, 4.18%, 0, 0, 3, 145.51
1494139739, 2, 408, 521, 204, 0, 4.18%, 0, 0, 3, 158.80
1494139744, 2, 410, 521, 204, 0, 4.18%, 0, 0, 3, 173.20
1494139749, 2, 415, 521, 203, 0, 4.18%, 0, 0, 3, 121.11
1494139775, 2, 417, 521, 202, 0, 4.18%, 0, 0, 3, 125.27
1494139780, 2, 418, 521, 202, 0, 4.18%, 0, 0, 3, 137.14
1494139785, 2, 419, 521, 202, 0, 4.18%, 0, 0, 3, 67.29
1494139821, 2, 423, 521, 201, 0, 4.18%, 0, 0, 3, 81.95
1494139831, 2, 424, 521, 200, 0, 4.18%, 0, 0, 3, 106.12
1494139841, 2, 426, 521, 199, 0, 4.18%, 0, 0, 3, 150.35
1494139846, 2, 427, 521, 199, 0, 4.18%, 0, 0, 3, 155.33
1494139851, 2, 430, 521, 198, 0, 4.18%, 0, 0, 3, 25.69
1494139903, 2, 434, 521, 197, 0, 4.18%, 0, 0, 3, 114.14
1494139908, 2, 436, 521, 197, 0, 4.18%, 0, 0, 3, 149.43
1494139913, 2, 439, 521, 196, 0, 4.18%, 0, 0, 3, 146.02
1494139918, 2, 440, 521, 195, 0, 4.18%, 0, 0, 3, 92.67
1494139923, 2, 441, 521, 194, 0, 4.18%, 0, 0, 3, 117.98
1494139928, 2, 442, 521, 194, 0, 4.18%, 0, 0, 3, 63.28
1494139975, 2, 445, 521, 193, 0, 4.18%, 0, 0, 3, 121.52
1494139980, 2, 447, 521, 193, 0, 4.18%, 0, 0, 3, 102.33
1494139990, 2, 456, 521, 192, 0, 4.18%, 0, 0, 3, 39.89
1494140011, 2, 459, 521, 191, 0, 4.18%, 0, 0, 3, 139.38
1494140021, 2, 461, 521, 190, 0, 4.18%, 0, 0, 3, 116.87
1494140026, 2, 467, 521, 190, 0, 4.18%, 0, 0, 3, 127.79
1494140031, 2, 473, 521, 190, 0, 4.18%, 0, 0, 3, 17.48
1494140036, 2, 475, 521, 190, 0, 4.18%, 0, 0, 3, 152.71
1494140041, 2, 478, 521, 190, 0, 4.18%, 0, 0, 3, 153.17
1494140047, 2, 480, 521, 190, 0, 4.18%, 0, 0, 3, 90.01
1494140062, 2, 482, 521, 189, 0, 4.18%, 0, 0, 3, 137.96
1494140082, 2, 484, 521, 188, 0, 4.18%, 0, 0, 3, 170.35
1494140087, 2, 487, 521, 188, 0, 4.18%, 0, 0, 3, 105.25
1494140113, 2, 488, 521, 187, 0, 4.18%, 0, 0, 3, 61.27
1494140123, 2, 490, 521, 186, 0, 4.18%, 0, 0, 3, 125.83
1494140128, 2, 498, 521, 186, 0, 4.18%, 0, 0, 3, 138.16
1494140139, 2, 508, 521, 186, 0, 4.18%, 0, 0, 3, 137.42
1494140154, 2, 513, 521, 185, 0, 4.18%, 0, 0, 3, 183.51
1494140159, 2, 516, 521, 185, 0, 4.18%, 0, 0, 3, 152.00
1494140164, 2, 517, 521, 184, 0, 4.18%, 0, 0, 3, 155.64
1494140169, 2, 520, 521, 182, 0, 4.18%, 0, 0, 3, 179.33
1494140175, 3, 0, 521, 182, 0, 4.18%, 0, 0, 3, 166.26
1494140190, 3, 1, 521, 182, 0, 4.18%, 0, 0, 3, 182.50
1494140195, 3, 2, 521, 182, 0, 4.18%, 0, 0, 3, 173.09
1494140206, 3, 4, 521, 182, 0, 4.18%, 0, 0, 3, 182.79
1494140211, 3, 7, 521, 182, 0, 4.18%, 0, 0, 3, 193.60
1494140216, 3, 8, 521, 182, 0, 4.18%, 0, 0, 3, 207.86
1494140221, 3, 11, 521, 182, 0, 4.18%, 0, 0, 3, 187.37
1494140226, 3, 12, 521, 182, 0, 4.18%, 0, 0, 3, 145.86
1494140236, 3, 13, 521, 181, 0, 4.18%, 0, 0, 3, 157.02
1494140241, 3, 14, 521, 181, 0, 4.18%, 0, 0, 3, 135.81
1494140247, 3, 15, 521, 181, 0, 4.18%, 0, 0, 3, 157.79
1494140252, 3, 17, 521, 181, 0, 4.18%, 0, 0, 3, 161.82
1494140257, 3, 18, 521, 181, 0, 4.18%, 0, 0, 3, 180.19
1494140262, 3, 20, 521, 180, 0, 4.18%, 0, 0, 3, 192.10
1494140267, 3, 21, 521, 180, 0, 4.18%, 0, 0, 3, 174.86
1494140272, 3, 23, 521, 180, 0, 4.18%, 0, 0, 3, 176.29
1494140278, 3, 25, 521, 180, 0, 4.18%, 0, 0, 3, 169.55
1494140283, 3, 26, 521, 179, 0, 4.18%, 0, 0, 3, 167.12
1494140288, 3, 28, 521, 179, 0, 4.18%, 0, 0, 3, 172.42
1494140293, 3, 29, 521, 179, 0, 4.18%, 0, 0, 3, 162.08
1494140303, 3, 30, 521, 179, 0, 4.18%, 0, 0, 3, 141.46
1494140308, 3, 32, 521, 179, 0, 4.18%, 0, 0, 3, 155.30
1494140313, 3, 33, 521, 179, 0, 4.18%, 0, 0, 3, 195.22
1494140318, 3, 38, 521, 179, 0, 4.18%, 0, 0, 3, 207.90
1494140324, 3, 40, 521, 179, 0, 4.18%, 0, 0, 3, 189.49
1494140329, 3, 42, 521, 179, 0, 4.18%, 0, 0, 3, 161.34
1494140334, 3, 43, 521, 179, 0, 4.18%, 0, 0, 3, 159.95
1494140339, 3, 45, 521, 179, 0, 4.18%, 0, 0, 3, 177.78
1494140344, 3, 46, 521, 179, 0, 4.18%, 0, 0, 3, 169.61
1494140349, 3, 47, 521, 179, 0, 4.18%, 0, 0, 3, 183.16
1494140354, 3, 48, 521, 179, 0, 4.18%, 0, 0, 3, 145.03
1494140359, 3, 49, 521, 179, 0, 4.18%, 0, 0, 3, 187.46
1494140364, 3, 51, 521, 179, 0, 4.18%, 0, 0, 3, 185.24
1494140369, 3, 53, 521, 179, 0, 4.18%, 0, 0, 3, 200.45
1494140375, 3, 57, 521, 178, 0, 4.18%, 0, 0, 3, 193.99
1494140385, 3, 58, 521, 178, 0, 4.18%, 0, 0, 3, 167.96
1494140390, 3, 59, 521, 178, 0, 4.18%, 0, 0, 3, 138.63
1494140395, 3, 61, 521, 178, 0, 4.18%, 0, 0, 3, 157.44
1494140400, 3, 62, 521, 178, 0, 4.18%, 0, 0, 3, 153.98
1494140405, 3, 64, 521, 178, 0, 4.18%, 0, 0, 3, 134.20
1494140411, 3, 66, 521, 178, 0, 4.18%, 0, 0, 3, 167.51
1494140416, 3, 68, 521, 178, 0, 4.18%, 0, 0, 3, 170.50
1494140421, 3, 69, 521, 177, 0, 4.18%, 0, 0, 3, 164.74
1494140426, 3, 70, 521, 177, 0, 4.18%, 0, 0, 3, 156.65
1494140431, 3, 73, 521, 177, 0, 4.18%, 0, 0, 3, 183.54
1494140436, 3, 75, 521, 177, 0, 4.18%, 0, 0, 3, 179.56
1494140441, 3, 77, 521, 177, 0, 4.18%, 0, 0, 3, 153.89
1494140446, 3, 79, 521, 177, 0, 4.18%, 0, 0, 3, 167.25
1494140451, 3, 81, 521, 177, 0, 4.18%, 0, 0, 3, 177.15
1494140456, 3, 83, 521, 177, 0, 4.18%, 0, 0, 3, 172.36
1494140462, 3, 85, 521, 177, 0, 4.18%, 0, 0, 3, 180.27
1494140467, 3, 87, 521, 177, 0, 4.18%, 0, 0, 3, 170.48
1494140472, 3, 90, 521, 177, 0, 4.18%, 0, 0, 3, 183.63
1494140477, 3, 94, 521, 177, 0, 4.18%, 0, 0, 3, 184.55
1494140482, 3, 95, 521, 177, 0, 4.18%, 0, 0, 3, 168.98
1494140487, 3, 97, 521, 177, 0, 4.18%, 0, 0, 3, 167.12
1494140492, 3, 99, 521, 177, 0, 4.18%, 0, 0, 3, 167.87
1494140497, 3, 103, 521, 177, 0, 4.18%, 0, 0, 3, 160.34
1494140503, 3, 105, 521, 177, 0, 4.18%, 0, 0, 3, 154.95
1494140508, 3, 106, 521, 177, 0, 4.18%, 0, 0, 3, 185.87
1494140513, 3, 107, 521, 177, 0, 4.18%, 0, 0, 3, 180.02
1494140518, 3, 111, 521, 177, 0, 4.18%, 0, 0, 3, 31.52
1494140523, 3, 114, 521, 176, 0, 4.18%, 0, 0, 3, 188.04
1494140528, 3, 119, 522, 177, 0, 4.18%, 0, 0, 3, 163.97
1494140539, 3, 124, 522, 176, 0, 4.18%, 0, 0, 3, 143.65
1494140544, 3, 127, 522, 175, 0, 4.18%, 0, 0, 3, 160.68
1494140554, 3, 133, 522, 175, 0, 4.18%, 0, 0, 3, 190.51
1494140559, 3, 137, 522, 175, 0, 4.18%, 0, 0, 3, 173.77
1494140564, 3, 139, 522, 175, 0, 4.18%, 0, 0, 3, 160.15
1494140569, 3, 141, 522, 174, 0, 4.18%, 0, 0, 3, 157.73
1494140580, 3, 147, 522, 173, 0, 4.18%, 0, 0, 3, 181.30
1494140590, 3, 149, 522, 173, 0, 4.18%, 0, 0, 3, 121.52
1494140595, 3, 157, 522, 173, 0, 4.18%, 0, 0, 3, 160.23
1494140605, 3, 161, 522, 173, 0, 4.18%, 0, 0, 3, 140.29
1494140610, 3, 168, 522, 173, 0, 4.18%, 0, 0, 3, 142.77
1494140621, 3, 178, 522, 171, 0, 4.18%, 0, 0, 3, 183.70
1494140626, 3, 180, 522, 171, 0, 4.18%, 0, 0, 3, 187.71
1494140631, 3, 182, 522, 171, 0, 4.18%, 0, 0, 3, 167.40
1494140636, 3, 185, 522, 170, 0, 4.18%, 0, 0, 3, 173.86
1494140641, 3, 188, 522, 170, 0, 4.18%, 0, 0, 3, 171.90
1494140646, 3, 193, 522, 170, 0, 4.18%, 0, 0, 3, 189.93
1494140651, 3, 195, 522, 170, 0, 4.18%, 0, 0, 3, 184.26
1494140657, 3, 198, 522, 170, 0, 4.18%, 0, 0, 3, 184.99
1494140662, 3, 202, 522, 170, 0, 4.18%, 0, 0, 3, 187.21
1494140672, 3, 205, 522, 169, 0, 4.18%, 0, 0, 3, 183.92
1494140677, 3, 207, 522, 169, 0, 4.18%, 0, 0, 3, 174.44
1494140682, 3, 210, 522, 169, 0, 4.18%, 0, 0, 3, 144.71
1494140688, 3, 219, 522, 169, 0, 4.18%, 0, 0, 3, 163.80
1494140693, 3, 223, 522, 169, 0, 4.18%, 0, 0, 3, 172.42
1494140698, 3, 225, 522, 169, 0, 4.18%, 0, 0, 3, 186.81
1494140703, 3, 230, 522, 169, 0, 4.18%, 0, 0, 3, 185.33
1494140708, 3, 233, 522, 169, 0, 4.18%, 0, 0, 3, 187.17
1494140713, 3, 234, 522, 168, 0, 4.18%, 0, 0, 3, 180.69
1494140718, 3, 239, 522, 167, 0, 4.18%, 0, 0, 3, 187.94
1494140724, 3, 248, 522, 167, 0, 4.18%, 0, 0, 3, 177.72
1494140729, 3, 251, 522, 167, 0, 4.18%, 0, 0, 3, 163.62
1494140734, 3, 258, 522, 167, 0, 4.18%, 0, 0, 3, 175.15
1494140739, 3, 260, 522, 167, 0, 4.18%, 0, 0, 3, 173.47
1494140744, 3, 268, 522, 166, 0, 4.18%, 0, 0, 3, 173.99
1494140749, 3, 271, 522, 166, 0, 4.18%, 0, 0, 3, 158.53
1494140754, 3, 275, 522, 165, 0, 4.18%, 0, 0, 3, 169.57
1494140760, 3, 278, 522, 165, 0, 4.18%, 0, 0, 3, 158.91
1494140790, 3, 279, 522, 164, 0, 4.18%, 0, 0, 3, 89.00
1494140811, 3, 285, 522, 163, 0, 4.18%, 0, 0, 3, 134.14
1494140816, 3, 288, 522, 161, 0, 4.18%, 0, 0, 3, 158.89
1494140831, 3, 291, 522, 160, 0, 4.18%, 0, 0, 3, 168.25
1494140836, 3, 300, 522, 159, 0, 4.18%, 0, 0, 3, 20.00
1494140893, 3, 301, 524, 160, 0, 4.18%, 0, 0, 3, 138.54
1494140903, 3, 309, 524, 159, 0, 4.18%, 0, 0, 3, 151.52
1494140913, 3, 310, 524, 158, 0, 4.18%, 0, 0, 3, 169.32
1494140918, 3, 322, 524, 158, 0, 4.18%, 0, 0, 3, 17.89
1494140964, 3, 324, 524, 157, 0, 4.18%, 0, 0, 3, 33.78
1494140969, 3, 325, 524, 157, 0, 4.18%, 0, 0, 3, 61.17
1494140990, 3, 327, 524, 156, 0, 4.18%, 0, 0, 3, 147.24
1494140995, 3, 336, 524, 156, 0, 4.18%, 0, 0, 3, 146.06
1494141000, 3, 338, 524, 156, 0, 4.18%, 0, 0, 3, 143.17
1494141005, 3, 341, 525, 157, 0, 4.18%, 0, 0, 3, 84.55
1494141026, 3, 345, 525, 156, 0, 4.18%, 0, 0, 3, 112.59
1494141047, 3, 349, 525, 155, 0, 4.18%, 0, 0, 3, 101.55
1494141088, 3, 353, 525, 154, 0, 4.18%, 0, 0, 3, 140.20
1494141093, 3, 354, 525, 154, 0, 4.18%, 0, 0, 3, 165.38
1494141098, 3, 356, 525, 154, 0, 4.18%, 0, 0, 3, 185.48
1494141103, 3, 360, 525, 153, 0, 4.18%, 0, 0, 3, 167.40
1494141108, 3, 361, 525, 153, 0, 4.18%, 0, 0, 3, 108.02
1494141113, 3, 363, 525, 153, 0, 4.18%, 0, 0, 3, 118.80
1494141124, 3, 365, 525, 152, 0, 4.18%, 0, 0, 3, 175.74
1494141129, 3, 375, 525, 152, 0, 4.18%, 0, 0, 3, 136.76
1494141134, 3, 378, 525, 152, 0, 4.18%, 0, 0, 3, 166.73
1494141139, 3, 380, 525, 152, 0, 4.18%, 0, 0, 3, 161.30
1494141144, 3, 390, 525, 152, 0, 4.18%, 0, 0, 3, 122.97
1494141164, 3, 391, 525, 151, 0, 4.18%, 0, 0, 3, 167.84
1494141170, 3, 399, 525, 151, 0, 4.18%, 0, 0, 3, 153.59
1494141195, 3, 400, 525, 150, 0, 4.18%, 0, 0, 3, 101.80
1494141200, 3, 405, 525, 150, 0, 4.18%, 0, 0, 3, 130.40
1494141206, 3, 407, 526, 151, 0, 4.18%, 0, 0, 3, 145.46
1494141211, 3, 409, 526, 151, 0, 4.18%, 0, 0, 3, 144.71
1494141216, 3, 417, 526, 151, 0, 4.18%, 0, 0, 3, 135.94
1494141221, 3, 418, 526, 151, 0, 4.18%, 0, 0, 3, 169.29
1494141226, 3, 429, 526, 151, 0, 4.18%, 0, 0, 3, 112.05
1494141231, 3, 431, 526, 151, 0, 4.18%, 0, 0, 3, 146.61
1494141236, 3, 438, 526, 151, 0, 4.18%, 0, 0, 3, 149.03
1494141241, 3, 445, 526, 151, 0, 4.18%, 0, 0, 3, 153.51
1494141246, 3, 446, 526, 151, 0, 4.18%, 0, 0, 3, 90.03
1494141252, 3, 448, 526, 151, 0, 4.18%, 0, 0, 3, 50.02
1494141293, 3, 457, 526, 150, 0, 4.18%, 0, 0, 3, 120.94
1494141298, 3, 458, 526, 149, 0, 4.18%, 0, 0, 3, 135.13
1494141303, 3, 464, 526, 149, 0, 4.18%, 0, 0, 3, 129.15
1494141308, 3, 467, 526, 149, 0, 4.18%, 0, 0, 3, 159.16
1494141313, 3, 469, 526, 149, 0, 4.18%, 0, 0, 3, 23.04
1494141390, 3, 473, 526, 148, 0, 4.18%, 0, 0, 3, 163.35
1494141395, 3, 475, 526, 148, 0, 4.18%, 0, 0, 3, 145.61
1494141400, 3, 478, 526, 148, 0, 4.18%, 0, 0, 3, 143.15
1494141405, 3, 489, 526, 148, 0, 4.18%, 0, 0, 3, 146.66
1494141411, 3, 494, 526, 148, 0, 4.18%, 0, 0, 3, 150.63
1494141416, 3, 497, 526, 148, 0, 4.18%, 0, 0, 3, 109.13
1494141431, 3, 498, 526, 147, 0, 4.18%, 0, 0, 3, 161.62
1494141436, 3, 503, 526, 147, 0, 4.18%, 0, 0, 3, 143.59
1494141446, 3, 505, 526, 146, 0, 4.18%, 0, 0, 3, 140.86
1494141451, 3, 513, 526, 146, 0, 4.18%, 0, 0, 3, 180.17
1494141457, 3, 515, 526, 146, 0, 4.18%, 0, 0, 3, 20.43
1494141482, 3, 519, 526, 145, 0, 4.18%, 0, 0, 3, 101.05
1494141493, 3, 520, 526, 144, 0, 4.18%, 0, 0, 3, 165.91
1494141498, 3, 521, 526, 144, 0, 4.18%, 0, 0, 3, 150.05
1494141508, 3, 522, 526, 143, 0, 4.18%, 0, 0, 3, 135.74
1494141518, 4, 0, 526, 142, 0, 4.18%, 0, 0, 3, 155.76
1494141528, 4, 1, 526, 142, 0, 4.18%, 0, 0, 3, 166.15
1494141534, 4, 2, 526, 142, 0, 4.18%, 0, 0, 3, 161.58
1494141544, 4, 3, 526, 142, 0, 4.18%, 0, 0, 3, 141.52
1494141549, 4, 4, 526, 142, 0, 4.18%, 0, 0, 3, 162.89
1494141554, 4, 7, 526, 142, 0, 4.18%, 0, 0, 3, 172.27
1494141559, 4, 8, 526, 142, 0, 4.18%, 0, 0, 3, 182.58
1494141564, 4, 11, 526, 142, 0, 4.18%, 0, 0, 3, 185.93
1494141569, 4, 13, 526, 142, 0, 4.18%, 0, 0, 3, 180.96
1494141574, 4, 14, 526, 142, 0, 4.18%, 0, 0, 3, 167.68
1494141579, 4, 15, 526, 142, 0, 4.18%, 0, 0, 3, 146.01
1494141584, 4, 17, 526, 142, 0, 4.18%, 0, 0, 3, 170.20
1494141590, 4, 19, 526, 142, 0, 4.18%, 0, 0, 3, 162.55
1494141600, 4, 20, 526, 141, 0, 4.18%, 0, 0, 3, 176.23
1494141605, 4, 21, 526, 141, 0, 4.18%, 0, 0, 3, 172.78
1494141610, 4, 23, 526, 141, 0, 4.18%, 0, 0, 3, 162.47
1494141620, 4, 28, 526, 141, 0, 4.18%, 0, 0, 3, 188.08
1494141630, 4, 29, 526, 141, 0, 4.18%, 0, 0, 3, 164.38
1494141636, 4, 30, 526, 141, 0, 4.18%, 0, 0, 3, 163.31
1494141641, 4, 32, 526, 141, 0, 4.18%, 0, 0, 3, 168.12
1494141646, 4, 33, 526, 141, 0, 4.18%, 0, 0, 3, 155.11
1494141651, 4, 34, 526, 141, 0, 4.18%, 0, 0, 3, 176.36
1494141656, 4, 38, 526, 141, 0, 4.18%, 0, 0, 3, 187.34
1494141661, 4, 40, 526, 141, 0, 4.18%, 0, 0, 3, 174.52
1494141666, 4, 42, 526, 141, 0, 4.18%, 0, 0, 3, 158.10
1494141671, 4, 43, 526, 141, 0, 4.18%, 0, 0, 3, 153.13
1494141676, 4, 44, 526, 141, 0, 4.18%, 0, 0, 3, 173.42
1494141681, 4, 45, 526, 141, 0, 4.18%, 0, 0, 3, 169.73
1494141687, 4, 47, 526, 141, 0, 4.18%, 0, 0, 3, 181.02
1494141692, 4, 48, 526, 141, 0, 4.18%, 0, 0, 3, 164.37
1494141697, 4, 49, 526, 141, 0, 4.18%, 0, 0, 3, 179.60
1494141702, 4, 51, 526, 141, 0, 4.18%, 0, 0, 3, 176.31
1494141707, 4, 52, 526, 141, 0, 4.18%, 0, 0, 3, 176.31
1494141712, 4, 53, 526, 140, 0, 4.18%, 0, 0, 3, 198.65
1494141717, 4, 54, 526, 140, 0, 4.18%, 0, 0, 3, 185.07
1494141723, 4, 57, 526, 140, 0, 4.18%, 0, 0, 3, 133.83
1494141728, 4, 58, 526, 140, 0, 4.18%, 0, 0, 3, 172.27
1494141733, 4, 59, 526, 140, 0, 4.18%, 0, 0, 3, 159.41
1494141738, 4, 61, 526, 140, 0, 4.18%, 0, 0, 3, 163.52
1494141743, 4, 62, 526, 140, 0, 4.18%, 0, 0, 3, 176.95
1494141748, 4, 64, 526, 140, 0, 4.18%, 0, 0, 3, 154.26
1494141753, 4, 66, 526, 140, 0, 4.18%, 0, 0, 3, 173.50
1494141759, 4, 69, 526, 140, 0, 4.18%, 0, 0, 3, 165.79
1494141764, 4, 70, 526, 140, 0, 4.18%, 0, 0, 3, 140.17
1494141769, 4, 73, 526, 140, 0, 4.18%, 0, 0, 3, 196.88
1494141774, 4, 75, 526, 140, 0, 4.18%, 0, 0, 3, 176.70
1494141779, 4, 78, 526, 140, 0, 4.18%, 0, 0, 3, 157.91
1494141784, 4, 79, 526, 140, 0, 4.18%, 0, 0, 3, 155.45
1494141789, 4, 81, 526, 140, 0, 4.18%, 0, 0, 3, 182.52
1494141795, 4, 84, 526, 140, 0, 4.18%, 0, 0, 3, 177.52
1494141800, 4, 85, 526, 140, 0, 4.18%, 0, 0, 3, 190.74
1494141805, 4, 86, 526, 140, 0, 4.18%, 0, 0, 3, 171.31
1494141810, 4, 90, 526, 140, 0, 4.18%, 0, 0, 3, 184.91
1494141815, 4, 91, 526, 140, 0, 4.18%, 0, 0, 3, 34.01
1494141820, 4, 95, 526, 140, 0, 4.18%, 0, 0, 3, 133.43
1494141826, 4, 97, 526, 140, 0, 4.18%, 0, 0, 3, 154.47
1494141831, 4, 98, 526, 140, 0, 4.18%, 0, 0, 3, 152.41
1494141836, 4, 103, 526, 140, 0, 4.18%, 0, 0, 3, 163.06
1494141841, 4, 104, 526, 140, 0, 4.18%, 0, 0, 3, 151.16
1494141846, 4, 105, 526, 140, 0, 4.18%, 0, 0, 3, 149.71
1494141851, 4, 106, 526, 140, 0, 4.18%, 0, 0, 3, 152.49
1494141856, 4, 114, 526, 140, 0, 4.18%, 0, 0, 3, 157.11
1494141866, 4, 121, 526, 140, 0, 4.18%, 0, 0, 3, 165.15
1494141871, 4, 124, 526, 139, 0, 4.18%, 0, 0, 3, 164.42
1494141876, 4, 127, 526, 139, 0, 4.18%, 0, 0, 3, 180.54
1494141881, 4, 129, 526, 139, 0, 4.18%, 0, 0, 3, 193.62
1494141887, 4, 132, 526, 138, 0, 4.18%, 0, 0, 3, 190.23
1494141892, 4, 135, 526, 138, 0, 4.18%, 0, 0, 3, 161.88
1494141897, 4, 137, 526, 138, 0, 4.18%, 0, 0, 3, 160.35
1494141902, 4, 143, 526, 138, 0, 4.18%, 0, 0, 3, 147.70
1494141907, 4, 147, 526, 138, 0, 4.18%, 0, 0, 3, 174.03
1494141917, 4, 149, 526, 138, 0, 4.18%, 0, 0, 3, 195.48
1494141923, 4, 157, 526, 138, 0, 4.18%, 0, 0, 3, 183.39
1494141928, 4, 160, 526, 138, 0, 4.18%, 0, 0, 3, 199.06
1494141933, 4, 164, 526, 138, 0, 4.18%, 0, 0, 3, 166.69
1494141938, 4, 178, 526, 137, 0, 4.18%, 0, 0, 3, 178.24
1494141943, 4, 180, 526, 136, 0, 4.18%, 0, 0, 3, 175.89
1494141954, 4, 183, 526, 136, 0, 4.18%, 0, 0, 3, 184.65
1494141959, 4, 187, 526, 135, 0, 4.18%, 0, 0, 3, 171.69
1494141964, 4, 189, 526, 135, 0, 4.18%, 0, 0, 3, 166.03
1494141969, 4, 193, 526, 134, 0, 4.18%, 0, 0, 3, 149.39
1494141974, 4, 195, 526, 134, 0, 4.18%, 0, 0, 3, 169.51
1494141979, 4, 198, 526, 134, 0, 4.18%, 0, 0, 3, 182.61
1494141989, 4, 202, 526, 133, 0, 4.18%, 0, 0, 3, 174.39
1494141999, 4, 205, 526, 133, 0, 4.18%, 0, 0, 3, 187.54
1494142004, 4, 209, 526, 133, 0, 4.18%, 0, 0, 3, 169.59
1494142010, 4, 214, 526, 133, 0, 4.18%, 0, 0, 3, 148.49
1494142015, 4, 219, 526, 133, 0, 4.18%, 0, 0, 3, 202.16
1494142020, 4, 223, 526, 133, 0, 4.18%, 0, 0, 3, 171.25
1494142025, 4, 225, 526, 133, 0, 4.18%, 0, 0, 3, 183.05
1494142030, 4, 230, 526, 133, 0, 4.18%, 0, 0, 3, 183.61
1494142035, 4, 235, 526, 133, 0, 4.18%, 0, 0, 3, 164.71
1494142040, 4, 237, 526, 133, 0, 4.18%, 0, 0, 3, 187.45
1494142045, 4, 239, 526, 132, 0, 4.18%, 0, 0, 3, 192.18
1494142050, 4, 248, 526, 132, 0, 4.18%, 0, 0, 3, 173.19
1494142055, 4, 257, 526, 132, 0, 4.18%, 0, 0, 3, 151.70
1494142061, 4, 258, 526, 132, 0, 4.18%, 0, 0, 3, 180.89
1494142066, 4, 261, 526, 132, 0, 4.18%, 0, 0, 3, 139.50
1494142086, 4, 268, 526, 131, 0, 4.18%, 0, 0, 3, 134.71
1494142091, 4, 269, 526, 131, 0, 4.18%, 0, 0, 3, 61.81
1494142117, 4, 271, 526, 130, 0, 4.18%, 0, 0, 3, 129.81
1494142122, 4, 275, 526, 130, 0, 4.18%, 0, 0, 3, 150.79
1494142127, 4, 277, 526, 129, 0, 4.18%, 0, 0, 3, 161.79
1494142132, 4, 282, 526, 129, 0, 4.18%, 0, 0, 3, 186.94
1494142137, 4, 283, 526, 129, 0, 4.18%, 0, 0, 3, 162.81
1494142143, 4, 285, 526, 129, 0, 4.18%, 0, 0, 3, 165.31
1494142148, 4, 294, 526, 129, 0, 4.18%, 0, 0, 3, 24.87
1494142225, 4, 310, 526, 128, 0, 4.18%, 0, 0, 3, 123.15
1494142230, 4, 314, 526, 128, 0, 4.18%, 0, 0, 3, 139.91
1494142235, 4, 321, 526, 127, 0, 4.18%, 0, 0, 3, 160.25
1494142271, 4, 324, 526, 126, 0, 4.18%, 0, 0, 3, 96.99
1494142276, 4, 327, 526, 126, 0, 4.18%, 0, 0, 3, 143.33
1494142286, 4, 333, 526, 126, 0, 4.18%, 0, 0, 3, 118.08
1494142312, 4, 334, 526, 125, 0, 4.18%, 0, 0, 3, 64.20
1494142343, 4, 335, 526, 124, 0, 4.18%, 0, 0, 3, 73.86
1494142353, 4, 336, 526, 123, 0, 4.18%, 0, 0, 3, 114.97
1494142358, 4, 353, 526, 123, 0, 4.18%, 0, 0, 3, 143.85
1494142363, 4, 354, 526, 123, 0, 4.18%, 0, 0, 3, 152.13
1494142369, 4, 358, 526, 122, 0, 4.18%, 0, 0, 3, 178.37
1494142374, 4, 360, 526, 122, 0, 4.18%, 0, 0, 3, 157.76
1494142379, 4, 362, 526, 122, 0, 4.18%, 0, 0, 3, 132.71
1494142389, 4, 364, 526, 121, 0, 4.18%, 0, 0, 3, 151.42
1494142394, 4, 365, 526, 120, 0, 4.18%, 0, 0, 3, 185.66
1494142400, 4, 370, 526, 120, 0, 4.18%, 0, 0, 3, 151.58
1494142405, 4, 375, 526, 119, 0, 4.18%, 0, 0, 3, 146.71
1494142410, 4, 378, 526, 119, 0, 4.18%, 0, 0, 3, 149.24
1494142415, 4, 380, 526, 119, 0, 4.18%, 0, 0, 3, 192.95
1494142420, 4, 388, 526, 119, 0, 4.18%, 0, 0, 3, 161.87
1494142425, 4, 397, 526, 118, 0, 4.18%, 0, 0, 3, 165.34
1494142440, 4, 399, 526, 117, 0, 4.18%, 0, 0, 3, 143.82
1494142445, 4, 405, 526, 117, 0, 4.18%, 0, 0, 3, 132.03
1494142450, 4, 406, 526, 117, 0, 4.18%, 0, 0, 3, 148.94
1494142456, 4, 408, 526, 117, 0, 4.18%, 0, 0, 3, 162.72
1494142461, 4, 416, 526, 117, 0, 4.18%, 0, 0, 3, 138.21
1494142466, 4, 417, 526, 117, 0, 4.18%, 0, 0, 3, 107.52
1494142471, 4, 426, 526, 117, 0, 4.18%, 0, 0, 3, 144.56
1494142476, 4, 429, 526, 117, 0, 4.18%, 0, 0, 3, 148.48
1494142481, 4, 434, 526, 117, 0, 4.18%, 0, 0, 3, 147.34
1494142486, 4, 438, 526, 117, 0, 4.18%, 0, 0, 3, 152.95
1494142491, 4, 446, 526, 117, 0, 4.18%, 0, 0, 3, 149.84
1494142497, 4, 447, 526, 117, 0, 4.18%, 0, 0, 3, 125.94
1494142502, 4, 451, 526, 117, 0, 4.18%, 0, 0, 3, 94.82
1494142507, 4, 453, 526, 116, 0, 4.18%, 0, 0, 3, 115.31
1494142512, 4, 458, 526, 115, 0, 4.18%, 0, 0, 3, 131.33
1494142517, 4, 465, 526, 115, 0, 4.18%, 0, 0, 3, 153.08
1494142522, 4, 473, 526, 115, 0, 4.18%, 0, 0, 3, 146.10
1494142527, 4, 474, 526, 115, 0, 4.18%, 0, 0, 3, 136.14
1494142532, 4, 478, 526, 115, 0, 4.18%, 0, 0, 3, 155.52
1494142537, 4, 481, 526, 115, 0, 4.18%, 0, 0, 3, 23.09
1494142614, 4, 482, 526, 114, 0, 4.18%, 0, 0, 3, 128.57
1494142619, 4, 483, 526, 114, 0, 4.18%, 0, 0, 3, 23.23
1494142701, 4, 484, 526, 113, 0, 4.18%, 0, 0, 3, 95.13
1494142707, 4, 490, 526, 113, 0, 4.18%, 0, 0, 3, 133.96
1494142712, 4, 496, 526, 113, 0, 4.18%, 0, 0, 3, 110.24
1494142727, 4, 498, 526, 112, 0, 4.18%, 0, 0, 3, 168.85
1494142733, 4, 500, 526, 112, 0, 4.18%, 0, 0, 3, 146.94
1494142748, 4, 505, 526, 111, 0, 4.18%, 0, 0, 3, 130.44
1494142753, 4, 513, 526, 111, 0, 4.18%, 0, 0, 3, 175.65
1494142758, 4, 520, 526, 111, 0, 4.18%, 0, 0, 3, 160.58
1494142768, 5, 0, 526, 111, 0, 4.18%, 0, 0, 3, 152.13
1494142778, 5, 1, 526, 111, 0, 4.18%, 0, 0, 3, 157.94
1494142783, 5, 2, 526, 111, 0, 4.18%, 0, 0, 3, 164.02
1494142794, 5, 3, 526, 111, 0, 4.18%, 0, 0, 3, 148.68
1494142799, 5, 4, 526, 111, 0, 4.18%, 0, 0, 3, 162.27
1494142804, 5, 6, 526, 111, 0, 4.18%, 0, 0, 3, 201.59
1494142809, 5, 7, 526, 110, 0, 4.18%, 0, 0, 3, 185.01
1494142814, 5, 8, 526, 110, 0, 4.18%, 0, 0, 3, 177.75
1494142819, 5, 11, 526, 110, 0, 4.18%, 0, 0, 3, 171.23
1494142824, 5, 13, 526, 110, 0, 4.18%, 0, 0, 3, 169.56
1494142830, 5, 14, 526, 110, 0, 4.18%, 0, 0, 3, 71.72
1494142840, 5, 17, 526, 110, 0, 4.18%, 0, 0, 3, 172.15
1494142850, 5, 20, 526, 110, 0, 4.18%, 0, 0, 3, 155.13
1494142855, 5, 21, 526, 110, 0, 4.18%, 0, 0, 3, 154.38
1494142860, 5, 22, 526, 110, 0, 4.18%, 0, 0, 3, 162.74
1494142865, 5, 23, 526, 110, 0, 4.18%, 0, 0, 3, 167.19
1494142876, 5, 26, 526, 110, 0, 4.18%, 0, 0, 3, 159.51
1494142881, 5, 28, 526, 110, 0, 4.18%, 0, 0, 3, 163.22
1494142886, 5, 29, 526, 110, 0, 4.18%, 0, 0, 3, 153.32
1494142896, 5, 30, 526, 110, 0, 4.18%, 0, 0, 3, 153.05
1494142901, 5, 31, 526, 110, 0, 4.18%, 0, 0, 3, 139.81
1494142906, 5, 32, 526, 109, 0, 4.18%, 0, 0, 3, 153.86
1494142917, 5, 36, 526, 109, 0, 4.18%, 0, 0, 3, 166.91
1494142922, 5, 38, 526, 108, 0, 4.18%, 0, 0, 3, 191.27
1494142927, 5, 40, 526, 108, 0, 4.18%, 0, 0, 3, 172.03
1494142937, 5, 42, 526, 108, 0, 4.18%, 0, 0, 3, 142.71
1494142942, 5, 43, 526, 108, 0, 4.18%, 0, 0, 3, 151.17
1494142947, 5, 45, 526, 108, 0, 4.18%, 0, 0, 3, 162.55
1494142952, 5, 46, 526, 108, 0, 4.18%, 0, 0, 3, 162.66
1494142958, 5, 48, 526, 108, 0, 4.18%, 0, 0, 3, 162.56
1494142968, 5, 49, 526, 108, 0, 4.18%, 0, 0, 3, 166.74
1494142973, 5, 51, 526, 108, 0, 4.18%, 0, 0, 3, 175.76
1494142978, 5, 53, 526, 108, 0, 4.18%, 0, 0, 3, 170.65
1494142983, 5, 55, 526, 108, 0, 4.18%, 0, 0, 3, 174.14
1494142988, 5, 57, 526, 107, 0, 4.18%, 0, 0, 3, 150.26
1494142993, 5, 58, 526, 107, 0, 4.18%, 0, 0, 3, 194.37
1494142998, 5, 59, 526, 107, 0, 4.18%, 0, 0, 3, 173.14
1494143003, 5, 60, 526, 107, 0, 4.18%, 0, 0, 3, 135.79
1494143009, 5, 61, 526, 107, 0, 4.18%, 0, 0, 3, 138.95
1494143014, 5, 64, 526, 107, 0, 4.18%, 0, 0, 3, 145.75
1494143019, 5, 66, 526, 107, 0, 4.18%, 0, 0, 3, 155.95
1494143024, 5, 67, 526, 107, 0, 4.18%, 0, 0, 3, 164.23
1494143029, 5, 70, 526, 107, 0, 4.18%, 0, 0, 3, 151.93
1494143034, 5, 73, 526, 107, 0, 4.18%, 0, 0, 3, 156.39
1494143039, 5, 75, 526, 107, 0, 4.18%, 0, 0, 3, 164.99
1494143044, 5, 77, 526, 107, 0, 4.18%, 0, 0, 3, 159.78
1494143049, 5, 78, 526, 107, 0, 4.18%, 0, 0, 3, 140.89
1494143055, 5, 81, 526, 107, 0, 4.18%, 0, 0, 3, 150.86
1494143065, 5, 85, 526, 107, 0, 4.18%, 0, 0, 3, 167.29
1494143070, 5, 86, 526, 107, 0, 4.18%, 0, 0, 3, 165.03
1494143075, 5, 89, 526, 107, 0, 4.18%, 0, 0, 3, 158.88
1494143080, 5, 91, 526, 107, 0, 4.18%, 0, 0, 3, 174.23
1494143085, 5, 94, 526, 107, 0, 4.18%, 0, 0, 3, 167.42
1494143090, 5, 95, 526, 107, 0, 4.18%, 0, 0, 3, 150.56
1494143095, 5, 97, 526, 107, 0, 4.18%, 0, 0, 3, 150.66
1494143101, 5, 99, 526, 107, 0, 4.18%, 0, 0, 3, 146.87
1494143106, 5, 103, 526, 107, 0, 4.18%, 0, 0, 3, 140.06
1494143111, 5, 104, 526, 107, 0, 4.18%, 0, 0, 3, 114.82
1494143116, 5, 105, 526, 107, 0, 4.18%, 0, 0, 3, 118.19
1494143121, 5, 106, 526, 107, 0, 4.18%, 0, 0, 3, 144.17
1494143126, 5, 107, 526, 107, 0, 4.18%, 0, 0, 3, 152.48
1494143131, 5, 114, 526, 107, 0, 4.18%, 0, 0, 3, 169.90
1494143136, 5, 121, 526, 107, 0, 4.18%, 0, 0, 3, 186.51
1494143142, 5, 124, 526, 107, 0, 4.18%, 0, 0, 3, 156.89
1494143147, 5, 127, 526, 107, 0, 4.18%, 0, 0, 3, 176.95
1494143152, 5, 132, 526, 107, 0, 4.18%, 0, 0, 3, 171.02
1494143157, 5, 133, 526, 107, 0, 4.18%, 0, 0, 3, 157.98
1494143162, 5, 134, 526, 107, 0, 4.18%, 0, 0, 3, 143.92
1494143167, 5, 135, 526, 106, 0, 4.18%, 0, 0, 3, 150.26
1494143172, 5, 138, 526, 106, 0, 4.18%, 0, 0, 3, 166.71
1494143177, 5, 139, 526, 106, 0, 4.18%, 0, 0, 3, 170.43
1494143182, 5, 143, 526, 106, 0, 4.18%, 0, 0, 3, 154.41
1494143188, 5, 147, 526, 106, 0, 4.18%, 0, 0, 3, 174.33
1494143193, 5, 149, 526, 106, 0, 4.18%, 0, 0, 3, 179.18
1494143198, 5, 151, 526, 106, 0, 4.18%, 0, 0, 3, 161.02
1494143203, 5, 155, 526, 106, 0, 4.18%, 0, 0, 3, 26.75
1494143208, 5, 157, 526, 105, 0, 4.18%, 0, 0, 3, 179.10
1494143213, 5, 161, 526, 105, 0, 4.18%, 0, 0, 3, 176.46
1494143218, 5, 166, 526, 104, 0, 4.18%, 0, 0, 3, 165.73
1494143223, 5, 171, 526, 104, 0, 4.18%, 0, 0, 3, 144.33
1494143229, 5, 175, 526, 103, 0, 4.18%, 0, 0, 3, 179.66
1494143234, 5, 180, 526, 103, 0, 4.18%, 0, 0, 3, 178.34
1494143244, 5, 183, 526, 102, 0, 4.18%, 0, 0, 3, 165.44
1494143249, 5, 187, 526, 102, 0, 4.18%, 0, 0, 3, 166.75
1494143254, 5, 192, 526, 102, 0, 4.18%, 0, 0, 3, 154.81
1494143264, 5, 195, 526, 101, 0, 4.18%, 0, 0, 3, 157.41
1494143274, 5, 198, 526, 101, 0, 4.18%, 0, 0, 3, 177.45
1494143280, 5, 199, 526, 101, 0, 4.18%, 0, 0, 3, 164.09
1494143285, 5, 202, 526, 101, 0, 4.18%, 0, 0, 3, 140.55
1494143290, 5, 205, 526, 101, 0, 4.18%, 0, 0, 3, 169.15
1494143295, 5, 207, 526, 101, 0, 4.18%, 0, 0, 3, 172.16
1494143300, 5, 209, 526, 101, 0, 4.18%, 0, 0, 3, 149.15
1494143305, 5, 214, 526, 101, 0, 4.18%, 0, 0, 3, 182.05
1494143310, 5, 217, 526, 101, 0, 4.18%, 0, 0, 3, 113.77
1494143320, 5, 223, 526, 100, 0, 4.18%, 0, 0, 3, 155.94
1494143325, 5, 224, 526, 100, 0, 4.18%, 0, 0, 3, 149.93
1494143331, 5, 225, 526, 99, 0, 4.18%, 0, 0, 3, 173.10
1494143336, 5, 230, 526, 99, 0, 4.18%, 0, 0, 3, 165.33
1494143341, 5, 235, 526, 99, 0, 4.18%, 0, 0, 3, 175.80
1494143346, 5, 236, 526, 99, 0, 4.18%, 0, 0, 3, 58.71
1494143351, 5, 239, 526, 98, 0, 4.18%, 0, 0, 3, 127.22
1494143356, 5, 245, 526, 98, 0, 4.18%, 0, 0, 3, 151.52
1494143362, 5, 248, 526, 96, 0, 4.18%, 0, 0, 3, 159.15
1494143367, 5, 257, 526, 96, 0, 4.18%, 0, 0, 3, 159.74
1494143372, 5, 258, 526, 96, 0, 4.18%, 0, 0, 3, 163.55
1494143377, 5, 268, 526, 96, 0, 4.18%, 0, 0, 3, 159.26
1494143382, 5, 271, 526, 96, 0, 4.18%, 0, 0, 3, 170.73
1494143387, 5, 272, 526, 96, 0, 4.18%, 0, 0, 3, 168.12
1494143393, 5, 277, 526, 95, 0, 4.18%, 0, 0, 3, 155.78
1494143398, 5, 290, 526, 95, 0, 4.18%, 0, 0, 3, 129.28
1494143418, 5, 296, 526, 94, 0, 4.18%, 0, 0, 3, 67.35
1494143454, 5, 297, 526, 93, 0, 4.18%, 0, 0, 3, 153.44
1494143459, 5, 305, 526, 92, 0, 4.18%, 0, 0, 3, 160.40
1494143470, 5, 306, 526, 91, 0, 4.18%, 0, 0, 3, 127.06
1494143475, 5, 310, 526, 90, 0, 4.18%, 0, 0, 3, 149.94
1494143480, 5, 311, 526, 90, 0, 4.18%, 0, 0, 3, 159.70
1494143485, 5, 317, 526, 90, 0, 4.18%, 0, 0, 3, 121.66
1494143500, 5, 324, 526, 89, 0, 4.18%, 0, 0, 3, 191.00
1494143505, 5, 327, 526, 89, 0, 4.18%, 0, 0, 3, 180.65
1494143511, 5, 336, 526, 89, 0, 4.18%, 0, 0, 3, 147.55
1494143516, 5, 344, 526, 89, 0, 4.18%, 0, 0, 3, 24.00
1494143576, 5, 346, 526, 88, 0, 4.18%, 0, 0, 3, 118.12
1494143582, 5, 351, 526, 88, 0, 4.18%, 0, 0, 3, 144.84
1494143587, 5, 352, 526, 88, 0, 4.18%, 0, 0, 3, 128.16
1494143602, 5, 354, 526, 87, 0, 4.18%, 0, 0, 3, 151.20
1494143607, 5, 358, 526, 87, 0, 4.18%, 0, 0, 3, 164.80
1494143612, 5, 361, 526, 87, 0, 4.18%, 0, 0, 3, 152.68
1494143617, 5, 365, 526, 87, 0, 4.18%, 0, 0, 3, 139.55
1494143622, 5, 375, 526, 87, 0, 4.18%, 0, 0, 3, 155.44
1494143627, 5, 378, 526, 87, 0, 4.18%, 0, 0, 3, 139.24
1494143633, 5, 380, 526, 87, 0, 4.18%, 0, 0, 3, 170.55
1494143638, 5, 385, 526, 87, 0, 4.18%, 0, 0, 3, 29.64
1494143658, 5, 394, 526, 86, 0, 4.18%, 0, 0, 3, 140.82
1494143663, 5, 404, 526, 86, 0, 4.18%, 0, 0, 3, 151.63
1494143678, 5, 405, 526, 85, 0, 4.18%, 0, 0, 3, 139.76
1494143684, 5, 407, 526, 85, 0, 4.18%, 0, 0, 3, 140.65
1494143689, 5, 409, 526, 85, 0, 4.18%, 0, 0, 3, 144.54
1494143694, 5, 413, 526, 85, 0, 4.18%, 0, 0, 3, 97.87
1494143699, 5, 416, 526, 84, 0, 4.18%, 0, 0, 3, 120.20
1494143704, 5, 417, 526, 84, 0, 4.18%, 0, 0, 3, 58.95
1494143709, 5, 421, 526, 84, 0, 4.18%, 0, 0, 3, 96.56
1494143720, 5, 426, 526, 83, 0, 4.18%, 0, 0, 3, 111.73
1494143725, 5, 429, 526, 83, 0, 4.18%, 0, 0, 3, 137.75
1494143730, 5, 434, 526, 83, 0, 4.18%, 0, 0, 3, 149.41
1494143735, 5, 441, 526, 83, 0, 4.18%, 0, 0, 3, 153.10
1494143740, 5, 446, 526, 83, 0, 4.18%, 0, 0, 3, 135.78
1494143745, 5, 449, 526, 83, 0, 4.18%, 0, 0, 3, 92.06
1494143766, 5, 450, 526, 82, 0, 4.18%, 0, 0, 3, 95.39
1494143786, 5, 461, 526, 81, 0, 4.18%, 0, 0, 3, 133.33
1494143791, 5, 466, 526, 81, 0, 4.18%, 0, 0, 3, 21.48
1494143869, 5, 467, 526, 80, 0, 4.18%, 0, 0, 3, 106.84
1494143874, 5, 474, 526, 80, 0, 4.18%, 0, 0, 3, 128.70
1494143879, 5, 475, 526, 80, 0, 4.18%, 0, 0, 3, 136.00
1494143884, 5, 477, 526, 80, 0, 4.18%, 0, 0, 3, 123.70
1494143904, 5, 478, 526, 79, 0, 4.18%, 0, 0, 3, 141.64
1494143910, 5, 489, 526, 79, 0, 4.18%, 0, 0, 3, 130.74
1494143915, 5, 490, 526, 79, 0, 4.18%, 0, 0, 3, 143.36
1494143920, 5, 498, 526, 79, 0, 4.18%, 0, 0, 3, 162.24
1494143925, 5, 500, 526, 79, 0, 4.18%, 0, 0, 3, 160.00
1494143930, 5, 508, 526, 79, 0, 4.18%, 0, 0, 3, 158.66
1494143935, 5, 510, 526, 79, 0, 4.18%, 0, 0, 3, 182.46
1494143940, 5, 514, 526, 79, 0, 4.18%, 0, 0, 3, 149.06
1494143945, 5, 520, 526, 79, 0, 4.18%, 0, 0, 3, 156.03
1494143950, 5, 523, 526, 79, 0, 4.18%, 0, 0, 3, 140.80
1494143960, 6, 0, 526, 78, 0, 4.18%, 0, 0, 3, 159.95
1494143971, 6, 1, 526, 78, 0, 4.18%, 0, 0, 3, 157.99
1494143981, 6, 2, 526, 78, 0, 4.18%, 0, 0, 3, 147.37
1494143991, 6, 4, 526, 78, 0, 4.18%, 0, 0, 3, 166.57
1494143996, 6, 5, 526, 78, 0, 4.18%, 0, 0, 3, 147.31
1494144001, 6, 7, 526, 78, 0, 4.18%, 0, 0, 3, 149.49
1494144006, 6, 8, 526, 78, 0, 4.18%, 0, 0, 3, 165.45
1494144011, 6, 11, 526, 78, 0, 4.18%, 0, 0, 3, 167.06
1494144017, 6, 13, 526, 78, 0, 4.18%, 0, 0, 3, 154.59
1494144027, 6, 14, 526, 78, 0, 4.18%, 0, 0, 3, 145.44
1494144032, 6, 15, 526, 78, 0, 4.18%, 0, 0, 3, 151.30
1494144037, 6, 17, 526, 78, 0, 4.18%, 0, 0, 3, 162.93
1494144042, 6, 20, 526, 78, 0, 4.18%, 0, 0, 3, 163.02
1494144047, 6, 21, 526, 78, 0, 4.18%, 0, 0, 3, 155.43
1494144057, 6, 23, 526, 78, 0, 4.18%, 0, 0, 3, 146.66
1494144063, 6, 26, 526, 78, 0, 4.18%, 0, 0, 3, 177.96
1494144068, 6, 28, 526, 78, 0, 4.18%, 0, 0, 3, 178.02
1494144073, 6, 29, 526, 78, 0, 4.18%, 0, 0, 3, 153.75
1494144083, 6, 30, 526, 78, 0, 4.18%, 0, 0, 3, 150.58
1494144088, 6, 32, 526, 78, 0, 4.18%, 0, 0, 3, 160.11
1494144093, 6, 33, 526, 78, 0, 4.18%, 0, 0, 3, 130.75
1494144098, 6, 38, 526, 78, 0, 4.18%, 0, 0, 3, 165.36
1494144103, 6, 40, 526, 78, 0, 4.18%, 0, 0, 3, 155.02
1494144108, 6, 42, 526, 78, 0, 4.18%, 0, 0, 3, 155.84
1494144114, 6, 43, 526, 78, 0, 4.18%, 0, 0, 3, 155.89
1494144119, 6, 44, 526, 78, 0, 4.18%, 0, 0, 3, 170.21
1494144124, 6, 45, 526, 78, 0, 4.18%, 0, 0, 3, 151.11
1494144129, 6, 46, 526, 78, 0, 4.18%, 0, 0, 3, 161.33
1494144134, 6, 48, 526, 78, 0, 4.18%, 0, 0, 3, 167.37
1494144139, 6, 49, 526, 78, 0, 4.18%, 0, 0, 3, 147.32
1494144144, 6, 50, 526, 78, 0, 4.18%, 0, 0, 3, 174.16
1494144149, 6, 51, 526, 78, 0, 4.18%, 0, 0, 3, 155.22
1494144155, 6, 53, 526, 78, 0, 4.18%, 0, 0, 3, 180.00
1494144160, 6, 57, 526, 78, 0, 4.18%, 0, 0, 3, 159.50
1494144165, 6, 58, 526, 78, 0, 4.18%, 0, 0, 3, 157.80
1494144175, 6, 60, 526, 78, 0, 4.18%, 0, 0, 3, 141.27
1494144180, 6, 61, 526, 78, 0, 4.18%, 0, 0, 3, 152.42
1494144190, 6, 64, 526, 78, 0, 4.18%, 0, 0, 3, 142.33
1494144196, 6, 66, 526, 78, 0, 4.18%, 0, 0, 3, 150.51
1494144201, 6, 67, 526, 78, 0, 4.18%, 0, 0, 3, 157.46
1494144206, 6, 70, 526, 78, 0, 4.18%, 0, 0, 3, 146.25
1494144211, 6, 73, 526, 78, 0, 4.18%, 0, 0, 3, 154.45
1494144216, 6, 75, 526, 78, 0, 4.18%, 0, 0, 3, 176.84
1494144221, 6, 77, 526, 78, 0, 4.18%, 0, 0, 3, 160.30
1494144226, 6, 79, 526, 78, 0, 4.18%, 0, 0, 3, 156.88
1494144231, 6, 81, 526, 78, 0, 4.18%, 0, 0, 3, 151.74
1494144237, 6, 82, 526, 78, 0, 4.18%, 0, 0, 3, 168.27
1494144242, 6, 83, 526, 77, 0, 4.18%, 0, 0, 3, 162.92
1494144247, 6, 85, 526, 77, 0, 4.18%, 0, 0, 3, 181.32
1494144252, 6, 87, 527, 78, 0, 4.18%, 0, 0, 3, 176.20
1494144257, 6, 90, 527, 78, 0, 4.18%, 0, 0, 3, 84.23
1494144262, 6, 91, 527, 78, 0, 4.18%, 0, 0, 3, 156.19
1494144267, 6, 94, 527, 78, 0, 4.18%, 0, 0, 3, 146.29
1494144272, 6, 96, 527, 78, 0, 4.18%, 0, 0, 3, 121.63
1494144277, 6, 98, 527, 78, 0, 4.18%, 0, 0, 3, 155.13
1494144282, 6, 100, 527, 78, 0, 4.18%, 0, 0, 3, 182.44
1494144287, 6, 102, 527, 76, 0, 4.18%, 0, 0, 3, 178.19
1494144293, 6, 103, 527, 76, 0, 4.18%, 0, 0, 3, 100.85
1494144298, 6, 105, 527, 76, 0, 4.18%, 0, 0, 3, 120.17
1494144303, 6, 106, 527, 76, 0, 4.18%, 0, 0, 3, 144.05
1494144308, 6, 107, 527, 76, 0, 4.18%, 0, 0, 3, 163.05
1494144313, 6, 108, 527, 76, 0, 4.18%, 0, 0, 3, 159.88
1494144318, 6, 114, 527, 76, 0, 4.18%, 0, 0, 3, 156.55
1494144323, 6, 121, 527, 76, 0, 4.18%, 0, 0, 3, 161.42
1494144328, 6, 123, 527, 76, 0, 4.18%, 0, 0, 3, 169.31
1494144333, 6, 127, 527, 75, 0, 4.18%, 0, 0, 3, 165.55
1494144338, 6, 128, 527, 75, 0, 4.18%, 0, 0, 3, 169.49
1494144343, 6, 132, 527, 74, 0, 4.18%, 0, 0, 3, 197.07
1494144349, 6, 133, 527, 74, 0, 4.18%, 0, 0, 3, 171.56
1494144354, 6, 135, 527, 74, 0, 4.18%, 0, 0, 3, 152.92
1494144359, 6, 138, 527, 73, 0, 4.18%, 0, 0, 3, 167.54
1494144369, 6, 139, 527, 73, 0, 4.18%, 0, 0, 3, 151.70
1494144374, 6, 141, 527, 73, 0, 4.18%, 0, 0, 3, 172.67
1494144379, 6, 143, 527, 73, 0, 4.18%, 0, 0, 3, 176.66
1494144384, 6, 145, 527, 73, 0, 4.18%, 0, 0, 3, 170.85
1494144389, 6, 147, 527, 72, 0, 4.18%, 0, 0, 3, 182.13
1494144395, 6, 149, 527, 72, 0, 4.18%, 0, 0, 3, 176.54
1494144400, 6, 156, 527, 72, 0, 4.18%, 0, 0, 3, 165.36
1494144405, 6, 157, 527, 71, 0, 4.18%, 0, 0, 3, 178.21
1494144410, 6, 160, 527, 71, 0, 4.18%, 0, 0, 3, 180.04
1494144415, 6, 166, 527, 71, 0, 4.18%, 0, 0, 3, 70.37
1494144420, 6, 175, 527, 70, 0, 4.18%, 0, 0, 3, 140.54
1494144425, 6, 178, 527, 70, 0, 4.18%, 0, 0, 3, 158.11
1494144430, 6, 180, 527, 70, 0, 4.18%, 0, 0, 3, 176.93
1494144435, 6, 185, 527, 70, 0, 4.18%, 0, 0, 3, 165.20
1494144441, 6, 188, 527, 70, 0, 4.18%, 0, 0, 3, 162.87
1494144446, 6, 193, 527, 70, 0, 4.18%, 0, 0, 3, 142.27
1494144451, 6, 195, 527, 70, 0, 4.18%, 0, 0, 3, 161.57
1494144456, 6, 198, 527, 70, 0, 4.18%, 0, 0, 3, 180.30
1494144461, 6, 201, 527, 70, 0, 4.18%, 0, 0, 3, 159.01
1494144466, 6, 202, 527, 70, 0, 4.18%, 0, 0, 3, 168.38
1494144471, 6, 205, 527, 70, 0, 4.18%, 0, 0, 3, 173.65
1494144476, 6, 207, 527, 70, 0, 4.18%, 0, 0, 3, 160.56
1494144481, 6, 209, 527, 70, 0, 4.18%, 0, 0, 3, 154.45
1494144487, 6, 212, 527, 70, 0, 4.18%, 0, 0, 3, 146.59
1494144492, 6, 213, 527, 69, 0, 4.18%, 0, 0, 3, 160.63
1494144497, 6, 219, 527, 68, 0, 4.18%, 0, 0, 3, 166.21
1494144502, 6, 223, 527, 68, 0, 4.18%, 0, 0, 3, 164.16
1494144507, 6, 225, 527, 68, 0, 4.18%, 0, 0, 3, 172.07
1494144512, 6, 230, 527, 68, 0, 4.18%, 0, 0, 3, 166.86
1494144522, 6, 239, 527, 68, 0, 4.18%, 0, 0, 3, 172.10
1494144527, 6, 248, 527, 68, 0, 4.18%, 0, 0, 3, 166.75
1494144533, 6, 255, 527, 68, 0, 4.18%, 0, 0, 3, 153.24
1494144538, 6, 258, 527, 68, 0, 4.18%, 0, 0, 3, 168.64
1494144548, 6, 259, 527, 68, 0, 4.18%, 0, 0, 3, 31.90
1494144584, 6, 260, 527, 67, 0, 4.18%, 0, 0, 3, 112.16
1494144589, 6, 271, 527, 67, 0, 4.18%, 0, 0, 3, 148.46
1494144599, 6, 277, 527, 67, 0, 4.18%, 0, 0, 3, 138.97
1494144604, 6, 283, 527, 67, 0, 4.18%, 0, 0, 3, 121.83
1494144609, 6, 298, 527, 67, 0, 4.18%, 0, 0, 3, 130.49
1494144635, 6, 310, 527, 66, 0, 4.18%, 0, 0, 3, 147.57
1494144640, 6, 324, 527, 66, 0, 4.18%, 0, 0, 3, 115.16
1494144645, 6, 327, 527, 66, 0, 4.18%, 0, 0, 3, 147.26
1494144650, 6, 336, 527, 66, 0, 4.18%, 0, 0, 3, 146.41
1494144656, 6, 337, 527, 66, 0, 4.18%, 0, 0, 3, 121.71
1494144671, 6, 342, 527, 65, 0, 4.18%, 0, 0, 3, 136.74
1494144676, 6, 344, 527, 64, 0, 4.18%, 0, 0, 3, 112.42
1494144681, 6, 347, 527, 64, 0, 4.18%, 0, 0, 3, 115.73
1494144697, 6, 353, 527, 63, 0, 4.18%, 0, 0, 3, 155.53
1494144702, 6, 354, 527, 63, 0, 4.18%, 0, 0, 3, 146.13
1494144707, 6, 358, 527, 63, 0, 4.18%, 0, 0, 3, 162.17
1494144712, 6, 361, 527, 63, 0, 4.18%, 0, 0, 3, 144.16
1494144717, 6, 365, 527, 63, 0, 4.18%, 0, 0, 3, 141.27
1494144722, 6, 366, 527, 63, 0, 4.18%, 0, 0, 3, 151.65
1494144732, 6, 375, 527, 62, 0, 4.18%, 0, 0, 3, 104.22
1494144737, 6, 378, 527, 62, 0, 4.18%, 0, 0, 3, 147.78
1494144742, 6, 381, 527, 62, 0, 4.18%, 0, 0, 3, 149.52
1494144753, 6, 387, 527, 61, 0, 4.18%, 0, 0, 3, 165.40
1494144758, 6, 396, 527, 61, 0, 4.18%, 0, 0, 3, 161.89
1494144763, 6, 400, 527, 60, 0, 4.18%, 0, 0, 3, 159.34
1494144768, 6, 401, 527, 60, 0, 4.18%, 0, 0, 3, 86.68
1494144773, 6, 405, 527, 59, 0, 4.18%, 0, 0, 3, 114.39
1494144778, 6, 406, 527, 59, 0, 4.18%, 0, 0, 3, 133.66
1494144783, 6, 408, 527, 59, 0, 4.18%, 0, 0, 3, 145.69
1494144788, 6, 416, 527, 59, 0, 4.18%, 0, 0, 3, 137.40
1494144793, 6, 417, 527, 59, 0, 4.18%, 0, 0, 3, 167.42
1494144799, 6, 420, 527, 59, 0, 4.18%, 0, 0, 3, 127.32
1494144814, 6, 426, 527, 58, 0, 4.18%, 0, 0, 3, 133.80
1494144819, 6, 429, 527, 58, 0, 4.18%, 0, 0, 3, 135.43
1494144824, 6, 433, 527, 58, 0, 4.18%, 0, 0, 3, 26.92
1494144830, 6, 434, 527, 57, 0, 4.18%, 0, 0, 3, 114.05
1494144835, 6, 438, 527, 57, 0, 4.18%, 0, 0, 3, 141.41
1494144840, 6, 445, 527, 57, 0, 4.18%, 0, 0, 3, 140.36
1494144845, 6, 447, 527, 57, 0, 4.18%, 0, 0, 3, 117.21
1494144850, 6, 461, 527, 57, 0, 4.18%, 0, 0, 3, 167.00
1494144855, 6, 463, 527, 57, 0, 4.18%, 0, 0, 3, 19.57
1494144906, 6, 465, 527, 56, 0, 4.18%, 0, 0, 3, 136.10
1494144912, 6, 467, 527, 56, 0, 4.18%, 0, 0, 3, 134.89
1494144917, 6, 474, 527, 56, 0, 4.18%, 0, 0, 3, 147.93
1494144922, 6, 475, 527, 56, 0, 4.18%, 0, 0, 3, 139.10
1494144927, 6, 484, 527, 56, 0, 4.18%, 0, 0, 3, 144.31
1494144932, 6, 490, 527, 56, 0, 4.18%, 0, 0, 3, 151.13
1494144942, 6, 498, 527, 56, 0, 4.18%, 0, 0, 3, 150.67
1494144947, 6, 499, 527, 56, 0, 4.18%, 0, 0, 3, 156.25
1494144952, 6, 500, 527, 55, 0, 4.18%, 0, 0, 3, 169.75
1494144957, 6, 506, 527, 55, 0, 4.18%, 0, 0, 3, 144.23
1494144978, 6, 513, 527, 54, 0, 4.18%, 0, 0, 3, 164.82
1494144983, 6, 520, 527, 54, 0, 4.18%, 0, 0, 3, 163.28
1494144993, 6, 525, 527, 54, 0, 4.18%, 0, 0, 3, 163.12
1494145014, 7, 0, 527, 53, 0, 4.18%, 0, 0, 3, 149.02
1494145029, 7, 1, 527, 53, 0, 4.18%, 0, 0, 3, 124.89
1494145034, 7, 2, 527, 53, 0, 4.18%, 0, 0, 3, 152.57
1494145044, 7, 4, 527, 53, 0, 4.18%, 0, 0, 3, 173.15
1494145049, 7, 7, 527, 53, 0, 4.18%, 0, 0, 3, 177.07
1494145060, 7, 8, 527, 53, 0, 4.18%, 0, 0, 3, 145.79
1494145065, 7, 11, 527, 53, 0, 4.18%, 0, 0, 3, 159.91
1494145070, 7, 13, 527, 53, 0, 4.18%, 0, 0, 3, 144.50
1494145080, 7, 14, 527, 53, 0, 4.18%, 0, 0, 3, 146.07
1494145085, 7, 15, 527, 53, 0, 4.18%, 0, 0, 3, 163.59
1494145090, 7, 17, 527, 53, 0, 4.18%, 0, 0, 3, 145.84
1494145095, 7, 20, 527, 53, 0, 4.18%, 0, 0, 3, 148.10
1494145106, 7, 21, 527, 53, 0, 4.18%, 0, 0, 3, 142.25
1494145111, 7, 23, 527, 53, 0, 4.18%, 0, 0, 3, 146.34
1494145116, 7, 26, 527, 53, 0, 4.18%, 0, 0, 3, 171.83
1494145121, 7, 28, 527, 53, 0, 4.18%, 0, 0, 3, 174.18
1494145132, 7, 29, 527, 53, 0, 4.18%, 0, 0, 3, 130.01
1494145137, 7, 30, 527, 53, 0, 4.18%, 0, 0, 3, 115.46
1494145142, 7, 32, 527, 53, 0, 4.18%, 0, 0, 3, 132.33
1494145152, 7, 38, 527, 53, 0, 4.18%, 0, 0, 3, 164.22
1494145157, 7, 40, 527, 53, 0, 4.18%, 0, 0, 3, 172.80
1494145168, 7, 42, 527, 53, 0, 4.18%, 0, 0, 3, 126.55
1494145173, 7, 43, 527, 53, 0, 4.18%, 0, 0, 3, 128.56
1494145178, 7, 45, 527, 53, 0, 4.18%, 0, 0, 3, 150.69
1494145183, 7, 46, 527, 53, 0, 4.18%, 0, 0, 3, 148.99
1494145188, 7, 47, 527, 53, 0, 4.18%, 0, 0, 3, 138.67
1494145194, 7, 48, 527, 53, 0, 4.18%, 0, 0, 3, 154.19
1494145199, 7, 49, 527, 53, 0, 4.18%, 0, 0, 3, 171.75
1494145204, 7, 51, 527, 53, 0, 4.18%, 0, 0, 3, 176.32
1494145209, 7, 53, 527, 53, 0, 4.18%, 0, 0, 3, 152.34
1494145219, 7, 57, 527, 53, 0, 4.18%, 0, 0, 3, 136.29
1494145224, 7, 58, 527, 53, 0, 4.18%, 0, 0, 3, 164.95
1494145230, 7, 59, 527, 53, 0, 4.18%, 0, 0, 3, 149.05
1494145235, 7, 60, 527, 53, 0, 4.18%, 0, 0, 3, 147.40
1494145240, 7, 61, 527, 53, 0, 4.18%, 0, 0, 3, 146.57
1494145245, 7, 62, 527, 53, 0, 4.18%, 0, 0, 3, 153.47
1494145250, 7, 64, 527, 53, 0, 4.18%, 0, 0, 3, 148.91
1494145255, 7, 67, 527, 53, 0, 4.18%, 0, 0, 3, 163.17
1494145260, 7, 70, 527, 53, 0, 4.18%, 0, 0, 3, 144.70
1494145266, 7, 72, 527, 53, 0, 4.18%, 0, 0, 3, 148.51
1494145271, 7, 73, 527, 53, 0, 4.18%, 0, 0, 3, 164.15
1494145276, 7, 75, 527, 53, 0, 4.18%, 0, 0, 3, 158.54
1494145281, 7, 78, 527, 53, 0, 4.18%, 0, 0, 3, 146.77
1494145286, 7, 79, 527, 53, 0, 4.18%, 0, 0, 3, 152.77
1494145291, 7, 81, 527, 53, 0, 4.18%, 0, 0, 3, 164.57
1494145296, 7, 83, 527, 53, 0, 4.18%, 0, 0, 3, 145.38
1494145301, 7, 86, 527, 53, 0, 4.18%, 0, 0, 3, 171.47
1494145306, 7, 89, 527, 53, 0, 4.18%, 0, 0, 3, 161.72
1494145311, 7, 91, 527, 53, 0, 4.18%, 0, 0, 3, 172.52
1494145317, 7, 94, 527, 53, 0, 4.18%, 0, 0, 3, 175.13
1494145322, 7, 95, 527, 53, 0, 4.18%, 0, 0, 3, 155.54
1494145327, 7, 97, 527, 53, 0, 4.18%, 0, 0, 3, 160.51
1494145332, 7, 99, 527, 53, 0, 4.18%, 0, 0, 3, 175.67
1494145337, 7, 103, 527, 53, 0, 4.18%, 0, 0, 3, 154.46
1494145342, 7, 104, 527, 53, 0, 4.18%, 0, 0, 3, 137.14
1494145347, 7, 106, 527, 53, 0, 4.18%, 0, 0, 3, 141.64
1494145352, 7, 107, 527, 53, 0, 4.18%, 0, 0, 3, 140.17
1494145357, 7, 112, 527, 53, 0, 4.18%, 0, 0, 3, 165.32
1494145362, 7, 114, 527, 52, 0, 4.18%, 0, 0, 3, 172.38
1494145373, 7, 121, 527, 52, 0, 4.18%, 0, 0, 3, 148.78
1494145378, 7, 127, 527, 52, 0, 4.18%, 0, 0, 3, 156.97
1494145383, 7, 132, 527, 52, 0, 4.18%, 0, 0, 3, 185.18
1494145388, 7, 133, 527, 52, 0, 4.18%, 0, 0, 3, 169.80
1494145393, 7, 136, 527, 52, 0, 4.18%, 0, 0, 3, 155.87
1494145398, 7, 139, 527, 52, 0, 4.18%, 0, 0, 3, 154.77
1494145403, 7, 140, 527, 52, 0, 4.18%, 0, 0, 3, 157.12
1494145409, 7, 147, 527, 52, 0, 4.18%, 0, 0, 3, 179.02
1494145419, 7, 149, 527, 52, 0, 4.18%, 0, 0, 3, 173.32
1494145424, 7, 157, 527, 52, 0, 4.18%, 0, 0, 3, 54.74
1494145434, 7, 161, 527, 52, 0, 4.18%, 0, 0, 3, 154.38
1494145439, 7, 172, 527, 52, 0, 4.18%, 0, 0, 3, 24.26
1494145518, 7, 175, 527, 51, 0, 4.18%, 0, 0, 3, 8.03
1494145523, 7, 180, 527, 51, 0, 4.18%, 0, 0, 3, 170.47
1494145528, 7, 183, 527, 51, 0, 4.18%, 0, 0, 3, 166.68
1494145533, 7, 187, 527, 51, 0, 4.18%, 0, 0, 3, 158.28
1494145538, 7, 189, 527, 51, 0, 4.18%, 0, 0, 3, 156.98
1494145543, 7, 193, 527, 51, 0, 4.18%, 0, 0, 3, 136.97
1494145549, 7, 195, 527, 50, 0, 4.18%, 0, 0, 3, 159.27
1494145559, 7, 197, 527, 50, 0, 4.18%, 0, 0, 3, 131.07
1494145564, 7, 198, 527, 49, 0, 4.18%, 0, 0, 3, 158.76
1494145569, 7, 201, 527, 49, 0, 4.18%, 0, 0, 3, 155.22
1494145574, 7, 202, 527, 49, 0, 4.18%, 0, 0, 3, 172.91
1494145579, 7, 205, 527, 49, 0, 4.18%, 0, 0, 3, 178.68
1494145584, 7, 207, 527, 49, 0, 4.18%, 0, 0, 3, 159.09
1494145590, 7, 210, 527, 49, 0, 4.18%, 0, 0, 3, 128.23
1494145595, 7, 214, 527, 48, 0, 4.18%, 0, 0, 3, 148.91
1494145600, 7, 216, 527, 48, 0, 4.18%, 0, 0, 3, 174.61
1494145605, 7, 219, 527, 47, 0, 4.18%, 0, 0, 3, 168.91
1494145610, 7, 220, 527, 47, 0, 4.18%, 0, 0, 3, 164.67
1494145615, 7, 225, 527, 46, 0, 4.18%, 0, 0, 3, 156.26
1494145626, 7, 230, 527, 46, 0, 4.18%, 0, 0, 3, 182.78
1494145631, 7, 239, 527, 46, 0, 4.18%, 0, 0, 3, 182.73
1494145636, 7, 248, 527, 46, 0, 4.18%, 0, 0, 3, 163.75
1494145641, 7, 253, 527, 46, 0, 4.18%, 0, 0, 3, 169.05
1494145646, 7, 258, 527, 45, 0, 4.18%, 0, 0, 3, 156.50
1494145656, 7, 268, 527, 45, 0, 4.18%, 0, 0, 3, 142.53
1494145661, 7, 271, 527, 45, 0, 4.18%, 0, 0, 3, 170.38
1494145666, 7, 277, 527, 45, 0, 4.18%, 0, 0, 3, 151.66
1494145671, 7, 283, 527, 45, 0, 4.18%, 0, 0, 3, 149.00
1494145677, 7, 310, 527, 45, 0, 4.18%, 0, 0, 3, 155.44
1494145682, 7, 317, 527, 45, 0, 4.18%, 0, 0, 3, 162.31
1494145687, 7, 324, 527, 44, 0, 4.18%, 0, 0, 3, 155.91
1494145692, 7, 327, 527, 44, 0, 4.18%, 0, 0, 3, 98.47
1494145697, 7, 336, 527, 44, 0, 4.18%, 0, 0, 3, 162.80
1494145702, 7, 340, 527, 44, 0, 4.18%, 0, 0, 3, 160.10
1494145707, 7, 353, 527, 44, 0, 4.18%, 0, 0, 3, 163.77
1494145712, 7, 354, 527, 44, 0, 4.18%, 0, 0, 3, 152.69
1494145717, 7, 358, 527, 44, 0, 4.18%, 0, 0, 3, 157.20
1494145722, 7, 361, 527, 44, 0, 4.18%, 0, 0, 3, 132.37
1494145728, 7, 365, 527, 44, 0, 4.18%, 0, 0, 3, 153.73
1494145733, 7, 375, 527, 44, 0, 4.18%, 0, 0, 3, 31.09
1494145738, 7, 378, 527, 44, 0, 4.18%, 0, 0, 3, 114.05
1494145743, 7, 380, 527, 44, 0, 4.18%, 0, 0, 3, 152.94
1494145748, 7, 385, 527, 44, 0, 4.18%, 0, 0, 3, 121.67
1494145753, 7, 387, 527, 43, 0, 4.18%, 0, 0, 3, 164.21
1494145758, 7, 394, 527, 43, 0, 4.18%, 0, 0, 3, 161.57
1494145763, 7, 405, 527, 43, 0, 4.18%, 0, 0, 3, 162.42
1494145768, 7, 406, 527, 43, 0, 4.18%, 0, 0, 3, 150.98
1494145774, 7, 408, 527, 43, 0, 4.18%, 0, 0, 3, 141.11
1494145779, 7, 414, 527, 43, 0, 4.18%, 0, 0, 3, 110.45
1494145799, 7, 416, 527, 42, 0, 4.18%, 0, 0, 3, 94.29
1494145804, 7, 417, 527, 42, 0, 4.18%, 0, 0, 3, 92.67
1494145809, 7, 426, 527, 42, 0, 4.18%, 0, 0, 3, 156.56
1494145815, 7, 429, 527, 42, 0, 4.18%, 0, 0, 3, 138.04
1494145820, 7, 432, 527, 42, 0, 4.18%, 0, 0, 3, 140.94
1494145835, 7, 434, 527, 41, 0, 4.18%, 0, 0, 3, 173.79
1494145840, 7, 441, 527, 41, 0, 4.18%, 0, 0, 3, 158.11
1494145845, 7, 446, 527, 41, 0, 4.18%, 0, 0, 3, 141.55
1494145850, 7, 447, 527, 41, 0, 4.18%, 0, 0, 3, 114.83
1494145856, 7, 454, 527, 41, 0, 4.18%, 0, 0, 3, 119.06
1494145866, 7, 459, 527, 40, 0, 4.18%, 0, 0, 3, 128.98
1494145871, 7, 465, 527, 40, 0, 4.18%, 0, 0, 3, 141.66
1494145876, 7, 467, 527, 40, 0, 4.18%, 0, 0, 3, 134.55
1494145881, 7, 474, 527, 40, 0, 4.18%, 0, 0, 3, 137.87
1494145886, 7, 475, 527, 40, 0, 4.18%, 0, 0, 3, 138.79
1494145892, 7, 484, 527, 40, 0, 4.18%, 0, 0, 3, 139.26
1494145897, 7, 489, 527, 40, 0, 4.18%, 0, 0, 3, 107.49
1494145902, 7, 494, 527, 40, 0, 4.18%, 0, 0, 3, 152.07
1494145907, 7, 498, 527, 40, 0, 4.18%, 0, 0, 3, 170.20
1494145912, 7, 501, 527, 40, 0, 4.18%, 0, 0, 3, 169.14
1494145917, 7, 510, 527, 39, 0, 4.18%, 0, 0, 3, 175.70
1494145922, 7, 514, 527, 39, 0, 4.18%, 0, 0, 3, 147.14
1494145927, 7, 520, 527, 39, 0, 4.18%, 0, 0, 3, 142.01
1494145937, 8, 0, 527, 39, 0, 4.18%, 0, 0, 3, 145.43
1494145948, 8, 1, 527, 39, 0, 4.18%, 0, 0, 3, 129.16
1494145958, 8, 2, 527, 39, 0, 4.18%, 0, 0, 3, 140.92
1494145968, 8, 4, 527, 39, 0, 4.18%, 0, 0, 3, 174.72
1494145973, 8, 7, 527, 39, 0, 4.18%, 0, 0, 3, 167.60
1494145984, 8, 11, 527, 39, 0, 4.18%, 0, 0, 3, 176.21
1494145994, 8, 13, 527, 39, 0, 4.18%, 0, 0, 3, 152.65
1494145999, 8, 14, 527, 39, 0, 4.18%, 0, 0, 3, 143.87
1494146009, 8, 17, 527, 39, 0, 4.18%, 0, 0, 3, 157.48
1494146020, 8, 20, 527, 39, 0, 4.18%, 0, 0, 3, 159.81
1494146025, 8, 21, 527, 39, 0, 4.18%, 0, 0, 3, 125.05
1494146030, 8, 23, 527, 39, 0, 4.18%, 0, 0, 3, 129.66
1494146040, 8, 26, 527, 39, 0, 4.18%, 0, 0, 3, 163.55
1494146045, 8, 28, 528, 40, 0, 4.18%, 0, 0, 3, 154.23
1494146050, 8, 29, 528, 40, 0, 4.18%, 0, 0, 3, 154.86
1494146061, 8, 30, 528, 40, 0, 4.18%, 0, 0, 3, 134.13
1494146066, 8, 32, 528, 40, 0, 4.18%, 0, 0, 3, 130.48
1494146071, 8, 33, 528, 40, 0, 4.18%, 0, 0, 3, 164.99
