# unix_time, cycles_done, cur_path, paths_total, pending_total, pending_favs, map_size, unique_crashes, unique_hangs, max_depth, execs_per_sec
1493995284, 0, 0, 8, 8, 8, 2.76%, 0, 0, 1, 45.16
1493995289, 0, 0, 140, 139, 7, 3.05%, 0, 0, 2, 686.45
1493995295, 0, 4, 171, 167, 66, 3.10%, 0, 0, 2, 487.00
1493995300, 0, 8, 188, 180, 67, 3.14%, 0, 0, 2, 4.81
1493995306, 0, 61, 205, 187, 62, 3.17%, 0, 0, 3, 907.82
1493995311, 0, 93, 216, 190, 60, 3.22%, 0, 0, 3, 789.34
1493995316, 0, 108, 229, 197, 59, 3.24%, 0, 0, 3, 939.31
1493995321, 0, 129, 236, 199, 56, 3.24%, 0, 0, 3, 550.12
1493995326, 0, 147, 239, 194, 49, 3.25%, 0, 0, 3, 786.66
1493995332, 0, 167, 239, 185, 40, 3.25%, 0, 0, 3, 18.88
1493995337, 0, 179, 243, 183, 34, 3.26%, 0, 0, 3, 67.23
1493995342, 0, 201, 256, 187, 24, 3.26%, 0, 0, 3, 11.99
1493995347, 0, 229, 271, 192, 19, 3.35%, 0, 0, 4, 19.44
1493995352, 0, 254, 276, 188, 14, 3.37%, 0, 0, 4, 691.02
1493995357, 0, 277, 286, 186, 5, 3.37%, 0, 0, 4, 79.89
1493995356, 0, 278, 288, 187, 5, 3.39%, 0, 0, 4, 0.00
1493995362, 1, 119, 295, 186, 0, 3.39%, 0, 0, 4, 108.61
1493995362, 1, 125, 295, 186, 0, 3.39%, 0, 0, 4, 0.00
1493995367, 1, 296, 298, 185, 2, 3.39%, 0, 0, 4, 80.08
1493995372, 3, 1, 299, 182, 0, 3.40%, 0, 0, 4, 540.43
1493995371, 3, 2, 299, 182, 0, 3.40%, 0, 0, 4, 0.00
1493995377, 3, 300, 303, 185, 3, 3.41%, 0, 0, 4, 41.94
1493995382, 4, 93, 307, 184, 2, 3.41%, 0, 0, 4, 35.11
1493995387, 4, 310, 311, 184, 1, 3.41%, 0, 0, 4, 71.77
1493995392, 5, 25, 312, 179, 0, 3.41%, 0, 0, 4, 71.13
1493995397, 5, 59, 314, 174, 0, 3.41%, 0, 0, 4, 75.44
1493995402, 5, 87, 315, 167, 0, 3.41%, 0, 0, 4, 25.33
1493995407, 5, 121, 316, 163, 0, 3.41%, 0, 0, 4, 17.54
1493995412, 5, 317, 320, 164, 3, 3.48%, 0, 0, 4, 103.54
1493995417, 5, 320, 321, 162, 1, 3.48%, 0, 0, 4, 18.95
1493995422, 5, 322, 329, 168, 7, 3.54%, 0, 0, 4, 80.06
1493995427, 5, 326, 330, 165, 3, 3.54%, 0, 0, 4, 107.28
1493995432, 5, 329, 330, 162, 0, 3.54%, 0, 0, 4, 25.28
1493995431, 5, 329, 331, 163, 0, 3.55%, 0, 0, 4, 0.00
