# unix_time, cycles_done, cur_path, paths_total, pending_total, pending_favs, map_size, unique_crashes, unique_hangs, max_depth, execs_per_sec
1494112978, 0, 0, 508, 508, 178, 4.16%, 0, 0, 2, 67.15
1494112988, 0, 0, 508, 507, 177, 4.16%, 0, 0, 2, 100.59
1494112993, 0, 0, 509, 508, 177, 4.16%, 0, 0, 2, 76.02
1494112998, 0, 0, 510, 509, 177, 4.16%, 0, 0, 2, 60.19
1494113003, 0, 0, 511, 510, 177, 4.16%, 0, 0, 2, 66.68
1494113173, 0, 1, 511, 510, 177, 4.16%, 0, 0, 2, 81.01
1494113178, 0, 2, 511, 509, 176, 4.16%, 0, 0, 2, 108.49
1494113183, 0, 4, 511, 507, 174, 4.16%, 0, 0, 2, 161.31
1494113188, 0, 7, 511, 505, 172, 4.16%, 0, 0, 2, 153.63
1494113193, 0, 11, 511, 503, 170, 4.16%, 0, 0, 2, 156.08
1494113198, 0, 13, 511, 502, 169, 4.16%, 0, 0, 2, 136.16
1494113203, 0, 14, 511, 501, 168, 4.16%, 0, 0, 2, 90.20
1494113208, 0, 15, 511, 500, 167, 4.16%, 0, 0, 2, 142.29
1494113213, 0, 20, 511, 498, 165, 4.16%, 0, 0, 2, 151.53
1494113219, 0, 21, 511, 497, 164, 4.16%, 0, 0, 2, 143.87
1494113224, 0, 23, 511, 496, 163, 4.16%, 0, 0, 2, 149.02
1494113229, 0, 29, 511, 493, 160, 4.16%, 0, 0, 2, 154.37
1494113239, 0, 30, 511, 492, 159, 4.16%, 0, 0, 2, 114.14
1494113244, 0, 33, 511, 491, 158, 4.16%, 0, 0, 2, 123.08
1494113249, 0, 39, 511, 489, 156, 4.16%, 0, 0, 2, 147.67
1494113254, 0, 41, 511, 488, 155, 4.16%, 0, 0, 2, 155.30
1494113260, 0, 42, 511, 487, 154, 4.16%, 0, 0, 2, 155.59
1494113265, 0, 43, 511, 486, 153, 4.16%, 0, 0, 2, 151.74
1494113275, 0, 44, 511, 485, 152, 4.16%, 0, 0, 2, 119.36
1494113280, 0, 46, 511, 483, 150, 4.16%, 0, 0, 2, 113.50
1494113285, 0, 47, 511, 482, 149, 4.16%, 0, 0, 2, 124.67
1494113290, 0, 49, 511, 481, 148, 4.16%, 0, 0, 2, 87.24
1494113295, 0, 50, 511, 480, 147, 4.16%, 0, 0, 2, 15.29
1494113301, 0, 52, 511, 479, 146, 4.16%, 0, 0, 2, 172.40
1494113306, 0, 54, 511, 478, 145, 4.16%, 0, 0, 2, 176.46
1494113311, 0, 55, 511, 477, 144, 4.16%, 0, 0, 2, 183.93
1494113316, 0, 58, 511, 475, 143, 4.16%, 0, 0, 2, 137.15
1494113326, 0, 60, 511, 474, 142, 4.16%, 0, 0, 2, 112.63
1494113332, 0, 61, 511, 473, 141, 4.16%, 0, 0, 2, 32.80
1494113337, 0, 62, 511, 472, 140, 4.16%, 0, 0, 2, 84.64
1494113347, 0, 65, 511, 470, 138, 4.16%, 0, 0, 2, 115.08
1494113357, 0, 69, 511, 468, 136, 4.16%, 0, 0, 2, 107.50
1494113362, 0, 71, 511, 467, 135, 4.16%, 0, 0, 2, 92.57
1494113367, 0, 72, 511, 466, 134, 4.16%, 0, 0, 2, 113.90
1494113372, 0, 74, 511, 465, 133, 4.16%, 0, 0, 2, 110.76
1494113378, 0, 75, 511, 464, 132, 4.16%, 0, 0, 2, 121.59
1494113383, 0, 77, 511, 463, 131, 4.16%, 0, 0, 2, 155.55
1494113388, 0, 79, 511, 462, 130, 4.16%, 0, 0, 2, 117.56
1494113393, 0, 81, 511, 460, 128, 4.16%, 0, 0, 2, 113.44
1494113403, 0, 85, 511, 458, 126, 4.16%, 0, 0, 2, 125.14
1494113408, 0, 87, 511, 457, 125, 4.16%, 0, 0, 2, 158.32
1494113413, 0, 88, 511, 456, 124, 4.16%, 0, 0, 2, 122.23
1494113419, 0, 89, 511, 455, 123, 4.16%, 0, 0, 2, 103.44
1494113424, 0, 92, 511, 453, 121, 4.16%, 0, 0, 2, 150.72
1494113429, 0, 96, 511, 452, 120, 4.16%, 0, 0, 2, 121.36
1494113434, 0, 97, 511, 451, 119, 4.16%, 0, 0, 2, 93.24
1494113439, 0, 98, 511, 450, 118, 4.16%, 0, 0, 2, 119.85
1494113444, 0, 99, 511, 449, 117, 4.16%, 0, 0, 2, 112.71
1494113449, 0, 105, 511, 447, 115, 4.16%, 0, 0, 2, 125.62
1494113459, 0, 106, 511, 446, 114, 4.16%, 0, 0, 2, 41.96
1494113470, 0, 107, 511, 445, 113, 4.16%, 0, 0, 2, 77.49
1494113475, 0, 108, 511, 444, 112, 4.16%, 0, 0, 2, 89.32
1494113485, 0, 110, 511, 443, 111, 4.16%, 0, 0, 2, 144.89
1494113490, 0, 117, 511, 442, 110, 4.16%, 0, 0, 2, 143.26
1494113495, 0, 119, 511, 441, 109, 4.16%, 0, 0, 2, 167.91
1494113500, 0, 125, 511, 440, 108, 4.16%, 0, 0, 2, 91.51
1494113505, 0, 127, 511, 439, 107, 4.16%, 0, 0, 2, 177.65
1494113510, 0, 128, 511, 438, 106, 4.16%, 0, 0, 2, 130.69
1494113521, 0, 131, 511, 437, 105, 4.16%, 0, 0, 2, 171.86
1494113526, 0, 137, 511, 435, 103, 4.16%, 0, 0, 2, 163.20
1494113536, 0, 139, 511, 434, 102, 4.16%, 0, 0, 2, 89.13
1494113546, 0, 143, 511, 432, 100, 4.16%, 0, 0, 2, 151.45
1494113551, 0, 144, 511, 431, 99, 4.16%, 0, 0, 2, 100.39
1494113557, 0, 148, 511, 430, 98, 4.16%, 0, 0, 2, 128.94
1494113562, 0, 150, 511, 429, 97, 4.16%, 0, 0, 2, 169.41
1494113572, 0, 160, 511, 428, 96, 4.16%, 0, 0, 2, 108.39
1494113577, 0, 167, 511, 427, 95, 4.16%, 0, 0, 2, 90.96
1494113587, 0, 171, 511, 426, 94, 4.16%, 0, 0, 2, 131.56
1494113597, 0, 172, 511, 425, 93, 4.16%, 0, 0, 2, 129.33
1494113602, 0, 173, 511, 424, 92, 4.16%, 0, 0, 2, 172.28
1494113608, 0, 182, 511, 423, 91, 4.16%, 0, 0, 2, 164.01
1494113613, 0, 183, 511, 422, 90, 4.16%, 0, 0, 2, 171.42
1494113618, 0, 186, 511, 421, 89, 4.16%, 0, 0, 2, 169.63
1494113623, 0, 189, 511, 420, 88, 4.16%, 0, 0, 2, 173.65
1494113628, 0, 191, 511, 419, 87, 4.16%, 0, 0, 2, 165.39
1494113638, 0, 193, 511, 418, 86, 4.16%, 0, 0, 2, 128.74
1494113643, 0, 195, 511, 417, 85, 4.16%, 0, 0, 2, 141.95
1494113648, 0, 196, 511, 416, 84, 4.16%, 0, 0, 2, 175.74
1494113653, 0, 197, 511, 415, 83, 4.16%, 0, 0, 2, 120.65
1494113664, 0, 201, 511, 413, 81, 4.16%, 0, 0, 2, 112.60
1494113674, 0, 203, 511, 412, 80, 4.16%, 0, 0, 2, 155.58
1494113679, 0, 207, 511, 411, 79, 4.16%, 0, 0, 2, 178.73
1494113684, 0, 208, 511, 410, 78, 4.16%, 0, 0, 2, 173.52
1494113694, 0, 213, 511, 408, 77, 4.16%, 0, 0, 2, 183.29
1494113704, 0, 215, 511, 407, 76, 4.16%, 0, 0, 2, 95.53
1494113710, 0, 217, 511, 406, 75, 4.16%, 0, 0, 2, 119.24
1494113715, 0, 218, 511, 405, 74, 4.16%, 0, 0, 2, 114.24
1494113751, 0, 219, 511, 404, 73, 4.16%, 0, 0, 2, 105.19
1494113761, 0, 229, 511, 402, 71, 4.16%, 0, 0, 2, 134.22
1494113766, 0, 231, 511, 401, 70, 4.16%, 0, 0, 2, 149.66
1494113776, 0, 239, 511, 400, 69, 4.16%, 0, 0, 2, 22.99
1494113782, 0, 240, 511, 399, 68, 4.16%, 0, 0, 2, 172.40
1494113787, 0, 243, 511, 398, 68, 4.16%, 0, 0, 2, 171.45
1494113792, 0, 250, 511, 397, 67, 4.16%, 0, 0, 2, 180.76
1494113797, 0, 254, 511, 395, 65, 4.16%, 0, 0, 2, 149.89
1494113807, 0, 258, 511, 394, 64, 4.16%, 0, 0, 2, 16.45
1494113812, 0, 261, 511, 393, 63, 4.16%, 0, 0, 2, 124.93
1494113817, 0, 263, 511, 392, 62, 4.16%, 0, 0, 2, 154.46
1494113823, 0, 265, 511, 391, 61, 4.16%, 0, 0, 2, 170.20
1494113833, 0, 268, 511, 389, 59, 4.16%, 0, 0, 2, 145.73
1494113838, 0, 271, 511, 388, 58, 4.16%, 0, 0, 2, 123.10
1494113843, 0, 273, 511, 387, 57, 4.16%, 0, 0, 2, 152.27
1494113853, 0, 279, 511, 386, 56, 4.16%, 0, 0, 2, 107.26
1494113858, 0, 283, 511, 385, 55, 4.16%, 0, 0, 2, 154.93
1494113864, 0, 286, 511, 384, 54, 4.16%, 0, 0, 2, 136.23
1494113879, 0, 288, 511, 383, 53, 4.16%, 0, 0, 2, 87.54
1494113884, 0, 292, 511, 382, 52, 4.16%, 0, 0, 2, 152.97
1494113889, 0, 293, 511, 381, 51, 4.16%, 0, 0, 2, 107.43
1494113894, 0, 295, 511, 380, 50, 4.16%, 0, 0, 2, 161.86
1494113899, 0, 296, 511, 379, 49, 4.16%, 0, 0, 2, 111.90
1494113920, 0, 300, 511, 378, 48, 4.16%, 0, 0, 2, 120.77
1494113930, 0, 323, 511, 377, 47, 4.16%, 0, 0, 2, 33.91
1494113960, 0, 325, 511, 376, 46, 4.16%, 0, 0, 2, 140.50
1494113966, 0, 339, 511, 375, 45, 4.16%, 0, 0, 2, 26.38
1494114053, 0, 344, 511, 374, 44, 4.16%, 0, 0, 2, 147.71
1494114058, 0, 352, 511, 373, 43, 4.16%, 0, 0, 2, 115.97
1494114089, 0, 362, 511, 372, 42, 4.16%, 0, 0, 2, 146.38
1494114094, 0, 366, 511, 371, 41, 4.16%, 0, 0, 2, 104.58
1494114099, 0, 367, 511, 370, 40, 4.16%, 0, 0, 2, 114.90
1494114104, 0, 375, 511, 369, 39, 4.16%, 0, 0, 2, 145.10
1494114110, 0, 377, 511, 368, 38, 4.16%, 0, 0, 2, 22.15
1494114115, 0, 378, 511, 367, 37, 4.16%, 0, 0, 2, 91.53
1494114192, 0, 383, 511, 366, 36, 4.16%, 0, 0, 2, 75.91
1494114202, 0, 384, 511, 365, 35, 4.16%, 0, 0, 2, 101.87
1494114207, 0, 389, 511, 364, 34, 4.16%, 0, 0, 2, 98.08
1494114217, 0, 394, 511, 363, 33, 4.16%, 0, 0, 2, 48.17
1494114289, 0, 399, 511, 362, 32, 4.16%, 0, 0, 2, 74.30
1494114294, 0, 407, 511, 361, 31, 4.16%, 0, 0, 2, 109.45
1494114304, 0, 414, 511, 360, 30, 4.16%, 0, 0, 2, 131.37
1494114309, 0, 420, 511, 358, 28, 4.16%, 0, 0, 2, 87.96
1494114314, 0, 423, 511, 357, 27, 4.16%, 0, 0, 2, 96.02
1494114324, 0, 426, 511, 356, 26, 4.16%, 0, 0, 2, 79.33
1494114335, 0, 427, 511, 355, 25, 4.16%, 0, 0, 2, 119.80
1494114340, 0, 428, 511, 354, 24, 4.16%, 0, 0, 2, 52.30
1494114345, 0, 429, 511, 353, 23, 4.16%, 0, 0, 2, 89.71
1494114350, 0, 430, 511, 352, 22, 4.16%, 0, 0, 2, 94.24
1494114360, 0, 438, 511, 350, 20, 4.16%, 0, 0, 2, 109.20
1494114427, 0, 439, 511, 349, 19, 4.16%, 0, 0, 2, 110.21
1494114432, 0, 447, 511, 348, 18, 4.16%, 0, 0, 2, 94.63
1494114437, 0, 450, 511, 347, 17, 4.16%, 0, 0, 2, 101.08
1494114447, 0, 452, 511, 346, 16, 4.16%, 0, 0, 2, 84.98
1494114468, 0, 454, 511, 345, 15, 4.16%, 0, 0, 2, 84.94
1494114478, 0, 455, 511, 344, 14, 4.16%, 0, 0, 2, 124.10
1494114483, 0, 457, 511, 342, 12, 4.16%, 0, 0, 2, 129.11
1494114493, 0, 459, 511, 341, 11, 4.16%, 0, 0, 2, 136.83
1494114498, 0, 467, 511, 339, 9, 4.16%, 0, 0, 2, 9.66
1494114586, 0, 472, 511, 338, 8, 4.16%, 0, 0, 2, 177.64
1494114596, 0, 479, 511, 337, 7, 4.16%, 0, 0, 2, 93.67
1494114601, 0, 482, 511, 336, 6, 4.16%, 0, 0, 2, 99.94
1494114606, 0, 487, 511, 335, 5, 4.16%, 0, 0, 2, 84.84
1494114616, 0, 489, 511, 334, 4, 4.16%, 0, 0, 2, 83.22
1494114627, 0, 496, 511, 333, 3, 4.16%, 0, 0, 2, 75.17
1494114632, 0, 499, 511, 332, 2, 4.16%, 0, 0, 2, 92.97
1494114642, 0, 508, 511, 331, 1, 4.16%, 0, 0, 2, 91.21
1494114647, 1, 0, 511, 330, 0, 4.16%, 0, 0, 2, 115.52
1494114652, 1, 2, 511, 330, 0, 4.16%, 0, 0, 2, 145.74
1494114657, 1, 4, 511, 330, 0, 4.16%, 0, 0, 2, 166.74
1494114662, 1, 7, 511, 329, 0, 4.16%, 0, 0, 2, 165.37
1494114667, 1, 10, 511, 329, 0, 4.16%, 0, 0, 2, 195.53
1494114672, 1, 13, 511, 328, 0, 4.16%, 0, 0, 2, 169.96
1494114678, 1, 15, 511, 328, 0, 4.16%, 0, 0, 2, 152.97
1494114683, 1, 17, 511, 328, 0, 4.16%, 0, 0, 2, 18.06
1494114688, 1, 19, 511, 328, 0, 4.16%, 0, 0, 2, 148.95
1494114693, 1, 21, 511, 327, 0, 4.16%, 0, 0, 2, 170.35
1494114698, 1, 25, 511, 327, 0, 4.16%, 0, 0, 2, 154.73
1494114703, 1, 26, 511, 326, 0, 4.16%, 0, 0, 2, 163.52
1494114708, 1, 29, 511, 325, 0, 4.16%, 0, 0, 2, 152.04
1494114713, 1, 30, 511, 325, 0, 4.16%, 0, 0, 2, 158.27
1494114719, 1, 32, 511, 324, 0, 4.16%, 0, 0, 2, 137.54
1494114724, 1, 33, 511, 323, 0, 4.16%, 0, 0, 2, 142.35
1494114729, 1, 36, 511, 323, 0, 4.16%, 0, 0, 2, 157.72
1494114734, 1, 41, 511, 322, 0, 4.16%, 0, 0, 2, 180.11
1494114739, 1, 42, 511, 322, 0, 4.16%, 0, 0, 2, 173.02
1494114744, 1, 43, 511, 322, 0, 4.16%, 0, 0, 2, 154.64
1494114749, 1, 45, 511, 322, 0, 4.16%, 0, 0, 2, 171.21
1494114754, 1, 47, 511, 322, 0, 4.16%, 0, 0, 2, 154.60
1494114759, 1, 49, 511, 322, 0, 4.16%, 0, 0, 2, 148.18
1494114764, 1, 52, 511, 322, 0, 4.16%, 0, 0, 2, 173.42
1494114770, 1, 54, 511, 322, 0, 4.16%, 0, 0, 2, 177.21
1494114775, 1, 56, 511, 322, 0, 4.16%, 0, 0, 2, 177.12
1494114780, 1, 58, 511, 322, 0, 4.16%, 0, 0, 2, 159.14
1494114785, 1, 60, 511, 322, 0, 4.16%, 0, 0, 2, 131.00
1494114790, 1, 62, 511, 322, 0, 4.16%, 0, 0, 2, 137.21
1494114795, 1, 63, 511, 322, 0, 4.16%, 0, 0, 2, 121.76
1494114800, 1, 66, 511, 322, 0, 4.16%, 0, 0, 2, 123.34
1494114805, 1, 68, 511, 321, 0, 4.16%, 0, 0, 2, 152.07
1494114811, 1, 69, 511, 320, 0, 4.16%, 0, 0, 2, 166.77
1494114816, 1, 72, 511, 320, 0, 4.16%, 0, 0, 2, 138.72
1494114821, 1, 75, 511, 320, 0, 4.16%, 0, 0, 2, 145.19
1494114826, 1, 77, 511, 320, 0, 4.16%, 0, 0, 2, 154.74
1494114831, 1, 80, 511, 320, 0, 4.16%, 0, 0, 2, 171.89
1494114836, 1, 84, 511, 320, 0, 4.16%, 0, 0, 2, 149.74
1494114841, 1, 87, 511, 320, 0, 4.16%, 0, 0, 2, 158.86
1494114846, 1, 88, 511, 320, 0, 4.16%, 0, 0, 2, 155.51
1494114851, 1, 91, 511, 320, 0, 4.16%, 0, 0, 2, 151.95
1494114857, 1, 95, 511, 320, 0, 4.16%, 0, 0, 2, 161.82
1494114867, 1, 97, 511, 319, 0, 4.16%, 0, 0, 2, 152.78
1494114872, 1, 99, 511, 319, 0, 4.16%, 0, 0, 2, 152.72
1494114877, 1, 103, 511, 319, 0, 4.16%, 0, 0, 2, 208.99
1494114882, 1, 106, 511, 318, 0, 4.16%, 0, 0, 2, 108.00
1494114887, 1, 107, 511, 318, 0, 4.16%, 0, 0, 2, 121.81
1494114892, 1, 110, 511, 318, 0, 4.16%, 0, 0, 2, 126.79
1494114902, 1, 117, 511, 317, 0, 4.16%, 0, 0, 2, 166.21
1494114907, 1, 122, 511, 317, 0, 4.16%, 0, 0, 2, 142.49
1494114912, 1, 123, 511, 316, 0, 4.16%, 0, 0, 2, 130.08
1494114918, 1, 124, 511, 315, 0, 4.16%, 0, 0, 2, 149.72
1494114923, 1, 127, 511, 314, 0, 4.16%, 0, 0, 2, 161.23
1494114928, 1, 128, 511, 314, 0, 4.16%, 0, 0, 2, 157.38
1494114933, 1, 131, 511, 314, 0, 4.16%, 0, 0, 2, 160.74
1494114938, 1, 134, 511, 313, 0, 4.16%, 0, 0, 2, 177.54
1494114943, 1, 137, 511, 312, 0, 4.16%, 0, 0, 2, 162.78
1494114948, 1, 138, 511, 312, 0, 4.16%, 0, 0, 2, 158.66
1494114953, 1, 139, 511, 311, 0, 4.16%, 0, 0, 2, 159.75
1494114958, 1, 143, 511, 311, 0, 4.16%, 0, 0, 2, 157.99
1494114963, 1, 144, 511, 311, 0, 4.16%, 0, 0, 2, 148.43
1494114969, 1, 147, 511, 310, 0, 4.16%, 0, 0, 2, 161.57
1494114974, 1, 150, 511, 309, 0, 4.16%, 0, 0, 2, 187.25
1494114984, 1, 152, 511, 308, 0, 4.16%, 0, 0, 2, 171.19
1494114989, 1, 157, 511, 307, 0, 4.16%, 0, 0, 2, 164.84
1494114994, 1, 159, 511, 306, 0, 4.16%, 0, 0, 2, 147.08
1494114999, 1, 160, 511, 305, 0, 4.16%, 0, 0, 2, 165.38
1494115004, 1, 165, 511, 304, 0, 4.16%, 0, 0, 2, 158.57
1494115010, 1, 167, 511, 303, 0, 4.16%, 0, 0, 2, 144.00
1494115015, 1, 169, 511, 303, 0, 4.16%, 0, 0, 2, 89.71
1494115020, 1, 170, 511, 302, 0, 4.16%, 0, 0, 2, 131.74
1494115025, 1, 171, 511, 301, 0, 4.16%, 0, 0, 2, 158.87
1494115030, 1, 173, 511, 301, 0, 4.16%, 0, 0, 2, 151.11
1494115041, 1, 180, 511, 300, 0, 4.16%, 0, 0, 2, 24.12
1494115124, 1, 182, 511, 299, 0, 4.16%, 0, 0, 2, 162.88
1494115129, 1, 186, 511, 299, 0, 4.16%, 0, 0, 2, 167.73
1494115134, 1, 188, 511, 299, 0, 4.16%, 0, 0, 2, 173.84
1494115139, 1, 189, 511, 298, 0, 4.16%, 0, 0, 2, 165.77
1494115144, 1, 190, 511, 298, 0, 4.16%, 0, 0, 2, 148.44
1494115149, 1, 191, 511, 297, 0, 4.16%, 0, 0, 2, 131.39
1494115155, 1, 195, 511, 296, 0, 4.16%, 0, 0, 2, 146.90
1494115165, 1, 197, 511, 296, 0, 4.16%, 0, 0, 2, 151.90
1494115170, 1, 201, 511, 296, 0, 4.16%, 0, 0, 2, 147.50
1494115175, 1, 203, 511, 296, 0, 4.16%, 0, 0, 2, 154.19
1494115180, 1, 205, 511, 296, 0, 4.16%, 0, 0, 2, 131.71
1494115185, 1, 207, 511, 295, 0, 4.16%, 0, 0, 2, 133.19
1494115196, 1, 209, 511, 295, 0, 4.16%, 0, 0, 2, 169.07
1494115201, 1, 213, 511, 295, 0, 4.16%, 0, 0, 2, 179.22
1494115206, 1, 216, 511, 295, 0, 4.16%, 0, 0, 2, 151.92
1494115211, 1, 217, 511, 294, 0, 4.16%, 0, 0, 2, 147.48
1494115216, 1, 219, 511, 294, 0, 4.16%, 0, 0, 2, 141.53
1494115226, 1, 223, 511, 294, 0, 4.16%, 0, 0, 2, 113.21
1494115237, 1, 224, 511, 293, 0, 4.16%, 0, 0, 2, 173.14
1494115242, 1, 229, 511, 292, 0, 4.16%, 0, 0, 2, 169.27
1494115247, 1, 233, 511, 292, 0, 4.16%, 0, 0, 2, 163.68
1494115252, 1, 235, 511, 291, 0, 4.16%, 0, 0, 2, 162.16
1494115257, 1, 239, 511, 290, 0, 4.16%, 0, 0, 2, 171.93
1494115262, 1, 243, 511, 290, 0, 4.16%, 0, 0, 2, 178.91
1494115267, 1, 248, 511, 289, 0, 4.16%, 0, 0, 2, 170.72
1494115273, 1, 250, 511, 288, 0, 4.16%, 0, 0, 2, 201.11
1494115278, 1, 254, 511, 288, 0, 4.16%, 0, 0, 2, 180.67
1494115288, 1, 258, 511, 287, 0, 4.16%, 0, 0, 2, 179.43
1494115293, 1, 263, 511, 286, 0, 4.16%, 0, 0, 2, 171.14
1494115303, 1, 265, 511, 286, 0, 4.16%, 0, 0, 2, 172.41
1494115309, 1, 266, 511, 286, 0, 4.16%, 0, 0, 2, 176.41
1494115314, 1, 267, 511, 285, 0, 4.16%, 0, 0, 2, 163.53
1494115319, 1, 270, 511, 285, 0, 4.16%, 0, 0, 2, 131.75
1494115365, 1, 272, 511, 284, 0, 4.16%, 0, 0, 2, 5.36
1494115390, 1, 273, 511, 283, 0, 4.16%, 0, 0, 2, 163.42
1494115395, 1, 283, 511, 283, 0, 4.16%, 0, 0, 2, 148.88
1494115405, 1, 292, 511, 283, 0, 4.16%, 0, 0, 2, 172.95
1494115411, 1, 294, 511, 283, 0, 4.16%, 0, 0, 2, 136.86
1494115421, 1, 295, 511, 282, 0, 4.16%, 0, 0, 2, 186.00
1494115426, 1, 299, 511, 282, 0, 4.16%, 0, 0, 2, 155.65
1494115431, 1, 300, 511, 281, 0, 4.16%, 0, 0, 2, 173.39
1494115436, 1, 306, 511, 281, 0, 4.16%, 0, 0, 2, 145.92
1494115457, 1, 310, 511, 280, 0, 4.16%, 0, 0, 2, 25.52
1494115493, 1, 314, 511, 279, 0, 4.16%, 0, 0, 2, 112.14
1494115503, 1, 318, 511, 278, 0, 4.16%, 0, 0, 2, 140.17
1494115513, 1, 321, 511, 277, 0, 4.16%, 0, 0, 2, 143.19
1494115518, 1, 325, 511, 276, 0, 4.16%, 0, 0, 2, 145.47
1494115523, 1, 326, 511, 276, 0, 4.16%, 0, 0, 2, 155.81
1494115544, 1, 328, 511, 275, 0, 4.16%, 0, 0, 2, 126.31
1494115559, 1, 330, 511, 274, 0, 4.16%, 0, 0, 2, 166.32
1494115580, 1, 332, 511, 273, 0, 4.16%, 0, 0, 2, 128.34
1494115600, 1, 341, 511, 272, 0, 4.16%, 0, 0, 2, 139.75
1494115605, 1, 344, 511, 271, 0, 4.16%, 0, 0, 2, 167.74
1494115610, 1, 347, 511, 271, 0, 4.16%, 0, 0, 2, 39.18
1494115641, 1, 352, 511, 270, 0, 4.16%, 0, 0, 2, 101.43
1494115646, 1, 353, 511, 270, 0, 4.16%, 0, 0, 2, 111.92
1494115667, 1, 361, 511, 269, 0, 4.16%, 0, 0, 2, 114.35
1494115682, 1, 362, 511, 268, 0, 4.16%, 0, 0, 2, 155.65
1494115687, 1, 365, 511, 268, 0, 4.16%, 0, 0, 2, 116.82
1494115733, 1, 367, 511, 267, 0, 4.16%, 0, 0, 2, 156.30
1494115738, 1, 368, 511, 267, 0, 4.16%, 0, 0, 2, 151.92
1494115753, 1, 374, 511, 266, 0, 4.16%, 0, 0, 2, 10.53
1494115857, 1, 375, 511, 265, 0, 4.16%, 0, 0, 2, 190.22
1494115862, 1, 378, 511, 265, 0, 4.16%, 0, 0, 2, 147.87
1494115867, 1, 379, 511, 265, 0, 4.16%, 0, 0, 2, 112.98
1494115872, 1, 382, 511, 264, 0, 4.16%, 0, 0, 2, 139.32
1494115877, 1, 383, 511, 263, 0, 4.16%, 0, 0, 2, 137.42
1494115882, 1, 384, 511, 263, 0, 4.16%, 0, 0, 2, 143.19
1494115887, 1, 390, 511, 263, 0, 4.16%, 0, 0, 2, 114.79
1494115892, 1, 394, 511, 262, 0, 4.16%, 0, 0, 2, 112.60
1494115897, 1, 397, 511, 262, 0, 4.16%, 0, 0, 2, 162.82
1494115908, 1, 399, 511, 261, 0, 4.16%, 0, 0, 2, 146.27
1494115913, 1, 400, 511, 261, 0, 4.16%, 0, 0, 2, 184.86
1494115918, 1, 404, 511, 260, 0, 4.16%, 0, 0, 2, 115.39
1494115933, 1, 407, 511, 259, 0, 4.16%, 0, 0, 2, 229.69
1494115938, 1, 409, 511, 259, 0, 4.16%, 0, 0, 2, 107.38
1494115943, 1, 420, 511, 258, 0, 4.16%, 0, 0, 2, 159.09
1494115948, 1, 426, 511, 258, 0, 4.16%, 0, 0, 2, 141.17
1494115954, 1, 427, 511, 258, 0, 4.16%, 0, 0, 2, 144.31
1494115959, 1, 428, 511, 258, 0, 4.16%, 0, 0, 2, 133.74
1494115964, 1, 430, 511, 258, 0, 4.16%, 0, 0, 2, 152.79
1494115969, 1, 431, 511, 258, 0, 4.16%, 0, 0, 2, 173.20
1494115974, 1, 435, 511, 257, 0, 4.16%, 0, 0, 2, 34.78
1494115995, 1, 438, 511, 256, 0, 4.16%, 0, 0, 2, 201.51
1494116000, 1, 439, 511, 256, 0, 4.16%, 0, 0, 2, 97.11
1494116005, 1, 443, 511, 256, 0, 4.16%, 0, 0, 2, 113.36
1494116015, 1, 447, 511, 255, 0, 4.16%, 0, 0, 2, 129.96
1494116020, 1, 452, 511, 255, 0, 4.16%, 0, 0, 2, 127.13
1494116025, 1, 454, 511, 255, 0, 4.16%, 0, 0, 2, 141.46
1494116030, 1, 456, 511, 255, 0, 4.16%, 0, 0, 2, 151.88
1494116036, 1, 457, 511, 255, 0, 4.16%, 0, 0, 2, 159.14
1494116041, 1, 466, 511, 255, 0, 4.16%, 0, 0, 2, 164.52
1494116046, 1, 467, 511, 255, 0, 4.16%, 0, 0, 2, 96.99
1494116051, 1, 469, 511, 255, 0, 4.16%, 0, 0, 2, 60.51
1494116097, 1, 475, 511, 254, 0, 4.16%, 0, 0, 2, 107.16
1494116108, 1, 476, 511, 253, 0, 4.16%, 0, 0, 2, 79.44
1494116118, 1, 477, 511, 252, 0, 4.16%, 0, 0, 2, 63.16
1494116139, 1, 479, 511, 251, 0, 4.16%, 0, 0, 2, 135.06
1494116144, 1, 484, 511, 251, 0, 4.16%, 0, 0, 2, 124.30
1494116149, 1, 489, 511, 250, 0, 4.16%, 0, 0, 2, 148.45
1494116154, 1, 492, 511, 250, 0, 4.16%, 0, 0, 2, 78.72
1494116164, 1, 493, 511, 249, 0, 4.16%, 0, 0, 2, 79.60
1494116226, 1, 496, 511, 248, 0, 4.16%, 0, 0, 2, 137.92
1494116231, 1, 497, 511, 248, 0, 4.16%, 0, 0, 2, 39.26
1494116236, 1, 499, 511, 247, 0, 4.16%, 0, 0, 2, 97.59
1494116241, 1, 505, 511, 247, 0, 4.16%, 0, 0, 2, 24.18
1494116318, 1, 506, 511, 246, 0, 4.16%, 0, 0, 2, 100.41
1494116339, 1, 507, 511, 245, 0, 4.16%, 0, 0, 2, 21.88
1494116427, 1, 508, 511, 244, 0, 4.16%, 0, 0, 2, 133.48
1494116432, 2, 1, 511, 244, 0, 4.16%, 0, 0, 2, 140.85
1494116437, 2, 2, 511, 244, 0, 4.16%, 0, 0, 2, 149.42
1494116442, 2, 7, 511, 244, 0, 4.16%, 0, 0, 2, 171.06
1494116447, 2, 11, 511, 244, 0, 4.16%, 0, 0, 2, 171.91
1494116452, 2, 14, 511, 244, 0, 4.16%, 0, 0, 2, 146.19
1494116457, 2, 17, 511, 244, 0, 4.16%, 0, 0, 2, 164.38
1494116462, 2, 20, 511, 244, 0, 4.16%, 0, 0, 2, 152.85
1494116467, 2, 23, 511, 244, 0, 4.16%, 0, 0, 2, 150.84
1494116473, 2, 26, 511, 244, 0, 4.16%, 0, 0, 2, 161.09
1494116478, 2, 30, 511, 244, 0, 4.16%, 0, 0, 2, 150.25
1494116483, 2, 33, 511, 244, 0, 4.16%, 0, 0, 2, 171.00
1494116488, 2, 39, 511, 244, 0, 4.16%, 0, 0, 2, 178.07
1494116493, 2, 41, 511, 244, 0, 4.16%, 0, 0, 2, 169.28
1494116498, 2, 43, 511, 244, 0, 4.16%, 0, 0, 2, 175.04
1494116503, 2, 45, 511, 244, 0, 4.16%, 0, 0, 2, 171.86
1494116508, 2, 47, 511, 244, 0, 4.16%, 0, 0, 2, 150.99
1494116513, 2, 50, 511, 244, 0, 4.16%, 0, 0, 2, 154.09
1494116518, 2, 52, 511, 244, 0, 4.16%, 0, 0, 2, 172.11
1494116524, 2, 54, 511, 244, 0, 4.16%, 0, 0, 2, 175.20
1494116529, 2, 56, 511, 244, 0, 4.16%, 0, 0, 2, 184.14
1494116534, 2, 59, 511, 244, 0, 4.16%, 0, 0, 2, 164.13
1494116539, 2, 60, 511, 243, 0, 4.16%, 0, 0, 2, 144.45
1494116544, 2, 62, 511, 243, 0, 4.16%, 0, 0, 2, 120.71
1494116549, 2, 63, 511, 243, 0, 4.16%, 0, 0, 2, 135.11
1494116554, 2, 69, 511, 243, 0, 4.16%, 0, 0, 2, 156.72
1494116559, 2, 70, 511, 243, 0, 4.16%, 0, 0, 2, 164.05
1494116565, 2, 71, 511, 242, 0, 4.16%, 0, 0, 2, 148.30
1494116570, 2, 74, 511, 242, 0, 4.16%, 0, 0, 2, 141.43
1494116575, 2, 77, 511, 242, 0, 4.16%, 0, 0, 2, 168.72
1494116580, 2, 80, 511, 242, 0, 4.16%, 0, 0, 2, 146.69
1494116585, 2, 84, 511, 242, 0, 4.16%, 0, 0, 2, 151.71
1494116590, 2, 85, 511, 242, 0, 4.16%, 0, 0, 2, 157.68
1494116595, 2, 88, 511, 242, 0, 4.16%, 0, 0, 2, 177.21
1494116600, 2, 90, 511, 242, 0, 4.16%, 0, 0, 2, 156.67
1494116605, 2, 92, 511, 241, 0, 4.16%, 0, 0, 2, 164.86
1494116611, 2, 96, 511, 241, 0, 4.16%, 0, 0, 2, 160.88
1494116616, 2, 99, 511, 241, 0, 4.16%, 0, 0, 2, 153.52
1494116621, 2, 101, 511, 241, 0, 4.16%, 0, 0, 2, 186.60
1494116626, 2, 106, 511, 241, 0, 4.16%, 0, 0, 2, 153.96
1494116631, 2, 108, 511, 241, 0, 4.16%, 0, 0, 2, 151.71
1494116636, 2, 110, 511, 241, 0, 4.16%, 0, 0, 2, 163.59
1494116641, 2, 114, 511, 241, 0, 4.16%, 0, 0, 2, 165.74
1494116646, 2, 119, 511, 240, 0, 4.16%, 0, 0, 2, 183.57
1494116652, 2, 126, 511, 240, 0, 4.16%, 0, 0, 2, 136.97
1494116657, 2, 128, 511, 239, 0, 4.16%, 0, 0, 2, 151.83
1494116662, 2, 129, 511, 239, 0, 4.16%, 0, 0, 2, 147.26
1494116667, 2, 131, 511, 238, 0, 4.16%, 0, 0, 2, 160.68
1494116672, 2, 137, 511, 238, 0, 4.16%, 0, 0, 2, 158.25
1494116677, 2, 141, 511, 238, 0, 4.16%, 0, 0, 2, 156.77
1494116682, 2, 143, 511, 238, 0, 4.16%, 0, 0, 2, 153.56
1494116687, 2, 145, 511, 238, 0, 4.16%, 0, 0, 2, 135.43
1494116692, 2, 148, 511, 237, 0, 4.16%, 0, 0, 2, 184.06
1494116697, 2, 150, 511, 237, 0, 4.16%, 0, 0, 2, 175.81
1494116708, 2, 167, 511, 237, 0, 4.16%, 0, 0, 2, 144.65
1494116713, 2, 171, 511, 237, 0, 4.16%, 0, 0, 2, 139.28
1494116723, 2, 173, 511, 237, 0, 4.16%, 0, 0, 2, 174.93
1494116728, 2, 177, 511, 237, 0, 4.16%, 0, 0, 2, 143.90
1494116744, 2, 178, 511, 236, 0, 4.16%, 0, 0, 2, 129.85
1494116759, 2, 179, 511, 235, 0, 4.16%, 0, 0, 2, 160.01
1494116764, 2, 182, 511, 234, 0, 4.16%, 0, 0, 2, 164.52
1494116774, 2, 185, 511, 234, 0, 4.16%, 0, 0, 2, 117.15
1494116800, 2, 186, 511, 233, 0, 4.16%, 0, 0, 2, 141.21
1494116805, 2, 189, 511, 233, 0, 4.16%, 0, 0, 2, 176.58
1494116810, 2, 191, 511, 233, 0, 4.16%, 0, 0, 2, 159.64
1494116815, 2, 193, 511, 233, 0, 4.16%, 0, 0, 2, 146.86
1494116821, 2, 195, 511, 232, 0, 4.16%, 0, 0, 2, 137.97
1494116831, 2, 197, 511, 232, 0, 4.16%, 0, 0, 2, 137.17
1494116836, 2, 201, 511, 232, 0, 4.16%, 0, 0, 2, 155.25
1494116841, 2, 203, 511, 232, 0, 4.16%, 0, 0, 2, 158.73
1494116846, 2, 204, 511, 232, 0, 4.16%, 0, 0, 2, 144.61
1494116856, 2, 207, 511, 230, 0, 4.16%, 0, 0, 2, 168.39
1494116861, 2, 209, 511, 230, 0, 4.16%, 0, 0, 2, 167.86
1494116866, 2, 213, 511, 230, 0, 4.16%, 0, 0, 2, 175.66
1494116871, 2, 215, 511, 230, 0, 4.16%, 0, 0, 2, 175.12
1494116877, 2, 217, 511, 230, 0, 4.16%, 0, 0, 2, 154.88
1494116882, 2, 219, 511, 230, 0, 4.16%, 0, 0, 2, 134.90
1494116892, 2, 224, 511, 230, 0, 4.16%, 0, 0, 2, 165.35
1494116897, 2, 229, 511, 230, 0, 4.16%, 0, 0, 2, 176.63
1494116902, 2, 237, 511, 230, 0, 4.16%, 0, 0, 2, 50.09
1494116913, 2, 239, 511, 229, 0, 4.16%, 0, 0, 2, 161.22
1494116918, 2, 242, 511, 229, 0, 4.16%, 0, 0, 2, 157.19
1494116923, 2, 244, 511, 228, 0, 4.16%, 0, 0, 2, 173.79
1494116928, 2, 250, 511, 226, 0, 4.16%, 0, 0, 2, 173.45
1494116933, 2, 252, 511, 226, 0, 4.16%, 0, 0, 2, 187.48
1494116938, 2, 254, 511, 226, 0, 4.16%, 0, 0, 2, 83.24
1494116943, 2, 261, 511, 226, 0, 4.16%, 0, 0, 2, 152.86
1494116948, 2, 263, 511, 226, 0, 4.16%, 0, 0, 2, 135.83
1494116953, 2, 265, 511, 226, 0, 4.16%, 0, 0, 2, 212.62
1494116963, 2, 266, 511, 226, 0, 4.16%, 0, 0, 2, 181.60
1494116968, 2, 268, 511, 226, 0, 4.16%, 0, 0, 2, 153.68
1494116973, 2, 273, 511, 226, 0, 4.16%, 0, 0, 2, 178.31
1494116984, 2, 277, 511, 225, 0, 4.16%, 0, 0, 2, 129.59
1494116989, 2, 279, 511, 224, 0, 4.16%, 0, 0, 2, 144.14
1494116994, 2, 283, 511, 224, 0, 4.16%, 0, 0, 2, 171.25
1494116999, 2, 288, 511, 224, 0, 4.16%, 0, 0, 2, 166.84
1494117004, 2, 293, 511, 224, 0, 4.16%, 0, 0, 2, 150.52
1494117009, 2, 295, 511, 224, 0, 4.16%, 0, 0, 2, 193.89
1494117014, 2, 296, 511, 224, 0, 4.16%, 0, 0, 2, 45.45
1494117019, 2, 300, 511, 224, 0, 4.16%, 0, 0, 2, 153.61
1494117025, 2, 301, 511, 224, 0, 4.16%, 0, 0, 2, 52.01
1494117040, 2, 302, 511, 223, 0, 4.16%, 0, 0, 2, 123.43
1494117045, 2, 305, 511, 222, 0, 4.16%, 0, 0, 2, 172.07
1494117050, 2, 312, 511, 221, 0, 4.16%, 0, 0, 2, 36.61
1494117086, 2, 319, 511, 220, 0, 4.16%, 0, 0, 2, 112.37
1494117096, 2, 323, 511, 219, 0, 4.16%, 0, 0, 2, 151.64
1494117101, 2, 325, 511, 218, 0, 4.16%, 0, 0, 2, 169.92
1494117107, 2, 334, 511, 218, 0, 4.16%, 0, 0, 2, 169.02
1494117122, 2, 338, 511, 216, 0, 4.16%, 0, 0, 2, 124.78
1494117132, 2, 339, 511, 215, 0, 4.16%, 0, 0, 2, 92.57
1494117137, 2, 342, 511, 215, 0, 4.16%, 0, 0, 2, 132.02
1494117142, 2, 344, 511, 214, 0, 4.16%, 0, 0, 2, 169.09
1494117152, 2, 345, 511, 214, 0, 4.16%, 0, 0, 2, 28.91
1494117214, 2, 346, 511, 213, 0, 4.16%, 0, 0, 2, 83.34
1494117224, 2, 349, 511, 212, 0, 4.16%, 0, 0, 2, 107.70
1494117250, 2, 350, 511, 211, 0, 4.16%, 0, 0, 2, 80.45
1494117281, 2, 351, 511, 210, 0, 4.16%, 0, 0, 2, 65.04
1494117297, 2, 354, 511, 209, 0, 4.16%, 0, 0, 2, 116.63
1494117327, 2, 355, 511, 208, 0, 4.16%, 0, 0, 2, 136.40
1494117332, 2, 356, 511, 207, 0, 4.16%, 0, 0, 2, 133.89
1494117342, 2, 359, 511, 206, 0, 4.16%, 0, 0, 2, 167.69
1494117353, 2, 360, 511, 205, 0, 4.16%, 0, 0, 2, 25.55
1494117419, 2, 366, 511, 204, 0, 4.16%, 0, 0, 2, 134.40
1494117425, 2, 367, 511, 204, 0, 4.16%, 0, 0, 2, 147.22
1494117430, 2, 370, 511, 204, 0, 4.16%, 0, 0, 2, 177.86
1494117435, 2, 376, 511, 203, 0, 4.16%, 0, 0, 2, 124.26
1494117461, 2, 377, 511, 202, 0, 4.16%, 0, 0, 2, 14.19
1494117466, 2, 378, 511, 202, 0, 4.16%, 0, 0, 2, 118.13
1494117471, 2, 380, 511, 202, 0, 4.16%, 0, 0, 2, 121.59
1494117481, 2, 381, 511, 201, 0, 4.16%, 0, 0, 2, 141.44
1494117486, 2, 383, 511, 200, 0, 4.16%, 0, 0, 2, 155.60
1494117492, 2, 384, 511, 200, 0, 4.16%, 0, 0, 2, 139.42
1494117497, 2, 394, 511, 200, 0, 4.16%, 0, 0, 2, 102.60
1494117502, 2, 398, 511, 200, 0, 4.16%, 0, 0, 2, 103.71
1494117522, 2, 403, 511, 199, 0, 4.16%, 0, 0, 2, 140.62
1494117528, 2, 406, 511, 198, 0, 4.16%, 0, 0, 2, 147.42
1494117533, 2, 407, 511, 197, 0, 4.16%, 0, 0, 2, 145.84
1494117538, 2, 411, 511, 197, 0, 4.16%, 0, 0, 2, 78.66
1494117543, 2, 412, 511, 196, 0, 4.16%, 0, 0, 2, 89.27
1494117563, 2, 413, 511, 195, 0, 4.16%, 0, 0, 2, 107.79
1494117626, 2, 416, 511, 194, 0, 4.16%, 0, 0, 2, 121.51
1494117631, 2, 421, 511, 193, 0, 4.16%, 0, 0, 2, 140.60
1494117641, 2, 423, 511, 192, 0, 4.16%, 0, 0, 2, 114.44
1494117646, 2, 424, 511, 192, 0, 4.16%, 0, 0, 2, 116.19
1494117651, 2, 426, 511, 191, 0, 4.16%, 0, 0, 2, 181.96
1494117656, 2, 428, 511, 191, 0, 4.16%, 0, 0, 2, 133.56
1494117661, 2, 430, 511, 191, 0, 4.16%, 0, 0, 2, 139.27
1494117666, 2, 433, 511, 191, 0, 4.16%, 0, 0, 2, 123.47
1494117671, 2, 436, 511, 190, 0, 4.16%, 0, 0, 2, 106.73
1494117702, 2, 438, 511, 189, 0, 4.16%, 0, 0, 2, 97.43
1494117707, 2, 440, 511, 189, 0, 4.16%, 0, 0, 2, 114.05
1494117748, 2, 441, 511, 188, 0, 4.16%, 0, 0, 2, 89.46
1494117768, 2, 442, 511, 187, 0, 4.16%, 0, 0, 2, 95.95
1494117778, 2, 447, 511, 186, 0, 4.16%, 0, 0, 2, 116.61
1494117783, 2, 450, 511, 186, 0, 4.16%, 0, 0, 2, 132.05
1494117789, 2, 454, 511, 186, 0, 4.16%, 0, 0, 2, 136.68
1494117794, 2, 455, 511, 186, 0, 4.16%, 0, 0, 2, 149.41
1494117799, 2, 457, 511, 186, 0, 4.16%, 0, 0, 2, 155.23
1494117804, 2, 459, 511, 186, 0, 4.16%, 0, 0, 2, 164.99
1494117809, 2, 467, 511, 186, 0, 4.16%, 0, 0, 2, 135.82
1494117814, 2, 472, 511, 186, 0, 4.16%, 0, 0, 2, 135.87
1494117819, 2, 482, 511, 186, 0, 4.16%, 0, 0, 2, 139.34
1494117824, 2, 489, 511, 186, 0, 4.16%, 0, 0, 2, 125.57
1494117829, 2, 495, 511, 186, 0, 4.16%, 0, 0, 2, 96.80
1494117835, 2, 496, 511, 185, 0, 4.16%, 0, 0, 2, 182.08
1494117840, 2, 498, 511, 185, 0, 4.16%, 0, 0, 2, 105.71
1494117845, 2, 499, 511, 184, 0, 4.16%, 0, 0, 2, 132.19
1494117850, 2, 504, 511, 184, 0, 4.16%, 0, 0, 2, 136.03
1494117871, 2, 508, 511, 183, 0, 4.16%, 0, 0, 2, 136.78
1494117876, 3, 0, 511, 183, 0, 4.16%, 0, 0, 2, 144.85
1494117881, 3, 2, 511, 183, 0, 4.16%, 0, 0, 2, 150.33
1494117886, 3, 5, 511, 183, 0, 4.16%, 0, 0, 2, 164.66
1494117892, 3, 8, 511, 183, 0, 4.16%, 0, 0, 2, 174.12
1494117897, 3, 12, 511, 183, 0, 4.16%, 0, 0, 2, 141.79
1494117902, 3, 14, 511, 182, 0, 4.16%, 0, 0, 2, 144.13
1494117907, 3, 15, 511, 182, 0, 4.16%, 0, 0, 2, 157.41
1494117912, 3, 20, 511, 182, 0, 4.16%, 0, 0, 2, 166.94
1494117917, 3, 22, 511, 182, 0, 4.16%, 0, 0, 2, 153.72
1494117922, 3, 26, 511, 181, 0, 4.16%, 0, 0, 2, 160.45
1494117927, 3, 29, 511, 181, 0, 4.16%, 0, 0, 2, 153.76
1494117933, 3, 33, 511, 181, 0, 4.16%, 0, 0, 2, 145.48
1494117938, 3, 39, 511, 181, 0, 4.16%, 0, 0, 2, 158.02
1494117943, 3, 41, 511, 181, 0, 4.16%, 0, 0, 2, 159.50
1494117948, 3, 42, 511, 181, 0, 4.16%, 0, 0, 2, 159.00
1494117953, 3, 44, 511, 181, 0, 4.16%, 0, 0, 2, 147.38
1494117958, 3, 46, 511, 181, 0, 4.16%, 0, 0, 2, 158.22
1494117964, 3, 49, 511, 181, 0, 4.16%, 0, 0, 2, 152.96
1494117969, 3, 50, 511, 181, 0, 4.16%, 0, 0, 2, 158.44
1494117974, 3, 52, 511, 181, 0, 4.16%, 0, 0, 2, 157.63
1494117979, 3, 54, 511, 180, 0, 4.16%, 0, 0, 2, 183.30
1494117984, 3, 56, 511, 180, 0, 4.16%, 0, 0, 2, 188.62
1494117989, 3, 60, 511, 180, 0, 4.16%, 0, 0, 2, 157.21
1494117994, 3, 61, 511, 180, 0, 4.16%, 0, 0, 2, 158.90
1494118000, 3, 63, 511, 180, 0, 4.16%, 0, 0, 2, 152.47
1494118005, 3, 67, 511, 180, 0, 4.16%, 0, 0, 2, 156.67
1494118010, 3, 71, 511, 180, 0, 4.16%, 0, 0, 2, 141.19
1494118015, 3, 74, 511, 180, 0, 4.16%, 0, 0, 2, 155.99
1494118020, 3, 76, 511, 180, 0, 4.16%, 0, 0, 2, 178.52
1494118025, 3, 79, 511, 179, 0, 4.16%, 0, 0, 2, 167.71
1494118030, 3, 81, 511, 179, 0, 4.16%, 0, 0, 2, 158.30
1494118035, 3, 82, 511, 179, 0, 4.16%, 0, 0, 2, 158.83
1494118041, 3, 83, 511, 178, 0, 4.16%, 0, 0, 2, 145.63
1494118046, 3, 85, 511, 177, 0, 4.16%, 0, 0, 2, 150.40
1494118051, 3, 87, 511, 177, 0, 4.16%, 0, 0, 2, 167.49
1494118056, 3, 89, 511, 177, 0, 4.16%, 0, 0, 2, 154.23
1494118061, 3, 92, 511, 177, 0, 4.16%, 0, 0, 2, 178.29
1494118066, 3, 97, 511, 177, 0, 4.16%, 0, 0, 2, 143.61
1494118071, 3, 99, 511, 177, 0, 4.16%, 0, 0, 2, 147.31
1494118076, 3, 101, 511, 176, 0, 4.16%, 0, 0, 2, 110.43
1494118081, 3, 105, 511, 175, 0, 4.16%, 0, 0, 2, 145.45
1494118086, 3, 107, 511, 175, 0, 4.16%, 0, 0, 2, 121.74
1494118091, 3, 110, 511, 175, 0, 4.16%, 0, 0, 2, 137.82
1494118102, 3, 117, 511, 175, 0, 4.16%, 0, 0, 2, 156.77
1494118107, 3, 121, 511, 175, 0, 4.16%, 0, 0, 2, 164.18
1494118112, 3, 127, 511, 174, 0, 4.16%, 0, 0, 2, 160.40
1494118117, 3, 131, 511, 174, 0, 4.16%, 0, 0, 2, 161.05
1494118122, 3, 136, 511, 174, 0, 4.16%, 0, 0, 2, 167.46
1494118127, 3, 139, 511, 174, 0, 4.16%, 0, 0, 2, 150.17
1494118132, 3, 141, 511, 174, 0, 4.16%, 0, 0, 2, 148.41
1494118137, 3, 144, 511, 174, 0, 4.16%, 0, 0, 2, 151.77
1494118143, 3, 148, 511, 174, 0, 4.16%, 0, 0, 2, 173.37
1494118148, 3, 150, 511, 174, 0, 4.16%, 0, 0, 2, 182.11
1494118153, 3, 156, 511, 173, 0, 4.16%, 0, 0, 2, 171.28
1494118158, 3, 160, 511, 172, 0, 4.16%, 0, 0, 2, 149.75
1494118163, 3, 167, 511, 171, 0, 4.16%, 0, 0, 2, 154.60
1494118169, 3, 168, 511, 171, 0, 4.16%, 0, 0, 2, 141.45
1494118174, 3, 171, 511, 170, 0, 4.16%, 0, 0, 2, 153.46
1494118179, 3, 172, 511, 170, 0, 4.16%, 0, 0, 2, 141.97
1494118184, 3, 173, 511, 170, 0, 4.16%, 0, 0, 2, 178.83
1494118189, 3, 175, 511, 170, 0, 4.16%, 0, 0, 2, 186.27
1494118194, 3, 182, 511, 169, 0, 4.16%, 0, 0, 2, 187.34
1494118199, 3, 183, 511, 169, 0, 4.16%, 0, 0, 2, 169.21
1494118204, 3, 186, 511, 169, 0, 4.16%, 0, 0, 2, 170.35
1494118210, 3, 189, 511, 169, 0, 4.16%, 0, 0, 2, 178.46
1494118215, 3, 191, 511, 169, 0, 4.16%, 0, 0, 2, 172.72
1494118220, 3, 195, 511, 169, 0, 4.16%, 0, 0, 2, 161.75
1494118230, 3, 197, 511, 169, 0, 4.16%, 0, 0, 2, 162.70
1494118235, 3, 201, 511, 169, 0, 4.16%, 0, 0, 2, 149.59
1494118240, 3, 203, 511, 169, 0, 4.16%, 0, 0, 2, 173.03
1494118246, 3, 207, 511, 169, 0, 4.16%, 0, 0, 2, 182.13
1494118251, 3, 209, 511, 169, 0, 4.16%, 0, 0, 2, 184.40
1494118256, 3, 213, 511, 169, 0, 4.16%, 0, 0, 2, 177.12
1494118261, 3, 214, 511, 169, 0, 4.16%, 0, 0, 2, 156.30
1494118271, 3, 215, 511, 168, 0, 4.16%, 0, 0, 2, 120.50
1494118277, 3, 218, 511, 168, 0, 4.16%, 0, 0, 2, 106.84
1494118282, 3, 219, 511, 168, 0, 4.16%, 0, 0, 2, 159.66
1494118287, 3, 229, 511, 168, 0, 4.16%, 0, 0, 2, 147.70
1494118292, 3, 230, 511, 168, 0, 4.16%, 0, 0, 2, 172.18
1494118297, 3, 237, 511, 167, 0, 4.16%, 0, 0, 2, 139.49
1494118302, 3, 238, 511, 167, 0, 4.16%, 0, 0, 2, 171.46
1494118307, 3, 239, 511, 166, 0, 4.16%, 0, 0, 2, 159.11
1494118318, 3, 245, 511, 166, 0, 4.16%, 0, 0, 2, 178.10
1494118323, 3, 250, 511, 165, 0, 4.16%, 0, 0, 2, 191.13
1494118333, 3, 253, 511, 165, 0, 4.16%, 0, 0, 2, 136.86
1494118338, 3, 254, 511, 164, 0, 4.16%, 0, 0, 2, 147.39
1494118343, 3, 255, 511, 164, 0, 4.16%, 0, 0, 2, 173.46
1494118348, 3, 260, 511, 163, 0, 4.16%, 0, 0, 2, 156.71
1494118358, 3, 263, 511, 162, 0, 4.16%, 0, 0, 2, 163.39
1494118368, 3, 265, 511, 162, 0, 4.16%, 0, 0, 2, 165.22
1494118374, 3, 268, 511, 162, 0, 4.16%, 0, 0, 2, 157.00
1494118379, 3, 273, 511, 162, 0, 4.16%, 0, 0, 2, 165.10
1494118384, 3, 279, 511, 162, 0, 4.16%, 0, 0, 2, 179.86
1494118389, 3, 283, 511, 161, 0, 4.16%, 0, 0, 2, 164.14
1494118399, 3, 288, 511, 161, 0, 4.16%, 0, 0, 2, 154.61
1494118404, 3, 293, 511, 161, 0, 4.16%, 0, 0, 2, 148.04
1494118409, 3, 295, 511, 161, 0, 4.16%, 0, 0, 2, 163.41
1494118415, 3, 298, 511, 161, 0, 4.16%, 0, 0, 2, 163.96
1494118420, 3, 300, 511, 160, 0, 4.16%, 0, 0, 2, 176.29
1494118425, 3, 305, 511, 160, 0, 4.16%, 0, 0, 2, 224.57
1494118430, 3, 307, 511, 160, 0, 4.16%, 0, 0, 2, 27.70
1494118512, 3, 325, 511, 159, 0, 4.16%, 0, 0, 2, 146.49
1494118517, 3, 339, 511, 159, 0, 4.16%, 0, 0, 2, 33.08
1494118522, 3, 344, 511, 159, 0, 4.16%, 0, 0, 2, 119.01
1494118527, 3, 345, 511, 159, 0, 4.16%, 0, 0, 2, 131.05
1494118532, 3, 352, 511, 159, 0, 4.16%, 0, 0, 2, 120.73
1494118537, 3, 362, 511, 159, 0, 4.16%, 0, 0, 2, 174.79
1494118542, 3, 366, 511, 159, 0, 4.16%, 0, 0, 2, 165.30
1494118547, 3, 375, 511, 159, 0, 4.16%, 0, 0, 2, 181.68
1494118553, 3, 377, 511, 159, 0, 4.16%, 0, 0, 2, 160.16
1494118558, 3, 378, 511, 159, 0, 4.16%, 0, 0, 2, 109.15
1494118563, 3, 384, 511, 159, 0, 4.16%, 0, 0, 2, 130.15
1494118568, 3, 394, 511, 159, 0, 4.16%, 0, 0, 2, 147.14
1494118573, 3, 396, 511, 159, 0, 4.16%, 0, 0, 2, 116.85
1494118583, 3, 397, 511, 158, 0, 4.16%, 0, 0, 2, 153.15
1494118588, 3, 399, 511, 158, 0, 4.16%, 0, 0, 2, 163.50
1494118593, 3, 401, 511, 158, 0, 4.16%, 0, 0, 2, 136.80
1494118598, 3, 404, 511, 157, 0, 4.16%, 0, 0, 2, 148.12
1494118603, 3, 405, 511, 157, 0, 4.16%, 0, 0, 2, 93.99
1494118619, 3, 407, 511, 156, 0, 4.16%, 0, 0, 2, 94.94
1494118624, 3, 408, 511, 156, 0, 4.16%, 0, 0, 2, 132.21
1494118634, 3, 415, 511, 155, 0, 4.16%, 0, 0, 2, 26.46
1494118706, 3, 418, 511, 154, 0, 4.16%, 0, 0, 2, 148.80
1494118711, 3, 423, 511, 154, 0, 4.16%, 0, 0, 2, 143.42
1494118716, 3, 426, 511, 154, 0, 4.16%, 0, 0, 2, 158.12
1494118721, 3, 428, 511, 154, 0, 4.16%, 0, 0, 2, 155.93
1494118726, 3, 430, 511, 154, 0, 4.16%, 0, 0, 2, 146.39
1494118731, 3, 434, 511, 154, 0, 4.16%, 0, 0, 2, 120.55
1494118741, 3, 438, 511, 153, 0, 4.16%, 0, 0, 2, 93.70
1494118746, 3, 446, 511, 153, 0, 4.16%, 0, 0, 2, 125.59
1494118788, 3, 447, 511, 152, 0, 4.16%, 0, 0, 2, 109.83
1494118793, 3, 450, 511, 152, 0, 4.16%, 0, 0, 2, 11.23
1494118798, 3, 454, 511, 152, 0, 4.16%, 0, 0, 2, 115.07
1494118803, 3, 455, 511, 152, 0, 4.16%, 0, 0, 2, 146.35
1494118808, 3, 457, 511, 152, 0, 4.16%, 0, 0, 2, 160.35
1494118813, 3, 459, 511, 152, 0, 4.16%, 0, 0, 2, 172.75
1494118818, 3, 467, 511, 152, 0, 4.16%, 0, 0, 2, 130.18
1494118823, 3, 472, 511, 152, 0, 4.16%, 0, 0, 2, 125.00
1494118828, 3, 478, 511, 152, 0, 4.16%, 0, 0, 2, 20.49
1494118834, 3, 480, 511, 151, 0, 4.16%, 0, 0, 2, 150.97
1494118844, 3, 482, 511, 150, 0, 4.16%, 0, 0, 2, 110.85
1494118849, 3, 489, 511, 150, 0, 4.16%, 0, 0, 2, 127.84
1494118854, 3, 499, 511, 150, 0, 4.16%, 0, 0, 2, 96.91
1494118864, 3, 509, 511, 150, 0, 4.16%, 0, 0, 2, 106.17
1494118869, 4, 0, 511, 149, 0, 4.16%, 0, 0, 2, 141.73
1494118874, 4, 1, 511, 149, 0, 4.16%, 0, 0, 2, 162.71
1494118880, 4, 3, 511, 149, 0, 4.16%, 0, 0, 2, 164.93
1494118885, 4, 7, 511, 149, 0, 4.16%, 0, 0, 2, 164.81
1494118890, 4, 11, 511, 149, 0, 4.16%, 0, 0, 2, 162.03
1494118895, 4, 14, 511, 149, 0, 4.16%, 0, 0, 2, 159.25
1494118900, 4, 16, 511, 149, 0, 4.16%, 0, 0, 2, 167.06
1494118906, 4, 20, 511, 148, 0, 4.16%, 0, 0, 2, 176.93
1494118911, 4, 21, 511, 148, 0, 4.16%, 0, 0, 2, 18.71
1494118916, 4, 26, 511, 148, 0, 4.16%, 0, 0, 2, 159.57
1494118921, 4, 29, 511, 148, 0, 4.16%, 0, 0, 2, 159.20
1494118926, 4, 33, 511, 148, 0, 4.16%, 0, 0, 2, 16.95
1494118931, 4, 39, 511, 148, 0, 4.16%, 0, 0, 2, 161.61
1494118936, 4, 41, 511, 148, 0, 4.16%, 0, 0, 2, 161.75
1494118941, 4, 42, 511, 148, 0, 4.16%, 0, 0, 2, 163.20
1494118947, 4, 43, 511, 148, 0, 4.16%, 0, 0, 2, 18.24
1494118952, 4, 46, 511, 148, 0, 4.16%, 0, 0, 2, 155.99
1494118957, 4, 49, 511, 148, 0, 4.16%, 0, 0, 2, 43.23
1494118962, 4, 50, 511, 148, 0, 4.16%, 0, 0, 2, 134.41
1494118967, 4, 54, 511, 148, 0, 4.16%, 0, 0, 2, 163.87
1494118977, 4, 58, 511, 148, 0, 4.16%, 0, 0, 2, 167.04
1494118982, 4, 60, 511, 148, 0, 4.16%, 0, 0, 2, 140.19
1494118987, 4, 62, 511, 148, 0, 4.16%, 0, 0, 2, 148.70
1494118993, 4, 65, 511, 148, 0, 4.16%, 0, 0, 2, 148.67
1494118998, 4, 67, 511, 148, 0, 4.16%, 0, 0, 2, 162.34
1494119003, 4, 70, 511, 148, 0, 4.16%, 0, 0, 2, 175.06
1494119008, 4, 71, 511, 148, 0, 4.16%, 0, 0, 2, 154.65
1494119013, 4, 73, 511, 148, 0, 4.16%, 0, 0, 2, 156.19
1494119018, 4, 75, 511, 147, 0, 4.16%, 0, 0, 2, 170.33
1494119023, 4, 79, 511, 147, 0, 4.16%, 0, 0, 2, 162.41
1494119028, 4, 81, 511, 147, 0, 4.16%, 0, 0, 2, 156.35
1494119033, 4, 84, 511, 147, 0, 4.16%, 0, 0, 2, 24.95
1494119038, 4, 87, 511, 147, 0, 4.16%, 0, 0, 2, 199.32
1494119044, 4, 88, 511, 147, 0, 4.16%, 0, 0, 2, 174.84
1494119049, 4, 91, 511, 147, 0, 4.16%, 0, 0, 2, 154.00
1494119054, 4, 96, 511, 147, 0, 4.16%, 0, 0, 2, 148.17
1494119059, 4, 98, 511, 147, 0, 4.16%, 0, 0, 2, 144.72
1494119064, 4, 101, 511, 147, 0, 4.16%, 0, 0, 2, 161.90
1494119069, 4, 106, 511, 147, 0, 4.16%, 0, 0, 2, 151.14
1494119074, 4, 108, 511, 147, 0, 4.16%, 0, 0, 2, 58.61
1494119080, 4, 110, 511, 146, 0, 4.16%, 0, 0, 2, 118.96
1494119090, 4, 114, 511, 145, 0, 4.16%, 0, 0, 2, 170.47
1494119095, 4, 119, 511, 145, 0, 4.16%, 0, 0, 2, 178.20
1494119100, 4, 127, 511, 145, 0, 4.16%, 0, 0, 2, 158.73
1494119105, 4, 128, 511, 145, 0, 4.16%, 0, 0, 2, 135.65
1494119110, 4, 131, 511, 145, 0, 4.16%, 0, 0, 2, 173.29
1494119116, 4, 135, 511, 145, 0, 4.16%, 0, 0, 2, 175.10
1494119121, 4, 137, 511, 144, 0, 4.16%, 0, 0, 2, 156.46
1494119126, 4, 141, 511, 144, 0, 4.16%, 0, 0, 2, 148.02
1494119131, 4, 144, 511, 144, 0, 4.16%, 0, 0, 2, 141.35
1494119136, 4, 148, 511, 144, 0, 4.16%, 0, 0, 2, 168.10
1494119141, 4, 150, 511, 144, 0, 4.16%, 0, 0, 2, 166.49
1494119146, 4, 155, 511, 144, 0, 4.16%, 0, 0, 2, 154.07
1494119152, 4, 160, 511, 143, 0, 4.16%, 0, 0, 2, 157.23
1494119157, 4, 171, 511, 143, 0, 4.16%, 0, 0, 2, 135.18
1494119167, 4, 173, 511, 143, 0, 4.16%, 0, 0, 2, 173.39
1494119172, 4, 181, 511, 143, 0, 4.16%, 0, 0, 2, 183.83
1494119177, 4, 182, 511, 142, 0, 4.16%, 0, 0, 2, 171.06
1494119182, 4, 183, 511, 142, 0, 4.16%, 0, 0, 2, 160.35
1494119187, 4, 186, 511, 141, 0, 4.16%, 0, 0, 2, 161.93
1494119193, 4, 189, 511, 141, 0, 4.16%, 0, 0, 2, 173.23
1494119198, 4, 191, 511, 141, 0, 4.16%, 0, 0, 2, 177.92
1494119203, 4, 192, 511, 141, 0, 4.16%, 0, 0, 2, 185.36
1494119208, 4, 195, 511, 141, 0, 4.16%, 0, 0, 2, 164.47
1494119213, 4, 196, 511, 141, 0, 4.16%, 0, 0, 2, 152.12
1494119218, 4, 198, 511, 141, 0, 4.16%, 0, 0, 2, 142.30
1494119223, 4, 201, 511, 141, 0, 4.16%, 0, 0, 2, 148.52
1494119228, 4, 203, 511, 140, 0, 4.16%, 0, 0, 2, 153.22
1494119238, 4, 207, 511, 140, 0, 4.16%, 0, 0, 2, 157.38
1494119244, 4, 209, 511, 140, 0, 4.16%, 0, 0, 2, 179.68
1494119249, 4, 212, 511, 140, 0, 4.16%, 0, 0, 2, 164.84
1494119254, 4, 213, 511, 139, 0, 4.16%, 0, 0, 2, 184.47
1494119259, 4, 217, 511, 139, 0, 4.16%, 0, 0, 2, 152.88
1494119264, 4, 218, 511, 139, 0, 4.16%, 0, 0, 2, 129.26
1494119269, 4, 219, 511, 139, 0, 4.16%, 0, 0, 2, 169.58
1494119274, 4, 226, 511, 139, 0, 4.16%, 0, 0, 2, 166.70
1494119279, 4, 229, 511, 138, 0, 4.16%, 0, 0, 2, 168.14
1494119285, 4, 232, 511, 138, 0, 4.16%, 0, 0, 2, 87.31
1494119290, 4, 236, 511, 137, 0, 4.16%, 0, 0, 2, 137.07
1494119295, 4, 239, 511, 136, 0, 4.16%, 0, 0, 2, 158.50
1494119305, 4, 243, 511, 135, 0, 4.16%, 0, 0, 2, 161.33
1494119310, 4, 250, 511, 135, 0, 4.16%, 0, 0, 2, 181.71
1494119315, 4, 252, 511, 135, 0, 4.16%, 0, 0, 2, 155.65
1494119320, 4, 254, 511, 135, 0, 4.16%, 0, 0, 2, 170.46
1494119325, 4, 258, 511, 135, 0, 4.16%, 0, 0, 2, 163.36
1494119330, 4, 263, 511, 135, 0, 4.16%, 0, 0, 2, 171.93
1494119335, 4, 265, 511, 135, 0, 4.16%, 0, 0, 2, 174.65
1494119341, 4, 267, 511, 135, 0, 4.16%, 0, 0, 2, 180.72
1494119346, 4, 269, 511, 135, 0, 4.16%, 0, 0, 2, 129.77
1494119351, 4, 270, 511, 134, 0, 4.16%, 0, 0, 2, 142.89
1494119356, 4, 273, 511, 134, 0, 4.16%, 0, 0, 2, 192.99
1494119361, 4, 278, 511, 134, 0, 4.16%, 0, 0, 2, 158.19
1494119377, 4, 283, 511, 133, 0, 4.16%, 0, 0, 2, 155.47
1494119382, 4, 286, 511, 133, 0, 4.16%, 0, 0, 2, 162.16
1494119387, 4, 287, 511, 133, 0, 4.16%, 0, 0, 2, 165.96
1494119392, 4, 288, 511, 132, 0, 4.16%, 0, 0, 2, 169.75
1494119397, 4, 293, 511, 132, 0, 4.16%, 0, 0, 2, 151.17
1494119403, 4, 295, 511, 132, 0, 4.16%, 0, 0, 2, 157.36
1494119408, 4, 296, 511, 132, 0, 4.16%, 0, 0, 2, 142.93
1494119413, 4, 300, 511, 132, 0, 4.16%, 0, 0, 2, 165.97
1494119418, 4, 304, 511, 132, 0, 4.16%, 0, 0, 2, 133.15
1494119433, 4, 316, 511, 131, 0, 4.16%, 0, 0, 2, 133.43
1494119444, 4, 318, 511, 130, 0, 4.16%, 0, 0, 2, 162.51
1494119454, 4, 325, 511, 130, 0, 4.16%, 0, 0, 2, 157.48
1494119459, 4, 336, 511, 130, 0, 4.16%, 0, 0, 2, 128.48
1494119495, 4, 337, 511, 129, 0, 4.16%, 0, 0, 2, 97.98
1494119551, 4, 339, 511, 128, 0, 4.16%, 0, 0, 2, 108.53
1494119556, 4, 340, 511, 128, 0, 4.16%, 0, 0, 2, 82.17
1494119577, 4, 344, 511, 127, 0, 4.16%, 0, 0, 2, 123.31
1494119587, 4, 362, 511, 127, 0, 4.16%, 0, 0, 2, 137.57
1494119592, 4, 363, 511, 127, 0, 4.16%, 0, 0, 2, 158.78
1494119607, 4, 366, 511, 126, 0, 4.16%, 0, 0, 2, 131.66
1494119612, 4, 367, 511, 126, 0, 4.16%, 0, 0, 2, 162.29
1494119617, 4, 369, 511, 126, 0, 4.16%, 0, 0, 2, 110.44
1494119623, 4, 372, 511, 125, 0, 4.16%, 0, 0, 2, 155.65
1494119628, 4, 377, 511, 124, 0, 4.16%, 0, 0, 2, 152.36
1494119633, 4, 378, 511, 124, 0, 4.16%, 0, 0, 2, 32.97
1494119638, 4, 383, 511, 124, 0, 4.16%, 0, 0, 2, 107.39
1494119643, 4, 384, 511, 124, 0, 4.16%, 0, 0, 2, 140.78
1494119648, 4, 385, 511, 124, 0, 4.16%, 0, 0, 2, 56.51
1494119674, 4, 392, 511, 123, 0, 4.16%, 0, 0, 2, 118.11
1494119694, 4, 394, 511, 122, 0, 4.16%, 0, 0, 2, 73.82
1494119700, 4, 404, 511, 122, 0, 4.16%, 0, 0, 2, 119.41
1494119705, 4, 410, 511, 122, 0, 4.16%, 0, 0, 2, 126.28
1494119720, 4, 412, 511, 121, 0, 4.16%, 0, 0, 2, 131.56
1494119725, 4, 418, 511, 121, 0, 4.16%, 0, 0, 2, 203.07
1494119731, 4, 423, 511, 121, 0, 4.16%, 0, 0, 2, 162.18
1494119736, 4, 427, 511, 121, 0, 4.16%, 0, 0, 2, 151.89
1494119741, 4, 428, 511, 121, 0, 4.16%, 0, 0, 2, 132.99
1494119746, 4, 430, 511, 121, 0, 4.16%, 0, 0, 2, 139.98
1494119751, 4, 432, 511, 121, 0, 4.16%, 0, 0, 2, 111.51
1494119771, 4, 438, 511, 120, 0, 4.16%, 0, 0, 2, 19.55
1494119776, 4, 447, 511, 120, 0, 4.16%, 0, 0, 2, 163.07
1494119781, 4, 448, 511, 120, 0, 4.16%, 0, 0, 2, 149.33
1494119786, 4, 450, 511, 119, 0, 4.16%, 0, 0, 2, 158.70
1494119792, 4, 454, 511, 119, 0, 4.16%, 0, 0, 2, 180.11
1494119797, 4, 455, 511, 119, 0, 4.16%, 0, 0, 2, 146.23
1494119802, 4, 457, 511, 119, 0, 4.16%, 0, 0, 2, 163.33
1494119807, 4, 458, 511, 119, 0, 4.16%, 0, 0, 2, 171.89
1494119827, 4, 462, 511, 118, 0, 4.16%, 0, 0, 2, 121.51
1494119838, 4, 465, 511, 117, 0, 4.16%, 0, 0, 2, 18.71
1494119894, 4, 466, 511, 116, 0, 4.16%, 0, 0, 2, 183.51
1494119899, 4, 472, 511, 116, 0, 4.16%, 0, 0, 2, 81.32
1494119904, 4, 473, 511, 116, 0, 4.16%, 0, 0, 2, 97.22
1494119930, 4, 479, 511, 115, 0, 4.16%, 0, 0, 2, 147.73
1494119935, 4, 487, 511, 115, 0, 4.16%, 0, 0, 2, 137.48
1494119940, 4, 496, 511, 115, 0, 4.16%, 0, 0, 2, 126.51
1494119946, 4, 499, 511, 115, 0, 4.16%, 0, 0, 2, 151.22
1494119951, 4, 501, 511, 115, 0, 4.16%, 0, 0, 2, 20.00
1494119971, 5, 0, 511, 114, 0, 4.16%, 0, 0, 2, 142.29
1494119976, 5, 2, 511, 114, 0, 4.16%, 0, 0, 2, 163.16
1494119981, 5, 4, 511, 114, 0, 4.16%, 0, 0, 2, 165.10
1494119986, 5, 8, 511, 114, 0, 4.16%, 0, 0, 2, 164.54
1494119991, 5, 11, 511, 113, 0, 4.16%, 0, 0, 2, 172.28
1494119997, 5, 14, 511, 113, 0, 4.16%, 0, 0, 2, 158.96
1494120002, 5, 17, 511, 113, 0, 4.16%, 0, 0, 2, 160.78
1494120007, 5, 20, 511, 113, 0, 4.16%, 0, 0, 2, 173.44
1494120012, 5, 23, 511, 113, 0, 4.16%, 0, 0, 2, 166.22
1494120017, 5, 29, 511, 113, 0, 4.16%, 0, 0, 2, 166.21
1494120022, 5, 30, 511, 113, 0, 4.16%, 0, 0, 2, 102.43
1494120028, 5, 34, 511, 113, 0, 4.16%, 0, 0, 2, 138.95
1494120033, 5, 37, 511, 113, 0, 4.16%, 0, 0, 2, 177.62
1494120038, 5, 39, 511, 112, 0, 4.16%, 0, 0, 2, 164.17
1494120043, 5, 42, 511, 112, 0, 4.16%, 0, 0, 2, 151.53
1494120048, 5, 43, 511, 112, 0, 4.16%, 0, 0, 2, 161.43
1494120053, 5, 45, 511, 112, 0, 4.16%, 0, 0, 2, 157.36
1494120058, 5, 47, 511, 112, 0, 4.16%, 0, 0, 2, 163.47
1494120063, 5, 50, 511, 112, 0, 4.16%, 0, 0, 2, 207.32
1494120068, 5, 52, 511, 112, 0, 4.16%, 0, 0, 2, 97.11
1494120074, 5, 54, 511, 112, 0, 4.16%, 0, 0, 2, 166.35
1494120079, 5, 56, 511, 112, 0, 4.16%, 0, 0, 2, 185.54
1494120084, 5, 58, 511, 111, 0, 4.16%, 0, 0, 2, 131.20
1494120089, 5, 60, 511, 111, 0, 4.16%, 0, 0, 2, 167.14
1494120094, 5, 62, 511, 111, 0, 4.16%, 0, 0, 2, 159.90
1494120099, 5, 63, 511, 111, 0, 4.16%, 0, 0, 2, 158.42
1494120104, 5, 67, 511, 111, 0, 4.16%, 0, 0, 2, 154.50
1494120109, 5, 71, 511, 111, 0, 4.16%, 0, 0, 2, 146.82
1494120114, 5, 74, 511, 111, 0, 4.16%, 0, 0, 2, 139.69
1494120119, 5, 77, 511, 111, 0, 4.16%, 0, 0, 2, 158.65
1494120125, 5, 80, 511, 111, 0, 4.16%, 0, 0, 2, 143.42
1494120130, 5, 84, 511, 111, 0, 4.16%, 0, 0, 2, 161.13
1494120135, 5, 87, 511, 111, 0, 4.16%, 0, 0, 2, 176.55
1494120140, 5, 88, 511, 111, 0, 4.16%, 0, 0, 2, 177.84
1494120145, 5, 91, 511, 111, 0, 4.16%, 0, 0, 2, 150.38
1494120150, 5, 96, 511, 111, 0, 4.16%, 0, 0, 2, 158.51
1494120155, 5, 98, 511, 111, 0, 4.16%, 0, 0, 2, 155.97
1494120160, 5, 105, 511, 111, 0, 4.16%, 0, 0, 2, 158.97
1494120166, 5, 106, 511, 111, 0, 4.16%, 0, 0, 2, 143.07
1494120171, 5, 108, 511, 111, 0, 4.16%, 0, 0, 2, 142.36
1494120176, 5, 110, 511, 111, 0, 4.16%, 0, 0, 2, 152.19
1494120181, 5, 117, 511, 111, 0, 4.16%, 0, 0, 2, 160.07
1494120186, 5, 120, 511, 111, 0, 4.16%, 0, 0, 2, 158.95
1494120196, 5, 127, 511, 110, 0, 4.16%, 0, 0, 2, 160.67
1494120201, 5, 131, 511, 110, 0, 4.16%, 0, 0, 2, 152.59
1494120207, 5, 136, 511, 110, 0, 4.16%, 0, 0, 2, 168.63
1494120212, 5, 139, 511, 110, 0, 4.16%, 0, 0, 2, 147.61
1494120217, 5, 141, 511, 110, 0, 4.16%, 0, 0, 2, 156.30
1494120222, 5, 142, 511, 110, 0, 4.16%, 0, 0, 2, 175.31
1494120227, 5, 144, 511, 109, 0, 4.16%, 0, 0, 2, 161.37
1494120232, 5, 148, 511, 109, 0, 4.16%, 0, 0, 2, 169.22
1494120237, 5, 149, 511, 109, 0, 4.16%, 0, 0, 2, 166.72
1494120242, 5, 150, 511, 108, 0, 4.16%, 0, 0, 2, 162.00
1494120248, 5, 156, 511, 108, 0, 4.16%, 0, 0, 2, 177.26
1494120253, 5, 166, 511, 108, 0, 4.16%, 0, 0, 2, 156.10
1494120258, 5, 167, 511, 108, 0, 4.16%, 0, 0, 2, 147.49
1494120263, 5, 171, 511, 108, 0, 4.16%, 0, 0, 2, 144.65
1494120268, 5, 172, 511, 108, 0, 4.16%, 0, 0, 2, 137.78
1494120273, 5, 173, 511, 108, 0, 4.16%, 0, 0, 2, 152.78
1494120278, 5, 182, 511, 108, 0, 4.16%, 0, 0, 2, 169.04
1494120283, 5, 183, 511, 108, 0, 4.16%, 0, 0, 2, 162.87
1494120288, 5, 189, 511, 108, 0, 4.16%, 0, 0, 2, 173.83
1494120298, 5, 191, 511, 108, 0, 4.16%, 0, 0, 2, 172.58
1494120304, 5, 195, 511, 108, 0, 4.16%, 0, 0, 2, 170.60
1494120309, 5, 196, 511, 108, 0, 4.16%, 0, 0, 2, 167.93
1494120314, 5, 198, 511, 108, 0, 4.16%, 0, 0, 2, 164.89
1494120319, 5, 201, 511, 107, 0, 4.16%, 0, 0, 2, 136.09
1494120324, 5, 203, 511, 107, 0, 4.16%, 0, 0, 2, 161.55
1494120334, 5, 207, 511, 107, 0, 4.16%, 0, 0, 2, 160.72
1494120339, 5, 209, 511, 107, 0, 4.16%, 0, 0, 2, 177.93
1494120344, 5, 211, 511, 107, 0, 4.16%, 0, 0, 2, 174.58
1494120349, 5, 213, 511, 106, 0, 4.16%, 0, 0, 2, 182.02
1494120354, 5, 215, 511, 106, 0, 4.16%, 0, 0, 2, 135.47
1494120359, 5, 218, 511, 106, 0, 4.16%, 0, 0, 2, 114.73
1494120365, 5, 219, 511, 106, 0, 4.16%, 0, 0, 2, 165.33
1494120370, 5, 222, 511, 105, 0, 4.16%, 0, 0, 2, 157.37
1494120375, 5, 225, 511, 105, 0, 4.16%, 0, 0, 2, 97.06
1494120380, 5, 229, 511, 104, 0, 4.16%, 0, 0, 2, 122.10
1494120390, 5, 239, 511, 104, 0, 4.16%, 0, 0, 2, 160.56
1494120400, 5, 249, 511, 104, 0, 4.16%, 0, 0, 2, 185.94
1494120416, 5, 250, 511, 103, 0, 4.16%, 0, 0, 2, 167.04
1494120426, 5, 254, 511, 103, 0, 4.16%, 0, 0, 2, 155.43
1494120431, 5, 258, 511, 103, 0, 4.16%, 0, 0, 2, 157.90
1494120436, 5, 263, 511, 103, 0, 4.16%, 0, 0, 2, 163.55
1494120446, 5, 265, 511, 103, 0, 4.16%, 0, 0, 2, 164.20
1494120451, 5, 268, 511, 103, 0, 4.16%, 0, 0, 2, 153.17
1494120456, 5, 273, 511, 103, 0, 4.16%, 0, 0, 2, 165.92
1494120467, 5, 280, 511, 103, 0, 4.16%, 0, 0, 2, 16.63
1494120497, 5, 283, 511, 102, 0, 4.16%, 0, 0, 2, 128.08
1494120502, 5, 286, 511, 102, 0, 4.16%, 0, 0, 2, 158.66
1494120508, 5, 292, 511, 102, 0, 4.16%, 0, 0, 2, 153.68
1494120513, 5, 295, 511, 102, 0, 4.16%, 0, 0, 2, 78.27
1494120523, 5, 300, 511, 102, 0, 4.16%, 0, 0, 2, 175.89
1494120528, 5, 311, 511, 102, 0, 4.16%, 0, 0, 2, 172.00
1494120533, 5, 313, 511, 101, 0, 4.16%, 0, 0, 2, 158.25
1494120559, 5, 325, 511, 100, 0, 4.16%, 0, 0, 2, 126.93
1494120564, 5, 333, 511, 100, 0, 4.16%, 0, 0, 2, 156.25
1494120569, 5, 339, 511, 99, 0, 4.16%, 0, 0, 2, 197.78
1494120574, 5, 344, 511, 99, 0, 4.16%, 0, 0, 2, 148.66
1494120579, 5, 352, 511, 99, 0, 4.16%, 0, 0, 2, 148.15
1494120584, 5, 354, 511, 99, 0, 4.16%, 0, 0, 2, 132.69
1494120589, 5, 362, 511, 99, 0, 4.16%, 0, 0, 2, 166.53
1494120594, 5, 367, 511, 99, 0, 4.16%, 0, 0, 2, 173.48
1494120600, 5, 374, 511, 99, 0, 4.16%, 0, 0, 2, 129.07
1494120605, 5, 377, 511, 99, 0, 4.16%, 0, 0, 2, 149.71
1494120610, 5, 378, 511, 99, 0, 4.16%, 0, 0, 2, 97.57
1494120615, 5, 383, 511, 99, 0, 4.16%, 0, 0, 2, 128.66
1494120620, 5, 384, 511, 99, 0, 4.16%, 0, 0, 2, 128.57
1494120625, 5, 394, 511, 99, 0, 4.16%, 0, 0, 2, 97.94
1494120631, 5, 395, 511, 99, 0, 4.16%, 0, 0, 2, 67.83
1494120692, 5, 399, 511, 98, 0, 4.16%, 0, 0, 2, 118.61
1494120697, 5, 409, 511, 98, 0, 4.16%, 0, 0, 2, 141.52
1494120702, 5, 420, 511, 98, 0, 4.16%, 0, 0, 2, 154.28
1494120707, 5, 425, 511, 98, 0, 4.16%, 0, 0, 2, 133.71
1494120722, 5, 427, 511, 97, 0, 4.16%, 0, 0, 2, 133.87
1494120727, 5, 428, 511, 97, 0, 4.16%, 0, 0, 2, 153.20
1494120733, 5, 430, 511, 97, 0, 4.16%, 0, 0, 2, 143.59
1494120738, 5, 437, 511, 97, 0, 4.16%, 0, 0, 2, 146.44
1494120743, 5, 438, 511, 97, 0, 4.16%, 0, 0, 2, 111.20
1494120748, 5, 447, 511, 97, 0, 4.16%, 0, 0, 2, 134.22
1494120753, 5, 449, 511, 97, 0, 4.16%, 0, 0, 2, 16.73
1494120850, 5, 450, 511, 96, 0, 4.16%, 0, 0, 2, 100.10
1494120855, 5, 452, 511, 96, 0, 4.16%, 0, 0, 2, 126.43
1494120860, 5, 454, 511, 96, 0, 4.16%, 0, 0, 2, 129.99
1494120865, 5, 456, 511, 96, 0, 4.16%, 0, 0, 2, 143.47
1494120870, 5, 457, 511, 96, 0, 4.16%, 0, 0, 2, 183.50
1494120876, 5, 461, 511, 96, 0, 4.16%, 0, 0, 2, 161.09
1494120886, 5, 464, 511, 95, 0, 4.16%, 0, 0, 2, 81.12
1494120906, 5, 466, 511, 94, 0, 4.16%, 0, 0, 2, 97.78
1494120911, 5, 467, 511, 94, 0, 4.16%, 0, 0, 2, 105.71
1494120917, 5, 479, 511, 94, 0, 4.16%, 0, 0, 2, 144.28
1494120922, 5, 487, 511, 94, 0, 4.16%, 0, 0, 2, 140.32
1494120927, 5, 493, 511, 94, 0, 4.16%, 0, 0, 2, 128.62
1494120932, 5, 496, 511, 94, 0, 4.16%, 0, 0, 2, 120.92
1494120937, 5, 499, 511, 94, 0, 4.16%, 0, 0, 2, 130.77
1494120942, 5, 503, 511, 94, 0, 4.16%, 0, 0, 2, 112.86
1494120953, 5, 508, 511, 93, 0, 4.16%, 0, 0, 2, 135.12
1494120958, 6, 1, 511, 93, 0, 4.16%, 0, 0, 2, 137.55
1494120963, 6, 2, 511, 93, 0, 4.16%, 0, 0, 2, 152.67
1494120968, 6, 7, 511, 93, 0, 4.16%, 0, 0, 2, 163.88
1494120973, 6, 8, 511, 93, 0, 4.16%, 0, 0, 2, 178.95
1494120978, 6, 14, 511, 93, 0, 4.16%, 0, 0, 2, 154.59
1494120983, 6, 15, 511, 93, 0, 4.16%, 0, 0, 2, 163.71
1494120988, 6, 19, 511, 93, 0, 4.16%, 0, 0, 2, 156.50
1494120993, 6, 20, 511, 93, 0, 4.16%, 0, 0, 2, 161.18
1494120998, 6, 23, 511, 93, 0, 4.16%, 0, 0, 2, 146.76
1494121003, 6, 27, 511, 93, 0, 4.16%, 0, 0, 2, 142.05
1494121009, 6, 29, 511, 92, 0, 4.16%, 0, 0, 2, 143.36
1494121014, 6, 33, 511, 92, 0, 4.16%, 0, 0, 2, 145.62
1494121019, 6, 39, 511, 92, 0, 4.16%, 0, 0, 2, 175.43
1494121024, 6, 41, 511, 91, 0, 4.16%, 0, 0, 2, 184.53
1494121029, 6, 42, 511, 91, 0, 4.16%, 0, 0, 2, 170.28
1494121034, 6, 43, 511, 91, 0, 4.16%, 0, 0, 2, 164.98
1494121039, 6, 46, 511, 91, 0, 4.16%, 0, 0, 2, 167.59
1494121045, 6, 49, 511, 91, 0, 4.16%, 0, 0, 2, 154.16
1494121050, 6, 50, 511, 91, 0, 4.16%, 0, 0, 2, 159.25
1494121055, 6, 52, 511, 90, 0, 4.16%, 0, 0, 2, 167.50
1494121060, 6, 54, 511, 90, 0, 4.16%, 0, 0, 2, 177.03
1494121065, 6, 56, 511, 90, 0, 4.16%, 0, 0, 2, 184.23
1494121070, 6, 58, 511, 90, 0, 4.16%, 0, 0, 2, 169.12
1494121075, 6, 60, 511, 90, 0, 4.16%, 0, 0, 2, 152.02
1494121080, 6, 62, 511, 90, 0, 4.16%, 0, 0, 2, 155.86
1494121085, 6, 65, 511, 90, 0, 4.16%, 0, 0, 2, 149.57
1494121091, 6, 69, 511, 90, 0, 4.16%, 0, 0, 2, 146.23
1494121096, 6, 72, 511, 90, 0, 4.16%, 0, 0, 2, 137.34
1494121101, 6, 75, 511, 90, 0, 4.16%, 0, 0, 2, 137.99
1494121106, 6, 78, 511, 90, 0, 4.16%, 0, 0, 2, 158.73
1494121111, 6, 79, 511, 89, 0, 4.16%, 0, 0, 2, 145.28
1494121116, 6, 81, 511, 89, 0, 4.16%, 0, 0, 2, 145.84
1494121121, 6, 85, 511, 89, 0, 4.16%, 0, 0, 2, 157.67
1494121126, 6, 87, 511, 89, 0, 4.16%, 0, 0, 2, 169.82
1494121132, 6, 89, 511, 89, 0, 4.16%, 0, 0, 2, 160.65
1494121137, 6, 92, 511, 89, 0, 4.16%, 0, 0, 2, 166.89
1494121142, 6, 97, 511, 89, 0, 4.16%, 0, 0, 2, 146.32
1494121147, 6, 99, 511, 89, 0, 4.16%, 0, 0, 2, 144.83
1494121152, 6, 106, 511, 89, 0, 4.16%, 0, 0, 2, 144.16
1494121157, 6, 107, 511, 89, 0, 4.16%, 0, 0, 2, 168.90
1494121162, 6, 110, 511, 89, 0, 4.16%, 0, 0, 2, 143.80
1494121173, 6, 117, 511, 88, 0, 4.16%, 0, 0, 2, 165.97
1494121178, 6, 119, 511, 88, 0, 4.16%, 0, 0, 2, 156.52
1494121183, 6, 127, 511, 88, 0, 4.16%, 0, 0, 2, 154.20
1494121188, 6, 130, 511, 88, 0, 4.16%, 0, 0, 2, 154.24
1494121193, 6, 131, 511, 87, 0, 4.16%, 0, 0, 2, 171.45
1494121198, 6, 137, 511, 87, 0, 4.16%, 0, 0, 2, 167.31
1494121203, 6, 141, 511, 87, 0, 4.16%, 0, 0, 2, 142.77
1494121209, 6, 143, 511, 87, 0, 4.16%, 0, 0, 2, 151.51
1494121214, 6, 148, 511, 87, 0, 4.16%, 0, 0, 2, 131.43
1494121219, 6, 150, 511, 87, 0, 4.16%, 0, 0, 2, 166.18
1494121229, 6, 160, 511, 86, 0, 4.16%, 0, 0, 2, 157.89
1494121234, 6, 167, 511, 86, 0, 4.16%, 0, 0, 2, 136.83
1494121239, 6, 171, 511, 86, 0, 4.16%, 0, 0, 2, 157.28
1494121244, 6, 173, 511, 86, 0, 4.16%, 0, 0, 2, 167.80
1494121250, 6, 182, 511, 86, 0, 4.16%, 0, 0, 2, 176.10
1494121260, 6, 186, 511, 86, 0, 4.16%, 0, 0, 2, 159.46
1494121265, 6, 187, 511, 86, 0, 4.16%, 0, 0, 2, 162.19
1494121270, 6, 189, 511, 85, 0, 4.16%, 0, 0, 2, 177.98
1494121275, 6, 191, 511, 85, 0, 4.16%, 0, 0, 2, 158.23
1494121280, 6, 195, 511, 85, 0, 4.16%, 0, 0, 2, 164.54
1494121290, 6, 198, 511, 85, 0, 4.16%, 0, 0, 2, 148.50
1494121296, 6, 201, 511, 85, 0, 4.16%, 0, 0, 2, 152.97
1494121301, 6, 203, 511, 85, 0, 4.16%, 0, 0, 2, 172.00
1494121306, 6, 207, 511, 85, 0, 4.16%, 0, 0, 2, 179.60
1494121311, 6, 209, 511, 85, 0, 4.16%, 0, 0, 2, 173.55
1494121316, 6, 213, 511, 84, 0, 4.16%, 0, 0, 2, 171.68
1494121327, 6, 215, 511, 84, 0, 4.16%, 0, 0, 2, 148.36
1494121332, 6, 218, 511, 84, 0, 4.16%, 0, 0, 2, 22.47
1494121337, 6, 219, 511, 84, 0, 4.16%, 0, 0, 2, 111.16
1494121342, 6, 222, 511, 84, 0, 4.16%, 0, 0, 2, 157.55
1494121347, 6, 229, 511, 83, 0, 4.16%, 0, 0, 2, 165.13
1494121352, 6, 231, 511, 83, 0, 4.16%, 0, 0, 2, 164.67
1494121357, 6, 239, 511, 83, 0, 4.16%, 0, 0, 2, 162.06
1494121362, 6, 243, 511, 83, 0, 4.16%, 0, 0, 2, 175.85
1494121367, 6, 250, 511, 83, 0, 4.16%, 0, 0, 2, 171.76
1494121373, 6, 254, 511, 83, 0, 4.16%, 0, 0, 2, 168.64
1494121383, 6, 258, 511, 83, 0, 4.16%, 0, 0, 2, 159.48
1494121388, 6, 263, 511, 83, 0, 4.16%, 0, 0, 2, 164.03
1494121393, 6, 265, 511, 83, 0, 4.16%, 0, 0, 2, 172.36
1494121403, 6, 268, 511, 83, 0, 4.16%, 0, 0, 2, 149.44
1494121408, 6, 273, 511, 83, 0, 4.16%, 0, 0, 2, 171.49
1494121413, 6, 279, 511, 83, 0, 4.16%, 0, 0, 2, 164.84
1494121418, 6, 282, 511, 83, 0, 4.16%, 0, 0, 2, 165.33
1494121423, 6, 283, 511, 82, 0, 4.16%, 0, 0, 2, 172.46
1494121429, 6, 288, 511, 82, 0, 4.16%, 0, 0, 2, 155.49
1494121434, 6, 290, 511, 82, 0, 4.16%, 0, 0, 2, 113.96
1494121454, 6, 293, 511, 81, 0, 4.16%, 0, 0, 2, 131.17
1494121459, 6, 295, 511, 81, 0, 4.16%, 0, 0, 2, 162.63
1494121464, 6, 296, 511, 81, 0, 4.16%, 0, 0, 2, 136.54
1494121469, 6, 297, 511, 81, 0, 4.16%, 0, 0, 2, 142.40
1494121475, 6, 300, 511, 80, 0, 4.16%, 0, 0, 2, 182.75
1494121480, 6, 320, 511, 80, 0, 4.16%, 0, 0, 2, 142.45
1494121495, 6, 325, 511, 79, 0, 4.16%, 0, 0, 2, 147.00
1494121500, 6, 333, 511, 79, 0, 4.16%, 0, 0, 2, 170.02
1494121505, 6, 339, 511, 79, 0, 4.16%, 0, 0, 2, 116.49
1494121510, 6, 344, 511, 79, 0, 4.16%, 0, 0, 2, 152.13
1494121515, 6, 352, 511, 79, 0, 4.16%, 0, 0, 2, 134.65
1494121520, 6, 360, 511, 79, 0, 4.16%, 0, 0, 2, 129.46
1494121526, 6, 362, 511, 79, 0, 4.16%, 0, 0, 2, 155.13
1494121531, 6, 367, 511, 79, 0, 4.16%, 0, 0, 2, 197.61
1494121536, 6, 370, 511, 79, 0, 4.16%, 0, 0, 2, 172.64
1494121541, 6, 371, 511, 79, 0, 4.16%, 0, 0, 2, 150.11
1494121551, 6, 377, 511, 78, 0, 4.16%, 0, 0, 2, 145.87
1494121556, 6, 378, 511, 78, 0, 4.16%, 0, 0, 2, 86.43
1494121561, 6, 383, 511, 78, 0, 4.16%, 0, 0, 2, 113.07
1494121567, 6, 387, 511, 78, 0, 4.16%, 0, 0, 2, 137.95
1494121587, 6, 393, 511, 77, 0, 4.16%, 0, 0, 2, 162.05
1494121592, 6, 394, 511, 76, 0, 4.16%, 0, 0, 2, 31.58
1494121597, 6, 399, 511, 76, 0, 4.16%, 0, 0, 2, 84.89
1494121602, 6, 402, 511, 76, 0, 4.16%, 0, 0, 2, 121.34
1494121607, 6, 407, 511, 75, 0, 4.16%, 0, 0, 2, 140.72
1494121613, 6, 416, 511, 75, 0, 4.16%, 0, 0, 2, 154.49
1494121618, 6, 423, 511, 75, 0, 4.16%, 0, 0, 2, 154.25
1494121623, 6, 426, 511, 75, 0, 4.16%, 0, 0, 2, 130.05
1494121628, 6, 427, 511, 75, 0, 4.16%, 0, 0, 2, 140.04
1494121633, 6, 429, 511, 75, 0, 4.16%, 0, 0, 2, 138.01
1494121638, 6, 430, 511, 75, 0, 4.16%, 0, 0, 2, 135.43
1494121643, 6, 438, 511, 75, 0, 4.16%, 0, 0, 2, 101.95
1494121648, 6, 442, 511, 75, 0, 4.16%, 0, 0, 2, 135.87
1494121653, 6, 447, 511, 75, 0, 4.16%, 0, 0, 2, 157.02
1494121658, 6, 451, 511, 75, 0, 4.16%, 0, 0, 2, 18.41
1494121710, 6, 452, 511, 74, 0, 4.16%, 0, 0, 2, 116.41
1494121715, 6, 454, 511, 74, 0, 4.16%, 0, 0, 2, 147.72
1494121720, 6, 456, 511, 74, 0, 4.16%, 0, 0, 2, 138.38
1494121725, 6, 457, 511, 74, 0, 4.16%, 0, 0, 2, 152.28
1494121730, 6, 459, 511, 74, 0, 4.16%, 0, 0, 2, 162.21
1494121735, 6, 467, 511, 74, 0, 4.16%, 0, 0, 2, 124.53
1494121740, 6, 468, 511, 74, 0, 4.16%, 0, 0, 2, 96.74
1494121746, 6, 471, 511, 73, 0, 4.16%, 0, 0, 2, 111.44
1494121766, 6, 472, 511, 72, 0, 4.16%, 0, 0, 2, 149.99
1494121771, 6, 474, 511, 72, 0, 4.16%, 0, 0, 2, 121.22
1494121776, 6, 482, 511, 71, 0, 4.16%, 0, 0, 2, 138.34
1494121781, 6, 485, 511, 71, 0, 4.16%, 0, 0, 2, 24.88
1494121853, 6, 487, 511, 70, 0, 4.16%, 0, 0, 2, 76.56
1494121858, 6, 496, 511, 70, 0, 4.16%, 0, 0, 2, 119.88
1494121863, 6, 499, 511, 70, 0, 4.16%, 0, 0, 2, 148.19
1494121868, 7, 0, 511, 70, 0, 4.16%, 0, 0, 2, 141.88
1494121873, 7, 1, 511, 70, 0, 4.16%, 0, 0, 2, 127.02
1494121878, 7, 2, 511, 70, 0, 4.16%, 0, 0, 2, 16.94
1494121884, 7, 4, 511, 70, 0, 4.16%, 0, 0, 2, 175.72
1494121889, 7, 8, 511, 70, 0, 4.16%, 0, 0, 2, 190.50
1494121894, 7, 13, 511, 70, 0, 4.16%, 0, 0, 2, 175.65
1494121899, 7, 15, 511, 70, 0, 4.16%, 0, 0, 2, 168.90
1494121904, 7, 17, 511, 70, 0, 4.16%, 0, 0, 2, 167.60
1494121909, 7, 20, 511, 70, 0, 4.16%, 0, 0, 2, 173.71
1494121914, 7, 24, 511, 70, 0, 4.16%, 0, 0, 2, 167.24
1494121919, 7, 29, 511, 70, 0, 4.16%, 0, 0, 2, 178.05
1494121924, 7, 30, 511, 70, 0, 4.16%, 0, 0, 2, 155.91
1494121930, 7, 34, 511, 70, 0, 4.16%, 0, 0, 2, 165.64
1494121935, 7, 35, 511, 70, 0, 4.16%, 0, 0, 2, 172.75
1494121940, 7, 39, 511, 69, 0, 4.16%, 0, 0, 2, 180.40
1494121945, 7, 42, 511, 69, 0, 4.16%, 0, 0, 2, 170.42
1494121950, 7, 43, 511, 69, 0, 4.16%, 0, 0, 2, 169.23
1494121955, 7, 46, 511, 69, 0, 4.16%, 0, 0, 2, 167.96
1494121960, 7, 49, 511, 69, 0, 4.16%, 0, 0, 2, 156.55
1494121965, 7, 50, 511, 69, 0, 4.16%, 0, 0, 2, 179.14
1494121971, 7, 52, 511, 69, 0, 4.16%, 0, 0, 2, 187.06
1494121976, 7, 54, 511, 69, 0, 4.16%, 0, 0, 2, 177.99
1494121981, 7, 56, 511, 69, 0, 4.16%, 0, 0, 2, 176.70
1494121986, 7, 60, 511, 69, 0, 4.16%, 0, 0, 2, 159.18
1494121991, 7, 62, 511, 69, 0, 4.16%, 0, 0, 2, 156.64
1494121996, 7, 63, 511, 69, 0, 4.16%, 0, 0, 2, 131.03
1494122001, 7, 67, 511, 69, 0, 4.16%, 0, 0, 2, 161.03
1494122006, 7, 71, 511, 69, 0, 4.16%, 0, 0, 2, 158.76
1494122012, 7, 74, 511, 69, 0, 4.16%, 0, 0, 2, 150.25
1494122017, 7, 77, 511, 69, 0, 4.16%, 0, 0, 2, 163.08
1494122022, 7, 81, 511, 69, 0, 4.16%, 0, 0, 2, 168.00
1494122027, 7, 84, 511, 69, 0, 4.16%, 0, 0, 2, 175.14
1494122032, 7, 87, 511, 69, 0, 4.16%, 0, 0, 2, 181.42
1494122037, 7, 88, 511, 69, 0, 4.16%, 0, 0, 2, 161.18
1494122042, 7, 92, 511, 69, 0, 4.16%, 0, 0, 2, 156.19
1494122047, 7, 97, 511, 69, 0, 4.16%, 0, 0, 2, 154.04
1494122052, 7, 99, 511, 69, 0, 4.16%, 0, 0, 2, 161.17
1494122058, 7, 105, 511, 69, 0, 4.16%, 0, 0, 2, 154.87
1494122063, 7, 106, 511, 69, 0, 4.16%, 0, 0, 2, 147.58
1494122068, 7, 108, 511, 69, 0, 4.16%, 0, 0, 2, 135.02
1494122073, 7, 110, 511, 69, 0, 4.16%, 0, 0, 2, 165.11
1494122078, 7, 112, 511, 69, 0, 4.16%, 0, 0, 2, 184.17
1494122083, 7, 113, 511, 68, 0, 4.16%, 0, 0, 2, 175.17
1494122088, 7, 119, 511, 68, 0, 4.16%, 0, 0, 2, 173.13
1494122093, 7, 127, 511, 68, 0, 4.16%, 0, 0, 2, 163.28
1494122098, 7, 129, 511, 68, 0, 4.16%, 0, 0, 2, 165.58
1494122104, 7, 131, 511, 68, 0, 4.16%, 0, 0, 2, 194.18
1494122109, 7, 137, 511, 68, 0, 4.16%, 0, 0, 2, 30.00
1494122114, 7, 141, 511, 68, 0, 4.16%, 0, 0, 2, 136.90
1494122119, 7, 144, 511, 68, 0, 4.16%, 0, 0, 2, 161.60
1494122124, 7, 148, 511, 68, 0, 4.16%, 0, 0, 2, 182.92
1494122129, 7, 150, 511, 68, 0, 4.16%, 0, 0, 2, 190.51
1494122134, 7, 160, 511, 68, 0, 4.16%, 0, 0, 2, 137.54
1494122139, 7, 161, 511, 68, 0, 4.16%, 0, 0, 2, 163.18
1494122144, 7, 164, 511, 67, 0, 4.16%, 0, 0, 2, 188.56
1494122149, 7, 167, 511, 66, 0, 4.16%, 0, 0, 2, 174.57
1494122154, 7, 171, 511, 66, 0, 4.16%, 0, 0, 2, 159.15
1494122159, 7, 172, 511, 66, 0, 4.16%, 0, 0, 2, 158.16
1494122165, 7, 173, 511, 66, 0, 4.16%, 0, 0, 2, 180.68
1494122170, 7, 182, 511, 66, 0, 4.16%, 0, 0, 2, 162.65
1494122175, 7, 186, 511, 66, 0, 4.16%, 0, 0, 2, 222.22
1494122180, 7, 189, 511, 66, 0, 4.16%, 0, 0, 2, 202.17
1494122185, 7, 191, 511, 66, 0, 4.16%, 0, 0, 2, 177.17
1494122190, 7, 195, 511, 66, 0, 4.16%, 0, 0, 2, 180.37
1494122200, 7, 197, 511, 66, 0, 4.16%, 0, 0, 2, 169.58
1494122205, 7, 200, 511, 66, 0, 4.16%, 0, 0, 2, 151.80
1494122210, 7, 201, 511, 65, 0, 4.16%, 0, 0, 2, 165.75
1494122216, 7, 203, 511, 65, 0, 4.16%, 0, 0, 2, 187.46
1494122221, 7, 207, 511, 65, 0, 4.16%, 0, 0, 2, 190.50
1494122226, 7, 209, 511, 65, 0, 4.16%, 0, 0, 2, 177.52
1494122231, 7, 213, 511, 65, 0, 4.16%, 0, 0, 2, 184.04
1494122236, 7, 215, 511, 65, 0, 4.16%, 0, 0, 2, 151.46
1494122241, 7, 218, 511, 65, 0, 4.16%, 0, 0, 2, 125.51
1494122247, 7, 219, 511, 65, 0, 4.16%, 0, 0, 2, 148.92
1494122252, 7, 222, 511, 65, 0, 4.16%, 0, 0, 2, 165.55
1494122257, 7, 227, 511, 65, 0, 4.16%, 0, 0, 2, 183.35
1494122262, 7, 229, 511, 64, 0, 4.16%, 0, 0, 2, 190.44
1494122267, 7, 239, 511, 64, 0, 4.16%, 0, 0, 2, 177.62
1494122277, 7, 249, 511, 64, 0, 4.16%, 0, 0, 2, 165.76
1494122282, 7, 250, 511, 64, 0, 4.16%, 0, 0, 2, 183.88
1494122288, 7, 253, 511, 64, 0, 4.16%, 0, 0, 2, 175.46
1494122293, 7, 254, 511, 64, 0, 4.16%, 0, 0, 2, 183.71
1494122298, 7, 258, 511, 64, 0, 4.16%, 0, 0, 2, 169.71
1494122303, 7, 263, 511, 64, 0, 4.16%, 0, 0, 2, 194.50
1494122313, 7, 265, 511, 64, 0, 4.16%, 0, 0, 2, 160.09
1494122318, 7, 268, 511, 64, 0, 4.16%, 0, 0, 2, 166.20
1494122323, 7, 273, 511, 64, 0, 4.16%, 0, 0, 2, 151.20
1494122328, 7, 274, 511, 64, 0, 4.16%, 0, 0, 2, 179.37
1494122334, 7, 279, 511, 63, 0, 4.16%, 0, 0, 2, 160.46
1494122339, 7, 283, 511, 63, 0, 4.16%, 0, 0, 2, 171.54
1494122344, 7, 286, 511, 62, 0, 4.16%, 0, 0, 2, 174.82
1494122349, 7, 290, 511, 62, 0, 4.16%, 0, 0, 2, 132.51
1494122354, 7, 293, 511, 62, 0, 4.16%, 0, 0, 2, 156.27
1494122359, 7, 295, 511, 62, 0, 4.16%, 0, 0, 2, 153.44
1494122364, 7, 300, 511, 62, 0, 4.16%, 0, 0, 2, 160.03
1494122374, 7, 315, 511, 62, 0, 4.16%, 0, 0, 2, 21.97
1494122436, 7, 317, 511, 61, 0, 4.16%, 0, 0, 2, 181.50
1494122441, 7, 323, 511, 60, 0, 4.16%, 0, 0, 2, 164.81
1494122446, 7, 325, 511, 60, 0, 4.16%, 0, 0, 2, 186.96
1494122451, 7, 344, 511, 60, 0, 4.16%, 0, 0, 2, 159.48
1494122461, 7, 352, 511, 60, 0, 4.16%, 0, 0, 2, 72.48
1494122466, 7, 362, 511, 60, 0, 4.16%, 0, 0, 2, 144.13
1494122472, 7, 367, 511, 60, 0, 4.16%, 0, 0, 2, 175.51
1494122477, 7, 377, 511, 60, 0, 4.16%, 0, 0, 2, 166.81
1494122482, 7, 378, 511, 60, 0, 4.16%, 0, 0, 2, 103.03
1494122487, 7, 384, 511, 60, 0, 4.16%, 0, 0, 2, 138.81
1494122492, 7, 389, 511, 60, 0, 4.16%, 0, 0, 2, 128.25
1494122497, 7, 391, 511, 60, 0, 4.16%, 0, 0, 2, 91.21
1494122518, 7, 394, 511, 59, 0, 4.16%, 0, 0, 2, 103.06
1494122523, 7, 404, 511, 59, 0, 4.16%, 0, 0, 2, 140.68
1494122528, 7, 408, 511, 59, 0, 4.16%, 0, 0, 2, 168.97
1494122533, 7, 414, 511, 59, 0, 4.16%, 0, 0, 2, 177.17
1494122538, 7, 418, 511, 59, 0, 4.16%, 0, 0, 2, 98.76
1494122543, 7, 422, 511, 59, 0, 4.16%, 0, 0, 2, 124.62
1494122558, 7, 426, 511, 58, 0, 4.16%, 0, 0, 2, 149.64
1494122563, 7, 427, 511, 58, 0, 4.16%, 0, 0, 2, 139.13
1494122568, 7, 429, 511, 58, 0, 4.16%, 0, 0, 2, 87.26
1494122574, 7, 430, 511, 58, 0, 4.16%, 0, 0, 2, 113.79
1494122579, 7, 438, 511, 58, 0, 4.16%, 0, 0, 2, 108.47
1494122584, 7, 442, 511, 58, 0, 4.16%, 0, 0, 2, 139.39
1494122589, 7, 447, 511, 58, 0, 4.16%, 0, 0, 2, 140.27
1494122594, 7, 452, 511, 58, 0, 4.16%, 0, 0, 2, 142.87
1494122599, 7, 455, 511, 58, 0, 4.16%, 0, 0, 2, 155.91
1494122604, 7, 457, 511, 58, 0, 4.16%, 0, 0, 2, 165.36
1494122610, 7, 459, 511, 58, 0, 4.16%, 0, 0, 2, 170.73
1494122615, 7, 467, 511, 58, 0, 4.16%, 0, 0, 2, 161.56
1494122620, 7, 470, 511, 58, 0, 4.16%, 0, 0, 2, 101.79
1494122640, 7, 472, 511, 57, 0, 4.16%, 0, 0, 2, 107.49
1494122645, 7, 479, 511, 57, 0, 4.16%, 0, 0, 2, 138.38
1494122650, 7, 483, 511, 57, 0, 4.16%, 0, 0, 2, 105.05
1494122655, 7, 486, 511, 56, 0, 4.16%, 0, 0, 2, 16.19
1494122712, 7, 489, 511, 55, 0, 4.16%, 0, 0, 2, 154.57
1494122717, 7, 490, 511, 55, 0, 4.16%, 0, 0, 2, 14.00
1494122794, 7, 499, 511, 54, 0, 4.16%, 0, 0, 2, 128.51
1494122799, 7, 508, 511, 54, 0, 4.16%, 0, 0, 2, 146.12
1494122804, 8, 1, 511, 54, 0, 4.16%, 0, 0, 2, 140.96
1494122809, 8, 2, 511, 54, 0, 4.16%, 0, 0, 2, 159.50
1494122814, 8, 7, 511, 54, 0, 4.16%, 0, 0, 2, 176.11
1494122819, 8, 11, 511, 54, 0, 4.16%, 0, 0, 2, 187.56
1494122824, 8, 14, 511, 54, 0, 4.16%, 0, 0, 2, 148.28
1494122829, 8, 17, 511, 54, 0, 4.16%, 0, 0, 2, 167.10
1494122834, 8, 20, 511, 53, 0, 4.16%, 0, 0, 2, 188.39
1494122840, 8, 21, 511, 53, 0, 4.16%, 0, 0, 2, 165.25
1494122845, 8, 26, 511, 53, 0, 4.16%, 0, 0, 2, 181.28
1494122850, 8, 30, 511, 53, 0, 4.16%, 0, 0, 2, 180.94
1494122855, 8, 34, 511, 53, 0, 4.16%, 0, 0, 2, 171.16
1494122860, 8, 39, 511, 52, 0, 4.16%, 0, 0, 2, 191.30
1494122865, 8, 41, 511, 52, 0, 4.16%, 0, 0, 2, 178.21
1494122870, 8, 42, 511, 52, 0, 4.16%, 0, 0, 2, 182.58
1494122875, 8, 43, 511, 52, 0, 4.16%, 0, 0, 2, 152.77
1494122880, 8, 46, 511, 52, 0, 4.16%, 0, 0, 2, 167.71
1494122885, 8, 49, 511, 52, 0, 4.16%, 0, 0, 2, 143.92
1494122891, 8, 50, 511, 52, 0, 4.16%, 0, 0, 2, 162.08
1494122896, 8, 52, 511, 52, 0, 4.16%, 0, 0, 2, 11.89
1494122901, 8, 54, 511, 52, 0, 4.16%, 0, 0, 2, 170.96
1494122906, 8, 57, 511, 52, 0, 4.16%, 0, 0, 2, 187.93
1494122911, 8, 58, 511, 52, 0, 4.16%, 0, 0, 2, 150.04
1494122916, 8, 61, 511, 52, 0, 4.16%, 0, 0, 2, 153.66
1494122922, 8, 63, 511, 52, 0, 4.16%, 0, 0, 2, 159.23
1494122927, 8, 67, 511, 52, 0, 4.16%, 0, 0, 2, 150.47
1494122932, 8, 71, 511, 52, 0, 4.16%, 0, 0, 2, 153.38
1494122937, 8, 74, 511, 52, 0, 4.16%, 0, 0, 2, 149.29
1494122942, 8, 77, 511, 52, 0, 4.16%, 0, 0, 2, 163.31
1494122947, 8, 80, 511, 52, 0, 4.16%, 0, 0, 2, 155.09
1494122952, 8, 84, 511, 52, 0, 4.16%, 0, 0, 2, 149.54
1494122958, 8, 87, 511, 52, 0, 4.16%, 0, 0, 2, 169.04
1494122963, 8, 88, 511, 52, 0, 4.16%, 0, 0, 2, 181.31
1494122968, 8, 92, 511, 52, 0, 4.16%, 0, 0, 2, 168.10
1494122973, 8, 96, 511, 51, 0, 4.16%, 0, 0, 2, 181.69
1494122978, 8, 98, 511, 51, 0, 4.16%, 0, 0, 2, 151.05
1494122983, 8, 99, 511, 51, 0, 4.16%, 0, 0, 2, 137.38
1494122989, 8, 106, 511, 51, 0, 4.16%, 0, 0, 2, 164.27
1494122994, 8, 107, 511, 51, 0, 4.16%, 0, 0, 2, 149.69
1494122999, 8, 110, 511, 51, 0, 4.16%, 0, 0, 2, 177.64
1494123004, 8, 117, 511, 51, 0, 4.16%, 0, 0, 2, 163.08
1494123009, 8, 119, 511, 50, 0, 4.16%, 0, 0, 2, 168.65
1494123014, 8, 127, 511, 50, 0, 4.16%, 0, 0, 2, 160.74
1494123019, 8, 128, 511, 50, 0, 4.16%, 0, 0, 2, 152.93
1494123025, 8, 131, 511, 50, 0, 4.16%, 0, 0, 2, 186.95
1494123030, 8, 137, 511, 50, 0, 4.16%, 0, 0, 2, 110.66
1494123035, 8, 138, 511, 50, 0, 4.16%, 0, 0, 2, 179.77
1494123040, 8, 141, 511, 50, 0, 4.16%, 0, 0, 2, 174.95
1494123045, 8, 144, 511, 50, 0, 4.16%, 0, 0, 2, 164.69
1494123050, 8, 148, 511, 50, 0, 4.16%, 0, 0, 2, 166.91
1494123056, 8, 150, 511, 50, 0, 4.16%, 0, 0, 2, 197.23
1494123061, 8, 162, 511, 50, 0, 4.16%, 0, 0, 2, 169.79
1494123066, 8, 167, 511, 49, 0, 4.16%, 0, 0, 2, 165.91
1494123071, 8, 171, 511, 49, 0, 4.16%, 0, 0, 2, 175.19
1494123076, 8, 173, 511, 49, 0, 4.16%, 0, 0, 2, 182.12
1494123086, 8, 182, 511, 49, 0, 4.16%, 0, 0, 2, 187.33
1494123091, 8, 186, 511, 49, 0, 4.16%, 0, 0, 2, 195.88
1494123096, 8, 189, 511, 49, 0, 4.16%, 0, 0, 2, 195.12
1494123101, 8, 191, 511, 49, 0, 4.16%, 0, 0, 2, 172.71
1494123106, 8, 194, 511, 49, 0, 4.16%, 0, 0, 2, 172.85
1494123111, 8, 195, 511, 49, 0, 4.16%, 0, 0, 2, 180.45
1494123116, 8, 196, 511, 49, 0, 4.16%, 0, 0, 2, 180.64
1494123122, 8, 201, 511, 49, 0, 4.16%, 0, 0, 2, 154.36
1494123127, 8, 203, 511, 49, 0, 4.16%, 0, 0, 2, 164.68
1494123132, 8, 207, 511, 49, 0, 4.16%, 0, 0, 2, 167.56
1494123142, 8, 209, 511, 49, 0, 4.16%, 0, 0, 2, 174.42
1494123147, 8, 213, 511, 49, 0, 4.16%, 0, 0, 2, 181.57
1494123152, 8, 217, 511, 49, 0, 4.16%, 0, 0, 2, 151.98
1494123158, 8, 219, 511, 49, 0, 4.16%, 0, 0, 2, 142.62
1494123168, 8, 221, 511, 49, 0, 4.16%, 0, 0, 2, 176.13
1494123173, 8, 222, 511, 48, 0, 4.16%, 0, 0, 2, 161.27
1494123178, 8, 229, 511, 48, 0, 4.16%, 0, 0, 2, 189.05
1494123183, 8, 231, 511, 48, 0, 4.16%, 0, 0, 2, 179.46
1494123188, 8, 239, 511, 47, 0, 4.16%, 0, 0, 2, 180.56
1494123193, 8, 243, 511, 47, 0, 4.16%, 0, 0, 2, 186.98
1494123198, 8, 250, 511, 47, 0, 4.16%, 0, 0, 2, 183.26
1494123204, 8, 252, 511, 47, 0, 4.16%, 0, 0, 2, 178.44
1494123209, 8, 254, 511, 47, 0, 4.16%, 0, 0, 2, 184.43
1494123214, 8, 256, 511, 47, 0, 4.16%, 0, 0, 2, 189.23
1494123219, 8, 258, 511, 46, 0, 4.16%, 0, 0, 2, 174.59
1494123224, 8, 262, 511, 46, 0, 4.16%, 0, 0, 2, 176.16
1494123229, 8, 263, 511, 45, 0, 4.16%, 0, 0, 2, 176.36
1494123234, 8, 265, 511, 44, 0, 4.16%, 0, 0, 2, 191.57
1494123239, 8, 267, 511, 44, 0, 4.16%, 0, 0, 2, 186.56
1494123244, 8, 269, 511, 44, 0, 4.16%, 0, 0, 2, 165.30
1494123250, 8, 273, 511, 44, 0, 4.16%, 0, 0, 2, 179.56
1494123255, 8, 279, 511, 44, 0, 4.16%, 0, 0, 2, 162.12
1494123260, 8, 283, 511, 44, 0, 4.16%, 0, 0, 2, 196.34
1494123270, 8, 288, 511, 44, 0, 4.16%, 0, 0, 2, 163.79
1494123275, 8, 295, 511, 44, 0, 4.16%, 0, 0, 2, 154.14
1494123286, 8, 300, 511, 44, 0, 4.16%, 0, 0, 2, 181.16
1494123291, 8, 315, 511, 44, 0, 4.16%, 0, 0, 2, 161.04
1494123296, 8, 322, 511, 44, 0, 4.16%, 0, 0, 2, 168.12
1494123301, 8, 325, 511, 43, 0, 4.16%, 0, 0, 2, 161.76
1494123306, 8, 327, 511, 43, 0, 4.16%, 0, 0, 2, 174.24
1494123311, 8, 339, 511, 42, 0, 4.16%, 0, 0, 2, 130.16
1494123316, 8, 344, 511, 42, 0, 4.16%, 0, 0, 2, 172.95
1494123321, 8, 352, 511, 42, 0, 4.16%, 0, 0, 2, 151.06
1494123326, 8, 362, 511, 42, 0, 4.16%, 0, 0, 2, 169.74
1494123331, 8, 366, 511, 42, 0, 4.16%, 0, 0, 2, 149.39
1494123337, 8, 369, 511, 42, 0, 4.16%, 0, 0, 2, 166.25
1494123342, 8, 372, 511, 42, 0, 4.16%, 0, 0, 2, 178.09
1494123347, 8, 377, 511, 42, 0, 4.16%, 0, 0, 2, 174.34
1494123352, 8, 378, 511, 42, 0, 4.16%, 0, 0, 2, 49.44
1494123357, 8, 383, 511, 42, 0, 4.16%, 0, 0, 2, 134.37
1494123362, 8, 389, 511, 42, 0, 4.16%, 0, 0, 2, 152.32
1494123367, 8, 394, 511, 42, 0, 4.16%, 0, 0, 2, 100.38
1494123373, 8, 399, 511, 42, 0, 4.16%, 0, 0, 2, 128.81
1494123378, 8, 414, 511, 42, 0, 4.16%, 0, 0, 2, 17.28
1494123383, 8, 419, 511, 42, 0, 4.16%, 0, 0, 2, 93.39
1494123408, 8, 420, 511, 41, 0, 4.16%, 0, 0, 2, 120.87
1494123413, 8, 424, 511, 41, 0, 4.16%, 0, 0, 2, 147.80
1494123418, 8, 427, 511, 41, 0, 4.16%, 0, 0, 2, 142.81
1494123424, 8, 428, 511, 41, 0, 4.16%, 0, 0, 2, 153.25
1494123429, 8, 430, 511, 41, 0, 4.16%, 0, 0, 2, 156.63
1494123434, 8, 437, 511, 41, 0, 4.16%, 0, 0, 2, 144.24
1494123439, 8, 439, 511, 41, 0, 4.16%, 0, 0, 2, 108.78
1494123444, 8, 447, 511, 41, 0, 4.16%, 0, 0, 2, 146.49
1494123449, 8, 450, 511, 41, 0, 4.16%, 0, 0, 2, 142.49
1494123454, 8, 454, 511, 41, 0, 4.16%, 0, 0, 2, 142.39
1494123459, 8, 456, 511, 41, 0, 4.16%, 0, 0, 2, 163.30
1494123464, 8, 457, 511, 41, 0, 4.16%, 0, 0, 2, 171.33
1494123470, 8, 459, 511, 41, 0, 4.16%, 0, 0, 2, 171.27
1494123475, 8, 466, 511, 40, 0, 4.16%, 0, 0, 2, 136.64
1494123480, 8, 467, 511, 40, 0, 4.16%, 0, 0, 2, 164.27
1494123485, 8, 476, 511, 40, 0, 4.16%, 0, 0, 2, 159.44
1494123490, 8, 482, 511, 40, 0, 4.16%, 0, 0, 2, 152.72
1494123495, 8, 487, 511, 40, 0, 4.16%, 0, 0, 2, 139.45
1494123500, 8, 488, 511, 40, 0, 4.16%, 0, 0, 2, 23.67
1494123552, 8, 489, 511, 39, 0, 4.16%, 0, 0, 2, 135.09
1494123557, 8, 499, 511, 39, 0, 4.16%, 0, 0, 2, 141.97
1494123562, 8, 508, 511, 39, 0, 4.16%, 0, 0, 2, 136.15
1494123567, 9, 1, 511, 39, 0, 4.16%, 0, 0, 2, 148.32
1494123573, 9, 2, 511, 39, 0, 4.16%, 0, 0, 2, 154.24
1494123578, 9, 7, 511, 39, 0, 4.16%, 0, 0, 2, 178.27
1494123583, 9, 11, 511, 39, 0, 4.16%, 0, 0, 2, 180.38
1494123588, 9, 14, 511, 39, 0, 4.16%, 0, 0, 2, 160.42
1494123593, 9, 17, 511, 39, 0, 4.16%, 0, 0, 2, 179.97
1494123598, 9, 21, 511, 39, 0, 4.16%, 0, 0, 2, 164.69
1494123603, 9, 24, 511, 39, 0, 4.16%, 0, 0, 2, 157.42
1494123608, 9, 29, 511, 39, 0, 4.16%, 0, 0, 2, 157.15
1494123613, 9, 33, 511, 39, 0, 4.16%, 0, 0, 2, 159.76
1494123619, 9, 39, 511, 39, 0, 4.16%, 0, 0, 2, 176.06
1494123624, 9, 41, 511, 39, 0, 4.16%, 0, 0, 2, 165.31
1494123629, 9, 42, 511, 39, 0, 4.16%, 0, 0, 2, 164.10
1494123634, 9, 44, 511, 39, 0, 4.16%, 0, 0, 2, 159.93
1494123639, 9, 46, 511, 39, 0, 4.16%, 0, 0, 2, 166.59
1494123644, 9, 49, 511, 39, 0, 4.16%, 0, 0, 2, 163.55
1494123649, 9, 50, 511, 39, 0, 4.16%, 0, 0, 2, 172.17
1494123654, 9, 54, 511, 39, 0, 4.16%, 0, 0, 2, 181.31
1494123659, 9, 56, 511, 39, 0, 4.16%, 0, 0, 2, 190.24
1494123664, 9, 58, 511, 39, 0, 4.16%, 0, 0, 2, 169.39
1494123669, 9, 61, 511, 39, 0, 4.16%, 0, 0, 2, 162.70
1494123675, 9, 62, 511, 39, 0, 4.16%, 0, 0, 2, 150.77
1494123680, 9, 67, 511, 39, 0, 4.16%, 0, 0, 2, 153.08
1494123685, 9, 71, 511, 39, 0, 4.16%, 0, 0, 2, 154.19
1494123690, 9, 74, 511, 39, 0, 4.16%, 0, 0, 2, 147.69
1494123695, 9, 77, 511, 39, 0, 4.16%, 0, 0, 2, 169.81
1494123700, 9, 80, 511, 39, 0, 4.16%, 0, 0, 2, 168.69
1494123705, 9, 82, 511, 39, 0, 4.16%, 0, 0, 2, 172.27
1494123710, 9, 84, 511, 39, 0, 4.16%, 0, 0, 2, 163.50
1494123716, 9, 87, 511, 39, 0, 4.16%, 0, 0, 2, 156.50
1494123721, 9, 88, 511, 39, 0, 4.16%, 0, 0, 2, 169.75
1494123726, 9, 91, 511, 39, 0, 4.16%, 0, 0, 2, 165.30
1494123731, 9, 96, 511, 39, 0, 4.16%, 0, 0, 2, 176.94
1494123736, 9, 98, 511, 39, 0, 4.16%, 0, 0, 2, 165.66
1494123741, 9, 100, 511, 39, 0, 4.16%, 0, 0, 2, 154.58
1494123746, 9, 104, 512, 40, 0, 4.16%, 0, 0, 2, 167.15
1494123751, 9, 106, 512, 39, 0, 4.16%, 0, 0, 2, 155.67
1494123757, 9, 107, 512, 39, 0, 4.16%, 0, 0, 2, 139.35
1494123762, 9, 110, 512, 39, 0, 4.16%, 0, 0, 2, 161.93
1494123767, 9, 117, 512, 39, 0, 4.16%, 0, 0, 2, 167.60
1494123772, 9, 125, 512, 39, 0, 4.16%, 0, 0, 2, 47.94
1494123777, 9, 128, 512, 39, 0, 4.16%, 0, 0, 2, 141.35
1494123782, 9, 131, 512, 39, 0, 4.16%, 0, 0, 2, 181.33
1494123788, 9, 136, 512, 39, 0, 4.16%, 0, 0, 2, 176.24
1494123793, 9, 139, 512, 39, 0, 4.16%, 0, 0, 2, 149.04
1494123798, 9, 141, 512, 38, 0, 4.16%, 0, 0, 2, 174.32
1494123803, 9, 144, 512, 38, 0, 4.16%, 0, 0, 2, 167.72
1494123808, 9, 148, 512, 38, 0, 4.16%, 0, 0, 2, 166.93
1494123813, 9, 150, 512, 38, 0, 4.16%, 0, 0, 2, 187.95
1494123818, 9, 167, 512, 38, 0, 4.16%, 0, 0, 2, 196.24
