# unix_time, cycles_done, cur_path, paths_total, pending_total, pending_favs, map_size, unique_crashes, unique_hangs, max_depth, execs_per_sec
1494464023, 0, 0, 222, 222, 173, 3.23%, 0, 0, 1, 195.81
1494464028, 0, 0, 222, 221, 172, 3.23%, 0, 0, 1, 156.50
1494464080, 0, 2, 222, 220, 171, 3.23%, 0, 0, 1, 134.29
1494464085, 0, 3, 222, 219, 170, 3.23%, 0, 0, 1, 141.40
1494464090, 0, 4, 222, 218, 169, 3.23%, 0, 0, 1, 141.82
1494464105, 0, 6, 222, 216, 167, 3.23%, 0, 0, 1, 149.72
1494464110, 0, 7, 222, 215, 166, 3.23%, 0, 0, 1, 145.12
1494464115, 0, 9, 222, 213, 164, 3.23%, 0, 0, 1, 158.49
1494464121, 0, 10, 222, 212, 163, 3.23%, 0, 0, 1, 149.82
1494464126, 0, 12, 222, 211, 162, 3.23%, 0, 0, 1, 138.23
1494464131, 0, 13, 222, 210, 161, 3.23%, 0, 0, 1, 153.75
1494464136, 0, 14, 222, 209, 160, 3.23%, 0, 0, 1, 155.86
1494464141, 0, 16, 222, 207, 158, 3.23%, 0, 0, 1, 150.41
1494464146, 0, 18, 222, 205, 156, 3.23%, 0, 0, 1, 149.55
1494464151, 0, 21, 222, 202, 153, 3.23%, 0, 0, 1, 134.08
1494464156, 0, 22, 222, 201, 152, 3.23%, 0, 0, 1, 139.80
1494464161, 0, 23, 222, 200, 151, 3.23%, 0, 0, 1, 152.64
1494464177, 0, 25, 222, 198, 149, 3.23%, 0, 0, 1, 138.47
1494464182, 0, 27, 222, 196, 147, 3.23%, 0, 0, 1, 141.70
1494464187, 0, 28, 222, 195, 146, 3.23%, 0, 0, 1, 143.08
1494464192, 0, 30, 222, 193, 144, 3.23%, 0, 0, 1, 144.76
1494464197, 0, 31, 222, 192, 143, 3.23%, 0, 0, 1, 147.44
1494464203, 0, 32, 222, 191, 142, 3.23%, 0, 0, 1, 154.20
1494464208, 0, 34, 222, 189, 140, 3.23%, 0, 0, 1, 145.54
1494464223, 0, 36, 222, 188, 139, 3.23%, 0, 0, 1, 150.10
1494464239, 0, 37, 222, 187, 138, 3.23%, 0, 0, 1, 133.50
1494464249, 0, 39, 222, 185, 136, 3.23%, 0, 0, 1, 148.88
1494464264, 0, 42, 222, 183, 134, 3.23%, 0, 0, 1, 153.45
1494464285, 0, 44, 222, 181, 132, 3.23%, 0, 0, 1, 156.94
1494464290, 0, 45, 222, 180, 131, 3.23%, 0, 0, 1, 137.42
1494464300, 0, 46, 222, 179, 130, 3.23%, 0, 0, 1, 123.43
1494464311, 0, 48, 222, 178, 129, 3.23%, 0, 0, 1, 130.95
1494464326, 0, 49, 222, 177, 128, 3.23%, 0, 0, 1, 138.50
1494464331, 0, 50, 222, 176, 127, 3.23%, 0, 0, 1, 136.37
1494464346, 0, 51, 222, 175, 126, 3.23%, 0, 0, 1, 130.52
1494464352, 0, 52, 222, 174, 125, 3.23%, 0, 0, 1, 131.33
1494464367, 0, 56, 222, 173, 124, 3.23%, 0, 0, 1, 138.93
1494464383, 0, 57, 222, 172, 123, 3.23%, 0, 0, 1, 122.08
1494464408, 0, 58, 222, 171, 122, 3.23%, 0, 0, 1, 109.14
1494464413, 0, 59, 222, 170, 121, 3.23%, 0, 0, 1, 123.89
1494464428, 0, 62, 222, 169, 120, 3.23%, 0, 0, 1, 129.59
1494464434, 0, 63, 222, 168, 119, 3.23%, 0, 0, 1, 117.08
1494464449, 0, 65, 222, 167, 118, 3.23%, 0, 0, 1, 133.76
1494464470, 0, 66, 222, 166, 117, 3.23%, 0, 0, 1, 128.00
1494464475, 0, 68, 222, 165, 116, 3.23%, 0, 0, 1, 125.81
1494464490, 0, 69, 222, 164, 115, 3.23%, 0, 0, 1, 134.82
1494464495, 0, 70, 222, 163, 114, 3.23%, 0, 0, 1, 130.16
1494464521, 0, 71, 222, 162, 113, 3.23%, 0, 0, 1, 134.22
1494464526, 0, 72, 222, 161, 112, 3.23%, 0, 0, 1, 130.88
1494464541, 0, 73, 222, 160, 111, 3.23%, 0, 0, 1, 117.48
1494464562, 0, 74, 222, 159, 110, 3.23%, 0, 0, 1, 134.25
1494464567, 0, 75, 222, 158, 109, 3.23%, 0, 0, 1, 141.20
1494464582, 0, 77, 222, 156, 107, 3.23%, 0, 0, 1, 143.57
1494464598, 0, 78, 222, 155, 106, 3.23%, 0, 0, 1, 139.98
1494464603, 0, 79, 222, 154, 105, 3.23%, 0, 0, 1, 146.41
1494464618, 0, 82, 222, 152, 103, 3.23%, 0, 0, 1, 136.60
1494464623, 0, 84, 222, 151, 102, 3.23%, 0, 0, 1, 142.65
1494464628, 0, 87, 222, 150, 101, 3.23%, 0, 0, 1, 139.43
1494464644, 0, 90, 222, 148, 99, 3.23%, 0, 0, 1, 145.86
1494464659, 0, 91, 222, 147, 98, 3.23%, 0, 0, 1, 143.68
1494464664, 0, 92, 222, 146, 97, 3.23%, 0, 0, 1, 147.35
1494464675, 0, 93, 222, 145, 96, 3.23%, 0, 0, 1, 140.81
1494464680, 0, 94, 222, 144, 95, 3.23%, 0, 0, 1, 136.13
1494464690, 0, 95, 222, 143, 94, 3.23%, 0, 0, 1, 146.85
1494464695, 0, 96, 222, 142, 93, 3.23%, 0, 0, 1, 141.35
1494464716, 0, 97, 222, 141, 92, 3.23%, 0, 0, 1, 144.97
1494464721, 0, 98, 222, 140, 91, 3.23%, 0, 0, 1, 137.57
1494464736, 0, 100, 222, 139, 90, 3.23%, 0, 0, 1, 146.96
1494464746, 0, 102, 222, 138, 89, 3.23%, 0, 0, 1, 138.50
1494464752, 0, 103, 222, 137, 88, 3.23%, 0, 0, 1, 138.11
1494464767, 0, 104, 222, 136, 87, 3.23%, 0, 0, 1, 144.33
1494464772, 0, 105, 222, 135, 86, 3.23%, 0, 0, 1, 96.37
1494464788, 0, 107, 222, 133, 84, 3.23%, 0, 0, 1, 157.72
1494464803, 0, 108, 222, 132, 83, 3.23%, 0, 0, 1, 135.25
1494464808, 0, 109, 222, 131, 82, 3.23%, 0, 0, 1, 132.91
1494464824, 0, 110, 222, 130, 81, 3.23%, 0, 0, 1, 139.39
1494464829, 0, 112, 222, 129, 80, 3.23%, 0, 0, 1, 129.52
1494464844, 0, 113, 222, 128, 79, 3.23%, 0, 0, 1, 128.47
1494464849, 0, 114, 222, 127, 78, 3.23%, 0, 0, 1, 125.98
1494464865, 0, 117, 222, 125, 76, 3.23%, 0, 0, 1, 126.20
1494464870, 0, 118, 222, 124, 75, 3.23%, 0, 0, 1, 130.92
1494464875, 0, 119, 222, 123, 74, 3.23%, 0, 0, 1, 132.46
1494464890, 0, 120, 222, 122, 73, 3.23%, 0, 0, 1, 128.15
1494464895, 0, 121, 222, 121, 72, 3.23%, 0, 0, 1, 122.53
1494464911, 0, 122, 222, 120, 71, 3.23%, 0, 0, 1, 124.59
1494464916, 0, 123, 222, 119, 70, 3.23%, 0, 0, 1, 126.56
1494464931, 0, 124, 222, 118, 69, 3.23%, 0, 0, 1, 137.61
1494464936, 0, 125, 222, 117, 68, 3.23%, 0, 0, 1, 126.08
1494464952, 0, 128, 222, 116, 67, 3.23%, 0, 0, 1, 138.29
1494464957, 0, 129, 222, 115, 66, 3.23%, 0, 0, 1, 128.83
1494464972, 0, 131, 222, 114, 65, 3.23%, 0, 0, 1, 118.57
1494464998, 0, 135, 222, 113, 64, 3.23%, 0, 0, 1, 128.64
1494465013, 0, 136, 222, 112, 63, 3.23%, 0, 0, 1, 130.66
1494465019, 0, 137, 222, 111, 62, 3.23%, 0, 0, 1, 127.74
1494465034, 0, 139, 222, 110, 61, 3.23%, 0, 0, 1, 138.87
1494465039, 0, 141, 222, 109, 60, 3.23%, 0, 0, 1, 127.99
1494465044, 0, 142, 222, 108, 59, 3.23%, 0, 0, 1, 130.29
1494465059, 0, 143, 222, 107, 58, 3.23%, 0, 0, 1, 137.37
1494465065, 0, 144, 222, 106, 57, 3.23%, 0, 0, 1, 150.83
1494465075, 0, 145, 222, 105, 56, 3.23%, 0, 0, 1, 151.16
1494465080, 0, 146, 222, 104, 55, 3.23%, 0, 0, 1, 140.12
1494465095, 0, 147, 222, 103, 54, 3.23%, 0, 0, 1, 150.75
1494465100, 0, 148, 222, 102, 53, 3.23%, 0, 0, 1, 150.05
1494465110, 0, 152, 222, 101, 52, 3.23%, 0, 0, 1, 146.46
1494465136, 0, 155, 222, 100, 51, 3.23%, 0, 0, 1, 148.29
1494465151, 0, 157, 222, 98, 49, 3.23%, 0, 0, 1, 150.53
1494465156, 0, 159, 222, 96, 47, 3.23%, 0, 0, 1, 148.16
1494465172, 0, 160, 222, 95, 46, 3.23%, 0, 0, 1, 142.29
1494465187, 0, 161, 222, 94, 45, 3.23%, 0, 0, 1, 146.75
1494465192, 0, 162, 222, 93, 44, 3.23%, 0, 0, 1, 144.99
1494465202, 0, 165, 222, 92, 43, 3.23%, 0, 0, 1, 153.35
1494465218, 0, 166, 222, 91, 42, 3.23%, 0, 0, 1, 135.40
1494465223, 0, 168, 222, 90, 41, 3.23%, 0, 0, 1, 138.30
1494465238, 0, 169, 222, 89, 40, 3.23%, 0, 0, 1, 145.96
1494465243, 0, 170, 222, 88, 39, 3.23%, 0, 0, 1, 140.68
1494465253, 0, 171, 222, 87, 38, 3.23%, 0, 0, 1, 152.69
1494465258, 0, 172, 222, 86, 37, 3.23%, 0, 0, 1, 143.31
1494465274, 0, 173, 222, 85, 36, 3.23%, 0, 0, 1, 148.29
1494465279, 0, 174, 222, 84, 35, 3.23%, 0, 0, 1, 145.50
1494465289, 0, 175, 222, 83, 34, 3.23%, 0, 0, 1, 146.70
1494465294, 0, 176, 222, 82, 33, 3.23%, 0, 0, 1, 143.51
1494465310, 0, 178, 222, 81, 32, 3.23%, 0, 0, 1, 130.84
1494465325, 0, 180, 222, 80, 31, 3.23%, 0, 0, 1, 124.48
1494465330, 0, 181, 222, 79, 30, 3.23%, 0, 0, 1, 134.24
1494465346, 0, 183, 222, 78, 29, 3.23%, 0, 0, 1, 125.01
1494465356, 0, 184, 222, 77, 28, 3.23%, 0, 0, 1, 118.39
1494465382, 0, 185, 222, 76, 27, 3.23%, 0, 0, 1, 129.71
1494465387, 0, 186, 222, 75, 26, 3.23%, 0, 0, 1, 131.18
1494465392, 0, 187, 222, 74, 25, 3.23%, 0, 0, 1, 119.44
1494465407, 0, 188, 222, 73, 24, 3.23%, 0, 0, 1, 131.87
1494465412, 0, 189, 222, 72, 23, 3.23%, 0, 0, 1, 130.77
1494465428, 0, 191, 222, 71, 22, 3.23%, 0, 0, 1, 135.87
1494465443, 0, 192, 222, 70, 21, 3.23%, 0, 0, 1, 120.31
1494465448, 0, 193, 222, 69, 20, 3.23%, 0, 0, 1, 125.36
1494465464, 0, 194, 222, 68, 19, 3.23%, 0, 0, 1, 126.90
1494465469, 0, 196, 222, 67, 18, 3.23%, 0, 0, 1, 126.73
1494465484, 0, 200, 222, 65, 16, 3.23%, 0, 0, 1, 130.86
1494465505, 0, 201, 222, 64, 15, 3.23%, 0, 0, 1, 131.23
1494465510, 0, 203, 222, 63, 14, 3.23%, 0, 0, 1, 133.73
1494465515, 0, 204, 222, 62, 13, 3.23%, 0, 0, 1, 138.43
1494465531, 0, 206, 222, 61, 12, 3.23%, 0, 0, 1, 142.19
1494465546, 0, 207, 222, 60, 11, 3.23%, 0, 0, 1, 138.97
1494465556, 0, 210, 222, 59, 10, 3.23%, 0, 0, 1, 132.83
1494465572, 0, 211, 222, 58, 9, 3.23%, 0, 0, 1, 141.56
1494465577, 0, 212, 222, 57, 8, 3.23%, 0, 0, 1, 140.19
1494465587, 0, 213, 222, 56, 7, 3.23%, 0, 0, 1, 141.89
1494465593, 0, 214, 222, 55, 6, 3.23%, 0, 0, 1, 141.19
1494465608, 0, 215, 222, 54, 5, 3.23%, 0, 0, 1, 148.63
1494465613, 0, 216, 222, 53, 4, 3.23%, 0, 0, 1, 142.63
1494465623, 0, 217, 222, 52, 3, 3.23%, 0, 0, 1, 151.05
1494465628, 0, 218, 222, 51, 2, 3.23%, 0, 0, 1, 143.49
1494465644, 1, 0, 222, 49, 0, 3.23%, 0, 0, 1, 148.14
1494465649, 1, 1, 222, 49, 0, 3.23%, 0, 0, 1, 136.55
1494465654, 1, 2, 222, 49, 0, 3.23%, 0, 0, 1, 143.42
1494465659, 1, 3, 222, 49, 0, 3.23%, 0, 0, 1, 151.53
1494465664, 1, 4, 222, 49, 0, 3.23%, 0, 0, 1, 151.96
1494465675, 1, 5, 222, 49, 0, 3.23%, 0, 0, 1, 149.97
1494465680, 1, 6, 222, 49, 0, 3.23%, 0, 0, 1, 146.62
1494465685, 1, 8, 222, 49, 0, 3.23%, 0, 0, 1, 145.87
1494465690, 1, 9, 222, 49, 0, 3.23%, 0, 0, 1, 149.28
1494465695, 1, 12, 222, 49, 0, 3.23%, 0, 0, 1, 139.31
1494465700, 1, 13, 222, 49, 0, 3.23%, 0, 0, 1, 148.67
1494465705, 1, 14, 222, 49, 0, 3.23%, 0, 0, 1, 149.53
1494465710, 1, 16, 222, 49, 0, 3.23%, 0, 0, 1, 151.51
1494465716, 1, 17, 222, 49, 0, 3.23%, 0, 0, 1, 145.13
1494465721, 1, 20, 222, 49, 0, 3.23%, 0, 0, 1, 148.94
1494465726, 1, 21, 222, 49, 0, 3.23%, 0, 0, 1, 152.19
1494465731, 1, 23, 222, 49, 0, 3.23%, 0, 0, 1, 150.96
1494465746, 1, 25, 222, 49, 0, 3.23%, 0, 0, 1, 142.11
1494465751, 1, 27, 222, 49, 0, 3.23%, 0, 0, 1, 143.67
1494465756, 1, 28, 222, 49, 0, 3.23%, 0, 0, 1, 140.47
1494465762, 1, 30, 222, 49, 0, 3.23%, 0, 0, 1, 142.56
1494465767, 1, 31, 222, 49, 0, 3.23%, 0, 0, 1, 149.65
1494465772, 1, 32, 222, 49, 0, 3.23%, 0, 0, 1, 146.75
1494465777, 1, 33, 222, 49, 0, 3.23%, 0, 0, 1, 144.36
1494465782, 1, 34, 222, 49, 0, 3.23%, 0, 0, 1, 146.65
1494465792, 1, 36, 222, 49, 0, 3.23%, 0, 0, 1, 151.34
1494465808, 1, 37, 222, 49, 0, 3.23%, 0, 0, 1, 135.31
1494465818, 1, 39, 222, 49, 0, 3.23%, 0, 0, 1, 145.94
1494465834, 1, 41, 222, 49, 0, 3.23%, 0, 0, 1, 133.14
1494465839, 1, 42, 222, 49, 0, 3.23%, 0, 0, 1, 134.20
1494465859, 1, 44, 222, 49, 0, 3.23%, 0, 0, 1, 116.53
1494465864, 1, 45, 222, 49, 0, 3.23%, 0, 0, 1, 117.22
1494465875, 1, 46, 222, 49, 0, 3.23%, 0, 0, 1, 122.05
1494465890, 1, 48, 222, 48, 0, 3.23%, 0, 0, 1, 128.53
1494465910, 1, 50, 222, 48, 0, 3.23%, 0, 0, 1, 125.26
1494465931, 1, 51, 222, 48, 0, 3.23%, 0, 0, 1, 130.37
1494465936, 1, 52, 222, 48, 0, 3.23%, 0, 0, 1, 124.46
1494465951, 1, 56, 222, 47, 0, 3.23%, 0, 0, 1, 137.23
1494465972, 1, 57, 222, 47, 0, 3.23%, 0, 0, 1, 104.17
1494465998, 1, 58, 222, 47, 0, 3.23%, 0, 0, 1, 127.82
1494466003, 1, 59, 222, 47, 0, 3.23%, 0, 0, 1, 123.05
1494466018, 1, 62, 222, 47, 0, 3.23%, 0, 0, 1, 131.12
1494466023, 1, 63, 222, 47, 0, 3.23%, 0, 0, 1, 125.72
1494466039, 1, 65, 222, 47, 0, 3.23%, 0, 0, 1, 132.86
1494466054, 1, 66, 222, 47, 0, 3.23%, 0, 0, 1, 127.83
1494466064, 1, 68, 222, 47, 0, 3.23%, 0, 0, 1, 136.76
1494466080, 1, 69, 222, 47, 0, 3.23%, 0, 0, 1, 138.38
1494466085, 1, 70, 222, 47, 0, 3.23%, 0, 0, 1, 134.86
1494466105, 1, 72, 222, 47, 0, 3.23%, 0, 0, 1, 145.83
1494466121, 1, 73, 222, 47, 0, 3.23%, 0, 0, 1, 155.93
1494466136, 1, 74, 222, 47, 0, 3.23%, 0, 0, 1, 171.75
1494466142, 1, 75, 222, 47, 0, 3.23%, 0, 0, 1, 161.09
1494466152, 1, 76, 222, 47, 0, 3.23%, 0, 0, 1, 150.15
1494466157, 1, 77, 222, 47, 0, 3.23%, 0, 0, 1, 149.80
1494466172, 1, 79, 222, 47, 0, 3.23%, 0, 0, 1, 153.04
1494466188, 1, 82, 222, 47, 0, 3.23%, 0, 0, 1, 153.68
1494466193, 1, 84, 222, 47, 0, 3.23%, 0, 0, 1, 146.53
1494466198, 1, 87, 222, 47, 0, 3.23%, 0, 0, 1, 151.72
1494466208, 1, 88, 222, 47, 0, 3.23%, 0, 0, 1, 146.09
1494466213, 1, 90, 222, 47, 0, 3.23%, 0, 0, 1, 148.22
1494466228, 1, 92, 222, 47, 0, 3.23%, 0, 0, 1, 143.27
1494466244, 1, 93, 222, 47, 0, 3.23%, 0, 0, 1, 89.99
1494466249, 1, 94, 222, 47, 0, 3.23%, 0, 0, 1, 123.93
1494466259, 1, 95, 222, 47, 0, 3.23%, 0, 0, 1, 144.80
1494466264, 1, 96, 222, 47, 0, 3.23%, 0, 0, 1, 140.08
1494466284, 1, 97, 222, 47, 0, 3.23%, 0, 0, 1, 135.31
1494466289, 1, 98, 222, 47, 0, 3.23%, 0, 0, 1, 143.96
1494466305, 1, 100, 222, 47, 0, 3.23%, 0, 0, 1, 140.33
1494466320, 1, 102, 222, 47, 0, 3.23%, 0, 0, 1, 133.74
1494466325, 1, 103, 222, 47, 0, 3.23%, 0, 0, 1, 145.02
1494466340, 1, 105, 222, 47, 0, 3.23%, 0, 0, 1, 133.28
1494466361, 1, 107, 222, 47, 0, 3.23%, 0, 0, 1, 128.72
1494466376, 1, 108, 222, 47, 0, 3.23%, 0, 0, 1, 127.44
1494466381, 1, 109, 222, 47, 0, 3.23%, 0, 0, 1, 121.39
1494466396, 1, 110, 222, 47, 0, 3.23%, 0, 0, 1, 126.35
1494466401, 1, 112, 222, 47, 0, 3.23%, 0, 0, 1, 120.83
1494466417, 1, 113, 222, 47, 0, 3.23%, 0, 0, 1, 132.73
1494466422, 1, 114, 222, 47, 0, 3.23%, 0, 0, 1, 142.44
1494466437, 1, 116, 222, 47, 0, 3.23%, 0, 0, 1, 128.46
1494466442, 1, 118, 222, 47, 0, 3.23%, 0, 0, 1, 129.13
1494466447, 1, 119, 222, 47, 0, 3.23%, 0, 0, 1, 118.93
1494466468, 1, 121, 222, 47, 0, 3.23%, 0, 0, 1, 129.47
1494466483, 1, 122, 222, 47, 0, 3.23%, 0, 0, 1, 134.07
1494466488, 1, 123, 222, 47, 0, 3.23%, 0, 0, 1, 139.23
1494466504, 1, 124, 222, 47, 0, 3.23%, 0, 0, 1, 131.85
1494466509, 1, 125, 222, 47, 0, 3.23%, 0, 0, 1, 137.92
1494466524, 1, 126, 222, 47, 0, 3.23%, 0, 0, 1, 117.41
1494466529, 1, 127, 222, 46, 0, 3.23%, 0, 0, 1, 125.68
1494466545, 1, 128, 222, 45, 0, 3.23%, 0, 0, 1, 122.48
1494466550, 1, 129, 222, 45, 0, 3.23%, 0, 0, 1, 135.32
1494466565, 1, 131, 222, 45, 0, 3.23%, 0, 0, 1, 127.45
1494466591, 1, 135, 222, 44, 0, 3.23%, 0, 0, 1, 143.75
1494466606, 1, 136, 222, 44, 0, 3.23%, 0, 0, 1, 138.33
1494466611, 1, 137, 222, 44, 0, 3.23%, 0, 0, 1, 136.02
1494466627, 1, 138, 222, 44, 0, 3.23%, 0, 0, 1, 144.58
1494466632, 1, 139, 222, 43, 0, 3.23%, 0, 0, 1, 146.95
1494466637, 1, 141, 222, 43, 0, 3.23%, 0, 0, 1, 152.45
1494466642, 1, 142, 222, 43, 0, 3.23%, 0, 0, 1, 153.50
1494466653, 1, 143, 222, 43, 0, 3.23%, 0, 0, 1, 143.96
1494466658, 1, 144, 222, 43, 0, 3.23%, 0, 0, 1, 153.69
1494466673, 1, 145, 222, 43, 0, 3.23%, 0, 0, 1, 144.87
1494466678, 1, 146, 222, 43, 0, 3.23%, 0, 0, 1, 147.96
1494466689, 1, 147, 222, 43, 0, 3.23%, 0, 0, 1, 160.03
1494466694, 1, 148, 222, 43, 0, 3.23%, 0, 0, 1, 145.17
1494466709, 1, 152, 222, 42, 0, 3.23%, 0, 0, 1, 138.04
1494466734, 1, 154, 222, 42, 0, 3.23%, 0, 0, 1, 140.43
1494466740, 1, 155, 222, 41, 0, 3.23%, 0, 0, 1, 133.85
1494466750, 1, 156, 222, 41, 0, 3.23%, 0, 0, 1, 139.75
1494466755, 1, 157, 222, 41, 0, 3.23%, 0, 0, 1, 136.63
1494466760, 1, 159, 222, 41, 0, 3.23%, 0, 0, 1, 141.23
1494466775, 1, 160, 222, 41, 0, 3.23%, 0, 0, 1, 141.15
1494466791, 1, 161, 222, 41, 0, 3.23%, 0, 0, 1, 146.44
1494466796, 1, 162, 222, 41, 0, 3.23%, 0, 0, 1, 145.28
1494466806, 1, 164, 222, 41, 0, 3.23%, 0, 0, 1, 150.11
1494466811, 1, 165, 222, 40, 0, 3.23%, 0, 0, 1, 153.98
1494466826, 1, 166, 222, 40, 0, 3.23%, 0, 0, 1, 139.67
1494466831, 1, 168, 222, 40, 0, 3.23%, 0, 0, 1, 144.74
1494466847, 1, 169, 222, 40, 0, 3.23%, 0, 0, 1, 129.56
1494466852, 1, 170, 222, 40, 0, 3.23%, 0, 0, 1, 123.42
1494466862, 1, 171, 222, 40, 0, 3.23%, 0, 0, 1, 137.36
1494466868, 1, 172, 222, 40, 0, 3.23%, 0, 0, 1, 137.54
1494466883, 1, 173, 222, 40, 0, 3.23%, 0, 0, 1, 125.82
1494466888, 1, 174, 222, 40, 0, 3.23%, 0, 0, 1, 131.72
1494466904, 1, 176, 222, 40, 0, 3.23%, 0, 0, 1, 135.94
1494466924, 1, 178, 222, 40, 0, 3.23%, 0, 0, 1, 126.93
1494466940, 1, 180, 222, 40, 0, 3.23%, 0, 0, 1, 121.83
1494466945, 1, 181, 222, 40, 0, 3.23%, 0, 0, 1, 119.79
1494466960, 1, 182, 222, 40, 0, 3.23%, 0, 0, 1, 130.95
1494466965, 1, 183, 222, 39, 0, 3.23%, 0, 0, 1, 121.87
1494466975, 1, 184, 222, 39, 0, 3.23%, 0, 0, 1, 128.00
1494467001, 1, 185, 222, 39, 0, 3.23%, 0, 0, 1, 116.11
1494467006, 1, 186, 222, 39, 0, 3.23%, 0, 0, 1, 121.43
1494467011, 1, 187, 222, 39, 0, 3.23%, 0, 0, 1, 121.83
1494467026, 1, 188, 222, 39, 0, 3.23%, 0, 0, 1, 112.13
1494467032, 1, 189, 222, 39, 0, 3.23%, 0, 0, 1, 139.04
1494467047, 1, 191, 222, 39, 0, 3.23%, 0, 0, 1, 123.61
1494467063, 1, 192, 222, 39, 0, 3.23%, 0, 0, 1, 122.60
1494467068, 1, 193, 222, 39, 0, 3.23%, 0, 0, 1, 134.70
1494467083, 1, 194, 222, 39, 0, 3.23%, 0, 0, 1, 126.00
1494467088, 1, 196, 222, 39, 0, 3.23%, 0, 0, 1, 132.15
1494467103, 1, 200, 222, 39, 0, 3.23%, 0, 0, 1, 143.84
1494467129, 1, 201, 222, 39, 0, 3.23%, 0, 0, 1, 145.91
1494467134, 1, 204, 222, 39, 0, 3.23%, 0, 0, 1, 142.40
1494467149, 1, 206, 222, 39, 0, 3.23%, 0, 0, 1, 150.55
1494467165, 1, 207, 222, 39, 0, 3.23%, 0, 0, 1, 143.23
1494467170, 1, 210, 222, 39, 0, 3.23%, 0, 0, 1, 143.62
1494467185, 1, 212, 222, 39, 0, 3.23%, 0, 0, 1, 140.61
1494467200, 1, 213, 222, 39, 0, 3.23%, 0, 0, 1, 147.41
1494467206, 1, 214, 222, 39, 0, 3.23%, 0, 0, 1, 153.16
1494467216, 1, 215, 222, 39, 0, 3.23%, 0, 0, 1, 149.49
1494467221, 1, 216, 222, 39, 0, 3.23%, 0, 0, 1, 154.79
1494467231, 1, 217, 222, 39, 0, 3.23%, 0, 0, 1, 146.57
1494467236, 1, 218, 222, 39, 0, 3.23%, 0, 0, 1, 139.65
1494467252, 1, 219, 222, 39, 0, 3.23%, 0, 0, 1, 139.40
1494467257, 2, 0, 222, 39, 0, 3.23%, 0, 0, 1, 139.53
1494467262, 2, 2, 222, 39, 0, 3.23%, 0, 0, 1, 149.77
1494467267, 2, 3, 222, 39, 0, 3.23%, 0, 0, 1, 142.03
1494467272, 2, 4, 222, 39, 0, 3.23%, 0, 0, 1, 147.29
1494467288, 2, 6, 222, 39, 0, 3.23%, 0, 0, 1, 149.06
1494467293, 2, 7, 222, 39, 0, 3.23%, 0, 0, 1, 142.29
1494467298, 2, 9, 222, 39, 0, 3.23%, 0, 0, 1, 133.27
1494467303, 2, 10, 222, 39, 0, 3.23%, 0, 0, 1, 142.81
1494467308, 2, 13, 222, 39, 0, 3.23%, 0, 0, 1, 154.48
1494467318, 2, 14, 222, 39, 0, 3.23%, 0, 0, 1, 142.44
1494467323, 2, 16, 222, 39, 0, 3.23%, 0, 0, 1, 148.04
1494467329, 2, 18, 222, 39, 0, 3.23%, 0, 0, 1, 140.45
1494467334, 2, 21, 222, 39, 0, 3.23%, 0, 0, 1, 148.71
1494467339, 2, 22, 222, 39, 0, 3.23%, 0, 0, 1, 155.25
1494467344, 2, 23, 222, 39, 0, 3.23%, 0, 0, 1, 135.79
1494467359, 2, 25, 222, 39, 0, 3.23%, 0, 0, 1, 124.85
1494467364, 2, 26, 222, 39, 0, 3.23%, 0, 0, 1, 121.54
1494467370, 2, 28, 222, 39, 0, 3.23%, 0, 0, 1, 127.29
1494467375, 2, 30, 222, 39, 0, 3.23%, 0, 0, 1, 129.83
1494467380, 2, 31, 222, 39, 0, 3.23%, 0, 0, 1, 126.34
1494467385, 2, 32, 222, 39, 0, 3.23%, 0, 0, 1, 119.24
1494467395, 2, 33, 222, 39, 0, 3.23%, 0, 0, 1, 127.00
1494467400, 2, 34, 222, 39, 0, 3.23%, 0, 0, 1, 137.26
1494467415, 2, 36, 222, 39, 0, 3.23%, 0, 0, 1, 124.10
1494467431, 2, 37, 222, 39, 0, 3.23%, 0, 0, 1, 120.11
1494467446, 2, 39, 222, 39, 0, 3.23%, 0, 0, 1, 133.18
1494467462, 2, 41, 222, 39, 0, 3.23%, 0, 0, 1, 119.32
1494467467, 2, 42, 222, 39, 0, 3.23%, 0, 0, 1, 131.92
1494467487, 2, 44, 222, 39, 0, 3.23%, 0, 0, 1, 124.01
1494467492, 2, 45, 222, 39, 0, 3.23%, 0, 0, 1, 132.86
1494467502, 2, 46, 222, 39, 0, 3.23%, 0, 0, 1, 122.92
1494467518, 2, 48, 222, 39, 0, 3.23%, 0, 0, 1, 137.77
1494467533, 2, 49, 222, 39, 0, 3.23%, 0, 0, 1, 123.90
1494467538, 2, 50, 222, 39, 0, 3.23%, 0, 0, 1, 130.55
1494467553, 2, 51, 222, 39, 0, 3.23%, 0, 0, 1, 132.84
1494467558, 2, 52, 222, 39, 0, 3.23%, 0, 0, 1, 126.87
1494467574, 2, 54, 222, 39, 0, 3.23%, 0, 0, 1, 129.40
1494467589, 2, 56, 222, 38, 0, 3.23%, 0, 0, 1, 119.71
1494467604, 2, 57, 222, 38, 0, 3.23%, 0, 0, 1, 127.94
1494467625, 2, 58, 222, 38, 0, 3.23%, 0, 0, 1, 146.58
1494467630, 2, 59, 222, 38, 0, 3.23%, 0, 0, 1, 151.37
1494467640, 2, 62, 222, 38, 0, 3.23%, 0, 0, 1, 151.30
1494467646, 2, 63, 222, 38, 0, 3.23%, 0, 0, 1, 147.30
1494467661, 2, 65, 222, 38, 0, 3.23%, 0, 0, 1, 142.81
1494467676, 2, 66, 222, 38, 0, 3.23%, 0, 0, 1, 134.47
1494467686, 2, 68, 222, 37, 0, 3.23%, 0, 0, 1, 136.40
1494467702, 2, 69, 222, 37, 0, 3.23%, 0, 0, 1, 140.18
1494467707, 2, 70, 222, 37, 0, 3.23%, 0, 0, 1, 141.90
1494467728, 2, 71, 222, 37, 0, 3.23%, 0, 0, 1, 135.51
1494467733, 2, 72, 222, 37, 0, 3.23%, 0, 0, 1, 135.29
1494467748, 2, 73, 222, 37, 0, 3.23%, 0, 0, 1, 138.18
1494467769, 2, 75, 222, 37, 0, 3.23%, 0, 0, 1, 143.40
1494467784, 2, 76, 222, 37, 0, 3.23%, 0, 0, 1, 155.43
1494467789, 2, 77, 222, 37, 0, 3.23%, 0, 0, 1, 158.02
1494467804, 2, 78, 222, 37, 0, 3.23%, 0, 0, 1, 139.99
1494467809, 2, 79, 222, 37, 0, 3.23%, 0, 0, 1, 135.65
1494467825, 2, 81, 222, 37, 0, 3.23%, 0, 0, 1, 141.72
1494467830, 2, 82, 222, 36, 0, 3.23%, 0, 0, 1, 142.35
1494467835, 2, 83, 222, 36, 0, 3.23%, 0, 0, 1, 162.56
1494467845, 2, 84, 222, 35, 0, 3.23%, 0, 0, 1, 150.74
1494467851, 2, 86, 222, 35, 0, 3.23%, 0, 0, 1, 153.33
1494467856, 2, 87, 222, 34, 0, 3.23%, 0, 0, 1, 131.00
1494467871, 2, 89, 222, 34, 0, 3.23%, 0, 0, 1, 127.38
1494467876, 2, 90, 222, 33, 0, 3.23%, 0, 0, 1, 133.50
1494467891, 2, 91, 222, 33, 0, 3.23%, 0, 0, 1, 131.05
1494467897, 2, 92, 222, 33, 0, 3.23%, 0, 0, 1, 124.84
1494467912, 2, 93, 222, 33, 0, 3.23%, 0, 0, 1, 134.87
1494467917, 2, 94, 222, 33, 0, 3.23%, 0, 0, 1, 128.93
1494467927, 2, 95, 222, 33, 0, 3.23%, 0, 0, 1, 114.46
1494467932, 2, 96, 222, 33, 0, 3.23%, 0, 0, 1, 126.57
1494467953, 2, 97, 222, 33, 0, 3.23%, 0, 0, 1, 127.21
1494467958, 2, 98, 222, 33, 0, 3.23%, 0, 0, 1, 126.80
1494467973, 2, 100, 222, 33, 0, 3.23%, 0, 0, 1, 129.83
1494467993, 2, 101, 222, 33, 0, 3.23%, 0, 0, 1, 116.63
1494467998, 2, 103, 222, 32, 0, 3.23%, 0, 0, 1, 127.62
1494468014, 2, 104, 222, 32, 0, 3.23%, 0, 0, 1, 127.41
1494468019, 2, 105, 222, 32, 0, 3.23%, 0, 0, 1, 127.70
1494468034, 2, 106, 222, 32, 0, 3.23%, 0, 0, 1, 132.89
1494468039, 2, 107, 222, 32, 0, 3.23%, 0, 0, 1, 123.00
1494468054, 2, 108, 222, 32, 0, 3.23%, 0, 0, 1, 129.01
1494468059, 2, 109, 222, 32, 0, 3.23%, 0, 0, 1, 120.98
1494468080, 2, 112, 222, 32, 0, 3.23%, 0, 0, 1, 137.06
1494468101, 2, 114, 222, 32, 0, 3.23%, 0, 0, 1, 135.21
1494468116, 2, 117, 222, 32, 0, 3.23%, 0, 0, 1, 138.23
1494468121, 2, 118, 222, 32, 0, 3.23%, 0, 0, 1, 148.31
1494468126, 2, 119, 222, 32, 0, 3.23%, 0, 0, 1, 149.95
1494468142, 2, 121, 222, 32, 0, 3.23%, 0, 0, 1, 145.59
1494468157, 2, 122, 222, 32, 0, 3.23%, 0, 0, 1, 143.19
1494468162, 2, 123, 222, 32, 0, 3.23%, 0, 0, 1, 135.50
1494468178, 2, 125, 222, 32, 0, 3.23%, 0, 0, 1, 134.60
1494468193, 2, 128, 222, 32, 0, 3.23%, 0, 0, 1, 146.28
1494468198, 2, 129, 222, 32, 0, 3.23%, 0, 0, 1, 131.21
1494468214, 2, 131, 222, 31, 0, 3.23%, 0, 0, 1, 155.91
1494468239, 2, 135, 222, 31, 0, 3.23%, 0, 0, 1, 143.74
1494468249, 2, 136, 222, 31, 0, 3.23%, 0, 0, 1, 142.24
1494468255, 2, 137, 222, 31, 0, 3.23%, 0, 0, 1, 139.71
1494468270, 2, 139, 222, 31, 0, 3.23%, 0, 0, 1, 145.85
1494468275, 2, 140, 222, 31, 0, 3.23%, 0, 0, 1, 156.28
1494468280, 2, 141, 222, 30, 0, 3.23%, 0, 0, 1, 146.27
1494468285, 2, 142, 222, 30, 0, 3.23%, 0, 0, 1, 155.17
1494468300, 2, 144, 222, 30, 0, 3.23%, 0, 0, 1, 141.51
1494468316, 2, 145, 222, 30, 0, 3.23%, 0, 0, 1, 155.44
1494468321, 2, 146, 222, 30, 0, 3.23%, 0, 0, 1, 135.11
1494468336, 2, 148, 222, 30, 0, 3.23%, 0, 0, 1, 134.85
1494468351, 2, 150, 222, 30, 0, 3.23%, 0, 0, 1, 138.31
1494468377, 2, 152, 222, 29, 0, 3.23%, 0, 0, 1, 124.21
1494468402, 2, 155, 222, 29, 0, 3.23%, 0, 0, 1, 134.21
1494468417, 2, 157, 222, 29, 0, 3.23%, 0, 0, 1, 129.19
1494468422, 2, 159, 222, 29, 0, 3.23%, 0, 0, 1, 130.12
1494468443, 2, 160, 222, 29, 0, 3.23%, 0, 0, 1, 127.02
1494468458, 2, 161, 222, 29, 0, 3.23%, 0, 0, 1, 123.22
1494468463, 2, 162, 222, 29, 0, 3.23%, 0, 0, 1, 127.59
1494468479, 2, 164, 222, 29, 0, 3.23%, 0, 0, 1, 128.89
1494468484, 2, 165, 222, 29, 0, 3.23%, 0, 0, 1, 134.18
1494468499, 2, 166, 222, 29, 0, 3.23%, 0, 0, 1, 123.28
1494468504, 2, 168, 222, 29, 0, 3.23%, 0, 0, 1, 118.27
1494468520, 2, 169, 222, 29, 0, 3.23%, 0, 0, 1, 131.03
1494468525, 2, 170, 222, 29, 0, 3.23%, 0, 0, 1, 129.72
1494468540, 2, 171, 222, 29, 0, 3.23%, 0, 0, 1, 141.41
1494468545, 2, 172, 222, 29, 0, 3.23%, 0, 0, 1, 130.35
1494468560, 2, 173, 222, 29, 0, 3.23%, 0, 0, 1, 122.25
1494468565, 2, 174, 222, 29, 0, 3.23%, 0, 0, 1, 135.25
1494468581, 2, 175, 222, 29, 0, 3.23%, 0, 0, 1, 132.12
1494468586, 2, 176, 222, 29, 0, 3.23%, 0, 0, 1, 139.67
1494468601, 2, 177, 222, 29, 0, 3.23%, 0, 0, 1, 125.65
1494468607, 2, 178, 222, 28, 0, 3.23%, 0, 0, 1, 127.58
1494468622, 2, 180, 222, 28, 0, 3.23%, 0, 0, 1, 135.23
1494468627, 2, 181, 222, 28, 0, 3.23%, 0, 0, 1, 144.28
1494468637, 2, 183, 222, 28, 0, 3.23%, 0, 0, 1, 147.48
1494468642, 2, 184, 222, 28, 0, 3.23%, 0, 0, 1, 147.57
1494468668, 2, 185, 222, 28, 0, 3.23%, 0, 0, 1, 154.66
1494468673, 2, 186, 222, 28, 0, 3.23%, 0, 0, 1, 147.40
1494468678, 2, 187, 222, 28, 0, 3.23%, 0, 0, 1, 146.49
1494468688, 2, 188, 222, 28, 0, 3.23%, 0, 0, 1, 148.47
1494468693, 2, 189, 222, 28, 0, 3.23%, 0, 0, 1, 155.23
1494468709, 2, 190, 222, 28, 0, 3.23%, 0, 0, 1, 149.33
1494468714, 2, 191, 222, 27, 0, 3.23%, 0, 0, 1, 152.81
1494468724, 2, 192, 222, 27, 0, 3.23%, 0, 0, 1, 130.33
1494468729, 2, 193, 222, 27, 0, 3.23%, 0, 0, 1, 129.15
1494468744, 2, 194, 222, 27, 0, 3.23%, 0, 0, 1, 140.00
1494468750, 2, 196, 222, 27, 0, 3.23%, 0, 0, 1, 147.87
1494468760, 2, 197, 222, 27, 0, 3.23%, 0, 0, 1, 159.21
1494468765, 2, 199, 222, 26, 0, 3.23%, 0, 0, 1, 151.73
1494468770, 2, 200, 222, 26, 0, 3.23%, 0, 0, 1, 144.32
1494468791, 2, 201, 222, 26, 0, 3.23%, 0, 0, 1, 139.69
1494468796, 2, 203, 222, 26, 0, 3.23%, 0, 0, 1, 140.80
1494468801, 2, 204, 222, 26, 0, 3.23%, 0, 0, 1, 138.30
1494468816, 2, 206, 222, 26, 0, 3.23%, 0, 0, 1, 144.61
1494468832, 2, 207, 222, 26, 0, 3.23%, 0, 0, 1, 155.78
1494468837, 2, 210, 222, 26, 0, 3.23%, 0, 0, 1, 166.41
1494468847, 2, 211, 222, 26, 0, 3.23%, 0, 0, 1, 145.14
1494468852, 2, 212, 222, 26, 0, 3.23%, 0, 0, 1, 146.50
1494468868, 2, 213, 222, 26, 0, 3.23%, 0, 0, 1, 123.35
1494468873, 2, 214, 222, 26, 0, 3.23%, 0, 0, 1, 124.90
1494468888, 2, 215, 222, 26, 0, 3.23%, 0, 0, 1, 131.23
1494468893, 2, 216, 222, 26, 0, 3.23%, 0, 0, 1, 126.05
1494468909, 2, 217, 222, 26, 0, 3.23%, 0, 0, 1, 124.62
1494468914, 2, 218, 222, 26, 0, 3.23%, 0, 0, 1, 120.50
1494468929, 2, 219, 222, 26, 0, 3.23%, 0, 0, 1, 122.45
1494468935, 2, 221, 222, 26, 0, 3.23%, 0, 0, 1, 120.12
1494468940, 3, 0, 222, 25, 0, 3.23%, 0, 0, 1, 128.66
1494468945, 3, 2, 222, 25, 0, 3.23%, 0, 0, 1, 123.46
1494468955, 3, 4, 222, 25, 0, 3.23%, 0, 0, 1, 131.07
1494468976, 3, 6, 222, 25, 0, 3.23%, 0, 0, 1, 138.35
1494468981, 3, 7, 222, 25, 0, 3.23%, 0, 0, 1, 127.07
1494468986, 3, 9, 222, 25, 0, 3.23%, 0, 0, 1, 125.48
1494468996, 3, 12, 222, 25, 0, 3.23%, 0, 0, 1, 135.67
1494469001, 3, 13, 222, 25, 0, 3.23%, 0, 0, 1, 140.18
1494469006, 3, 14, 222, 25, 0, 3.23%, 0, 0, 1, 128.86
1494469011, 3, 15, 222, 25, 0, 3.23%, 0, 0, 1, 124.21
1494469016, 3, 16, 222, 25, 0, 3.23%, 0, 0, 1, 129.89
1494469022, 3, 18, 222, 25, 0, 3.23%, 0, 0, 1, 124.17
1494469027, 3, 21, 222, 25, 0, 3.23%, 0, 0, 1, 123.78
1494469037, 3, 23, 222, 25, 0, 3.23%, 0, 0, 1, 134.36
1494469053, 3, 25, 222, 25, 0, 3.23%, 0, 0, 1, 130.87
1494469063, 3, 28, 222, 25, 0, 3.23%, 0, 0, 1, 137.64
1494469068, 3, 29, 222, 25, 0, 3.23%, 0, 0, 1, 133.88
1494469073, 3, 30, 222, 25, 0, 3.23%, 0, 0, 1, 131.45
1494469078, 3, 31, 222, 25, 0, 3.23%, 0, 0, 1, 127.18
1494469083, 3, 32, 222, 25, 0, 3.23%, 0, 0, 1, 125.78
1494469088, 3, 33, 222, 25, 0, 3.23%, 0, 0, 1, 121.21
1494469093, 3, 34, 222, 25, 0, 3.23%, 0, 0, 1, 134.43
1494469109, 3, 36, 222, 25, 0, 3.23%, 0, 0, 1, 134.21
1494469124, 3, 37, 222, 25, 0, 3.23%, 0, 0, 1, 154.01
1494469135, 3, 39, 222, 25, 0, 3.23%, 0, 0, 1, 154.33
1494469150, 3, 41, 222, 25, 0, 3.23%, 0, 0, 1, 150.21
1494469155, 3, 42, 222, 25, 0, 3.23%, 0, 0, 1, 148.20
1494469165, 3, 43, 222, 25, 0, 3.23%, 0, 0, 1, 139.13
1494469170, 3, 44, 222, 25, 0, 3.23%, 0, 0, 1, 137.32
1494469176, 3, 45, 222, 25, 0, 3.23%, 0, 0, 1, 144.60
1494469186, 3, 46, 222, 25, 0, 3.23%, 0, 0, 1, 152.88
1494469196, 3, 48, 222, 25, 0, 3.23%, 0, 0, 1, 147.02
1494469211, 3, 50, 222, 25, 0, 3.23%, 0, 0, 1, 143.61
1494469226, 3, 51, 222, 25, 0, 3.23%, 0, 0, 1, 152.65
1494469231, 3, 52, 222, 25, 0, 3.23%, 0, 0, 1, 151.94
1494469247, 3, 56, 222, 24, 0, 3.23%, 0, 0, 1, 146.40
1494469262, 3, 57, 222, 24, 0, 3.23%, 0, 0, 1, 126.18
1494469288, 3, 58, 222, 24, 0, 3.23%, 0, 0, 1, 135.84
1494469293, 3, 59, 222, 24, 0, 3.23%, 0, 0, 1, 145.33
1494469303, 3, 62, 222, 24, 0, 3.23%, 0, 0, 1, 150.85
1494469308, 3, 63, 222, 24, 0, 3.23%, 0, 0, 1, 143.29
1494469324, 3, 65, 222, 24, 0, 3.23%, 0, 0, 1, 132.73
1494469339, 3, 66, 222, 24, 0, 3.23%, 0, 0, 1, 141.16
1494469344, 3, 68, 222, 24, 0, 3.23%, 0, 0, 1, 143.64
1494469359, 3, 69, 222, 24, 0, 3.23%, 0, 0, 1, 143.27
1494469364, 3, 70, 222, 24, 0, 3.23%, 0, 0, 1, 157.23
1494469385, 3, 71, 222, 24, 0, 3.23%, 0, 0, 1, 126.13
1494469390, 3, 72, 222, 24, 0, 3.23%, 0, 0, 1, 132.28
1494469405, 3, 73, 222, 24, 0, 3.23%, 0, 0, 1, 121.72
1494469431, 3, 74, 222, 24, 0, 3.23%, 0, 0, 1, 131.90
1494469436, 3, 75, 222, 24, 0, 3.23%, 0, 0, 1, 125.55
1494469446, 3, 76, 222, 24, 0, 3.23%, 0, 0, 1, 146.47
1494469451, 3, 77, 222, 24, 0, 3.23%, 0, 0, 1, 123.87
1494469467, 3, 78, 222, 24, 0, 3.23%, 0, 0, 1, 132.88
1494469472, 3, 79, 222, 24, 0, 3.23%, 0, 0, 1, 132.88
1494469487, 3, 82, 222, 24, 0, 3.23%, 0, 0, 1, 130.29
1494469492, 3, 84, 222, 24, 0, 3.23%, 0, 0, 1, 124.09
1494469497, 3, 87, 222, 24, 0, 3.23%, 0, 0, 1, 135.14
1494469513, 3, 89, 222, 24, 0, 3.23%, 0, 0, 1, 127.11
1494469523, 3, 90, 222, 24, 0, 3.23%, 0, 0, 1, 126.43
1494469538, 3, 91, 222, 24, 0, 3.23%, 0, 0, 1, 122.70
1494469544, 3, 92, 222, 24, 0, 3.23%, 0, 0, 1, 126.10
1494469559, 3, 94, 222, 24, 0, 3.23%, 0, 0, 1, 121.87
1494469569, 3, 95, 222, 24, 0, 3.23%, 0, 0, 1, 128.64
1494469574, 3, 96, 222, 24, 0, 3.23%, 0, 0, 1, 124.62
1494469600, 3, 98, 222, 24, 0, 3.23%, 0, 0, 1, 127.07
1494469615, 3, 100, 222, 24, 0, 3.23%, 0, 0, 1, 131.52
1494469636, 3, 103, 222, 24, 0, 3.23%, 0, 0, 1, 140.05
1494469651, 3, 104, 222, 24, 0, 3.23%, 0, 0, 1, 142.07
1494469657, 3, 105, 222, 24, 0, 3.23%, 0, 0, 1, 148.32
1494469672, 3, 107, 222, 24, 0, 3.23%, 0, 0, 1, 146.34
1494469687, 3, 108, 222, 24, 0, 3.23%, 0, 0, 1, 142.14
1494469692, 3, 109, 222, 24, 0, 3.23%, 0, 0, 1, 163.23
1494469703, 3, 110, 222, 24, 0, 3.23%, 0, 0, 1, 155.07
1494469708, 3, 112, 222, 24, 0, 3.23%, 0, 0, 1, 151.68
1494469723, 3, 113, 222, 24, 0, 3.23%, 0, 0, 1, 143.01
1494469728, 3, 114, 222, 24, 0, 3.23%, 0, 0, 1, 145.15
1494469743, 3, 117, 222, 24, 0, 3.23%, 0, 0, 1, 140.53
1494469748, 3, 119, 222, 24, 0, 3.23%, 0, 0, 1, 149.62
1494469764, 3, 120, 222, 24, 0, 3.23%, 0, 0, 1, 147.22
1494469769, 3, 121, 222, 24, 0, 3.23%, 0, 0, 1, 151.97
1494469784, 3, 122, 222, 24, 0, 3.23%, 0, 0, 1, 147.16
1494469789, 3, 123, 222, 24, 0, 3.23%, 0, 0, 1, 139.96
1494469799, 3, 124, 222, 24, 0, 3.23%, 0, 0, 1, 142.33
1494469805, 3, 125, 222, 24, 0, 3.23%, 0, 0, 1, 141.23
1494469820, 3, 127, 222, 24, 0, 3.23%, 0, 0, 1, 142.95
1494469830, 3, 128, 222, 24, 0, 3.23%, 0, 0, 1, 145.38
1494469835, 3, 129, 222, 24, 0, 3.23%, 0, 0, 1, 140.68
1494469851, 3, 131, 222, 24, 0, 3.23%, 0, 0, 1, 140.94
1494469871, 3, 132, 222, 24, 0, 3.23%, 0, 0, 1, 140.44
1494469876, 3, 133, 222, 23, 0, 3.23%, 0, 0, 1, 144.90
1494469881, 3, 135, 222, 22, 0, 3.23%, 0, 0, 1, 151.79
1494469892, 3, 136, 222, 22, 0, 3.23%, 0, 0, 1, 147.13
1494469897, 3, 137, 222, 22, 0, 3.23%, 0, 0, 1, 127.75
1494469912, 3, 139, 222, 22, 0, 3.23%, 0, 0, 1, 125.87
1494469917, 3, 141, 222, 22, 0, 3.23%, 0, 0, 1, 123.91
1494469922, 3, 142, 222, 22, 0, 3.23%, 0, 0, 1, 129.59
1494469938, 3, 143, 222, 22, 0, 3.23%, 0, 0, 1, 125.80
1494469943, 3, 144, 222, 22, 0, 3.23%, 0, 0, 1, 131.49
1494469958, 3, 145, 222, 22, 0, 3.23%, 0, 0, 1, 130.60
1494469963, 3, 146, 222, 22, 0, 3.23%, 0, 0, 1, 129.78
1494469979, 3, 147, 222, 22, 0, 3.23%, 0, 0, 1, 132.33
1494469984, 3, 148, 222, 22, 0, 3.23%, 0, 0, 1, 139.75
1494469999, 3, 152, 222, 22, 0, 3.23%, 0, 0, 1, 127.32
1494470020, 3, 155, 222, 22, 0, 3.23%, 0, 0, 1, 130.68
1494470040, 3, 157, 222, 22, 0, 3.23%, 0, 0, 1, 126.30
1494470045, 3, 158, 222, 22, 0, 3.23%, 0, 0, 1, 122.06
1494470050, 3, 159, 222, 22, 0, 3.23%, 0, 0, 1, 129.75
1494470066, 3, 160, 222, 22, 0, 3.23%, 0, 0, 1, 132.16
1494470081, 3, 161, 222, 22, 0, 3.23%, 0, 0, 1, 130.42
1494470086, 3, 162, 222, 22, 0, 3.23%, 0, 0, 1, 133.31
1494470102, 3, 165, 222, 22, 0, 3.23%, 0, 0, 1, 125.18
1494470118, 3, 166, 222, 22, 0, 3.23%, 0, 0, 1, 123.77
1494470123, 3, 168, 222, 22, 0, 3.23%, 0, 0, 1, 111.35
1494470138, 3, 169, 222, 22, 0, 3.23%, 0, 0, 1, 134.77
1494470143, 3, 170, 222, 22, 0, 3.23%, 0, 0, 1, 137.78
1494470158, 3, 172, 222, 22, 0, 3.23%, 0, 0, 1, 138.33
1494470174, 3, 173, 222, 22, 0, 3.23%, 0, 0, 1, 150.17
1494470179, 3, 174, 222, 22, 0, 3.23%, 0, 0, 1, 149.67
1494470195, 3, 176, 222, 22, 0, 3.23%, 0, 0, 1, 146.41
1494470210, 3, 178, 222, 22, 0, 3.23%, 0, 0, 1, 142.98
1494470225, 3, 180, 222, 21, 0, 3.23%, 0, 0, 1, 136.63
1494470230, 3, 181, 222, 21, 0, 3.23%, 0, 0, 1, 146.66
1494470246, 3, 183, 222, 21, 0, 3.23%, 0, 0, 1, 143.68
1494470251, 3, 184, 222, 21, 0, 3.23%, 0, 0, 1, 146.79
1494470276, 3, 185, 222, 21, 0, 3.23%, 0, 0, 1, 138.17
1494470282, 3, 186, 222, 21, 0, 3.23%, 0, 0, 1, 141.31
1494470287, 3, 187, 222, 21, 0, 3.23%, 0, 0, 1, 143.36
1494470302, 3, 189, 222, 21, 0, 3.23%, 0, 0, 1, 151.75
1494470318, 3, 191, 222, 21, 0, 3.23%, 0, 0, 1, 135.50
1494470333, 3, 193, 222, 21, 0, 3.23%, 0, 0, 1, 142.71
1494470348, 3, 194, 222, 21, 0, 3.23%, 0, 0, 1, 139.35
1494470353, 3, 196, 222, 21, 0, 3.23%, 0, 0, 1, 135.40
1494470369, 3, 200, 222, 21, 0, 3.23%, 0, 0, 1, 144.80
1494470389, 3, 201, 222, 21, 0, 3.23%, 0, 0, 1, 154.64
1494470394, 3, 203, 222, 21, 0, 3.23%, 0, 0, 1, 150.31
1494470399, 3, 204, 222, 21, 0, 3.23%, 0, 0, 1, 138.60
1494470415, 3, 206, 222, 21, 0, 3.23%, 0, 0, 1, 152.19
1494470430, 3, 207, 222, 21, 0, 3.23%, 0, 0, 1, 124.20
1494470435, 3, 210, 222, 21, 0, 3.23%, 0, 0, 1, 127.44
1494470451, 3, 211, 222, 21, 0, 3.23%, 0, 0, 1, 133.88
1494470456, 3, 212, 222, 21, 0, 3.23%, 0, 0, 1, 128.24
1494470471, 3, 213, 222, 21, 0, 3.23%, 0, 0, 1, 128.06
1494470476, 3, 214, 222, 21, 0, 3.23%, 0, 0, 1, 125.07
1494470492, 3, 215, 222, 21, 0, 3.23%, 0, 0, 1, 130.64
1494470497, 3, 216, 222, 21, 0, 3.23%, 0, 0, 1, 126.75
1494470512, 3, 217, 222, 21, 0, 3.23%, 0, 0, 1, 134.38
1494470517, 3, 218, 222, 21, 0, 3.23%, 0, 0, 1, 119.48
1494470533, 3, 219, 222, 21, 0, 3.23%, 0, 0, 1, 146.41
1494470538, 3, 220, 222, 21, 0, 3.23%, 0, 0, 1, 131.93
1494470543, 4, 0, 222, 20, 0, 3.23%, 0, 0, 1, 132.95
1494470548, 4, 1, 222, 20, 0, 3.23%, 0, 0, 1, 123.96
1494470553, 4, 2, 222, 20, 0, 3.23%, 0, 0, 1, 118.75
1494470558, 4, 3, 222, 20, 0, 3.23%, 0, 0, 1, 128.81
1494470563, 4, 4, 222, 20, 0, 3.23%, 0, 0, 1, 126.79
1494470579, 4, 6, 222, 20, 0, 3.23%, 0, 0, 1, 128.83
1494470584, 4, 7, 222, 20, 0, 3.23%, 0, 0, 1, 128.52
1494470589, 4, 8, 222, 20, 0, 3.23%, 0, 0, 1, 128.02
1494470594, 4, 9, 222, 20, 0, 3.23%, 0, 0, 1, 125.33
1494470599, 4, 10, 222, 20, 0, 3.23%, 0, 0, 1, 135.07
1494470604, 4, 13, 222, 20, 0, 3.23%, 0, 0, 1, 122.82
1494470614, 4, 14, 222, 20, 0, 3.23%, 0, 0, 1, 119.37
1494470620, 4, 16, 222, 20, 0, 3.23%, 0, 0, 1, 128.05
1494470630, 4, 19, 222, 20, 0, 3.23%, 0, 0, 1, 124.67
1494470635, 4, 21, 222, 20, 0, 3.23%, 0, 0, 1, 129.86
1494470640, 4, 22, 222, 20, 0, 3.23%, 0, 0, 1, 128.13
1494470645, 4, 23, 222, 20, 0, 3.23%, 0, 0, 1, 131.61
1494470660, 4, 25, 222, 20, 0, 3.23%, 0, 0, 1, 140.10
1494470666, 4, 27, 222, 20, 0, 3.23%, 0, 0, 1, 136.05
1494470671, 4, 28, 222, 20, 0, 3.23%, 0, 0, 1, 142.80
1494470676, 4, 30, 222, 20, 0, 3.23%, 0, 0, 1, 147.63
1494470681, 4, 31, 222, 20, 0, 3.23%, 0, 0, 1, 140.00
1494470686, 4, 32, 222, 20, 0, 3.23%, 0, 0, 1, 147.59
1494470691, 4, 33, 222, 20, 0, 3.23%, 0, 0, 1, 133.43
1494470697, 4, 34, 222, 20, 0, 3.23%, 0, 0, 1, 152.54
1494470712, 4, 36, 222, 20, 0, 3.23%, 0, 0, 1, 145.10
1494470722, 4, 37, 222, 20, 0, 3.23%, 0, 0, 1, 150.36
1494470737, 4, 39, 222, 20, 0, 3.23%, 0, 0, 1, 155.47
1494470747, 4, 41, 222, 20, 0, 3.23%, 0, 0, 1, 162.34
1494470753, 4, 42, 222, 20, 0, 3.23%, 0, 0, 1, 150.05
1494470768, 4, 44, 222, 20, 0, 3.23%, 0, 0, 1, 27.65
1494470778, 4, 45, 222, 20, 0, 3.23%, 0, 0, 1, 140.08
1494470783, 4, 46, 222, 20, 0, 3.23%, 0, 0, 1, 146.62
1494470794, 4, 48, 222, 20, 0, 3.23%, 0, 0, 1, 143.80
1494470809, 4, 49, 222, 20, 0, 3.23%, 0, 0, 1, 140.14
1494470814, 4, 50, 222, 20, 0, 3.23%, 0, 0, 1, 148.58
1494470829, 4, 52, 222, 20, 0, 3.23%, 0, 0, 1, 144.24
1494470845, 4, 53, 222, 20, 0, 3.23%, 0, 0, 1, 132.16
1494470850, 4, 56, 222, 20, 0, 3.23%, 0, 0, 1, 129.71
1494470866, 4, 57, 222, 20, 0, 3.23%, 0, 0, 1, 107.51
1494470891, 4, 59, 222, 20, 0, 3.23%, 0, 0, 1, 150.55
1494470907, 4, 62, 222, 20, 0, 3.23%, 0, 0, 1, 136.61
1494470912, 4, 63, 222, 20, 0, 3.23%, 0, 0, 1, 137.99
1494470927, 4, 64, 222, 20, 0, 3.23%, 0, 0, 1, 135.24
1494470932, 4, 65, 222, 19, 0, 3.23%, 0, 0, 1, 124.52
1494470948, 4, 66, 222, 19, 0, 3.23%, 0, 0, 1, 128.67
1494470958, 4, 68, 222, 19, 0, 3.23%, 0, 0, 1, 129.99
1494470974, 4, 69, 222, 19, 0, 3.23%, 0, 0, 1, 117.72
1494470979, 4, 70, 222, 19, 0, 3.23%, 0, 0, 1, 130.63
1494471004, 4, 71, 222, 19, 0, 3.23%, 0, 0, 1, 138.12
1494471009, 4, 72, 222, 19, 0, 3.23%, 0, 0, 1, 135.34
1494471024, 4, 73, 222, 19, 0, 3.23%, 0, 0, 1, 129.44
1494471045, 4, 74, 222, 19, 0, 3.23%, 0, 0, 1, 122.71
1494471050, 4, 75, 222, 19, 0, 3.23%, 0, 0, 1, 130.15
1494471065, 4, 76, 222, 19, 0, 3.23%, 0, 0, 1, 118.13
1494471070, 4, 77, 222, 19, 0, 3.23%, 0, 0, 1, 122.32
1494471086, 4, 79, 222, 19, 0, 3.23%, 0, 0, 1, 130.84
1494471101, 4, 80, 222, 19, 0, 3.23%, 0, 0, 1, 131.87
1494471106, 4, 82, 222, 19, 0, 3.23%, 0, 0, 1, 129.22
1494471111, 4, 84, 222, 19, 0, 3.23%, 0, 0, 1, 127.38
1494471116, 4, 87, 222, 19, 0, 3.23%, 0, 0, 1, 129.47
1494471132, 4, 89, 222, 19, 0, 3.23%, 0, 0, 1, 128.85
1494471137, 4, 90, 222, 19, 0, 3.23%, 0, 0, 1, 125.13
1494471152, 4, 91, 222, 19, 0, 3.23%, 0, 0, 1, 123.60
1494471157, 4, 92, 222, 19, 0, 3.23%, 0, 0, 1, 138.49
1494471173, 4, 93, 222, 19, 0, 3.23%, 0, 0, 1, 131.23
1494471178, 4, 94, 222, 19, 0, 3.23%, 0, 0, 1, 121.42
1494471188, 4, 95, 222, 19, 0, 3.23%, 0, 0, 1, 150.20
1494471193, 4, 96, 222, 19, 0, 3.23%, 0, 0, 1, 147.65
1494471209, 4, 97, 222, 19, 0, 3.23%, 0, 0, 1, 160.94
1494471214, 4, 98, 222, 19, 0, 3.23%, 0, 0, 1, 157.48
1494471229, 4, 100, 222, 19, 0, 3.23%, 0, 0, 1, 147.07
1494471239, 4, 102, 222, 19, 0, 3.23%, 0, 0, 1, 147.81
1494471244, 4, 103, 222, 19, 0, 3.23%, 0, 0, 1, 146.39
1494471260, 4, 105, 222, 19, 0, 3.23%, 0, 0, 1, 140.65
1494471275, 4, 106, 222, 19, 0, 3.23%, 0, 0, 1, 149.49
1494471280, 4, 107, 222, 19, 0, 3.23%, 0, 0, 1, 145.11
1494471290, 4, 108, 222, 19, 0, 3.23%, 0, 0, 1, 153.15
1494471295, 4, 109, 222, 19, 0, 3.23%, 0, 0, 1, 140.76
1494471306, 4, 110, 222, 19, 0, 3.23%, 0, 0, 1, 139.40
1494471311, 4, 112, 222, 19, 0, 3.23%, 0, 0, 1, 143.38
1494471326, 4, 113, 222, 19, 0, 3.23%, 0, 0, 1, 140.56
1494471331, 4, 114, 222, 19, 0, 3.23%, 0, 0, 1, 149.22
1494471342, 4, 117, 222, 19, 0, 3.23%, 0, 0, 1, 143.33
1494471347, 4, 118, 222, 19, 0, 3.23%, 0, 0, 1, 130.25
1494471352, 4, 119, 222, 19, 0, 3.23%, 0, 0, 1, 151.16
1494471367, 4, 120, 222, 19, 0, 3.23%, 0, 0, 1, 150.59
1494471373, 4, 121, 222, 19, 0, 3.23%, 0, 0, 1, 143.03
1494471383, 4, 122, 222, 19, 0, 3.23%, 0, 0, 1, 150.72
1494471388, 4, 123, 222, 19, 0, 3.23%, 0, 0, 1, 148.34
1494471403, 4, 124, 222, 19, 0, 3.23%, 0, 0, 1, 142.64
1494471408, 4, 125, 222, 19, 0, 3.23%, 0, 0, 1, 148.55
1494471424, 4, 128, 222, 19, 0, 3.23%, 0, 0, 1, 147.19
1494471429, 4, 129, 222, 19, 0, 3.23%, 0, 0, 1, 145.39
1494471445, 4, 131, 222, 19, 0, 3.23%, 0, 0, 1, 132.36
1494471470, 4, 135, 222, 19, 0, 3.23%, 0, 0, 1, 118.51
1494471486, 4, 136, 222, 19, 0, 3.23%, 0, 0, 1, 128.13
1494471491, 4, 137, 222, 19, 0, 3.23%, 0, 0, 1, 131.42
1494471506, 4, 139, 222, 19, 0, 3.23%, 0, 0, 1, 131.21
1494471516, 4, 141, 222, 19, 0, 3.23%, 0, 0, 1, 130.28
1494471521, 4, 142, 222, 19, 0, 3.23%, 0, 0, 1, 127.21
1494471537, 4, 144, 222, 19, 0, 3.23%, 0, 0, 1, 134.69
1494471557, 4, 146, 222, 19, 0, 3.23%, 0, 0, 1, 122.12
1494471578, 4, 148, 222, 19, 0, 3.23%, 0, 0, 1, 129.40
1494471593, 4, 149, 222, 19, 0, 3.23%, 0, 0, 1, 132.58
1494471598, 4, 152, 222, 18, 0, 3.23%, 0, 0, 1, 127.73
1494471624, 4, 155, 222, 18, 0, 3.23%, 0, 0, 1, 118.87
1494471640, 4, 156, 222, 18, 0, 3.23%, 0, 0, 1, 125.12
1494471645, 4, 158, 222, 18, 0, 3.23%, 0, 0, 1, 132.78
1494471650, 4, 159, 222, 18, 0, 3.23%, 0, 0, 1, 127.79
1494471665, 4, 160, 222, 18, 0, 3.23%, 0, 0, 1, 133.20
1494471681, 4, 161, 222, 18, 0, 3.23%, 0, 0, 1, 119.14
1494471686, 4, 162, 222, 18, 0, 3.23%, 0, 0, 1, 137.33
1494471701, 4, 165, 222, 18, 0, 3.23%, 0, 0, 1, 142.59
1494471716, 4, 166, 222, 18, 0, 3.23%, 0, 0, 1, 139.25
1494471721, 4, 168, 222, 18, 0, 3.23%, 0, 0, 1, 136.33
1494471737, 4, 170, 222, 18, 0, 3.23%, 0, 0, 1, 147.81
1494471752, 4, 171, 222, 18, 0, 3.23%, 0, 0, 1, 143.78
1494471757, 4, 172, 222, 18, 0, 3.23%, 0, 0, 1, 153.04
1494471768, 4, 173, 222, 18, 0, 3.23%, 0, 0, 1, 146.62
1494471773, 4, 174, 222, 18, 0, 3.23%, 0, 0, 1, 152.87
1494471788, 4, 175, 222, 18, 0, 3.23%, 0, 0, 1, 148.73
1494471793, 4, 176, 222, 18, 0, 3.23%, 0, 0, 1, 158.76
1494471803, 4, 178, 222, 18, 0, 3.23%, 0, 0, 1, 142.13
1494471818, 4, 180, 222, 18, 0, 3.23%, 0, 0, 1, 151.92
1494471823, 4, 181, 222, 18, 0, 3.23%, 0, 0, 1, 151.79
1494471839, 4, 183, 222, 18, 0, 3.23%, 0, 0, 1, 147.13
1494471844, 4, 184, 222, 18, 0, 3.23%, 0, 0, 1, 144.83
1494471864, 4, 185, 222, 18, 0, 3.23%, 0, 0, 1, 139.52
1494471869, 4, 186, 222, 18, 0, 3.23%, 0, 0, 1, 142.62
1494471874, 4, 187, 222, 18, 0, 3.23%, 0, 0, 1, 140.21
1494471890, 4, 188, 222, 18, 0, 3.23%, 0, 0, 1, 135.77
1494471895, 4, 189, 222, 18, 0, 3.23%, 0, 0, 1, 133.21
1494471910, 4, 191, 222, 18, 0, 3.23%, 0, 0, 1, 142.92
1494471926, 4, 193, 222, 18, 0, 3.23%, 0, 0, 1, 149.25
1494471941, 4, 196, 222, 18, 0, 3.23%, 0, 0, 1, 137.24
1494471956, 4, 199, 222, 18, 0, 3.23%, 0, 0, 1, 122.36
1494471961, 4, 200, 222, 18, 0, 3.23%, 0, 0, 1, 134.23
1494471987, 4, 201, 222, 18, 0, 3.23%, 0, 0, 1, 126.19
1494471992, 4, 202, 222, 18, 0, 3.23%, 0, 0, 1, 128.38
1494472008, 4, 203, 222, 17, 0, 3.23%, 0, 0, 1, 120.34
1494472013, 4, 204, 222, 17, 0, 3.23%, 0, 0, 1, 129.95
1494472028, 4, 206, 222, 17, 0, 3.23%, 0, 0, 1, 122.74
1494472049, 4, 207, 222, 17, 0, 3.23%, 0, 0, 1, 134.28
1494472054, 4, 210, 222, 17, 0, 3.23%, 0, 0, 1, 127.39
1494472069, 4, 211, 222, 17, 0, 3.23%, 0, 0, 1, 126.72
1494472074, 4, 212, 222, 17, 0, 3.23%, 0, 0, 1, 123.14
1494472089, 4, 213, 222, 17, 0, 3.23%, 0, 0, 1, 126.35
1494472095, 4, 214, 222, 17, 0, 3.23%, 0, 0, 1, 131.42
1494472110, 4, 215, 222, 17, 0, 3.23%, 0, 0, 1, 133.14
1494472115, 4, 216, 222, 17, 0, 3.23%, 0, 0, 1, 127.42
1494472130, 4, 217, 222, 17, 0, 3.23%, 0, 0, 1, 125.97
1494472135, 4, 218, 222, 17, 0, 3.23%, 0, 0, 1, 125.87
1494472151, 4, 219, 222, 17, 0, 3.23%, 0, 0, 1, 126.93
1494472156, 5, 0, 222, 17, 0, 3.23%, 0, 0, 1, 122.93
1494472161, 5, 1, 222, 17, 0, 3.23%, 0, 0, 1, 119.65
1494472166, 5, 2, 222, 17, 0, 3.23%, 0, 0, 1, 125.71
1494472171, 5, 3, 222, 17, 0, 3.23%, 0, 0, 1, 128.71
1494472176, 5, 4, 222, 17, 0, 3.23%, 0, 0, 1, 133.49
1494472192, 5, 6, 222, 17, 0, 3.23%, 0, 0, 1, 137.55
1494472197, 5, 7, 222, 17, 0, 3.23%, 0, 0, 1, 135.58
1494472202, 5, 9, 222, 17, 0, 3.23%, 0, 0, 1, 136.13
1494472207, 5, 10, 222, 17, 0, 3.23%, 0, 0, 1, 140.84
1494472212, 5, 12, 222, 17, 0, 3.23%, 0, 0, 1, 146.59
1494472218, 5, 13, 222, 17, 0, 3.23%, 0, 0, 1, 144.81
1494472223, 5, 14, 222, 17, 0, 3.23%, 0, 0, 1, 132.85
1494472228, 5, 16, 222, 17, 0, 3.23%, 0, 0, 1, 136.36
1494472233, 5, 17, 222, 17, 0, 3.23%, 0, 0, 1, 142.04
1494472238, 5, 21, 222, 17, 0, 3.23%, 0, 0, 1, 142.67
1494472243, 5, 22, 222, 17, 0, 3.23%, 0, 0, 1, 146.34
1494472248, 5, 23, 222, 17, 0, 3.23%, 0, 0, 1, 141.48
1494472264, 5, 25, 222, 17, 0, 3.23%, 0, 0, 1, 139.92
1494472269, 5, 26, 222, 17, 0, 3.23%, 0, 0, 1, 149.32
1494472274, 5, 28, 222, 17, 0, 3.23%, 0, 0, 1, 150.81
1494472279, 5, 30, 222, 17, 0, 3.23%, 0, 0, 1, 149.04
1494472284, 5, 31, 222, 17, 0, 3.23%, 0, 0, 1, 141.49
1494472289, 5, 32, 222, 17, 0, 3.23%, 0, 0, 1, 146.46
1494472294, 5, 33, 222, 17, 0, 3.23%, 0, 0, 1, 145.32
1494472299, 5, 34, 222, 17, 0, 3.23%, 0, 0, 1, 151.44
1494472314, 5, 36, 222, 17, 0, 3.23%, 0, 0, 1, 148.68
1494472330, 5, 37, 222, 17, 0, 3.23%, 0, 0, 1, 139.57
1494472340, 5, 39, 222, 17, 0, 3.23%, 0, 0, 1, 150.41
1494472355, 5, 40, 222, 17, 0, 3.23%, 0, 0, 1, 144.44
1494472360, 5, 42, 222, 16, 0, 3.23%, 0, 0, 1, 143.20
1494472376, 5, 44, 222, 16, 0, 3.23%, 0, 0, 1, 145.99
1494472386, 5, 45, 222, 16, 0, 3.23%, 0, 0, 1, 146.23
1494472391, 5, 46, 222, 16, 0, 3.23%, 0, 0, 1, 148.26
1494472406, 5, 48, 222, 16, 0, 3.23%, 0, 0, 1, 139.88
1494472422, 5, 50, 222, 16, 0, 3.23%, 0, 0, 1, 142.27
1494472437, 5, 51, 222, 16, 0, 3.23%, 0, 0, 1, 136.48
1494472442, 5, 52, 222, 16, 0, 3.23%, 0, 0, 1, 144.85
1494472457, 5, 56, 222, 16, 0, 3.23%, 0, 0, 1, 129.40
1494472473, 5, 57, 222, 16, 0, 3.23%, 0, 0, 1, 106.97
1494472504, 5, 59, 222, 16, 0, 3.23%, 0, 0, 1, 141.10
1494472519, 5, 60, 222, 16, 0, 3.23%, 0, 0, 1, 137.09
1494472524, 5, 62, 222, 15, 0, 3.23%, 0, 0, 1, 126.75
1494472529, 5, 63, 222, 15, 0, 3.23%, 0, 0, 1, 128.88
1494472550, 5, 65, 222, 15, 0, 3.23%, 0, 0, 1, 131.37
1494472565, 5, 66, 222, 15, 0, 3.23%, 0, 0, 1, 123.73
1494472575, 5, 68, 222, 15, 0, 3.23%, 0, 0, 1, 134.09
1494472590, 5, 69, 222, 15, 0, 3.23%, 0, 0, 1, 129.50
1494472595, 5, 70, 222, 15, 0, 3.23%, 0, 0, 1, 118.69
1494472621, 5, 71, 222, 15, 0, 3.23%, 0, 0, 1, 125.03
1494472626, 5, 72, 222, 15, 0, 3.23%, 0, 0, 1, 125.92
1494472636, 5, 73, 222, 15, 0, 3.23%, 0, 0, 1, 126.60
1494472662, 5, 75, 222, 15, 0, 3.23%, 0, 0, 1, 130.76
1494472677, 5, 76, 222, 15, 0, 3.23%, 0, 0, 1, 123.51
1494472682, 5, 77, 222, 15, 0, 3.23%, 0, 0, 1, 119.04
1494472697, 5, 78, 222, 15, 0, 3.23%, 0, 0, 1, 134.10
1494472702, 5, 79, 222, 15, 0, 3.23%, 0, 0, 1, 126.85
1494472718, 5, 80, 222, 15, 0, 3.23%, 0, 0, 1, 144.95
1494472723, 5, 82, 222, 15, 0, 3.23%, 0, 0, 1, 145.61
1494472728, 5, 85, 222, 15, 0, 3.23%, 0, 0, 1, 136.41
1494472743, 5, 86, 222, 14, 0, 3.23%, 0, 0, 1, 132.86
1494472748, 5, 87, 222, 14, 0, 3.23%, 0, 0, 1, 145.85
1494472758, 5, 88, 222, 14, 0, 3.23%, 0, 0, 1, 147.92
1494472763, 5, 90, 222, 14, 0, 3.23%, 0, 0, 1, 153.76
1494472779, 5, 92, 222, 14, 0, 3.23%, 0, 0, 1, 154.25
1494472794, 5, 93, 222, 14, 0, 3.23%, 0, 0, 1, 152.63
1494472799, 5, 94, 222, 14, 0, 3.23%, 0, 0, 1, 150.82
1494472804, 5, 95, 222, 14, 0, 3.23%, 0, 0, 1, 146.04
1494472809, 5, 96, 222, 14, 0, 3.23%, 0, 0, 1, 149.20
1494472830, 5, 97, 222, 14, 0, 3.23%, 0, 0, 1, 135.98
1494472835, 5, 98, 222, 14, 0, 3.23%, 0, 0, 1, 138.94
1494472850, 5, 100, 222, 14, 0, 3.23%, 0, 0, 1, 138.58
1494472865, 5, 103, 222, 14, 0, 3.23%, 0, 0, 1, 142.64
1494472881, 5, 104, 222, 14, 0, 3.23%, 0, 0, 1, 141.01
1494472886, 5, 105, 222, 14, 0, 3.23%, 0, 0, 1, 138.27
1494472901, 5, 107, 222, 14, 0, 3.23%, 0, 0, 1, 148.59
1494472917, 5, 108, 222, 14, 0, 3.23%, 0, 0, 1, 156.17
1494472922, 5, 109, 222, 14, 0, 3.23%, 0, 0, 1, 146.57
1494472932, 5, 110, 222, 14, 0, 3.23%, 0, 0, 1, 140.64
1494472937, 5, 112, 222, 14, 0, 3.23%, 0, 0, 1, 142.70
1494472953, 5, 113, 222, 14, 0, 3.23%, 0, 0, 1, 137.83
1494472958, 5, 114, 222, 14, 0, 3.23%, 0, 0, 1, 138.02
1494472973, 5, 117, 222, 14, 0, 3.23%, 0, 0, 1, 124.74
1494472978, 5, 118, 222, 14, 0, 3.23%, 0, 0, 1, 117.32
1494472984, 5, 119, 222, 14, 0, 3.23%, 0, 0, 1, 122.21
1494472999, 5, 120, 222, 14, 0, 3.23%, 0, 0, 1, 135.19
1494473004, 5, 121, 222, 14, 0, 3.23%, 0, 0, 1, 131.54
1494473019, 5, 123, 222, 14, 0, 3.23%, 0, 0, 1, 126.35
1494473040, 5, 124, 222, 14, 0, 3.23%, 0, 0, 1, 114.48
1494473045, 5, 125, 222, 14, 0, 3.23%, 0, 0, 1, 129.55
1494473060, 5, 128, 222, 14, 0, 3.23%, 0, 0, 1, 124.66
1494473065, 5, 129, 222, 14, 0, 3.23%, 0, 0, 1, 123.82
1494473081, 5, 131, 222, 14, 0, 3.23%, 0, 0, 1, 120.75
1494473106, 5, 132, 222, 14, 0, 3.23%, 0, 0, 1, 131.87
1494473112, 5, 135, 222, 14, 0, 3.23%, 0, 0, 1, 134.10
1494473122, 5, 136, 222, 14, 0, 3.23%, 0, 0, 1, 126.19
1494473127, 5, 137, 222, 14, 0, 3.23%, 0, 0, 1, 126.65
1494473142, 5, 139, 222, 14, 0, 3.23%, 0, 0, 1, 137.55
1494473147, 5, 141, 222, 14, 0, 3.23%, 0, 0, 1, 129.64
1494473152, 5, 142, 222, 14, 0, 3.23%, 0, 0, 1, 123.15
1494473173, 5, 143, 222, 14, 0, 3.23%, 0, 0, 1, 128.49
1494473178, 5, 144, 222, 14, 0, 3.23%, 0, 0, 1, 130.07
1494473193, 5, 145, 222, 14, 0, 3.23%, 0, 0, 1, 116.97
1494473198, 5, 146, 222, 14, 0, 3.23%, 0, 0, 1, 124.83
1494473214, 5, 147, 222, 14, 0, 3.23%, 0, 0, 1, 131.22
1494473219, 5, 148, 222, 14, 0, 3.23%, 0, 0, 1, 145.98
1494473234, 5, 152, 222, 14, 0, 3.23%, 0, 0, 1, 144.01
1494473255, 5, 155, 222, 14, 0, 3.23%, 0, 0, 1, 148.22
1494473270, 5, 157, 222, 14, 0, 3.23%, 0, 0, 1, 137.33
1494473275, 5, 159, 222, 14, 0, 3.23%, 0, 0, 1, 139.36
1494473291, 5, 160, 222, 14, 0, 3.23%, 0, 0, 1, 142.16
1494473306, 5, 161, 222, 14, 0, 3.23%, 0, 0, 1, 138.91
1494473311, 5, 162, 222, 14, 0, 3.23%, 0, 0, 1, 137.04
1494473321, 5, 165, 222, 14, 0, 3.23%, 0, 0, 1, 147.74
1494473337, 5, 166, 222, 14, 0, 3.23%, 0, 0, 1, 145.11
1494473342, 5, 168, 222, 14, 0, 3.23%, 0, 0, 1, 137.14
1494473357, 5, 169, 222, 14, 0, 3.23%, 0, 0, 1, 138.31
1494473362, 5, 170, 222, 14, 0, 3.23%, 0, 0, 1, 150.38
1494473372, 5, 171, 222, 14, 0, 3.23%, 0, 0, 1, 143.23
1494473378, 5, 172, 222, 14, 0, 3.23%, 0, 0, 1, 143.28
1494473393, 5, 173, 222, 14, 0, 3.23%, 0, 0, 1, 153.40
1494473398, 5, 174, 222, 14, 0, 3.23%, 0, 0, 1, 148.99
1494473413, 5, 176, 222, 14, 0, 3.23%, 0, 0, 1, 140.30
1494473429, 5, 178, 222, 14, 0, 3.23%, 0, 0, 1, 156.85
1494473444, 5, 180, 222, 14, 0, 3.23%, 0, 0, 1, 140.62
1494473449, 5, 181, 222, 14, 0, 3.23%, 0, 0, 1, 143.35
1494473465, 5, 183, 222, 14, 0, 3.23%, 0, 0, 1, 155.54
1494473470, 5, 184, 222, 14, 0, 3.23%, 0, 0, 1, 133.28
1494473495, 5, 185, 222, 14, 0, 3.23%, 0, 0, 1, 127.87
1494473501, 5, 186, 222, 14, 0, 3.23%, 0, 0, 1, 124.94
1494473506, 5, 187, 222, 14, 0, 3.23%, 0, 0, 1, 134.52
1494473521, 5, 188, 222, 14, 0, 3.23%, 0, 0, 1, 125.45
1494473526, 5, 189, 222, 14, 0, 3.23%, 0, 0, 1, 119.15
1494473541, 5, 191, 222, 14, 0, 3.23%, 0, 0, 1, 126.48
1494473562, 5, 193, 222, 14, 0, 3.23%, 0, 0, 1, 129.40
1494473578, 5, 194, 222, 14, 0, 3.23%, 0, 0, 1, 121.18
1494473583, 5, 195, 222, 14, 0, 3.23%, 0, 0, 1, 121.60
1494473588, 5, 196, 222, 13, 0, 3.23%, 0, 0, 1, 120.42
1494473608, 5, 197, 222, 13, 0, 3.23%, 0, 0, 1, 126.09
1494473613, 5, 198, 222, 13, 0, 3.23%, 0, 0, 1, 124.62
1494473628, 5, 200, 222, 12, 0, 3.23%, 0, 0, 1, 129.45
1494473654, 5, 201, 222, 12, 0, 3.23%, 0, 0, 1, 130.65
1494473659, 5, 203, 222, 12, 0, 3.23%, 0, 0, 1, 122.08
1494473664, 5, 204, 222, 12, 0, 3.23%, 0, 0, 1, 127.19
1494473680, 5, 206, 222, 12, 0, 3.23%, 0, 0, 1, 126.50
1494473695, 5, 207, 222, 12, 0, 3.23%, 0, 0, 1, 133.42
1494473705, 5, 210, 222, 12, 0, 3.23%, 0, 0, 1, 124.07
1494473721, 5, 211, 222, 12, 0, 3.23%, 0, 0, 1, 132.50
1494473726, 5, 212, 222, 12, 0, 3.23%, 0, 0, 1, 129.11
1494473736, 5, 213, 222, 12, 0, 3.23%, 0, 0, 1, 154.31
1494473741, 5, 214, 222, 12, 0, 3.23%, 0, 0, 1, 148.77
1494473756, 5, 215, 222, 12, 0, 3.23%, 0, 0, 1, 144.64
1494473761, 5, 216, 222, 12, 0, 3.23%, 0, 0, 1, 153.86
1494473771, 5, 217, 222, 12, 0, 3.23%, 0, 0, 1, 159.47
1494473777, 5, 218, 222, 12, 0, 3.23%, 0, 0, 1, 142.35
1494473792, 6, 0, 222, 12, 0, 3.23%, 0, 0, 1, 155.89
1494473797, 6, 1, 222, 12, 0, 3.23%, 0, 0, 1, 151.00
1494473802, 6, 2, 222, 12, 0, 3.23%, 0, 0, 1, 147.04
1494473808, 6, 4, 222, 12, 0, 3.23%, 0, 0, 1, 138.27
1494473823, 6, 6, 222, 12, 0, 3.23%, 0, 0, 1, 146.22
1494473833, 6, 8, 222, 12, 0, 3.23%, 0, 0, 1, 147.01
1494473838, 6, 9, 222, 12, 0, 3.23%, 0, 0, 1, 148.31
1494473843, 6, 12, 222, 12, 0, 3.23%, 0, 0, 1, 156.18
1494473848, 6, 13, 222, 12, 0, 3.23%, 0, 0, 1, 143.30
1494473853, 6, 14, 222, 12, 0, 3.23%, 0, 0, 1, 149.16
1494473858, 6, 16, 222, 12, 0, 3.23%, 0, 0, 1, 154.97
1494473864, 6, 17, 222, 12, 0, 3.23%, 0, 0, 1, 139.98
1494473869, 6, 20, 222, 12, 0, 3.23%, 0, 0, 1, 145.25
1494473874, 6, 21, 222, 12, 0, 3.23%, 0, 0, 1, 141.17
1494473879, 6, 23, 222, 12, 0, 3.23%, 0, 0, 1, 141.00
1494473894, 6, 25, 222, 12, 0, 3.23%, 0, 0, 1, 145.47
1494473899, 6, 26, 222, 12, 0, 3.23%, 0, 0, 1, 140.41
1494473905, 6, 28, 222, 12, 0, 3.23%, 0, 0, 1, 137.95
1494473910, 6, 30, 222, 12, 0, 3.23%, 0, 0, 1, 144.49
1494473915, 6, 31, 222, 12, 0, 3.23%, 0, 0, 1, 128.51
1494473920, 6, 32, 222, 12, 0, 3.23%, 0, 0, 1, 147.88
1494473925, 6, 33, 222, 12, 0, 3.23%, 0, 0, 1, 145.51
1494473930, 6, 34, 222, 12, 0, 3.23%, 0, 0, 1, 151.31
1494473946, 6, 36, 222, 12, 0, 3.23%, 0, 0, 1, 146.34
1494473961, 6, 37, 222, 12, 0, 3.23%, 0, 0, 1, 137.24
1494473972, 6, 39, 222, 12, 0, 3.23%, 0, 0, 1, 149.21
1494473987, 6, 41, 222, 12, 0, 3.23%, 0, 0, 1, 129.22
1494473992, 6, 42, 222, 12, 0, 3.23%, 0, 0, 1, 131.53
1494474007, 6, 44, 222, 12, 0, 3.23%, 0, 0, 1, 128.06
1494474018, 6, 45, 222, 12, 0, 3.23%, 0, 0, 1, 129.90
1494474023, 6, 46, 222, 12, 0, 3.23%, 0, 0, 1, 131.26
1494474038, 6, 48, 222, 12, 0, 3.23%, 0, 0, 1, 131.29
1494474058, 6, 50, 222, 12, 0, 3.23%, 0, 0, 1, 132.00
1494474074, 6, 51, 222, 12, 0, 3.23%, 0, 0, 1, 126.43
1494474079, 6, 52, 222, 12, 0, 3.23%, 0, 0, 1, 126.17
1494474094, 6, 56, 222, 12, 0, 3.23%, 0, 0, 1, 123.50
1494474109, 6, 57, 222, 12, 0, 3.23%, 0, 0, 1, 115.73
1494474135, 6, 58, 222, 12, 0, 3.23%, 0, 0, 1, 123.41
1494474140, 6, 59, 222, 12, 0, 3.23%, 0, 0, 1, 131.04
1494474156, 6, 62, 222, 12, 0, 3.23%, 0, 0, 1, 132.22
1494474161, 6, 63, 222, 12, 0, 3.23%, 0, 0, 1, 136.49
1494474176, 6, 65, 222, 12, 0, 3.23%, 0, 0, 1, 123.82
1494474192, 6, 66, 222, 12, 0, 3.23%, 0, 0, 1, 126.28
1494474197, 6, 68, 222, 12, 0, 3.23%, 0, 0, 1, 126.59
1494474217, 6, 69, 222, 12, 0, 3.23%, 0, 0, 1, 124.70
1494474222, 6, 70, 222, 12, 0, 3.23%, 0, 0, 1, 122.47
1494474243, 6, 71, 222, 12, 0, 3.23%, 0, 0, 1, 131.95
1494474248, 6, 72, 222, 12, 0, 3.23%, 0, 0, 1, 146.83
1494474263, 6, 73, 222, 12, 0, 3.23%, 0, 0, 1, 141.62
1494474284, 6, 75, 222, 12, 0, 3.23%, 0, 0, 1, 148.86
1494474299, 6, 76, 222, 12, 0, 3.23%, 0, 0, 1, 145.81
1494474304, 6, 77, 222, 12, 0, 3.23%, 0, 0, 1, 141.59
1494474320, 6, 79, 222, 12, 0, 3.23%, 0, 0, 1, 135.01
1494474335, 6, 80, 222, 12, 0, 3.23%, 0, 0, 1, 150.62
1494474340, 6, 82, 222, 12, 0, 3.23%, 0, 0, 1, 145.14
1494474345, 6, 87, 222, 12, 0, 3.23%, 0, 0, 1, 153.80
1494474361, 6, 88, 222, 12, 0, 3.23%, 0, 0, 1, 145.64
1494474366, 6, 90, 222, 12, 0, 3.23%, 0, 0, 1, 142.03
1494474376, 6, 91, 222, 12, 0, 3.23%, 0, 0, 1, 137.42
1494474381, 6, 92, 222, 12, 0, 3.23%, 0, 0, 1, 139.30
1494474397, 6, 93, 222, 12, 0, 3.23%, 0, 0, 1, 136.31
1494474402, 6, 94, 222, 12, 0, 3.23%, 0, 0, 1, 143.37
1494474407, 6, 95, 222, 12, 0, 3.23%, 0, 0, 1, 148.69
1494474412, 6, 96, 222, 12, 0, 3.23%, 0, 0, 1, 128.88
1494474438, 6, 97, 222, 12, 0, 3.23%, 0, 0, 1, 138.44
1494474443, 6, 98, 222, 12, 0, 3.23%, 0, 0, 1, 134.89
1494474458, 6, 100, 222, 11, 0, 3.23%, 0, 0, 1, 137.01
1494474474, 6, 102, 222, 11, 0, 3.23%, 0, 0, 1, 139.70
1494474479, 6, 103, 222, 11, 0, 3.23%, 0, 0, 1, 148.02
1494474495, 6, 104, 222, 11, 0, 3.23%, 0, 0, 1, 138.00
1494474500, 6, 105, 222, 11, 0, 3.23%, 0, 0, 1, 132.54
1494474515, 6, 107, 222, 11, 0, 3.23%, 0, 0, 1, 135.55
1494474531, 6, 108, 222, 11, 0, 3.23%, 0, 0, 1, 132.53
1494474536, 6, 109, 222, 11, 0, 3.23%, 0, 0, 1, 128.06
1494474551, 6, 110, 222, 11, 0, 3.23%, 0, 0, 1, 140.00
1494474556, 6, 111, 222, 11, 0, 3.23%, 0, 0, 1, 124.57
1494474561, 6, 112, 222, 10, 0, 3.23%, 0, 0, 1, 130.91
1494474576, 6, 113, 222, 10, 0, 3.23%, 0, 0, 1, 137.29
1494474582, 6, 114, 222, 10, 0, 3.23%, 0, 0, 1, 129.10
1494474597, 6, 117, 222, 10, 0, 3.23%, 0, 0, 1, 132.12
1494474602, 6, 118, 222, 10, 0, 3.23%, 0, 0, 1, 137.22
1494474607, 6, 119, 222, 10, 0, 3.23%, 0, 0, 1, 131.12
1494474623, 6, 120, 222, 10, 0, 3.23%, 0, 0, 1, 122.59
1494474628, 6, 121, 222, 10, 0, 3.23%, 0, 0, 1, 128.31
1494474643, 6, 122, 222, 10, 0, 3.23%, 0, 0, 1, 129.68
1494474648, 6, 123, 222, 10, 0, 3.23%, 0, 0, 1, 131.67
1494474664, 6, 124, 222, 10, 0, 3.23%, 0, 0, 1, 127.81
1494474669, 6, 125, 222, 10, 0, 3.23%, 0, 0, 1, 126.63
1494474684, 6, 128, 222, 10, 0, 3.23%, 0, 0, 1, 130.55
1494474690, 6, 129, 222, 10, 0, 3.23%, 0, 0, 1, 124.82
1494474705, 6, 131, 222, 10, 0, 3.23%, 0, 0, 1, 127.92
1494474730, 6, 135, 222, 10, 0, 3.23%, 0, 0, 1, 132.00
1494474746, 6, 136, 222, 10, 0, 3.23%, 0, 0, 1, 150.95
1494474751, 6, 137, 222, 10, 0, 3.23%, 0, 0, 1, 139.73
1494474761, 6, 139, 222, 10, 0, 3.23%, 0, 0, 1, 149.89
1494474766, 6, 141, 222, 10, 0, 3.23%, 0, 0, 1, 142.62
1494474772, 6, 142, 222, 10, 0, 3.23%, 0, 0, 1, 136.39
