# unix_time, cycles_done, cur_path, paths_total, pending_total, pending_favs, map_size, unique_crashes, unique_hangs, max_depth, execs_per_sec
1494237549, 0, 0, 545, 545, 176, 4.20%, 0, 0, 2, 188.85
1494237554, 0, 0, 547, 546, 175, 4.20%, 0, 0, 2, 271.06
1494237595, 0, 1, 547, 546, 176, 4.20%, 0, 0, 2, 278.44
1494237600, 0, 9, 547, 540, 170, 4.20%, 0, 0, 2, 665.98
1494237605, 0, 12, 547, 538, 168, 4.20%, 0, 0, 2, 899.68
1494237610, 0, 16, 547, 536, 166, 4.20%, 0, 0, 2, 834.50
1494237615, 0, 22, 547, 531, 161, 4.20%, 0, 0, 2, 617.59
1494237620, 0, 35, 547, 526, 156, 4.20%, 0, 0, 2, 697.18
1494237625, 0, 39, 547, 523, 153, 4.20%, 0, 0, 2, 215.02
1494237631, 0, 46, 547, 519, 149, 4.20%, 0, 0, 2, 567.05
1494237636, 0, 59, 547, 515, 145, 4.20%, 0, 0, 2, 735.04
1494237641, 0, 66, 547, 512, 142, 4.20%, 0, 0, 2, 893.52
1494237646, 0, 74, 547, 508, 138, 4.20%, 0, 0, 2, 785.03
1494237651, 0, 79, 547, 506, 136, 4.20%, 0, 0, 2, 811.21
1494237656, 0, 88, 547, 503, 133, 4.20%, 0, 0, 2, 653.80
1494237662, 0, 90, 547, 501, 131, 4.20%, 0, 0, 2, 595.66
