# unix_time, cycles_done, cur_path, paths_total, pending_total, pending_favs, map_size, unique_crashes, unique_hangs, max_depth, execs_per_sec
1495253191, 0, 0, 224, 224, 175, 3.25%, 0, 0, 1, 222.89
1495253196, 0, 0, 226, 225, 174, 3.25%, 0, 0, 1, 159.48
1495253237, 0, 1, 226, 225, 174, 3.25%, 0, 0, 1, 135.33
1495253242, 0, 3, 226, 223, 172, 3.25%, 0, 0, 1, 143.66
1495253252, 0, 5, 226, 221, 170, 3.25%, 0, 0, 1, 158.01
1495253257, 0, 6, 226, 220, 169, 3.25%, 0, 0, 1, 150.56
1495253263, 0, 10, 226, 217, 166, 3.25%, 0, 0, 1, 153.40
1495253268, 0, 12, 226, 216, 165, 3.25%, 0, 0, 1, 150.46
1495253278, 0, 13, 226, 215, 164, 3.25%, 0, 0, 1, 145.13
1495253283, 0, 15, 226, 213, 162, 3.25%, 0, 0, 1, 145.88
1495253288, 0, 16, 226, 212, 161, 3.25%, 0, 0, 1, 141.65
1495253293, 0, 17, 226, 211, 160, 3.25%, 0, 0, 1, 144.80
1495253298, 0, 20, 226, 208, 157, 3.25%, 0, 0, 1, 160.64
1495253304, 0, 22, 226, 206, 155, 3.25%, 0, 0, 1, 150.14
1495253309, 0, 23, 226, 205, 154, 3.25%, 0, 0, 1, 147.85
1495253314, 0, 24, 226, 204, 153, 3.25%, 0, 0, 1, 150.86
1495253319, 0, 26, 226, 202, 151, 3.25%, 0, 0, 1, 157.78
1495253324, 0, 28, 226, 200, 149, 3.25%, 0, 0, 1, 152.69
1495253329, 0, 30, 226, 198, 147, 3.25%, 0, 0, 1, 158.35
1495253340, 0, 32, 226, 196, 145, 3.25%, 0, 0, 1, 148.01
1495253355, 0, 33, 226, 195, 144, 3.25%, 0, 0, 1, 135.55
1495253360, 0, 34, 226, 194, 143, 3.25%, 0, 0, 1, 144.31
1495253375, 0, 37, 226, 193, 142, 3.25%, 0, 0, 1, 141.36
1495253381, 0, 40, 226, 191, 140, 3.25%, 0, 0, 1, 138.26
1495253386, 0, 41, 226, 190, 139, 3.25%, 0, 0, 1, 125.92
1495253401, 0, 43, 226, 188, 137, 3.25%, 0, 0, 1, 138.37
1495253406, 0, 44, 226, 187, 136, 3.25%, 0, 0, 1, 132.34
1495253411, 0, 45, 226, 186, 135, 3.25%, 0, 0, 1, 135.31
1495253427, 0, 47, 226, 184, 133, 3.25%, 0, 0, 1, 126.52
1495253447, 0, 49, 226, 182, 131, 3.25%, 0, 0, 1, 131.54
1495253468, 0, 51, 226, 180, 129, 3.25%, 0, 0, 1, 131.82
1495253478, 0, 55, 226, 178, 127, 3.25%, 0, 0, 1, 130.38
1495253483, 0, 56, 226, 177, 126, 3.25%, 0, 0, 1, 126.09
1495253498, 0, 57, 226, 176, 125, 3.25%, 0, 0, 1, 130.67
1495253503, 0, 58, 226, 175, 124, 3.25%, 0, 0, 1, 162.50
1495253524, 0, 60, 226, 174, 123, 3.25%, 0, 0, 1, 129.90
1495253545, 0, 63, 226, 172, 121, 3.25%, 0, 0, 1, 133.73
1495253550, 0, 64, 226, 171, 120, 3.25%, 0, 0, 1, 132.51
1495253555, 0, 67, 226, 170, 119, 3.25%, 0, 0, 1, 128.53
1495253575, 0, 69, 226, 169, 118, 3.25%, 0, 0, 1, 121.55
1495253591, 0, 72, 226, 168, 117, 3.25%, 0, 0, 1, 128.59
1495253596, 0, 73, 226, 167, 116, 3.25%, 0, 0, 1, 131.21
1495253606, 0, 74, 226, 166, 115, 3.25%, 0, 0, 1, 132.19
1495253612, 0, 75, 226, 165, 114, 3.25%, 0, 0, 1, 149.35
1495253627, 0, 77, 226, 163, 112, 3.25%, 0, 0, 1, 158.54
1495253642, 0, 80, 226, 161, 110, 3.25%, 0, 0, 1, 152.83
1495253647, 0, 81, 226, 160, 109, 3.25%, 0, 0, 1, 185.50
1495253653, 0, 82, 226, 159, 108, 3.25%, 0, 0, 1, 156.78
1495253668, 0, 85, 226, 157, 106, 3.25%, 0, 0, 1, 150.77
1495253683, 0, 87, 226, 156, 105, 3.25%, 0, 0, 1, 155.22
1495253699, 0, 88, 226, 155, 104, 3.25%, 0, 0, 1, 148.19
1495253704, 0, 90, 226, 153, 102, 3.25%, 0, 0, 1, 141.43
1495253730, 0, 92, 226, 152, 101, 3.25%, 0, 0, 1, 139.48
1495253740, 0, 94, 226, 151, 100, 3.25%, 0, 0, 1, 153.68
1495253755, 0, 95, 226, 150, 99, 3.25%, 0, 0, 1, 145.95
1495253761, 0, 96, 226, 149, 98, 3.25%, 0, 0, 1, 140.82
1495253771, 0, 98, 226, 148, 97, 3.25%, 0, 0, 1, 157.33
1495253786, 0, 99, 226, 147, 96, 3.25%, 0, 0, 1, 146.91
1495253802, 0, 101, 226, 145, 94, 3.25%, 0, 0, 1, 132.69
1495253817, 0, 102, 226, 144, 93, 3.25%, 0, 0, 1, 145.39
1495253822, 0, 103, 226, 143, 92, 3.25%, 0, 0, 1, 148.37
1495253832, 0, 104, 226, 142, 91, 3.25%, 0, 0, 1, 150.86
1495253837, 0, 105, 226, 141, 90, 3.25%, 0, 0, 1, 155.24
1495253852, 0, 108, 226, 139, 88, 3.25%, 0, 0, 1, 133.79
1495253867, 0, 109, 226, 138, 87, 3.25%, 0, 0, 1, 134.94
1495253872, 0, 110, 226, 137, 86, 3.25%, 0, 0, 1, 129.60
1495253888, 0, 112, 226, 136, 85, 3.25%, 0, 0, 1, 136.09
1495253893, 0, 113, 226, 135, 84, 3.25%, 0, 0, 1, 129.66
1495253903, 0, 114, 226, 134, 83, 3.25%, 0, 0, 1, 132.03
1495253913, 0, 115, 226, 133, 82, 3.25%, 0, 0, 1, 137.54
1495253919, 0, 116, 226, 132, 81, 3.25%, 0, 0, 1, 128.36
1495253924, 0, 117, 226, 131, 80, 3.25%, 0, 0, 1, 127.95
1495253939, 0, 118, 226, 130, 79, 3.25%, 0, 0, 1, 131.24
1495253944, 0, 119, 226, 129, 78, 3.25%, 0, 0, 1, 126.44
1495253959, 0, 121, 226, 127, 76, 3.25%, 0, 0, 1, 137.99
1495253980, 0, 123, 226, 126, 75, 3.25%, 0, 0, 1, 137.28
1495253995, 0, 125, 226, 124, 73, 3.25%, 0, 0, 1, 132.66
1495254011, 0, 126, 226, 123, 72, 3.25%, 0, 0, 1, 132.06
1495254016, 0, 130, 226, 122, 71, 3.25%, 0, 0, 1, 135.30
1495254031, 0, 131, 226, 121, 70, 3.25%, 0, 0, 1, 133.34
1495254036, 0, 132, 226, 120, 69, 3.25%, 0, 0, 1, 135.70
1495254052, 0, 134, 226, 119, 68, 3.25%, 0, 0, 1, 136.10
1495254072, 0, 135, 226, 118, 67, 3.25%, 0, 0, 1, 133.26
1495254077, 0, 137, 226, 116, 65, 3.25%, 0, 0, 1, 133.49
1495254082, 0, 138, 226, 115, 64, 3.25%, 0, 0, 1, 130.61
1495254098, 0, 139, 226, 114, 63, 3.25%, 0, 0, 1, 152.75
1495254103, 0, 140, 226, 113, 62, 3.25%, 0, 0, 1, 155.52
1495254113, 0, 141, 226, 112, 61, 3.25%, 0, 0, 1, 149.58
1495254118, 0, 142, 226, 111, 60, 3.25%, 0, 0, 1, 150.24
1495254134, 0, 144, 226, 110, 59, 3.25%, 0, 0, 1, 145.90
1495254139, 0, 146, 226, 109, 58, 3.25%, 0, 0, 1, 139.51
1495254159, 0, 149, 226, 108, 57, 3.25%, 0, 0, 1, 148.91
1495254165, 0, 150, 226, 107, 56, 3.25%, 0, 0, 1, 144.09
1495254180, 0, 151, 226, 106, 55, 3.25%, 0, 0, 1, 148.98
1495254195, 0, 153, 226, 104, 53, 3.25%, 0, 0, 1, 140.05
1495254200, 0, 154, 226, 103, 52, 3.25%, 0, 0, 1, 143.38
1495254206, 0, 155, 226, 102, 51, 3.25%, 0, 0, 1, 136.97
1495254221, 0, 157, 226, 100, 49, 3.25%, 0, 0, 1, 148.30
1495254236, 0, 159, 226, 99, 48, 3.25%, 0, 0, 1, 148.37
1495254252, 0, 160, 226, 98, 47, 3.25%, 0, 0, 1, 153.49
1495254257, 0, 161, 226, 97, 46, 3.25%, 0, 0, 1, 150.01
1495254277, 0, 162, 226, 96, 45, 3.25%, 0, 0, 1, 143.62
1495254282, 0, 163, 226, 95, 44, 3.25%, 0, 0, 1, 151.22
1495254293, 0, 164, 226, 94, 43, 3.25%, 0, 0, 1, 140.46
1495254298, 0, 165, 226, 93, 42, 3.25%, 0, 0, 1, 144.73
1495254313, 0, 166, 226, 92, 41, 3.25%, 0, 0, 1, 147.12
1495254318, 0, 167, 226, 91, 40, 3.25%, 0, 0, 1, 141.99
1495254334, 0, 169, 226, 89, 38, 3.25%, 0, 0, 1, 133.30
1495254349, 0, 171, 226, 88, 37, 3.25%, 0, 0, 1, 136.15
1495254359, 0, 173, 226, 87, 36, 3.25%, 0, 0, 1, 130.68
1495254385, 0, 175, 226, 85, 34, 3.25%, 0, 0, 1, 133.29
1495254400, 0, 176, 226, 84, 33, 3.25%, 0, 0, 1, 118.47
1495254405, 0, 178, 226, 83, 32, 3.25%, 0, 0, 1, 119.71
1495254420, 0, 179, 226, 82, 31, 3.25%, 0, 0, 1, 129.53
1495254426, 0, 180, 226, 81, 30, 3.25%, 0, 0, 1, 135.94
1495254431, 0, 181, 226, 80, 29, 3.25%, 0, 0, 1, 135.31
1495254436, 0, 182, 226, 79, 28, 3.25%, 0, 0, 1, 126.80
1495254451, 0, 184, 226, 78, 27, 3.25%, 0, 0, 1, 129.34
1495254472, 0, 185, 226, 77, 26, 3.25%, 0, 0, 1, 132.03
1495254477, 0, 186, 226, 76, 25, 3.25%, 0, 0, 1, 130.29
1495254492, 0, 188, 226, 75, 24, 3.25%, 0, 0, 1, 134.00
1495254508, 0, 191, 226, 74, 23, 3.25%, 0, 0, 1, 134.85
1495254528, 0, 192, 226, 73, 22, 3.25%, 0, 0, 1, 131.66
1495254533, 0, 193, 226, 72, 21, 3.25%, 0, 0, 1, 131.62
1495254544, 0, 194, 226, 71, 20, 3.25%, 0, 0, 1, 133.54
1495254559, 0, 196, 226, 69, 18, 3.25%, 0, 0, 1, 155.14
1495254574, 0, 197, 226, 68, 17, 3.25%, 0, 0, 1, 144.30
1495254579, 0, 198, 226, 67, 16, 3.25%, 0, 0, 1, 135.77
1495254595, 0, 199, 226, 66, 15, 3.25%, 0, 0, 1, 148.77
1495254600, 0, 200, 226, 65, 14, 3.25%, 0, 0, 1, 152.16
1495254615, 0, 202, 226, 63, 12, 3.25%, 0, 0, 1, 154.15
1495254620, 0, 203, 226, 62, 11, 3.25%, 0, 0, 1, 156.00
1495254635, 0, 204, 226, 61, 10, 3.25%, 0, 0, 1, 160.08
1495254651, 0, 205, 226, 60, 9, 3.25%, 0, 0, 1, 147.05
1495254656, 0, 206, 226, 59, 8, 3.25%, 0, 0, 1, 154.94
1495254666, 0, 207, 226, 58, 7, 3.25%, 0, 0, 1, 151.22
1495254671, 0, 209, 226, 57, 6, 3.25%, 0, 0, 1, 149.50
1495254676, 0, 213, 226, 56, 5, 3.25%, 0, 0, 1, 145.82
1495254697, 0, 214, 226, 55, 4, 3.25%, 0, 0, 1, 139.25
1495254712, 0, 215, 226, 54, 3, 3.25%, 0, 0, 1, 151.54
1495254717, 0, 217, 226, 53, 2, 3.25%, 0, 0, 1, 149.40
1495254738, 0, 220, 226, 52, 1, 3.25%, 0, 0, 1, 137.99
1495254743, 1, 0, 226, 51, 0, 3.25%, 0, 0, 1, 140.44
1495254748, 1, 3, 226, 51, 0, 3.25%, 0, 0, 1, 159.93
1495254758, 1, 4, 226, 51, 0, 3.25%, 0, 0, 1, 171.01
1495254763, 1, 5, 226, 51, 0, 3.25%, 0, 0, 1, 163.20
1495254768, 1, 7, 226, 51, 0, 3.25%, 0, 0, 1, 155.82
1495254779, 1, 9, 226, 50, 0, 3.25%, 0, 0, 1, 145.22
1495254784, 1, 12, 226, 50, 0, 3.25%, 0, 0, 1, 153.76
1495254794, 1, 13, 226, 50, 0, 3.25%, 0, 0, 1, 142.74
1495254799, 1, 14, 226, 50, 0, 3.25%, 0, 0, 1, 134.94
1495254804, 1, 15, 226, 50, 0, 3.25%, 0, 0, 1, 125.70
1495254810, 1, 16, 226, 50, 0, 3.25%, 0, 0, 1, 133.11
1495254815, 1, 17, 226, 50, 0, 3.25%, 0, 0, 1, 134.81
1495254820, 1, 19, 226, 50, 0, 3.25%, 0, 0, 1, 136.53
1495254825, 1, 20, 226, 50, 0, 3.25%, 0, 0, 1, 142.09
1495254830, 1, 22, 226, 50, 0, 3.25%, 0, 0, 1, 130.50
1495254835, 1, 24, 226, 50, 0, 3.25%, 0, 0, 1, 138.69
1495254841, 1, 26, 226, 50, 0, 3.25%, 0, 0, 1, 134.87
1495254851, 1, 28, 226, 50, 0, 3.25%, 0, 0, 1, 135.18
1495254856, 1, 30, 226, 50, 0, 3.25%, 0, 0, 1, 133.36
1495254866, 1, 31, 226, 50, 0, 3.25%, 0, 0, 1, 134.89
1495254872, 1, 32, 226, 50, 0, 3.25%, 0, 0, 1, 139.84
1495254887, 1, 34, 226, 50, 0, 3.25%, 0, 0, 1, 130.75
1495254902, 1, 37, 226, 50, 0, 3.25%, 0, 0, 1, 133.93
1495254912, 1, 40, 226, 50, 0, 3.25%, 0, 0, 1, 128.14
1495254917, 1, 41, 226, 50, 0, 3.25%, 0, 0, 1, 131.13
1495254933, 1, 42, 226, 50, 0, 3.25%, 0, 0, 1, 128.00
1495254938, 1, 43, 226, 50, 0, 3.25%, 0, 0, 1, 125.71
1495254943, 1, 45, 226, 50, 0, 3.25%, 0, 0, 1, 125.88
1495254958, 1, 47, 226, 50, 0, 3.25%, 0, 0, 1, 138.49
1495254973, 1, 48, 226, 50, 0, 3.25%, 0, 0, 1, 137.36
1495254979, 1, 49, 226, 50, 0, 3.25%, 0, 0, 1, 134.16
1495254994, 1, 50, 226, 50, 0, 3.25%, 0, 0, 1, 129.22
1495254999, 1, 51, 226, 50, 0, 3.25%, 0, 0, 1, 126.92
1495255004, 1, 54, 226, 50, 0, 3.25%, 0, 0, 1, 130.14
1495255009, 1, 55, 226, 50, 0, 3.25%, 0, 0, 1, 124.88
1495255014, 1, 56, 226, 50, 0, 3.25%, 0, 0, 1, 129.47
1495255025, 1, 57, 226, 50, 0, 3.25%, 0, 0, 1, 130.78
1495255030, 1, 58, 226, 50, 0, 3.25%, 0, 0, 1, 137.50
1495255050, 1, 60, 226, 50, 0, 3.25%, 0, 0, 1, 141.62
1495255066, 1, 61, 226, 50, 0, 3.25%, 0, 0, 1, 135.51
1495255071, 1, 63, 226, 50, 0, 3.25%, 0, 0, 1, 148.67
1495255076, 1, 64, 226, 50, 0, 3.25%, 0, 0, 1, 147.75
1495255081, 1, 67, 226, 50, 0, 3.25%, 0, 0, 1, 146.69
1495255096, 1, 69, 226, 49, 0, 3.25%, 0, 0, 1, 146.48
1495255111, 1, 70, 226, 49, 0, 3.25%, 0, 0, 1, 142.62
1495255117, 1, 72, 226, 48, 0, 3.25%, 0, 0, 1, 143.62
1495255122, 1, 73, 226, 48, 0, 3.25%, 0, 0, 1, 139.06
1495255137, 1, 75, 226, 48, 0, 3.25%, 0, 0, 1, 150.48
1495255152, 1, 77, 226, 48, 0, 3.25%, 0, 0, 1, 134.69
1495255168, 1, 78, 226, 48, 0, 3.25%, 0, 0, 1, 148.35
1495255173, 1, 80, 226, 48, 0, 3.25%, 0, 0, 1, 145.00
1495255178, 1, 81, 226, 48, 0, 3.25%, 0, 0, 1, 132.04
1495255183, 1, 82, 226, 48, 0, 3.25%, 0, 0, 1, 145.21
1495255199, 1, 85, 226, 48, 0, 3.25%, 0, 0, 1, 141.11
1495255214, 1, 87, 226, 48, 0, 3.25%, 0, 0, 1, 163.54
1495255225, 1, 88, 226, 48, 0, 3.25%, 0, 0, 1, 156.02
1495255230, 1, 89, 226, 48, 0, 3.25%, 0, 0, 1, 158.58
1495255235, 1, 90, 226, 48, 0, 3.25%, 0, 0, 1, 158.06
1495255255, 1, 92, 226, 48, 0, 3.25%, 0, 0, 1, 151.03
1495255271, 1, 94, 226, 47, 0, 3.25%, 0, 0, 1, 145.32
1495255286, 1, 95, 226, 47, 0, 3.25%, 0, 0, 1, 134.28
1495255291, 1, 96, 226, 47, 0, 3.25%, 0, 0, 1, 140.04
1495255307, 1, 98, 226, 47, 0, 3.25%, 0, 0, 1, 127.51
1495255322, 1, 99, 226, 47, 0, 3.25%, 0, 0, 1, 138.63
1495255337, 1, 100, 226, 47, 0, 3.25%, 0, 0, 1, 145.30
1495255342, 1, 101, 226, 47, 0, 3.25%, 0, 0, 1, 133.79
1495255358, 1, 102, 226, 47, 0, 3.25%, 0, 0, 1, 124.68
1495255363, 1, 103, 226, 47, 0, 3.25%, 0, 0, 1, 129.46
1495255378, 1, 104, 226, 47, 0, 3.25%, 0, 0, 1, 128.83
1495255383, 1, 105, 226, 47, 0, 3.25%, 0, 0, 1, 129.30
1495255399, 1, 107, 226, 47, 0, 3.25%, 0, 0, 1, 124.87
1495255404, 1, 108, 226, 46, 0, 3.25%, 0, 0, 1, 129.89
1495255419, 1, 109, 226, 46, 0, 3.25%, 0, 0, 1, 135.47
1495255424, 1, 110, 226, 46, 0, 3.25%, 0, 0, 1, 135.72
1495255445, 1, 112, 226, 46, 0, 3.25%, 0, 0, 1, 122.14
1495255450, 1, 113, 226, 46, 0, 3.25%, 0, 0, 1, 129.11
1495255455, 1, 114, 226, 46, 0, 3.25%, 0, 0, 1, 129.62
1495255470, 1, 115, 226, 46, 0, 3.25%, 0, 0, 1, 135.76
1495255475, 1, 117, 226, 46, 0, 3.25%, 0, 0, 1, 136.75
1495255491, 1, 118, 226, 46, 0, 3.25%, 0, 0, 1, 132.84
1495255496, 1, 119, 226, 46, 0, 3.25%, 0, 0, 1, 120.18
1495255512, 1, 120, 226, 46, 0, 3.25%, 0, 0, 1, 132.27
1495255517, 1, 121, 226, 46, 0, 3.25%, 0, 0, 1, 125.02
1495255532, 1, 123, 226, 46, 0, 3.25%, 0, 0, 1, 149.61
1495255547, 1, 124, 226, 46, 0, 3.25%, 0, 0, 1, 148.62
1495255552, 1, 125, 226, 46, 0, 3.25%, 0, 0, 1, 147.89
1495255563, 1, 126, 226, 46, 0, 3.25%, 0, 0, 1, 158.97
1495255568, 1, 130, 226, 46, 0, 3.25%, 0, 0, 1, 145.61
1495255583, 1, 131, 226, 46, 0, 3.25%, 0, 0, 1, 153.63
1495255589, 1, 132, 226, 46, 0, 3.25%, 0, 0, 1, 151.99
1495255604, 1, 134, 226, 46, 0, 3.25%, 0, 0, 1, 152.36
1495255619, 1, 135, 226, 46, 0, 3.25%, 0, 0, 1, 145.83
1495255624, 1, 137, 226, 46, 0, 3.25%, 0, 0, 1, 141.82
1495255629, 1, 138, 226, 46, 0, 3.25%, 0, 0, 1, 137.15
1495255645, 1, 139, 226, 46, 0, 3.25%, 0, 0, 1, 151.89
1495255650, 1, 140, 226, 46, 0, 3.25%, 0, 0, 1, 146.03
1495255666, 1, 142, 226, 46, 0, 3.25%, 0, 0, 1, 154.14
1495255681, 1, 144, 226, 46, 0, 3.25%, 0, 0, 1, 148.61
1495255686, 1, 146, 226, 46, 0, 3.25%, 0, 0, 1, 147.46
1495255707, 1, 147, 226, 46, 0, 3.25%, 0, 0, 1, 140.61
1495255712, 1, 148, 226, 45, 0, 3.25%, 0, 0, 1, 141.66
1495255717, 1, 149, 226, 44, 0, 3.25%, 0, 0, 1, 150.28
1495255722, 1, 150, 226, 44, 0, 3.25%, 0, 0, 1, 147.04
1495255733, 1, 151, 226, 44, 0, 3.25%, 0, 0, 1, 150.69
1495255748, 1, 152, 226, 44, 0, 3.25%, 0, 0, 1, 148.98
1495255753, 1, 153, 226, 44, 0, 3.25%, 0, 0, 1, 144.73
1495255758, 1, 154, 226, 44, 0, 3.25%, 0, 0, 1, 134.77
1495255763, 1, 155, 226, 44, 0, 3.25%, 0, 0, 1, 125.41
1495255778, 1, 156, 226, 44, 0, 3.25%, 0, 0, 1, 133.70
1495255783, 1, 157, 226, 44, 0, 3.25%, 0, 0, 1, 134.16
1495255799, 1, 159, 226, 44, 0, 3.25%, 0, 0, 1, 130.24
1495255814, 1, 160, 226, 44, 0, 3.25%, 0, 0, 1, 133.68
1495255819, 1, 161, 226, 44, 0, 3.25%, 0, 0, 1, 129.07
1495255845, 1, 163, 226, 44, 0, 3.25%, 0, 0, 1, 132.09
1495255860, 1, 164, 226, 44, 0, 3.25%, 0, 0, 1, 123.93
1495255871, 1, 165, 226, 44, 0, 3.25%, 0, 0, 1, 121.64
1495255881, 1, 166, 226, 44, 0, 3.25%, 0, 0, 1, 137.77
1495255886, 1, 167, 226, 44, 0, 3.25%, 0, 0, 1, 139.57
1495255901, 1, 169, 226, 44, 0, 3.25%, 0, 0, 1, 137.76
1495255917, 1, 170, 226, 44, 0, 3.25%, 0, 0, 1, 125.77
1495255927, 1, 171, 226, 43, 0, 3.25%, 0, 0, 1, 122.40
1495255932, 1, 173, 226, 43, 0, 3.25%, 0, 0, 1, 133.86
1495255953, 1, 174, 226, 43, 0, 3.25%, 0, 0, 1, 138.11
1495255958, 1, 175, 226, 43, 0, 3.25%, 0, 0, 1, 129.48
1495255973, 1, 176, 226, 43, 0, 3.25%, 0, 0, 1, 123.84
1495255978, 1, 178, 226, 43, 0, 3.25%, 0, 0, 1, 122.16
1495255994, 1, 179, 226, 43, 0, 3.25%, 0, 0, 1, 149.12
1495255999, 1, 180, 226, 43, 0, 3.25%, 0, 0, 1, 144.52
1495256004, 1, 181, 226, 43, 0, 3.25%, 0, 0, 1, 139.16
1495256009, 1, 182, 226, 43, 0, 3.25%, 0, 0, 1, 143.46
1495256025, 1, 184, 226, 43, 0, 3.25%, 0, 0, 1, 158.14
1495256035, 1, 185, 226, 43, 0, 3.25%, 0, 0, 1, 155.17
1495256040, 1, 186, 226, 43, 0, 3.25%, 0, 0, 1, 157.61
1495256056, 1, 188, 226, 43, 0, 3.25%, 0, 0, 1, 155.24
1495256066, 1, 190, 226, 43, 0, 3.25%, 0, 0, 1, 146.79
1495256071, 1, 191, 226, 42, 0, 3.25%, 0, 0, 1, 150.20
1495256092, 1, 192, 226, 42, 0, 3.25%, 0, 0, 1, 145.33
1495256097, 1, 193, 226, 42, 0, 3.25%, 0, 0, 1, 145.19
1495256107, 1, 194, 226, 42, 0, 3.25%, 0, 0, 1, 154.45
1495256122, 1, 195, 226, 42, 0, 3.25%, 0, 0, 1, 138.92
1495256127, 1, 196, 226, 42, 0, 3.25%, 0, 0, 1, 152.70
1495256137, 1, 197, 226, 42, 0, 3.25%, 0, 0, 1, 150.56
1495256142, 1, 198, 226, 42, 0, 3.25%, 0, 0, 1, 150.49
1495256158, 1, 199, 226, 42, 0, 3.25%, 0, 0, 1, 152.43
1495256163, 1, 200, 226, 42, 0, 3.25%, 0, 0, 1, 149.52
1495256173, 1, 201, 226, 42, 0, 3.25%, 0, 0, 1, 141.07
1495256179, 1, 202, 226, 42, 0, 3.25%, 0, 0, 1, 147.41
1495256184, 1, 203, 226, 42, 0, 3.25%, 0, 0, 1, 148.39
1495256199, 1, 204, 226, 42, 0, 3.25%, 0, 0, 1, 149.38
1495256214, 1, 205, 226, 42, 0, 3.25%, 0, 0, 1, 149.07
1495256219, 1, 206, 226, 42, 0, 3.25%, 0, 0, 1, 145.15
1495256235, 1, 207, 226, 42, 0, 3.25%, 0, 0, 1, 139.18
1495256240, 1, 208, 226, 42, 0, 3.25%, 0, 0, 1, 134.61
1495256250, 1, 209, 226, 41, 0, 3.25%, 0, 0, 1, 138.50
1495256255, 1, 211, 226, 41, 0, 3.25%, 0, 0, 1, 127.80
1495256276, 1, 213, 226, 40, 0, 3.25%, 0, 0, 1, 120.05
1495256281, 1, 214, 226, 40, 0, 3.25%, 0, 0, 1, 122.97
1495256297, 1, 215, 226, 40, 0, 3.25%, 0, 0, 1, 127.35
1495256307, 1, 217, 226, 40, 0, 3.25%, 0, 0, 1, 132.02
1495256327, 1, 218, 226, 40, 0, 3.25%, 0, 0, 1, 128.98
1495256338, 1, 220, 226, 39, 0, 3.25%, 0, 0, 1, 131.53
1495256343, 1, 222, 226, 39, 0, 3.25%, 0, 0, 1, 133.28
1495256358, 2, 1, 226, 38, 0, 3.25%, 0, 0, 1, 138.73
1495256363, 2, 3, 226, 38, 0, 3.25%, 0, 0, 1, 131.95
1495256374, 2, 4, 226, 38, 0, 3.25%, 0, 0, 1, 135.58
1495256379, 2, 5, 226, 38, 0, 3.25%, 0, 0, 1, 129.58
1495256384, 2, 9, 226, 38, 0, 3.25%, 0, 0, 1, 132.36
1495256389, 2, 11, 226, 38, 0, 3.25%, 0, 0, 1, 132.55
1495256399, 2, 12, 226, 37, 0, 3.25%, 0, 0, 1, 134.12
1495256404, 2, 13, 226, 37, 0, 3.25%, 0, 0, 1, 134.72
1495256414, 2, 15, 226, 37, 0, 3.25%, 0, 0, 1, 136.36
1495256420, 2, 16, 226, 37, 0, 3.25%, 0, 0, 1, 135.98
1495256425, 2, 17, 226, 37, 0, 3.25%, 0, 0, 1, 128.44
1495256430, 2, 19, 226, 37, 0, 3.25%, 0, 0, 1, 129.30
1495256435, 2, 20, 226, 37, 0, 3.25%, 0, 0, 1, 132.64
1495256440, 2, 22, 226, 37, 0, 3.25%, 0, 0, 1, 134.02
1495256445, 2, 24, 226, 37, 0, 3.25%, 0, 0, 1, 133.32
1495256451, 2, 26, 226, 37, 0, 3.25%, 0, 0, 1, 137.48
1495256461, 2, 28, 226, 37, 0, 3.25%, 0, 0, 1, 133.54
1495256466, 2, 30, 226, 37, 0, 3.25%, 0, 0, 1, 132.97
1495256481, 2, 32, 226, 37, 0, 3.25%, 0, 0, 1, 144.26
1495256492, 2, 33, 226, 37, 0, 3.25%, 0, 0, 1, 150.59
1495256497, 2, 34, 226, 37, 0, 3.25%, 0, 0, 1, 142.98
1495256512, 2, 36, 226, 36, 0, 3.25%, 0, 0, 1, 153.08
1495256523, 2, 37, 226, 35, 0, 3.25%, 0, 0, 1, 146.55
1495256528, 2, 40, 226, 35, 0, 3.25%, 0, 0, 1, 144.26
1495256533, 2, 41, 226, 35, 0, 3.25%, 0, 0, 1, 153.81
1495256549, 2, 43, 226, 35, 0, 3.25%, 0, 0, 1, 165.35
1495256554, 2, 45, 226, 35, 0, 3.25%, 0, 0, 1, 153.18
1495256564, 2, 46, 226, 35, 0, 3.25%, 0, 0, 1, 154.65
1495256569, 2, 47, 226, 35, 0, 3.25%, 0, 0, 1, 166.91
1495256580, 2, 48, 226, 35, 0, 3.25%, 0, 0, 1, 142.79
1495256585, 2, 49, 226, 35, 0, 3.25%, 0, 0, 1, 145.76
1495256600, 2, 50, 226, 35, 0, 3.25%, 0, 0, 1, 145.26
1495256605, 2, 54, 226, 35, 0, 3.25%, 0, 0, 1, 140.52
1495256610, 2, 55, 226, 35, 0, 3.25%, 0, 0, 1, 132.83
1495256615, 2, 56, 226, 35, 0, 3.25%, 0, 0, 1, 142.80
1495256631, 2, 58, 226, 35, 0, 3.25%, 0, 0, 1, 148.92
1495256657, 2, 60, 226, 34, 0, 3.25%, 0, 0, 1, 150.59
1495256672, 2, 63, 226, 34, 0, 3.25%, 0, 0, 1, 147.07
1495256677, 2, 64, 226, 34, 0, 3.25%, 0, 0, 1, 146.78
1495256682, 2, 67, 226, 34, 0, 3.25%, 0, 0, 1, 148.41
1495256698, 2, 69, 226, 34, 0, 3.25%, 0, 0, 1, 151.60
1495256713, 2, 73, 226, 34, 0, 3.25%, 0, 0, 1, 141.95
1495256728, 2, 74, 226, 34, 0, 3.25%, 0, 0, 1, 124.75
1495256733, 2, 75, 226, 34, 0, 3.25%, 0, 0, 1, 138.58
1495256749, 2, 77, 226, 34, 0, 3.25%, 0, 0, 1, 129.14
1495256770, 2, 80, 226, 34, 0, 3.25%, 0, 0, 1, 132.07
1495256780, 2, 82, 226, 34, 0, 3.25%, 0, 0, 1, 127.73
1495256800, 2, 85, 226, 34, 0, 3.25%, 0, 0, 1, 127.50
1495256815, 2, 87, 226, 34, 0, 3.25%, 0, 0, 1, 126.75
1495256831, 2, 88, 226, 34, 0, 3.25%, 0, 0, 1, 132.78
1495256841, 2, 90, 226, 34, 0, 3.25%, 0, 0, 1, 122.15
1495256866, 2, 91, 226, 34, 0, 3.25%, 0, 0, 1, 124.40
1495256872, 2, 92, 226, 33, 0, 3.25%, 0, 0, 1, 122.59
1495256887, 2, 94, 226, 33, 0, 3.25%, 0, 0, 1, 123.52
1495256907, 2, 96, 226, 33, 0, 3.25%, 0, 0, 1, 125.22
1495256923, 2, 98, 226, 33, 0, 3.25%, 0, 0, 1, 138.25
1495256938, 2, 99, 226, 33, 0, 3.25%, 0, 0, 1, 135.93
1495256954, 2, 100, 226, 33, 0, 3.25%, 0, 0, 1, 147.11
1495256959, 2, 101, 226, 33, 0, 3.25%, 0, 0, 1, 144.32
1495256974, 2, 103, 226, 33, 0, 3.25%, 0, 0, 1, 148.53
1495256990, 2, 104, 226, 33, 0, 3.25%, 0, 0, 1, 151.40
1495256995, 2, 105, 226, 33, 0, 3.25%, 0, 0, 1, 144.92
1495257005, 2, 106, 226, 33, 0, 3.25%, 0, 0, 1, 155.47
1495257010, 2, 108, 226, 33, 0, 3.25%, 0, 0, 1, 153.01
1495257026, 2, 109, 226, 33, 0, 3.25%, 0, 0, 1, 144.50
1495257031, 2, 110, 226, 33, 0, 3.25%, 0, 0, 1, 141.69
1495257041, 2, 111, 226, 33, 0, 3.25%, 0, 0, 1, 145.47
1495257046, 2, 112, 226, 32, 0, 3.25%, 0, 0, 1, 155.24
1495257051, 2, 113, 226, 32, 0, 3.25%, 0, 0, 1, 155.53
1495257057, 2, 114, 226, 32, 0, 3.25%, 0, 0, 1, 148.52
1495257072, 2, 115, 226, 32, 0, 3.25%, 0, 0, 1, 147.91
1495257077, 2, 117, 226, 32, 0, 3.25%, 0, 0, 1, 145.47
1495257093, 2, 119, 226, 32, 0, 3.25%, 0, 0, 1, 150.95
1495257108, 2, 120, 226, 32, 0, 3.25%, 0, 0, 1, 145.62
1495257113, 2, 121, 226, 32, 0, 3.25%, 0, 0, 1, 142.91
1495257128, 2, 123, 226, 32, 0, 3.25%, 0, 0, 1, 141.93
1495257138, 2, 124, 226, 32, 0, 3.25%, 0, 0, 1, 158.04
1495257143, 2, 125, 226, 32, 0, 3.25%, 0, 0, 1, 151.02
1495257159, 2, 126, 226, 32, 0, 3.25%, 0, 0, 1, 149.02
1495257164, 2, 130, 226, 31, 0, 3.25%, 0, 0, 1, 146.49
1495257180, 2, 131, 226, 31, 0, 3.25%, 0, 0, 1, 144.60
1495257185, 2, 132, 226, 31, 0, 3.25%, 0, 0, 1, 128.16
1495257200, 2, 133, 226, 31, 0, 3.25%, 0, 0, 1, 126.58
1495257205, 2, 134, 226, 30, 0, 3.25%, 0, 0, 1, 117.91
1495257226, 2, 135, 226, 30, 0, 3.25%, 0, 0, 1, 131.00
1495257231, 2, 137, 226, 30, 0, 3.25%, 0, 0, 1, 128.92
1495257241, 2, 138, 226, 30, 0, 3.25%, 0, 0, 1, 140.87
1495257251, 2, 139, 226, 30, 0, 3.25%, 0, 0, 1, 128.59
1495257256, 2, 140, 226, 30, 0, 3.25%, 0, 0, 1, 118.73
1495257271, 2, 141, 226, 30, 0, 3.25%, 0, 0, 1, 134.74
1495257276, 2, 142, 226, 30, 0, 3.25%, 0, 0, 1, 131.67
1495257292, 2, 144, 226, 30, 0, 3.25%, 0, 0, 1, 125.63
1495257297, 2, 145, 226, 30, 0, 3.25%, 0, 0, 1, 131.20
1495257302, 2, 146, 226, 29, 0, 3.25%, 0, 0, 1, 135.83
1495257322, 2, 149, 226, 29, 0, 3.25%, 0, 0, 1, 141.91
1495257328, 2, 150, 226, 29, 0, 3.25%, 0, 0, 1, 122.96
1495257348, 2, 151, 226, 29, 0, 3.25%, 0, 0, 1, 129.79
1495257364, 2, 152, 226, 29, 0, 3.25%, 0, 0, 1, 135.05
1495257369, 2, 153, 226, 29, 0, 3.25%, 0, 0, 1, 130.79
1495257374, 2, 154, 226, 29, 0, 3.25%, 0, 0, 1, 133.80
1495257379, 2, 155, 226, 29, 0, 3.25%, 0, 0, 1, 144.01
1495257394, 2, 156, 226, 29, 0, 3.25%, 0, 0, 1, 131.55
1495257399, 2, 157, 226, 29, 0, 3.25%, 0, 0, 1, 128.76
1495257415, 2, 158, 226, 29, 0, 3.25%, 0, 0, 1, 133.66
1495257420, 2, 159, 226, 28, 0, 3.25%, 0, 0, 1, 134.82
1495257430, 2, 160, 226, 28, 0, 3.25%, 0, 0, 1, 149.85
1495257435, 2, 161, 226, 28, 0, 3.25%, 0, 0, 1, 152.05
1495257456, 2, 162, 226, 28, 0, 3.25%, 0, 0, 1, 159.99
1495257461, 2, 163, 226, 28, 0, 3.25%, 0, 0, 1, 162.79
1495257476, 2, 164, 226, 28, 0, 3.25%, 0, 0, 1, 150.56
1495257482, 2, 165, 226, 28, 0, 3.25%, 0, 0, 1, 141.68
1495257497, 2, 167, 226, 28, 0, 3.25%, 0, 0, 1, 144.12
1495257512, 2, 168, 226, 28, 0, 3.25%, 0, 0, 1, 156.16
1495257518, 2, 169, 226, 28, 0, 3.25%, 0, 0, 1, 143.31
1495257528, 2, 171, 226, 28, 0, 3.25%, 0, 0, 1, 144.98
1495257533, 2, 172, 226, 28, 0, 3.25%, 0, 0, 1, 143.45
1495257548, 2, 173, 226, 27, 0, 3.25%, 0, 0, 1, 161.03
1495257569, 2, 174, 226, 27, 0, 3.25%, 0, 0, 1, 151.19
1495257574, 2, 175, 226, 27, 0, 3.25%, 0, 0, 1, 147.57
1495257584, 2, 176, 226, 27, 0, 3.25%, 0, 0, 1, 147.67
1495257589, 2, 178, 226, 27, 0, 3.25%, 0, 0, 1, 143.69
1495257605, 2, 179, 226, 27, 0, 3.25%, 0, 0, 1, 157.80
1495257610, 2, 180, 226, 27, 0, 3.25%, 0, 0, 1, 154.97
1495257615, 2, 182, 226, 27, 0, 3.25%, 0, 0, 1, 160.01
1495257630, 2, 184, 226, 27, 0, 3.25%, 0, 0, 1, 162.10
1495257645, 2, 185, 226, 27, 0, 3.25%, 0, 0, 1, 142.78
1495257650, 2, 186, 226, 27, 0, 3.25%, 0, 0, 1, 145.08
1495257666, 2, 188, 226, 27, 0, 3.25%, 0, 0, 1, 140.52
1495257681, 2, 191, 226, 27, 0, 3.25%, 0, 0, 1, 119.17
1495257702, 2, 192, 226, 27, 0, 3.25%, 0, 0, 1, 130.58
1495257707, 2, 193, 226, 27, 0, 3.25%, 0, 0, 1, 126.73
1495257717, 2, 194, 226, 27, 0, 3.25%, 0, 0, 1, 130.25
1495257727, 2, 195, 226, 27, 0, 3.25%, 0, 0, 1, 123.35
1495257737, 2, 196, 226, 27, 0, 3.25%, 0, 0, 1, 122.79
1495257753, 2, 197, 226, 27, 0, 3.25%, 0, 0, 1, 128.11
1495257758, 2, 198, 226, 27, 0, 3.25%, 0, 0, 1, 135.90
1495257773, 2, 199, 226, 27, 0, 3.25%, 0, 0, 1, 137.64
1495257778, 2, 200, 226, 27, 0, 3.25%, 0, 0, 1, 138.23
1495257794, 2, 201, 226, 27, 0, 3.25%, 0, 0, 1, 129.30
1495257799, 2, 202, 226, 27, 0, 3.25%, 0, 0, 1, 132.31
1495257804, 2, 203, 226, 27, 0, 3.25%, 0, 0, 1, 137.86
1495257819, 2, 204, 226, 27, 0, 3.25%, 0, 0, 1, 134.06
1495257835, 2, 205, 226, 27, 0, 3.25%, 0, 0, 1, 137.29
1495257840, 2, 206, 226, 27, 0, 3.25%, 0, 0, 1, 131.63
1495257855, 2, 207, 226, 27, 0, 3.25%, 0, 0, 1, 131.59
1495257860, 2, 209, 226, 27, 0, 3.25%, 0, 0, 1, 133.63
1495257865, 2, 213, 226, 27, 0, 3.25%, 0, 0, 1, 115.97
1495257871, 2, 214, 226, 27, 0, 3.25%, 0, 0, 1, 131.74
1495257886, 2, 215, 226, 27, 0, 3.25%, 0, 0, 1, 136.67
1495257891, 2, 217, 226, 27, 0, 3.25%, 0, 0, 1, 132.33
1495257912, 2, 220, 226, 27, 0, 3.25%, 0, 0, 1, 157.98
1495257917, 3, 0, 226, 27, 0, 3.25%, 0, 0, 1, 158.33
1495257922, 3, 3, 226, 27, 0, 3.25%, 0, 0, 1, 159.69
1495257932, 3, 4, 226, 27, 0, 3.25%, 0, 0, 1, 150.40
1495257937, 3, 5, 226, 27, 0, 3.25%, 0, 0, 1, 147.24
1495257942, 3, 9, 226, 27, 0, 3.25%, 0, 0, 1, 150.03
1495257947, 3, 12, 226, 27, 0, 3.25%, 0, 0, 1, 150.56
1495257958, 3, 13, 226, 27, 0, 3.25%, 0, 0, 1, 163.51
1495257963, 3, 15, 226, 27, 0, 3.25%, 0, 0, 1, 151.19
1495257968, 3, 16, 226, 27, 0, 3.25%, 0, 0, 1, 150.66
1495257973, 3, 17, 226, 27, 0, 3.25%, 0, 0, 1, 162.20
1495257978, 3, 19, 226, 27, 0, 3.25%, 0, 0, 1, 148.14
1495257984, 3, 20, 226, 27, 0, 3.25%, 0, 0, 1, 151.03
1495257989, 3, 22, 226, 27, 0, 3.25%, 0, 0, 1, 153.65
1495257994, 3, 24, 226, 27, 0, 3.25%, 0, 0, 1, 137.89
1495257999, 3, 26, 226, 27, 0, 3.25%, 0, 0, 1, 151.22
1495258004, 3, 27, 226, 27, 0, 3.25%, 0, 0, 1, 149.98
1495258009, 3, 29, 226, 27, 0, 3.25%, 0, 0, 1, 160.91
1495258014, 3, 30, 226, 27, 0, 3.25%, 0, 0, 1, 154.21
1495258024, 3, 32, 226, 27, 0, 3.25%, 0, 0, 1, 153.75
1495258035, 3, 33, 226, 27, 0, 3.25%, 0, 0, 1, 158.20
1495258040, 3, 34, 226, 27, 0, 3.25%, 0, 0, 1, 156.61
1495258050, 3, 37, 226, 27, 0, 3.25%, 0, 0, 1, 157.58
1495258055, 3, 38, 226, 27, 0, 3.25%, 0, 0, 1, 146.19
1495258060, 3, 41, 226, 27, 0, 3.25%, 0, 0, 1, 152.46
1495258076, 3, 42, 226, 27, 0, 3.25%, 0, 0, 1, 140.54
1495258081, 3, 44, 226, 27, 0, 3.25%, 0, 0, 1, 152.02
1495258086, 3, 45, 226, 27, 0, 3.25%, 0, 0, 1, 150.69
1495258096, 3, 46, 226, 27, 0, 3.25%, 0, 0, 1, 152.19
1495258101, 3, 47, 226, 27, 0, 3.25%, 0, 0, 1, 141.82
1495258116, 3, 49, 226, 27, 0, 3.25%, 0, 0, 1, 143.03
1495258132, 3, 50, 226, 27, 0, 3.25%, 0, 0, 1, 146.79
1495258137, 3, 51, 226, 27, 0, 3.25%, 0, 0, 1, 146.96
1495258142, 3, 55, 226, 27, 0, 3.25%, 0, 0, 1, 129.51
1495258147, 3, 56, 226, 27, 0, 3.25%, 0, 0, 1, 120.39
1495258163, 3, 57, 226, 27, 0, 3.25%, 0, 0, 1, 120.82
1495258168, 3, 58, 226, 27, 0, 3.25%, 0, 0, 1, 131.71
1495258194, 3, 60, 226, 27, 0, 3.25%, 0, 0, 1, 132.39
1495258209, 3, 63, 226, 27, 0, 3.25%, 0, 0, 1, 130.10
1495258214, 3, 64, 226, 27, 0, 3.25%, 0, 0, 1, 139.84
1495258224, 3, 67, 226, 27, 0, 3.25%, 0, 0, 1, 134.93
1495258239, 3, 69, 226, 27, 0, 3.25%, 0, 0, 1, 128.17
1495258255, 3, 72, 226, 27, 0, 3.25%, 0, 0, 1, 134.16
1495258260, 3, 73, 226, 27, 0, 3.25%, 0, 0, 1, 127.17
1495258275, 3, 75, 226, 27, 0, 3.25%, 0, 0, 1, 135.76
1495258291, 3, 76, 226, 27, 0, 3.25%, 0, 0, 1, 141.92
1495258296, 3, 77, 226, 27, 0, 3.25%, 0, 0, 1, 133.89
1495258311, 3, 78, 226, 27, 0, 3.25%, 0, 0, 1, 132.99
1495258316, 3, 80, 226, 27, 0, 3.25%, 0, 0, 1, 142.38
1495258321, 3, 82, 226, 27, 0, 3.25%, 0, 0, 1, 136.65
1495258336, 3, 84, 226, 27, 0, 3.25%, 0, 0, 1, 142.36
1495258341, 3, 85, 226, 27, 0, 3.25%, 0, 0, 1, 136.54
1495258357, 3, 87, 226, 27, 0, 3.25%, 0, 0, 1, 143.04
1495258372, 3, 88, 226, 27, 0, 3.25%, 0, 0, 1, 132.66
1495258377, 3, 90, 226, 27, 0, 3.25%, 0, 0, 1, 131.24
1495258398, 3, 92, 226, 27, 0, 3.25%, 0, 0, 1, 161.28
1495258414, 3, 94, 226, 27, 0, 3.25%, 0, 0, 1, 154.85
1495258429, 3, 96, 226, 27, 0, 3.25%, 0, 0, 1, 143.68
1495258445, 3, 98, 226, 27, 0, 3.25%, 0, 0, 1, 142.67
1495258460, 3, 99, 226, 27, 0, 3.25%, 0, 0, 1, 161.14
1495258476, 3, 101, 226, 27, 0, 3.25%, 0, 0, 1, 158.92
1495258491, 3, 102, 226, 27, 0, 3.25%, 0, 0, 1, 150.78
1495258496, 3, 103, 226, 27, 0, 3.25%, 0, 0, 1, 159.28
1495258506, 3, 104, 226, 27, 0, 3.25%, 0, 0, 1, 158.48
1495258512, 3, 105, 226, 27, 0, 3.25%, 0, 0, 1, 161.58
1495258522, 3, 106, 226, 27, 0, 3.25%, 0, 0, 1, 138.94
1495258527, 3, 108, 226, 27, 0, 3.25%, 0, 0, 1, 147.95
1495258543, 3, 109, 226, 27, 0, 3.25%, 0, 0, 1, 141.52
1495258548, 3, 110, 226, 27, 0, 3.25%, 0, 0, 1, 148.19
1495258558, 3, 112, 226, 27, 0, 3.25%, 0, 0, 1, 151.07
1495258568, 3, 113, 226, 27, 0, 3.25%, 0, 0, 1, 153.62
1495258573, 3, 114, 226, 27, 0, 3.25%, 0, 0, 1, 161.52
1495258583, 3, 115, 226, 27, 0, 3.25%, 0, 0, 1, 152.14
1495258589, 3, 117, 226, 27, 0, 3.25%, 0, 0, 1, 141.65
1495258604, 3, 118, 226, 27, 0, 3.25%, 0, 0, 1, 147.77
1495258609, 3, 119, 226, 27, 0, 3.25%, 0, 0, 1, 145.03
1495258625, 3, 120, 226, 27, 0, 3.25%, 0, 0, 1, 131.50
1495258630, 3, 121, 226, 27, 0, 3.25%, 0, 0, 1, 134.05
1495258645, 3, 123, 226, 27, 0, 3.25%, 0, 0, 1, 137.68
1495258661, 3, 124, 226, 27, 0, 3.25%, 0, 0, 1, 137.06
1495258666, 3, 125, 226, 27, 0, 3.25%, 0, 0, 1, 126.68
1495258676, 3, 126, 226, 27, 0, 3.25%, 0, 0, 1, 133.89
1495258681, 3, 130, 226, 27, 0, 3.25%, 0, 0, 1, 136.36
1495258701, 3, 131, 226, 27, 0, 3.25%, 0, 0, 1, 139.49
1495258707, 3, 132, 226, 27, 0, 3.25%, 0, 0, 1, 131.94
1495258722, 3, 134, 226, 27, 0, 3.25%, 0, 0, 1, 130.28
1495258742, 3, 135, 226, 27, 0, 3.25%, 0, 0, 1, 129.59
1495258747, 3, 137, 226, 27, 0, 3.25%, 0, 0, 1, 141.42
1495258752, 3, 138, 226, 27, 0, 3.25%, 0, 0, 1, 134.13
1495258768, 3, 139, 226, 27, 0, 3.25%, 0, 0, 1, 132.82
1495258773, 3, 140, 226, 27, 0, 3.25%, 0, 0, 1, 134.28
1495258789, 3, 141, 226, 27, 0, 3.25%, 0, 0, 1, 138.28
1495258794, 3, 142, 226, 27, 0, 3.25%, 0, 0, 1, 137.84
1495258809, 3, 143, 226, 27, 0, 3.25%, 0, 0, 1, 128.06
1495258814, 3, 144, 226, 26, 0, 3.25%, 0, 0, 1, 132.65
1495258819, 3, 146, 226, 26, 0, 3.25%, 0, 0, 1, 132.64
1495258845, 3, 149, 226, 26, 0, 3.25%, 0, 0, 1, 130.64
1495258850, 3, 150, 226, 26, 0, 3.25%, 0, 0, 1, 139.60
1495258865, 3, 151, 226, 26, 0, 3.25%, 0, 0, 1, 151.32
1495258876, 3, 152, 226, 26, 0, 3.25%, 0, 0, 1, 154.07
1495258881, 3, 153, 226, 26, 0, 3.25%, 0, 0, 1, 148.92
1495258886, 3, 154, 226, 26, 0, 3.25%, 0, 0, 1, 153.89
1495258891, 3, 155, 226, 26, 0, 3.25%, 0, 0, 1, 153.32
1495258902, 3, 156, 226, 26, 0, 3.25%, 0, 0, 1, 153.31
1495258907, 3, 157, 226, 26, 0, 3.25%, 0, 0, 1, 145.75
1495258922, 3, 159, 226, 26, 0, 3.25%, 0, 0, 1, 141.85
1495258932, 3, 160, 226, 26, 0, 3.25%, 0, 0, 1, 152.81
1495258937, 3, 161, 226, 26, 0, 3.25%, 0, 0, 1, 149.21
1495258958, 3, 162, 226, 26, 0, 3.25%, 0, 0, 1, 144.43
1495258963, 3, 163, 226, 26, 0, 3.25%, 0, 0, 1, 148.97
1495258973, 3, 164, 226, 26, 0, 3.25%, 0, 0, 1, 156.49
1495258978, 3, 165, 226, 26, 0, 3.25%, 0, 0, 1, 155.40
1495258994, 3, 167, 226, 26, 0, 3.25%, 0, 0, 1, 155.38
1495259009, 3, 168, 226, 26, 0, 3.25%, 0, 0, 1, 146.44
1495259014, 3, 169, 226, 26, 0, 3.25%, 0, 0, 1, 153.32
1495259024, 3, 171, 226, 26, 0, 3.25%, 0, 0, 1, 150.08
1495259035, 3, 173, 226, 26, 0, 3.25%, 0, 0, 1, 149.49
1495259055, 3, 174, 226, 26, 0, 3.25%, 0, 0, 1, 144.98
1495259060, 3, 175, 226, 26, 0, 3.25%, 0, 0, 1, 150.41
1495259071, 3, 176, 226, 26, 0, 3.25%, 0, 0, 1, 149.08
1495259076, 3, 178, 226, 26, 0, 3.25%, 0, 0, 1, 146.38
1495259091, 3, 179, 226, 26, 0, 3.25%, 0, 0, 1, 131.32
1495259096, 3, 180, 226, 26, 0, 3.25%, 0, 0, 1, 129.28
1495259101, 3, 181, 226, 26, 0, 3.25%, 0, 0, 1, 129.74
1495259107, 3, 182, 226, 26, 0, 3.25%, 0, 0, 1, 133.43
1495259122, 3, 184, 226, 26, 0, 3.25%, 0, 0, 1, 130.74
1495259137, 3, 185, 226, 26, 0, 3.25%, 0, 0, 1, 135.41
1495259142, 3, 186, 226, 26, 0, 3.25%, 0, 0, 1, 132.13
1495259158, 3, 188, 226, 26, 0, 3.25%, 0, 0, 1, 128.68
1495259178, 3, 191, 226, 26, 0, 3.25%, 0, 0, 1, 144.28
1495259199, 3, 192, 226, 26, 0, 3.25%, 0, 0, 1, 137.32
1495259204, 3, 193, 226, 26, 0, 3.25%, 0, 0, 1, 131.17
1495259214, 3, 194, 226, 26, 0, 3.25%, 0, 0, 1, 131.91
1495259229, 3, 195, 226, 26, 0, 3.25%, 0, 0, 1, 129.17
1495259234, 3, 196, 226, 26, 0, 3.25%, 0, 0, 1, 134.18
1495259250, 3, 197, 226, 26, 0, 3.25%, 0, 0, 1, 133.46
1495259255, 3, 198, 226, 26, 0, 3.25%, 0, 0, 1, 144.70
1495259270, 3, 199, 226, 26, 0, 3.25%, 0, 0, 1, 134.51
1495259275, 3, 200, 226, 26, 0, 3.25%, 0, 0, 1, 127.23
1495259291, 3, 201, 226, 26, 0, 3.25%, 0, 0, 1, 160.27
1495259301, 3, 202, 226, 26, 0, 3.25%, 0, 0, 1, 127.70
1495259306, 3, 203, 226, 26, 0, 3.25%, 0, 0, 1, 130.01
1495259322, 3, 204, 226, 26, 0, 3.25%, 0, 0, 1, 127.35
1495259332, 3, 205, 226, 26, 0, 3.25%, 0, 0, 1, 138.02
1495259337, 3, 206, 226, 26, 0, 3.25%, 0, 0, 1, 140.43
1495259353, 3, 207, 226, 26, 0, 3.25%, 0, 0, 1, 144.09
1495259358, 3, 209, 226, 26, 0, 3.25%, 0, 0, 1, 159.15
1495259363, 3, 212, 226, 26, 0, 3.25%, 0, 0, 1, 146.17
1495259378, 3, 213, 226, 25, 0, 3.25%, 0, 0, 1, 123.23
1495259384, 3, 214, 226, 25, 0, 3.25%, 0, 0, 1, 140.92
1495259399, 3, 215, 226, 25, 0, 3.25%, 0, 0, 1, 153.43
1495259404, 3, 216, 226, 25, 0, 3.25%, 0, 0, 1, 155.09
1495259409, 3, 217, 226, 24, 0, 3.25%, 0, 0, 1, 143.25
1495259430, 3, 220, 226, 24, 0, 3.25%, 0, 0, 1, 153.34
1495259435, 4, 1, 226, 24, 0, 3.25%, 0, 0, 1, 154.87
1495259440, 4, 3, 226, 24, 0, 3.25%, 0, 0, 1, 140.48
1495259450, 4, 4, 226, 24, 0, 3.25%, 0, 0, 1, 143.01
1495259455, 4, 5, 226, 24, 0, 3.25%, 0, 0, 1, 144.78
1495259460, 4, 9, 226, 24, 0, 3.25%, 0, 0, 1, 152.64
1495259465, 4, 12, 226, 24, 0, 3.25%, 0, 0, 1, 158.38
1495259475, 4, 13, 226, 24, 0, 3.25%, 0, 0, 1, 150.93
1495259480, 4, 15, 226, 24, 0, 3.25%, 0, 0, 1, 155.08
1495259486, 4, 16, 226, 24, 0, 3.25%, 0, 0, 1, 153.75
1495259491, 4, 17, 226, 24, 0, 3.25%, 0, 0, 1, 147.58
1495259496, 4, 19, 226, 24, 0, 3.25%, 0, 0, 1, 142.32
1495259501, 4, 20, 226, 24, 0, 3.25%, 0, 0, 1, 144.20
1495259506, 4, 22, 226, 24, 0, 3.25%, 0, 0, 1, 145.49
1495259511, 4, 24, 226, 24, 0, 3.25%, 0, 0, 1, 144.68
1495259516, 4, 26, 226, 24, 0, 3.25%, 0, 0, 1, 147.97
1495259521, 4, 27, 226, 24, 0, 3.25%, 0, 0, 1, 138.21
1495259527, 4, 28, 226, 24, 0, 3.25%, 0, 0, 1, 138.53
1495259532, 4, 30, 226, 24, 0, 3.25%, 0, 0, 1, 141.81
1495259542, 4, 32, 226, 24, 0, 3.25%, 0, 0, 1, 143.03
1495259557, 4, 33, 226, 24, 0, 3.25%, 0, 0, 1, 149.01
1495259562, 4, 34, 226, 24, 0, 3.25%, 0, 0, 1, 143.74
1495259578, 4, 37, 226, 24, 0, 3.25%, 0, 0, 1, 136.31
1495259583, 4, 40, 226, 24, 0, 3.25%, 0, 0, 1, 127.67
1495259588, 4, 41, 226, 24, 0, 3.25%, 0, 0, 1, 132.50
1495259603, 4, 43, 226, 24, 0, 3.25%, 0, 0, 1, 133.46
1495259614, 4, 45, 226, 24, 0, 3.25%, 0, 0, 1, 136.61
1495259624, 4, 46, 226, 24, 0, 3.25%, 0, 0, 1, 130.10
1495259629, 4, 47, 226, 24, 0, 3.25%, 0, 0, 1, 131.62
1495259645, 4, 48, 226, 24, 0, 3.25%, 0, 0, 1, 129.73
1495259650, 4, 49, 226, 24, 0, 3.25%, 0, 0, 1, 137.95
1495259665, 4, 51, 226, 24, 0, 3.25%, 0, 0, 1, 144.66
1495259676, 4, 53, 226, 23, 0, 3.25%, 0, 0, 1, 136.27
1495259691, 4, 54, 226, 22, 0, 3.25%, 0, 0, 1, 131.64
1495259696, 4, 55, 226, 22, 0, 3.25%, 0, 0, 1, 135.46
1495259701, 4, 56, 226, 22, 0, 3.25%, 0, 0, 1, 137.43
1495259716, 4, 57, 226, 22, 0, 3.25%, 0, 0, 1, 137.01
1495259721, 4, 58, 226, 22, 0, 3.25%, 0, 0, 1, 128.30
1495259747, 4, 60, 226, 22, 0, 3.25%, 0, 0, 1, 129.65
1495259762, 4, 61, 226, 22, 0, 3.25%, 0, 0, 1, 130.55
1495259767, 4, 63, 226, 21, 0, 3.25%, 0, 0, 1, 129.05
1495259773, 4, 64, 226, 21, 0, 3.25%, 0, 0, 1, 123.48
1495259783, 4, 67, 226, 21, 0, 3.25%, 0, 0, 1, 139.93
1495259798, 4, 69, 226, 21, 0, 3.25%, 0, 0, 1, 132.33
1495259813, 4, 71, 226, 21, 0, 3.25%, 0, 0, 1, 137.44
1495259819, 4, 73, 226, 20, 0, 3.25%, 0, 0, 1, 146.33
1495259834, 4, 74, 226, 20, 0, 3.25%, 0, 0, 1, 146.47
1495259839, 4, 75, 226, 20, 0, 3.25%, 0, 0, 1, 139.38
1495259854, 4, 77, 226, 20, 0, 3.25%, 0, 0, 1, 151.07
1495259870, 4, 78, 226, 20, 0, 3.25%, 0, 0, 1, 139.10
1495259875, 4, 80, 226, 20, 0, 3.25%, 0, 0, 1, 142.20
1495259880, 4, 81, 226, 20, 0, 3.25%, 0, 0, 1, 155.51
1495259885, 4, 82, 226, 20, 0, 3.25%, 0, 0, 1, 148.77
1495259901, 4, 84, 226, 19, 0, 3.25%, 0, 0, 1, 147.51
1495259906, 4, 85, 226, 19, 0, 3.25%, 0, 0, 1, 149.53
1495259916, 4, 87, 226, 19, 0, 3.25%, 0, 0, 1, 149.86
1495259932, 4, 88, 226, 19, 0, 3.25%, 0, 0, 1, 147.59
1495259937, 4, 90, 226, 19, 0, 3.25%, 0, 0, 1, 142.12
1495259962, 4, 92, 226, 19, 0, 3.25%, 0, 0, 1, 154.90
1495259973, 4, 94, 226, 19, 0, 3.25%, 0, 0, 1, 150.29
1495259983, 4, 95, 226, 19, 0, 3.25%, 0, 0, 1, 163.13
1495259988, 4, 96, 226, 19, 0, 3.25%, 0, 0, 1, 158.08
1495260004, 4, 98, 226, 19, 0, 3.25%, 0, 0, 1, 147.33
1495260019, 4, 99, 226, 19, 0, 3.25%, 0, 0, 1, 148.33
1495260029, 4, 100, 226, 19, 0, 3.25%, 0, 0, 1, 155.97
1495260034, 4, 101, 226, 19, 0, 3.25%, 0, 0, 1, 155.88
1495260050, 4, 103, 226, 19, 0, 3.25%, 0, 0, 1, 131.86
1495260070, 4, 105, 226, 19, 0, 3.25%, 0, 0, 1, 124.65
1495260085, 4, 106, 226, 19, 0, 3.25%, 0, 0, 1, 139.30
1495260090, 4, 108, 226, 19, 0, 3.25%, 0, 0, 1, 128.13
1495260106, 4, 109, 226, 19, 0, 3.25%, 0, 0, 1, 130.13
1495260111, 4, 110, 226, 19, 0, 3.25%, 0, 0, 1, 138.54
1495260126, 4, 112, 226, 19, 0, 3.25%, 0, 0, 1, 136.73
1495260131, 4, 113, 226, 19, 0, 3.25%, 0, 0, 1, 132.02
1495260137, 4, 114, 226, 19, 0, 3.25%, 0, 0, 1, 134.16
1495260157, 4, 116, 226, 19, 0, 3.25%, 0, 0, 1, 131.87
1495260162, 4, 117, 226, 19, 0, 3.25%, 0, 0, 1, 125.79
1495260177, 4, 118, 226, 19, 0, 3.25%, 0, 0, 1, 121.91
1495260183, 4, 119, 226, 19, 0, 3.25%, 0, 0, 1, 124.61
1495260198, 4, 120, 226, 19, 0, 3.25%, 0, 0, 1, 126.94
1495260203, 4, 121, 226, 19, 0, 3.25%, 0, 0, 1, 129.56
1495260218, 4, 123, 226, 19, 0, 3.25%, 0, 0, 1, 127.00
1495260234, 4, 124, 226, 19, 0, 3.25%, 0, 0, 1, 137.21
1495260239, 4, 125, 226, 19, 0, 3.25%, 0, 0, 1, 132.12
1495260254, 4, 126, 226, 19, 0, 3.25%, 0, 0, 1, 123.68
1495260259, 4, 130, 226, 19, 0, 3.25%, 0, 0, 1, 140.19
1495260275, 4, 131, 226, 19, 0, 3.25%, 0, 0, 1, 136.26
1495260285, 4, 132, 226, 19, 0, 3.25%, 0, 0, 1, 127.65
1495260300, 4, 134, 226, 19, 0, 3.25%, 0, 0, 1, 149.82
1495260315, 4, 135, 226, 19, 0, 3.25%, 0, 0, 1, 140.02
1495260321, 4, 137, 226, 19, 0, 3.25%, 0, 0, 1, 139.27
1495260326, 4, 138, 226, 19, 0, 3.25%, 0, 0, 1, 145.10
1495260336, 4, 139, 226, 19, 0, 3.25%, 0, 0, 1, 155.19
1495260341, 4, 140, 226, 19, 0, 3.25%, 0, 0, 1, 148.94
1495260357, 4, 142, 226, 19, 0, 3.25%, 0, 0, 1, 143.97
1495260372, 4, 144, 226, 19, 0, 3.25%, 0, 0, 1, 148.55
1495260378, 4, 146, 226, 19, 0, 3.25%, 0, 0, 1, 154.73
1495260403, 4, 149, 226, 19, 0, 3.25%, 0, 0, 1, 138.16
1495260408, 4, 150, 226, 19, 0, 3.25%, 0, 0, 1, 155.79
1495260419, 4, 151, 226, 19, 0, 3.25%, 0, 0, 1, 154.81
1495260434, 4, 153, 226, 19, 0, 3.25%, 0, 0, 1, 151.21
1495260439, 4, 154, 226, 19, 0, 3.25%, 0, 0, 1, 145.23
1495260445, 4, 155, 226, 19, 0, 3.25%, 0, 0, 1, 145.82
1495260455, 4, 156, 226, 19, 0, 3.25%, 0, 0, 1, 148.75
1495260460, 4, 157, 226, 19, 0, 3.25%, 0, 0, 1, 149.47
1495260475, 4, 159, 226, 19, 0, 3.25%, 0, 0, 1, 149.36
1495260486, 4, 160, 226, 19, 0, 3.25%, 0, 0, 1, 145.97
1495260491, 4, 161, 226, 19, 0, 3.25%, 0, 0, 1, 143.60
1495260511, 4, 162, 226, 19, 0, 3.25%, 0, 0, 1, 149.31
1495260516, 4, 163, 226, 19, 0, 3.25%, 0, 0, 1, 149.11
1495260527, 4, 164, 226, 19, 0, 3.25%, 0, 0, 1, 136.39
1495260532, 4, 165, 226, 19, 0, 3.25%, 0, 0, 1, 128.73
1495260552, 4, 167, 226, 19, 0, 3.25%, 0, 0, 1, 144.06
1495260568, 4, 168, 226, 19, 0, 3.25%, 0, 0, 1, 138.18
1495260573, 4, 169, 226, 19, 0, 3.25%, 0, 0, 1, 137.70
1495260588, 4, 171, 226, 19, 0, 3.25%, 0, 0, 1, 132.41
1495260593, 4, 173, 226, 19, 0, 3.25%, 0, 0, 1, 129.82
1495260619, 4, 174, 226, 19, 0, 3.25%, 0, 0, 1, 132.22
1495260624, 4, 175, 226, 19, 0, 3.25%, 0, 0, 1, 131.04
1495260639, 4, 177, 226, 19, 0, 3.25%, 0, 0, 1, 131.53
1495260650, 4, 178, 226, 18, 0, 3.25%, 0, 0, 1, 129.59
1495260665, 4, 179, 226, 18, 0, 3.25%, 0, 0, 1, 134.61
1495260670, 4, 180, 226, 18, 0, 3.25%, 0, 0, 1, 133.93
1495260675, 4, 181, 226, 18, 0, 3.25%, 0, 0, 1, 128.96
1495260681, 4, 182, 226, 18, 0, 3.25%, 0, 0, 1, 132.00
1495260696, 4, 183, 226, 18, 0, 3.25%, 0, 0, 1, 133.15
1495260701, 4, 184, 226, 17, 0, 3.25%, 0, 0, 1, 132.70
1495260716, 4, 185, 226, 17, 0, 3.25%, 0, 0, 1, 131.22
1495260722, 4, 186, 226, 17, 0, 3.25%, 0, 0, 1, 132.46
1495260737, 4, 187, 226, 17, 0, 3.25%, 0, 0, 1, 131.85
1495260742, 4, 188, 226, 16, 0, 3.25%, 0, 0, 1, 128.38
1495260757, 4, 191, 226, 16, 0, 3.25%, 0, 0, 1, 130.58
1495260778, 4, 192, 226, 16, 0, 3.25%, 0, 0, 1, 146.30
1495260783, 4, 193, 226, 16, 0, 3.25%, 0, 0, 1, 146.22
1495260788, 4, 194, 226, 16, 0, 3.25%, 0, 0, 1, 136.58
1495260804, 4, 195, 226, 16, 0, 3.25%, 0, 0, 1, 144.28
1495260809, 4, 196, 226, 16, 0, 3.25%, 0, 0, 1, 140.19
1495260824, 4, 197, 226, 16, 0, 3.25%, 0, 0, 1, 145.74
1495260829, 4, 198, 226, 16, 0, 3.25%, 0, 0, 1, 141.80
1495260845, 4, 199, 226, 16, 0, 3.25%, 0, 0, 1, 152.40
1495260850, 4, 200, 226, 16, 0, 3.25%, 0, 0, 1, 155.11
1495260860, 4, 201, 226, 16, 0, 3.25%, 0, 0, 1, 139.77
1495260865, 4, 202, 226, 16, 0, 3.25%, 0, 0, 1, 137.41
1495260870, 4, 203, 226, 16, 0, 3.25%, 0, 0, 1, 159.99
1495260885, 4, 204, 226, 16, 0, 3.25%, 0, 0, 1, 149.27
1495260901, 4, 205, 226, 16, 0, 3.25%, 0, 0, 1, 148.73
1495260906, 4, 206, 226, 16, 0, 3.25%, 0, 0, 1, 149.00
1495260916, 4, 207, 226, 16, 0, 3.25%, 0, 0, 1, 143.59
1495260921, 4, 209, 226, 16, 0, 3.25%, 0, 0, 1, 152.93
1495260926, 4, 213, 226, 16, 0, 3.25%, 0, 0, 1, 120.08
1495260936, 4, 214, 226, 16, 0, 3.25%, 0, 0, 1, 141.62
1495260947, 4, 215, 226, 16, 0, 3.25%, 0, 0, 1, 153.52
1495260952, 4, 217, 226, 16, 0, 3.25%, 0, 0, 1, 152.96
1495260972, 4, 220, 226, 16, 0, 3.25%, 0, 0, 1, 148.93
1495260977, 5, 0, 226, 16, 0, 3.25%, 0, 0, 1, 145.23
1495260982, 5, 2, 226, 16, 0, 3.25%, 0, 0, 1, 149.60
1495260987, 5, 3, 226, 16, 0, 3.25%, 0, 0, 1, 147.40
1495260992, 5, 4, 226, 16, 0, 3.25%, 0, 0, 1, 152.94
1495260998, 5, 5, 226, 16, 0, 3.25%, 0, 0, 1, 149.20
1495261003, 5, 9, 226, 16, 0, 3.25%, 0, 0, 1, 136.26
1495261008, 5, 10, 226, 16, 0, 3.25%, 0, 0, 1, 136.62
1495261013, 5, 12, 226, 16, 0, 3.25%, 0, 0, 1, 131.97
1495261023, 5, 13, 226, 16, 0, 3.25%, 0, 0, 1, 134.01
1495261028, 5, 15, 226, 16, 0, 3.25%, 0, 0, 1, 136.10
1495261034, 5, 16, 226, 16, 0, 3.25%, 0, 0, 1, 143.40
1495261044, 5, 17, 226, 16, 0, 3.25%, 0, 0, 1, 134.26
1495261049, 5, 20, 226, 16, 0, 3.25%, 0, 0, 1, 138.96
1495261054, 5, 22, 226, 16, 0, 3.25%, 0, 0, 1, 132.06
1495261059, 5, 23, 226, 16, 0, 3.25%, 0, 0, 1, 133.28
1495261064, 5, 24, 226, 16, 0, 3.25%, 0, 0, 1, 131.13
1495261069, 5, 26, 226, 16, 0, 3.25%, 0, 0, 1, 134.18
1495261074, 5, 27, 226, 16, 0, 3.25%, 0, 0, 1, 131.84
1495261080, 5, 28, 226, 16, 0, 3.25%, 0, 0, 1, 130.85
1495261085, 5, 30, 226, 16, 0, 3.25%, 0, 0, 1, 134.97
1495261095, 5, 31, 226, 16, 0, 3.25%, 0, 0, 1, 129.31
1495261100, 5, 32, 226, 16, 0, 3.25%, 0, 0, 1, 137.35
1495261116, 5, 34, 226, 16, 0, 3.25%, 0, 0, 1, 128.26
1495261131, 5, 37, 226, 16, 0, 3.25%, 0, 0, 1, 133.77
1495261136, 5, 38, 226, 16, 0, 3.25%, 0, 0, 1, 131.96
1495261141, 5, 40, 226, 16, 0, 3.25%, 0, 0, 1, 136.09
1495261146, 5, 41, 226, 16, 0, 3.25%, 0, 0, 1, 130.07
1495261162, 5, 43, 226, 16, 0, 3.25%, 0, 0, 1, 127.30
1495261167, 5, 44, 226, 16, 0, 3.25%, 0, 0, 1, 136.51
1495261172, 5, 45, 226, 16, 0, 3.25%, 0, 0, 1, 133.22
1495261187, 5, 47, 226, 16, 0, 3.25%, 0, 0, 1, 135.54
1495261203, 5, 48, 226, 16, 0, 3.25%, 0, 0, 1, 132.60
1495261208, 5, 49, 226, 16, 0, 3.25%, 0, 0, 1, 130.69
1495261223, 5, 50, 226, 16, 0, 3.25%, 0, 0, 1, 124.21
1495261228, 5, 51, 226, 16, 0, 3.25%, 0, 0, 1, 126.12
1495261233, 5, 54, 226, 16, 0, 3.25%, 0, 0, 1, 127.90
1495261238, 5, 55, 226, 16, 0, 3.25%, 0, 0, 1, 125.05
1495261243, 5, 56, 226, 16, 0, 3.25%, 0, 0, 1, 137.54
1495261253, 5, 57, 226, 16, 0, 3.25%, 0, 0, 1, 146.85
1495261259, 5, 58, 226, 16, 0, 3.25%, 0, 0, 1, 150.66
1495261279, 5, 60, 226, 16, 0, 3.25%, 0, 0, 1, 140.03
1495261294, 5, 61, 226, 16, 0, 3.25%, 0, 0, 1, 145.25
1495261300, 5, 63, 226, 16, 0, 3.25%, 0, 0, 1, 151.78
1495261305, 5, 64, 226, 16, 0, 3.25%, 0, 0, 1, 150.16
1495261310, 5, 67, 226, 16, 0, 3.25%, 0, 0, 1, 164.83
1495261320, 5, 69, 226, 16, 0, 3.25%, 0, 0, 1, 154.43
1495261336, 5, 72, 226, 16, 0, 3.25%, 0, 0, 1, 151.31
1495261341, 5, 73, 226, 16, 0, 3.25%, 0, 0, 1, 146.84
1495261351, 5, 74, 226, 16, 0, 3.25%, 0, 0, 1, 138.65
1495261356, 5, 75, 226, 16, 0, 3.25%, 0, 0, 1, 154.86
1495261366, 5, 76, 226, 16, 0, 3.25%, 0, 0, 1, 152.52
1495261372, 5, 77, 226, 16, 0, 3.25%, 0, 0, 1, 146.61
1495261387, 5, 80, 226, 16, 0, 3.25%, 0, 0, 1, 145.37
1495261392, 5, 81, 226, 16, 0, 3.25%, 0, 0, 1, 152.33
1495261397, 5, 82, 226, 16, 0, 3.25%, 0, 0, 1, 160.76
1495261413, 5, 85, 226, 16, 0, 3.25%, 0, 0, 1, 149.18
1495261428, 5, 87, 226, 16, 0, 3.25%, 0, 0, 1, 154.91
1495261443, 5, 88, 226, 16, 0, 3.25%, 0, 0, 1, 160.64
1495261448, 5, 90, 226, 16, 0, 3.25%, 0, 0, 1, 138.01
1495261469, 5, 92, 226, 16, 0, 3.25%, 0, 0, 1, 144.94
1495261484, 5, 93, 226, 16, 0, 3.25%, 0, 0, 1, 128.50
1495261489, 5, 94, 226, 16, 0, 3.25%, 0, 0, 1, 132.31
1495261505, 5, 95, 226, 16, 0, 3.25%, 0, 0, 1, 134.44
1495261510, 5, 96, 226, 16, 0, 3.25%, 0, 0, 1, 135.98
1495261520, 5, 98, 226, 16, 0, 3.25%, 0, 0, 1, 135.54
1495261540, 5, 99, 226, 16, 0, 3.25%, 0, 0, 1, 126.83
1495261556, 5, 101, 226, 16, 0, 3.25%, 0, 0, 1, 128.81
1495261571, 5, 102, 226, 16, 0, 3.25%, 0, 0, 1, 138.63
1495261576, 5, 103, 226, 16, 0, 3.25%, 0, 0, 1, 144.26
1495261592, 5, 105, 226, 16, 0, 3.25%, 0, 0, 1, 137.48
1495261612, 5, 108, 226, 16, 0, 3.25%, 0, 0, 1, 132.77
1495261627, 5, 109, 226, 16, 0, 3.25%, 0, 0, 1, 132.50
1495261638, 5, 110, 226, 16, 0, 3.25%, 0, 0, 1, 143.35
1495261648, 5, 112, 226, 16, 0, 3.25%, 0, 0, 1, 133.39
1495261658, 5, 113, 226, 16, 0, 3.25%, 0, 0, 1, 130.86
1495261663, 5, 114, 226, 16, 0, 3.25%, 0, 0, 1, 124.62
1495261678, 5, 115, 226, 16, 0, 3.25%, 0, 0, 1, 136.47
1495261684, 5, 117, 226, 16, 0, 3.25%, 0, 0, 1, 139.76
1495261699, 5, 118, 226, 16, 0, 3.25%, 0, 0, 1, 130.42
1495261704, 5, 119, 226, 16, 0, 3.25%, 0, 0, 1, 134.51
1495261720, 5, 120, 226, 16, 0, 3.25%, 0, 0, 1, 129.13
1495261725, 5, 121, 226, 16, 0, 3.25%, 0, 0, 1, 142.74
1495261735, 5, 123, 226, 16, 0, 3.25%, 0, 0, 1, 164.77
1495261750, 5, 124, 226, 16, 0, 3.25%, 0, 0, 1, 156.93
1495261756, 5, 125, 226, 16, 0, 3.25%, 0, 0, 1, 144.19
1495261771, 5, 126, 226, 16, 0, 3.25%, 0, 0, 1, 154.60
1495261776, 5, 129, 226, 15, 0, 3.25%, 0, 0, 1, 149.15
1495261781, 5, 130, 226, 14, 0, 3.25%, 0, 0, 1, 152.37
1495261797, 5, 131, 226, 14, 0, 3.25%, 0, 0, 1, 153.90
1495261802, 5, 132, 226, 14, 0, 3.25%, 0, 0, 1, 148.71
1495261818, 5, 134, 226, 14, 0, 3.25%, 0, 0, 1, 149.28
1495261833, 5, 135, 226, 14, 0, 3.25%, 0, 0, 1, 140.71
1495261838, 5, 137, 226, 14, 0, 3.25%, 0, 0, 1, 144.69
1495261843, 5, 138, 226, 14, 0, 3.25%, 0, 0, 1, 145.99
1495261858, 5, 140, 226, 14, 0, 3.25%, 0, 0, 1, 151.43
1495261874, 5, 141, 226, 14, 0, 3.25%, 0, 0, 1, 156.74
1495261879, 5, 142, 226, 14, 0, 3.25%, 0, 0, 1, 153.00
1495261894, 5, 144, 226, 14, 0, 3.25%, 0, 0, 1, 136.41
1495261899, 5, 146, 226, 14, 0, 3.25%, 0, 0, 1, 138.27
1495261920, 5, 149, 226, 14, 0, 3.25%, 0, 0, 1, 153.75
1495261925, 5, 150, 226, 14, 0, 3.25%, 0, 0, 1, 152.36
1495261940, 5, 151, 226, 14, 0, 3.25%, 0, 0, 1, 156.75
1495261955, 5, 152, 226, 14, 0, 3.25%, 0, 0, 1, 150.84
1495261961, 5, 154, 226, 14, 0, 3.25%, 0, 0, 1, 146.03
1495261966, 5, 155, 226, 14, 0, 3.25%, 0, 0, 1, 145.25
1495261986, 5, 157, 226, 14, 0, 3.25%, 0, 0, 1, 132.98
1495262007, 5, 159, 226, 14, 0, 3.25%, 0, 0, 1, 135.94
1495262022, 5, 160, 226, 14, 0, 3.25%, 0, 0, 1, 135.51
1495262027, 5, 161, 226, 14, 0, 3.25%, 0, 0, 1, 146.20
1495262053, 5, 163, 226, 14, 0, 3.25%, 0, 0, 1, 129.37
1495262068, 5, 164, 226, 14, 0, 3.25%, 0, 0, 1, 144.65
1495262073, 5, 165, 226, 14, 0, 3.25%, 0, 0, 1, 131.74
1495262088, 5, 166, 226, 14, 0, 3.25%, 0, 0, 1, 135.93
1495262093, 5, 167, 226, 14, 0, 3.25%, 0, 0, 1, 128.19
1495262109, 5, 168, 226, 14, 0, 3.25%, 0, 0, 1, 136.85
1495262114, 5, 169, 226, 14, 0, 3.25%, 0, 0, 1, 141.73
1495262129, 5, 171, 226, 14, 0, 3.25%, 0, 0, 1, 137.46
1495262139, 5, 173, 226, 14, 0, 3.25%, 0, 0, 1, 131.37
1495262160, 5, 174, 226, 14, 0, 3.25%, 0, 0, 1, 128.78
1495262165, 5, 175, 226, 14, 0, 3.25%, 0, 0, 1, 126.11
1495262180, 5, 176, 226, 14, 0, 3.25%, 0, 0, 1, 138.74
1495262185, 5, 178, 226, 14, 0, 3.25%, 0, 0, 1, 133.40
1495262196, 5, 179, 226, 14, 0, 3.25%, 0, 0, 1, 126.64
1495262201, 5, 180, 226, 14, 0, 3.25%, 0, 0, 1, 123.51
1495262206, 5, 181, 226, 14, 0, 3.25%, 0, 0, 1, 139.25
1495262211, 5, 182, 226, 14, 0, 3.25%, 0, 0, 1, 157.44
1495262226, 5, 184, 226, 14, 0, 3.25%, 0, 0, 1, 140.71
1495262242, 5, 185, 226, 14, 0, 3.25%, 0, 0, 1, 144.87
1495262247, 5, 186, 226, 14, 0, 3.25%, 0, 0, 1, 149.99
1495262257, 5, 188, 226, 14, 0, 3.25%, 0, 0, 1, 161.52
1495262273, 5, 191, 226, 14, 0, 3.25%, 0, 0, 1, 146.25
1495262293, 5, 192, 226, 14, 0, 3.25%, 0, 0, 1, 139.78
1495262299, 5, 193, 226, 14, 0, 3.25%, 0, 0, 1, 141.12
1495262309, 5, 194, 226, 14, 0, 3.25%, 0, 0, 1, 150.37
1495262319, 5, 195, 226, 14, 0, 3.25%, 0, 0, 1, 138.17
1495262324, 5, 196, 226, 14, 0, 3.25%, 0, 0, 1, 143.67
1495262340, 5, 197, 226, 14, 0, 3.25%, 0, 0, 1, 141.20
1495262345, 5, 198, 226, 14, 0, 3.25%, 0, 0, 1, 143.52
1495262360, 5, 199, 226, 14, 0, 3.25%, 0, 0, 1, 143.35
1495262365, 5, 200, 226, 14, 0, 3.25%, 0, 0, 1, 156.46
1495262376, 5, 201, 226, 14, 0, 3.25%, 0, 0, 1, 152.18
1495262381, 5, 202, 226, 14, 0, 3.25%, 0, 0, 1, 145.34
1495262386, 5, 203, 226, 14, 0, 3.25%, 0, 0, 1, 145.91
1495262396, 5, 204, 226, 14, 0, 3.25%, 0, 0, 1, 147.02
1495262411, 5, 205, 226, 14, 0, 3.25%, 0, 0, 1, 147.32
1495262416, 5, 206, 226, 14, 0, 3.25%, 0, 0, 1, 156.49
1495262432, 5, 209, 226, 14, 0, 3.25%, 0, 0, 1, 148.30
1495262437, 5, 210, 226, 14, 0, 3.25%, 0, 0, 1, 134.55
1495262442, 5, 213, 226, 13, 0, 3.25%, 0, 0, 1, 130.53
1495262452, 5, 214, 226, 13, 0, 3.25%, 0, 0, 1, 123.12
1495262468, 5, 215, 226, 13, 0, 3.25%, 0, 0, 1, 127.16
1495262473, 5, 217, 226, 13, 0, 3.25%, 0, 0, 1, 135.18
1495262493, 5, 219, 226, 13, 0, 3.25%, 0, 0, 1, 142.77
1495262503, 5, 220, 226, 12, 0, 3.25%, 0, 0, 1, 137.25
1495262509, 6, 1, 226, 12, 0, 3.25%, 0, 0, 1, 136.80
1495262514, 6, 3, 226, 12, 0, 3.25%, 0, 0, 1, 147.79
1495262524, 6, 4, 226, 12, 0, 3.25%, 0, 0, 1, 135.47
1495262529, 6, 5, 226, 12, 0, 3.25%, 0, 0, 1, 137.48
1495262534, 6, 9, 226, 12, 0, 3.25%, 0, 0, 1, 130.39
1495262539, 6, 12, 226, 12, 0, 3.25%, 0, 0, 1, 138.59
1495262555, 6, 13, 226, 12, 0, 3.25%, 0, 0, 1, 131.99
1495262560, 6, 15, 226, 12, 0, 3.25%, 0, 0, 1, 138.68
1495262565, 6, 16, 226, 12, 0, 3.25%, 0, 0, 1, 139.42
1495262570, 6, 17, 226, 12, 0, 3.25%, 0, 0, 1, 139.52
1495262575, 6, 20, 226, 12, 0, 3.25%, 0, 0, 1, 136.24
1495262585, 6, 22, 226, 12, 0, 3.25%, 0, 0, 1, 129.81
1495262591, 6, 24, 226, 12, 0, 3.25%, 0, 0, 1, 141.40
1495262596, 6, 26, 226, 12, 0, 3.25%, 0, 0, 1, 136.49
1495262601, 6, 27, 226, 12, 0, 3.25%, 0, 0, 1, 134.94
1495262606, 6, 28, 226, 12, 0, 3.25%, 0, 0, 1, 129.79
1495262611, 6, 30, 226, 12, 0, 3.25%, 0, 0, 1, 123.18
1495262627, 6, 32, 226, 12, 0, 3.25%, 0, 0, 1, 135.43
1495262642, 6, 33, 226, 12, 0, 3.25%, 0, 0, 1, 129.93
1495262647, 6, 34, 226, 12, 0, 3.25%, 0, 0, 1, 131.21
1495262658, 6, 37, 226, 12, 0, 3.25%, 0, 0, 1, 131.60
1495262668, 6, 40, 226, 12, 0, 3.25%, 0, 0, 1, 139.53
1495262673, 6, 41, 226, 12, 0, 3.25%, 0, 0, 1, 125.07
1495262688, 6, 43, 226, 12, 0, 3.25%, 0, 0, 1, 144.58
1495262693, 6, 44, 226, 12, 0, 3.25%, 0, 0, 1, 156.97
1495262698, 6, 45, 226, 12, 0, 3.25%, 0, 0, 1, 145.81
1495262709, 6, 46, 226, 12, 0, 3.25%, 0, 0, 1, 149.53
1495262714, 6, 47, 226, 12, 0, 3.25%, 0, 0, 1, 151.98
1495262729, 6, 49, 226, 12, 0, 3.25%, 0, 0, 1, 145.57
1495262745, 6, 51, 226, 12, 0, 3.25%, 0, 0, 1, 153.87
1495262750, 6, 54, 226, 12, 0, 3.25%, 0, 0, 1, 151.74
1495262755, 6, 55, 226, 12, 0, 3.25%, 0, 0, 1, 146.67
1495262760, 6, 56, 226, 12, 0, 3.25%, 0, 0, 1, 149.55
1495262770, 6, 57, 226, 12, 0, 3.25%, 0, 0, 1, 145.77
1495262776, 6, 58, 226, 12, 0, 3.25%, 0, 0, 1, 145.01
1495262796, 6, 59, 226, 12, 0, 3.25%, 0, 0, 1, 141.06
1495262801, 6, 60, 226, 12, 0, 3.25%, 0, 0, 1, 146.08
1495262816, 6, 63, 226, 12, 0, 3.25%, 0, 0, 1, 146.95
1495262822, 6, 64, 226, 12, 0, 3.25%, 0, 0, 1, 159.09
1495262832, 6, 67, 226, 11, 0, 3.25%, 0, 0, 1, 149.15
1495262847, 6, 69, 226, 11, 0, 3.25%, 0, 0, 1, 147.13
1495262862, 6, 72, 226, 11, 0, 3.25%, 0, 0, 1, 144.93
1495262868, 6, 73, 226, 11, 0, 3.25%, 0, 0, 1, 152.13
1495262878, 6, 74, 226, 11, 0, 3.25%, 0, 0, 1, 143.48
1495262883, 6, 75, 226, 11, 0, 3.25%, 0, 0, 1, 155.94
1495262898, 6, 77, 226, 11, 0, 3.25%, 0, 0, 1, 157.75
1495262909, 6, 78, 226, 11, 0, 3.25%, 0, 0, 1, 150.77
1495262914, 6, 80, 226, 11, 0, 3.25%, 0, 0, 1, 156.11
1495262919, 6, 81, 226, 11, 0, 3.25%, 0, 0, 1, 130.32
1495262924, 6, 82, 226, 11, 0, 3.25%, 0, 0, 1, 137.75
1495262939, 6, 84, 226, 11, 0, 3.25%, 0, 0, 1, 131.72
1495262944, 6, 85, 226, 11, 0, 3.25%, 0, 0, 1, 130.81
1495262960, 6, 86, 226, 11, 0, 3.25%, 0, 0, 1, 131.04
1495262965, 6, 87, 226, 10, 0, 3.25%, 0, 0, 1, 143.06
1495262980, 6, 88, 226, 10, 0, 3.25%, 0, 0, 1, 124.02
1495262986, 6, 89, 226, 10, 0, 3.25%, 0, 0, 1, 128.17
1495262991, 6, 90, 226, 10, 0, 3.25%, 0, 0, 1, 133.40
1495263011, 6, 92, 226, 10, 0, 3.25%, 0, 0, 1, 136.56
1495263027, 6, 94, 226, 10, 0, 3.25%, 0, 0, 1, 126.70
1495263042, 6, 95, 226, 10, 0, 3.25%, 0, 0, 1, 131.88
1495263047, 6, 96, 226, 10, 0, 3.25%, 0, 0, 1, 131.92
1495263062, 6, 98, 226, 10, 0, 3.25%, 0, 0, 1, 134.90
1495263078, 6, 99, 226, 10, 0, 3.25%, 0, 0, 1, 128.47
1495263093, 6, 100, 226, 10, 0, 3.25%, 0, 0, 1, 130.20
1495263098, 6, 101, 226, 10, 0, 3.25%, 0, 0, 1, 132.95
1495263114, 6, 102, 226, 10, 0, 3.25%, 0, 0, 1, 140.21
1495263119, 6, 103, 226, 10, 0, 3.25%, 0, 0, 1, 139.85
1495263134, 6, 105, 226, 10, 0, 3.25%, 0, 0, 1, 125.11
1495263155, 6, 108, 226, 10, 0, 3.25%, 0, 0, 1, 132.66
1495263170, 6, 109, 226, 10, 0, 3.25%, 0, 0, 1, 154.64
1495263175, 6, 110, 226, 10, 0, 3.25%, 0, 0, 1, 148.29
1495263191, 6, 112, 226, 10, 0, 3.25%, 0, 0, 1, 150.09
1495263196, 6, 113, 226, 10, 0, 3.25%, 0, 0, 1, 141.47
1495263201, 6, 114, 226, 10, 0, 3.25%, 0, 0, 1, 147.56
1495263217, 6, 116, 226, 10, 0, 3.25%, 0, 0, 1, 145.54
1495263222, 6, 117, 226, 10, 0, 3.25%, 0, 0, 1, 166.39
1495263232, 6, 118, 226, 10, 0, 3.25%, 0, 0, 1, 151.89
1495263237, 6, 119, 226, 10, 0, 3.25%, 0, 0, 1, 153.08
1495263247, 6, 120, 226, 10, 0, 3.25%, 0, 0, 1, 134.42
1495263252, 6, 121, 226, 10, 0, 3.25%, 0, 0, 1, 140.76
1495263268, 6, 123, 226, 10, 0, 3.25%, 0, 0, 1, 148.76
1495263283, 6, 125, 226, 10, 0, 3.25%, 0, 0, 1, 143.45
1495263299, 6, 126, 226, 10, 0, 3.25%, 0, 0, 1, 147.35
1495263304, 6, 130, 226, 10, 0, 3.25%, 0, 0, 1, 148.14
1495263319, 6, 131, 226, 10, 0, 3.25%, 0, 0, 1, 140.54
1495263329, 6, 132, 226, 10, 0, 3.25%, 0, 0, 1, 158.42
1495263339, 6, 134, 226, 10, 0, 3.25%, 0, 0, 1, 154.32
1495263355, 6, 135, 226, 10, 0, 3.25%, 0, 0, 1, 145.74
1495263360, 6, 136, 226, 10, 0, 3.25%, 0, 0, 1, 156.75
1495263365, 6, 137, 226, 10, 0, 3.25%, 0, 0, 1, 147.84
1495263370, 6, 138, 226, 10, 0, 3.25%, 0, 0, 1, 145.70
1495263380, 6, 139, 226, 10, 0, 3.25%, 0, 0, 1, 161.10
1495263385, 6, 140, 226, 10, 0, 3.25%, 0, 0, 1, 154.78
1495263400, 6, 142, 226, 10, 0, 3.25%, 0, 0, 1, 134.56
1495263421, 6, 144, 226, 10, 0, 3.25%, 0, 0, 1, 126.61
1495263426, 6, 146, 226, 10, 0, 3.25%, 0, 0, 1, 125.44
1495263451, 6, 149, 226, 10, 0, 3.25%, 0, 0, 1, 130.94
1495263456, 6, 150, 226, 10, 0, 3.25%, 0, 0, 1, 129.61
1495263472, 6, 151, 226, 10, 0, 3.25%, 0, 0, 1, 131.27
1495263487, 6, 152, 226, 10, 0, 3.25%, 0, 0, 1, 136.05
1495263492, 6, 153, 226, 10, 0, 3.25%, 0, 0, 1, 143.55
1495263497, 6, 154, 226, 10, 0, 3.25%, 0, 0, 1, 138.56
1495263502, 6, 155, 226, 10, 0, 3.25%, 0, 0, 1, 135.14
1495263518, 6, 156, 226, 10, 0, 3.25%, 0, 0, 1, 130.84
1495263523, 6, 157, 226, 10, 0, 3.25%, 0, 0, 1, 127.15
1495263538, 6, 158, 226, 10, 0, 3.25%, 0, 0, 1, 132.00
1495263543, 6, 159, 226, 10, 0, 3.25%, 0, 0, 1, 136.58
1495263553, 6, 160, 226, 10, 0, 3.25%, 0, 0, 1, 131.94
1495263558, 6, 161, 226, 10, 0, 3.25%, 0, 0, 1, 132.83
1495263579, 6, 162, 226, 10, 0, 3.25%, 0, 0, 1, 131.26
1495263584, 6, 163, 226, 10, 0, 3.25%, 0, 0, 1, 129.70
1495263599, 6, 164, 226, 10, 0, 3.25%, 0, 0, 1, 141.28
1495263604, 6, 165, 226, 10, 0, 3.25%, 0, 0, 1, 132.54
1495263620, 6, 166, 226, 10, 0, 3.25%, 0, 0, 1, 136.98
1495263625, 6, 167, 226, 10, 0, 3.25%, 0, 0, 1, 132.69
1495263640, 6, 168, 226, 10, 0, 3.25%, 0, 0, 1, 130.44
1495263646, 6, 169, 226, 10, 0, 3.25%, 0, 0, 1, 138.92
1495263656, 6, 171, 226, 10, 0, 3.25%, 0, 0, 1, 155.13
1495263661, 6, 173, 226, 10, 0, 3.25%, 0, 0, 1, 149.26
1495263686, 6, 174, 226, 10, 0, 3.25%, 0, 0, 1, 140.38
1495263691, 6, 175, 226, 10, 0, 3.25%, 0, 0, 1, 141.46
1495263707, 6, 178, 226, 10, 0, 3.25%, 0, 0, 1, 136.16
1495263722, 6, 179, 226, 10, 0, 3.25%, 0, 0, 1, 147.43
1495263727, 6, 180, 226, 10, 0, 3.25%, 0, 0, 1, 153.46
1495263732, 6, 181, 226, 10, 0, 3.25%, 0, 0, 1, 159.55
1495263738, 6, 182, 226, 10, 0, 3.25%, 0, 0, 1, 149.34
1495263753, 6, 184, 226, 10, 0, 3.25%, 0, 0, 1, 152.32
1495263768, 6, 185, 226, 10, 0, 3.25%, 0, 0, 1, 138.21
1495263773, 6, 186, 226, 10, 0, 3.25%, 0, 0, 1, 153.41
1495263784, 6, 188, 226, 10, 0, 3.25%, 0, 0, 1, 156.37
1495263799, 6, 189, 226, 10, 0, 3.25%, 0, 0, 1, 141.88
1495263814, 6, 191, 226, 9, 0, 3.25%, 0, 0, 1, 152.10
1495263835, 6, 192, 226, 9, 0, 3.25%, 0, 0, 1, 146.31
1495263840, 6, 193, 226, 9, 0, 3.25%, 0, 0, 1, 144.85
1495263845, 6, 194, 226, 9, 0, 3.25%, 0, 0, 1, 144.10
1495263860, 6, 195, 226, 9, 0, 3.25%, 0, 0, 1, 152.51
1495263866, 6, 196, 226, 9, 0, 3.25%, 0, 0, 1, 152.73
1495263876, 6, 197, 226, 9, 0, 3.25%, 0, 0, 1, 157.58
1495263881, 6, 198, 226, 9, 0, 3.25%, 0, 0, 1, 153.81
1495263897, 6, 199, 226, 9, 0, 3.25%, 0, 0, 1, 134.31
1495263902, 6, 200, 226, 9, 0, 3.25%, 0, 0, 1, 124.11
1495263917, 6, 201, 226, 9, 0, 3.25%, 0, 0, 1, 134.05
1495263922, 6, 202, 226, 9, 0, 3.25%, 0, 0, 1, 132.66
1495263933, 6, 203, 226, 9, 0, 3.25%, 0, 0, 1, 133.09
1495263948, 6, 204, 226, 9, 0, 3.25%, 0, 0, 1, 129.26
