# unix_time, cycles_done, cur_path, paths_total, pending_total, pending_favs, map_size, unique_crashes, unique_hangs, max_depth, execs_per_sec
1494407866, 0, 0, 237, 237, 189, 3.48%, 0, 0, 1, 899.08
1494407871, 0, 6, 239, 233, 183, 3.48%, 0, 0, 1, 1206.20
1494407876, 0, 13, 239, 226, 176, 3.48%, 0, 0, 1, 1311.61
1494407882, 0, 19, 239, 220, 170, 3.48%, 0, 0, 1, 1157.45
1494407887, 0, 26, 239, 214, 164, 3.48%, 0, 0, 1, 1282.54
1494407892, 0, 31, 239, 209, 159, 3.48%, 0, 0, 1, 1187.86
1494407897, 0, 37, 239, 204, 154, 3.48%, 0, 0, 1, 1311.54
1494407902, 0, 41, 239, 200, 150, 3.48%, 0, 0, 1, 1268.00
1494407907, 0, 44, 239, 197, 147, 3.48%, 0, 0, 1, 1079.34
1494407912, 0, 48, 239, 193, 143, 3.48%, 0, 0, 1, 1298.29
1494407917, 0, 51, 239, 190, 140, 3.48%, 0, 0, 1, 1068.28
1494407922, 0, 54, 239, 187, 137, 3.48%, 0, 0, 1, 1277.00
1494407927, 0, 57, 239, 184, 134, 3.48%, 0, 0, 1, 1282.35
1494407932, 0, 60, 239, 181, 131, 3.48%, 0, 0, 1, 1306.82
1494407938, 0, 66, 239, 178, 128, 3.48%, 0, 0, 1, 1126.10
1494407943, 0, 69, 239, 175, 125, 3.48%, 0, 0, 1, 1191.06
1494407948, 0, 72, 239, 172, 122, 3.48%, 0, 0, 1, 1249.43
1494407953, 0, 76, 239, 168, 118, 3.48%, 0, 0, 1, 1306.03
1494407958, 0, 84, 239, 160, 110, 3.48%, 0, 0, 1, 1189.35
1494407963, 0, 88, 239, 156, 106, 3.48%, 0, 0, 1, 1193.05
1494407969, 0, 94, 239, 150, 100, 3.48%, 0, 0, 1, 1274.10
1494407974, 0, 102, 239, 142, 92, 3.48%, 0, 0, 1, 1247.84
1494407979, 0, 110, 239, 134, 84, 3.48%, 0, 0, 1, 1045.17
1494407984, 0, 117, 239, 127, 77, 3.48%, 0, 0, 1, 1223.44
1494407989, 0, 121, 239, 123, 73, 3.48%, 0, 0, 1, 1277.24
1494407994, 0, 125, 239, 119, 69, 3.48%, 0, 0, 1, 1275.15
1494407999, 0, 130, 239, 114, 64, 3.48%, 0, 0, 1, 1210.31
1494408004, 0, 136, 239, 109, 59, 3.48%, 0, 0, 1, 1189.50
1494408009, 0, 140, 239, 105, 55, 3.48%, 0, 0, 1, 1251.85
1494408014, 0, 145, 239, 101, 51, 3.48%, 0, 0, 1, 1243.51
1494408020, 0, 153, 239, 96, 46, 3.48%, 0, 0, 1, 1253.31
1494408025, 0, 156, 239, 93, 43, 3.48%, 1, 0, 1, 1230.16
1494408030, 0, 162, 239, 87, 37, 3.48%, 1, 0, 1, 1274.90
1494408035, 0, 166, 239, 83, 33, 3.48%, 1, 0, 1, 1279.45
1494408040, 0, 173, 239, 78, 28, 3.48%, 1, 0, 1, 183.12
1494408045, 0, 178, 239, 75, 25, 3.48%, 1, 0, 1, 214.07
1494408050, 0, 183, 239, 71, 21, 3.48%, 1, 0, 1, 1218.27
1494408055, 0, 195, 239, 66, 17, 3.48%, 1, 0, 1, 76.07
1494408060, 0, 199, 239, 63, 14, 3.48%, 1, 0, 1, 122.35
1494408065, 0, 205, 239, 60, 11, 3.48%, 1, 0, 1, 248.93
1494408070, 0, 214, 239, 55, 6, 3.48%, 1, 0, 1, 222.22
1494408075, 0, 227, 239, 52, 3, 3.48%, 1, 0, 1, 42.72
1494408080, 0, 236, 239, 49, 0, 3.48%, 1, 0, 1, 1199.96
1494408085, 1, 6, 239, 48, 0, 3.48%, 1, 0, 1, 209.00
1494408090, 1, 14, 239, 48, 0, 3.48%, 1, 0, 1, 221.07
1494408095, 1, 19, 239, 48, 0, 3.48%, 1, 0, 1, 1232.90
1494408100, 1, 27, 239, 48, 0, 3.48%, 1, 0, 1, 1283.31
1494408105, 1, 33, 239, 48, 0, 3.48%, 1, 0, 1, 1281.79
1494408110, 1, 38, 239, 48, 0, 3.48%, 1, 0, 1, 1221.94
1494408115, 1, 42, 239, 48, 0, 3.48%, 1, 0, 1, 1161.78
1494408120, 1, 45, 239, 48, 0, 3.48%, 1, 0, 1, 1203.53
1494408125, 1, 49, 239, 48, 0, 3.48%, 1, 0, 1, 1215.05
1494408130, 1, 52, 239, 48, 0, 3.48%, 1, 0, 1, 180.58
1494408135, 1, 54, 239, 48, 0, 3.48%, 1, 0, 1, 152.14
1494408135, 1, 55, 239, 48, 0, 3.48%, 1, 0, 1, 0.00
1494408140, 1, 58, 239, 48, 0, 3.48%, 1, 0, 1, 33.54
1494408145, 1, 60, 239, 48, 0, 3.48%, 1, 0, 1, 77.56
1494408150, 1, 66, 239, 48, 0, 3.48%, 1, 0, 1, 211.31
1494408155, 1, 69, 239, 48, 0, 3.48%, 1, 0, 1, 242.73
1494408160, 1, 72, 239, 48, 0, 3.48%, 1, 0, 1, 1269.19
1494408160, 1, 73, 239, 48, 0, 3.48%, 1, 0, 1, 0.00
1494408165, 1, 76, 239, 48, 0, 3.48%, 1, 0, 1, 250.00
1494408170, 1, 84, 239, 48, 0, 3.48%, 1, 0, 1, 1205.32
1494408175, 1, 88, 239, 48, 0, 3.48%, 1, 0, 1, 244.54
1494408180, 1, 93, 239, 48, 0, 3.48%, 1, 0, 1, 150.00
1494408185, 1, 101, 239, 48, 0, 3.48%, 1, 0, 1, 1158.03
1494408190, 1, 110, 239, 48, 0, 3.48%, 1, 0, 1, 222.22
1494408195, 1, 117, 239, 48, 0, 3.48%, 1, 0, 1, 1205.03
1494408200, 1, 121, 239, 48, 0, 3.48%, 1, 0, 1, 254.73
1494408205, 1, 124, 239, 48, 0, 3.48%, 1, 0, 1, 1197.36
1494408210, 1, 129, 239, 48, 0, 3.48%, 1, 0, 1, 238.45
1494408215, 1, 133, 239, 48, 0, 3.48%, 1, 0, 1, 1182.09
1494408220, 1, 138, 239, 47, 0, 3.48%, 1, 0, 1, 1222.66
1494408225, 1, 141, 239, 47, 0, 3.48%, 1, 0, 1, 184.66
1494408230, 1, 147, 239, 47, 0, 3.48%, 1, 0, 1, 232.56
1494408235, 1, 153, 239, 46, 0, 3.48%, 1, 0, 1, 177.07
1494408240, 1, 157, 239, 46, 0, 3.48%, 1, 0, 1, 245.64
1494408245, 1, 162, 239, 46, 0, 3.48%, 1, 0, 1, 185.69
1494408250, 1, 167, 239, 46, 0, 3.48%, 1, 0, 1, 114.75
1494408255, 1, 172, 239, 45, 0, 3.48%, 1, 0, 1, 1092.87
1494408260, 1, 178, 239, 45, 0, 3.48%, 1, 0, 1, 1186.95
1494408265, 1, 182, 239, 45, 0, 3.48%, 1, 0, 1, 213.43
1494408270, 1, 195, 239, 44, 0, 3.48%, 1, 0, 1, 122.35
1494408275, 1, 199, 239, 44, 0, 3.48%, 2, 0, 1, 1191.53
1494408280, 1, 202, 239, 43, 0, 3.48%, 2, 0, 1, 1193.79
1494408280, 1, 204, 239, 43, 0, 3.48%, 2, 0, 1, 0.00
1494408285, 1, 207, 239, 43, 0, 3.48%, 2, 0, 1, 35.18
1494408290, 1, 214, 239, 42, 0, 3.48%, 2, 0, 1, 158.73
1494408295, 1, 218, 239, 42, 0, 3.48%, 2, 0, 1, 1052.76
1494408295, 1, 220, 239, 41, 0, 3.48%, 2, 0, 1, 0.00
1494408300, 1, 234, 239, 40, 0, 3.48%, 2, 0, 1, 202.46
1494408305, 2, 3, 239, 40, 0, 3.48%, 2, 0, 1, 204.55
1494408310, 2, 11, 239, 40, 0, 3.48%, 2, 0, 1, 154.09
1494408315, 2, 17, 239, 40, 0, 3.48%, 2, 0, 1, 119.60
1494408320, 2, 22, 239, 40, 0, 3.48%, 2, 0, 1, 163.78
1494408325, 2, 29, 239, 40, 0, 3.48%, 2, 0, 1, 215.57
1494408330, 2, 34, 239, 40, 0, 3.48%, 2, 0, 1, 225.56
1494408335, 2, 39, 239, 40, 0, 3.48%, 2, 0, 1, 242.07
1494408340, 2, 43, 239, 40, 0, 3.48%, 2, 0, 1, 1238.59
1494408345, 2, 46, 239, 40, 0, 3.48%, 2, 0, 1, 1203.49
1494408350, 2, 50, 239, 40, 0, 3.48%, 2, 0, 1, 158.48
1494408355, 2, 53, 239, 40, 0, 3.48%, 2, 0, 1, 247.84
1494408360, 2, 56, 239, 40, 0, 3.48%, 2, 0, 1, 227.79
1494408366, 2, 59, 239, 40, 0, 3.48%, 2, 0, 1, 110.44
1494408370, 2, 62, 239, 40, 0, 3.48%, 2, 0, 1, 121.36
1494408375, 2, 67, 239, 39, 0, 3.48%, 2, 0, 1, 1210.49
1494408380, 2, 69, 239, 39, 0, 3.48%, 2, 0, 1, 76.03
1494408386, 2, 72, 239, 39, 0, 3.48%, 2, 0, 1, 1156.42
1494408390, 2, 75, 239, 39, 0, 3.48%, 2, 0, 1, 1174.10
1494408396, 2, 83, 239, 39, 0, 3.48%, 2, 0, 1, 185.47
1494408395, 2, 84, 239, 39, 0, 3.48%, 2, 0, 1, 0.00
1494408400, 2, 88, 239, 39, 0, 3.48%, 2, 0, 1, 1169.13
1494408405, 2, 93, 239, 39, 0, 3.48%, 2, 0, 1, 1181.37
1494408411, 2, 101, 239, 39, 0, 3.48%, 2, 0, 1, 1227.32
1494408416, 2, 110, 239, 39, 0, 3.48%, 2, 0, 1, 84.32
1494408420, 2, 115, 239, 39, 0, 3.48%, 2, 0, 1, 154.34
1494408425, 2, 120, 239, 39, 0, 3.48%, 2, 0, 1, 37.41
1494408430, 2, 124, 239, 39, 0, 3.48%, 2, 0, 1, 244.51
1494408435, 2, 128, 239, 39, 0, 3.48%, 2, 0, 1, 186.81
1494408441, 2, 134, 239, 39, 0, 3.48%, 2, 0, 1, 207.19
1494408445, 2, 139, 239, 39, 0, 3.48%, 2, 0, 1, 74.96
1494408450, 2, 142, 239, 39, 0, 3.48%, 2, 0, 1, 247.41
1494408455, 2, 152, 239, 39, 0, 3.48%, 2, 0, 1, 241.33
1494408461, 2, 155, 239, 39, 0, 3.48%, 2, 0, 1, 1135.40
1494408465, 2, 159, 239, 39, 0, 3.48%, 2, 0, 1, 176.90
1494408470, 2, 164, 239, 39, 0, 3.48%, 2, 0, 1, 1156.69
1494408476, 2, 171, 239, 38, 0, 3.48%, 2, 0, 1, 191.42
1494408481, 2, 175, 239, 38, 0, 3.48%, 2, 0, 1, 242.77
1494408486, 2, 179, 239, 38, 0, 3.48%, 2, 0, 1, 232.27
1494408490, 2, 191, 239, 38, 0, 3.48%, 3, 0, 1, 1148.93
1494408496, 2, 196, 239, 38, 0, 3.48%, 4, 0, 1, 1127.41
1494408500, 2, 202, 239, 37, 0, 3.48%, 4, 0, 1, 1166.89
1494408505, 2, 205, 239, 36, 0, 3.48%, 4, 0, 1, 39.41
1494408511, 2, 214, 239, 36, 0, 3.48%, 4, 0, 1, 151.90
1494408516, 2, 221, 239, 35, 0, 3.48%, 4, 0, 1, 112.01
1494408521, 2, 227, 239, 32, 0, 3.48%, 4, 0, 1, 206.01
1494408525, 3, 2, 239, 32, 0, 3.48%, 4, 0, 1, 121.75
1494408530, 3, 10, 239, 32, 0, 3.48%, 4, 0, 1, 195.92
1494408536, 3, 16, 239, 32, 0, 3.48%, 4, 0, 1, 1156.46
1494408541, 3, 21, 239, 32, 0, 3.48%, 4, 0, 1, 209.61
1494408545, 3, 29, 239, 32, 0, 3.48%, 4, 0, 1, 119.01
1494408551, 3, 33, 239, 32, 0, 3.48%, 4, 0, 1, 182.51
1494408555, 3, 38, 239, 32, 0, 3.48%, 4, 0, 1, 1220.18
1494408561, 3, 42, 239, 32, 0, 3.48%, 4, 0, 1, 153.60
1494408566, 3, 45, 239, 32, 0, 3.48%, 4, 0, 1, 179.57
1494408571, 3, 49, 239, 32, 0, 3.48%, 4, 0, 1, 117.65
1494408576, 3, 52, 239, 32, 0, 3.48%, 4, 0, 1, 1195.44
1494408581, 3, 55, 239, 32, 0, 3.48%, 4, 0, 1, 1159.99
1494408586, 3, 58, 239, 32, 0, 3.48%, 4, 0, 1, 1112.40
1494408591, 3, 61, 239, 32, 0, 3.48%, 4, 0, 1, 221.08
1494408596, 3, 67, 239, 32, 0, 3.48%, 4, 0, 1, 232.69
1494408601, 3, 70, 239, 32, 0, 3.48%, 4, 0, 1, 213.53
1494408606, 3, 73, 239, 32, 0, 3.48%, 4, 0, 1, 1138.26
1494408611, 3, 76, 239, 32, 0, 3.48%, 4, 0, 1, 160.99
1494408616, 3, 84, 239, 32, 0, 3.48%, 4, 0, 1, 1175.96
1494408621, 3, 88, 239, 32, 0, 3.48%, 4, 0, 1, 219.22
1494408626, 3, 93, 239, 32, 0, 3.48%, 4, 0, 1, 1178.91
1494408631, 3, 100, 239, 32, 0, 3.48%, 4, 0, 1, 206.01
1494408636, 3, 110, 239, 32, 0, 3.48%, 4, 0, 1, 157.14
1494408641, 3, 115, 239, 32, 0, 3.48%, 4, 0, 1, 1213.49
1494408646, 3, 120, 239, 32, 0, 3.48%, 4, 0, 1, 1194.79
1494408651, 3, 124, 239, 32, 0, 3.48%, 4, 0, 1, 1155.19
1494408656, 3, 128, 239, 32, 0, 3.48%, 4, 0, 1, 219.70
1494408661, 3, 134, 239, 32, 0, 3.48%, 4, 0, 1, 1144.83
1494408666, 3, 139, 239, 32, 0, 3.48%, 4, 0, 1, 187.50
1494408671, 3, 142, 239, 32, 0, 3.48%, 4, 0, 1, 248.88
1494408676, 3, 149, 239, 32, 0, 3.48%, 4, 0, 1, 33.58
1494408675, 3, 150, 239, 31, 0, 3.48%, 4, 0, 1, 0.00
1494408681, 3, 154, 239, 30, 0, 3.48%, 4, 0, 1, 1179.74
1494408686, 3, 158, 239, 30, 0, 3.48%, 4, 0, 1, 1147.70
1494408691, 3, 162, 239, 30, 0, 3.48%, 4, 0, 1, 218.05
1494408696, 3, 167, 239, 30, 0, 3.48%, 4, 0, 1, 1215.64
1494408695, 3, 170, 239, 30, 0, 3.48%, 4, 0, 1, 0.00
1494408701, 3, 173, 239, 30, 0, 3.48%, 4, 0, 1, 155.84
1494408706, 3, 178, 239, 30, 0, 3.48%, 4, 0, 1, 1183.34
1494408711, 3, 184, 239, 30, 0, 3.48%, 4, 0, 1, 217.52
1494408716, 3, 192, 239, 28, 0, 3.48%, 4, 0, 1, 93.49
1494408721, 3, 198, 239, 28, 0, 3.48%, 4, 0, 1, 184.50
1494408726, 3, 204, 239, 28, 0, 3.48%, 4, 0, 1, 1199.03
1494408731, 3, 213, 239, 28, 0, 3.48%, 4, 0, 1, 1074.84
1494408736, 3, 219, 239, 27, 0, 3.48%, 4, 0, 1, 154.84
1494408735, 3, 220, 239, 26, 0, 3.48%, 4, 0, 1, 0.00
1494408741, 3, 226, 239, 24, 0, 3.48%, 4, 0, 1, 33.66
1494408746, 3, 235, 239, 24, 0, 3.48%, 4, 0, 1, 1167.42
1494408751, 4, 4, 239, 24, 0, 3.48%, 4, 0, 1, 124.79
1494408756, 4, 12, 239, 24, 0, 3.48%, 4, 0, 1, 1211.09
1494408761, 4, 18, 239, 24, 0, 3.48%, 4, 0, 1, 1129.75
1494408766, 4, 23, 239, 24, 0, 3.48%, 4, 0, 1, 176.47
1494408771, 4, 28, 239, 23, 0, 3.48%, 4, 0, 1, 214.61
1494408776, 4, 33, 239, 23, 0, 3.48%, 4, 0, 1, 159.74
1494408781, 4, 37, 239, 22, 0, 3.48%, 4, 0, 1, 1211.07
1494408786, 4, 41, 239, 22, 0, 3.48%, 4, 0, 1, 151.75
1494408791, 4, 43, 239, 22, 0, 3.48%, 4, 0, 1, 1190.87
1494408796, 4, 48, 239, 22, 0, 3.48%, 4, 0, 1, 220.68
1494408801, 4, 50, 239, 22, 0, 3.48%, 4, 0, 1, 1186.81
1494408800, 4, 51, 239, 22, 0, 3.48%, 4, 0, 1, 0.00
1494408806, 4, 53, 239, 22, 0, 3.48%, 4, 0, 1, 82.92
1494408811, 4, 57, 239, 22, 0, 3.48%, 4, 0, 1, 1172.10
1494408816, 4, 60, 239, 22, 0, 3.48%, 4, 0, 1, 247.44
1494408821, 4, 66, 239, 22, 0, 3.48%, 4, 0, 1, 146.92
1494408826, 4, 69, 239, 22, 0, 3.48%, 4, 0, 1, 1135.80
1494408831, 4, 72, 239, 22, 0, 3.48%, 4, 0, 1, 122.55
1494408836, 4, 75, 239, 22, 0, 3.48%, 4, 0, 1, 118.03
1494408841, 4, 82, 239, 22, 0, 3.48%, 4, 0, 1, 1166.71
1494408846, 4, 87, 239, 22, 0, 3.48%, 4, 0, 1, 248.52
1494408851, 4, 92, 239, 22, 0, 3.48%, 4, 0, 1, 188.05
1494408856, 4, 97, 239, 22, 0, 3.48%, 4, 0, 1, 189.87
1494408861, 4, 107, 239, 22, 0, 3.48%, 4, 0, 1, 1174.95
1494408866, 4, 111, 239, 22, 0, 3.48%, 4, 0, 1, 1200.27
1494408871, 4, 118, 239, 22, 0, 3.48%, 4, 0, 1, 1201.58
1494408876, 4, 122, 239, 22, 0, 3.48%, 4, 0, 1, 225.81
1494408880, 4, 127, 239, 22, 0, 3.48%, 4, 0, 1, 1235.81
1494408886, 4, 130, 239, 22, 0, 3.48%, 4, 0, 1, 1179.46
1494408891, 4, 137, 239, 22, 0, 3.48%, 4, 0, 1, 156.61
1494408896, 4, 140, 239, 22, 0, 3.48%, 4, 0, 1, 1198.27
1494408901, 4, 145, 239, 21, 0, 3.48%, 4, 0, 1, 209.00
1494408906, 4, 153, 239, 21, 0, 3.48%, 4, 0, 1, 1149.18
1494408911, 4, 156, 239, 21, 0, 3.48%, 4, 0, 1, 240.34
1494408916, 4, 161, 239, 21, 0, 3.48%, 4, 0, 1, 250.75
1494408921, 4, 165, 239, 21, 0, 3.48%, 4, 0, 1, 1198.11
1494408926, 4, 172, 239, 21, 0, 3.48%, 4, 0, 1, 1190.98
1494408931, 4, 176, 239, 21, 0, 3.48%, 4, 0, 1, 161.20
1494408936, 4, 179, 239, 20, 0, 3.48%, 4, 0, 1, 1192.36
1494408941, 4, 186, 239, 20, 0, 3.48%, 4, 0, 1, 40.56
1494408946, 4, 192, 239, 18, 0, 3.48%, 4, 0, 1, 1184.05
1494408951, 4, 198, 239, 18, 0, 3.48%, 5, 0, 1, 1187.85
1494408956, 4, 204, 239, 18, 0, 3.48%, 5, 0, 1, 1102.87
1494408961, 4, 211, 239, 18, 0, 3.48%, 5, 0, 1, 156.61
1494408966, 4, 220, 239, 18, 0, 3.48%, 5, 0, 1, 1159.53
1494408971, 4, 234, 239, 16, 0, 3.48%, 5, 0, 1, 84.18
1494408976, 5, 3, 239, 16, 0, 3.48%, 5, 0, 1, 218.05
1494408981, 5, 11, 239, 16, 0, 3.48%, 5, 0, 1, 1208.22
1494408986, 5, 17, 239, 16, 0, 3.48%, 5, 0, 1, 1222.67
1494408991, 5, 23, 239, 16, 0, 3.48%, 5, 0, 1, 85.32
1494408996, 5, 30, 239, 16, 0, 3.48%, 5, 0, 1, 1198.60
1494409001, 5, 34, 239, 16, 0, 3.48%, 5, 0, 1, 188.98
1494409006, 5, 40, 239, 16, 0, 3.48%, 5, 0, 1, 1205.64
1494409011, 5, 42, 239, 16, 0, 3.48%, 5, 0, 1, 1143.48
1494409010, 5, 43, 239, 16, 0, 3.48%, 5, 0, 1, 0.00
1494409016, 5, 46, 239, 16, 0, 3.48%, 5, 0, 1, 1175.52
1494409021, 5, 49, 239, 16, 0, 3.48%, 5, 0, 1, 1159.69
1494409026, 5, 52, 239, 16, 0, 3.48%, 5, 0, 1, 248.88
1494409031, 5, 56, 239, 16, 0, 3.48%, 5, 0, 1, 217.08
1494409036, 5, 59, 239, 16, 0, 3.48%, 5, 0, 1, 1239.18
1494409041, 5, 62, 239, 16, 0, 3.48%, 5, 0, 1, 213.47
1494409046, 5, 68, 239, 16, 0, 3.48%, 5, 0, 1, 76.26
1494409051, 5, 71, 239, 16, 0, 3.48%, 5, 0, 1, 1265.22
1494409050, 5, 72, 239, 16, 0, 3.48%, 5, 0, 1, 0.00
1494409056, 5, 75, 239, 16, 0, 3.48%, 5, 0, 1, 1187.11
1494409061, 5, 82, 239, 16, 0, 3.48%, 5, 0, 1, 161.50
1494409066, 5, 87, 239, 16, 0, 3.48%, 5, 0, 1, 1257.03
1494409071, 5, 93, 239, 16, 0, 3.48%, 5, 0, 1, 182.65
1494409076, 5, 99, 239, 16, 0, 3.48%, 5, 0, 1, 1120.49
1494409081, 5, 108, 239, 16, 0, 3.48%, 5, 0, 1, 1185.75
1494409086, 5, 113, 239, 16, 0, 3.48%, 5, 0, 1, 207.06
1494409091, 5, 119, 239, 16, 0, 3.48%, 5, 0, 1, 214.39
1494409096, 5, 123, 239, 16, 0, 3.48%, 5, 0, 1, 1236.48
1494409100, 5, 128, 239, 16, 0, 3.48%, 5, 0, 1, 1269.57
1494409106, 5, 132, 239, 16, 0, 3.48%, 5, 0, 1, 106.78
1494409111, 5, 138, 239, 16, 0, 3.48%, 5, 0, 1, 46.43
1494409116, 5, 142, 239, 16, 0, 3.48%, 5, 0, 1, 174.42
1494409121, 5, 152, 239, 16, 0, 3.48%, 5, 0, 1, 1269.92
1494409126, 5, 155, 239, 16, 0, 3.48%, 5, 0, 1, 1281.38
1494409131, 5, 159, 239, 16, 0, 3.48%, 5, 0, 1, 1265.40
1494409136, 5, 164, 239, 16, 0, 3.48%, 5, 0, 1, 1292.92
1494409141, 5, 171, 239, 16, 0, 3.48%, 5, 0, 1, 1151.35
1494409146, 5, 175, 239, 15, 0, 3.48%, 5, 0, 1, 1268.76
1494409151, 5, 181, 239, 15, 0, 3.48%, 5, 0, 1, 1179.95
1494409156, 5, 192, 239, 15, 0, 3.48%, 5, 0, 1, 1320.06
1494409161, 5, 198, 239, 15, 0, 3.48%, 5, 0, 1, 1292.90
1494409166, 5, 204, 239, 15, 0, 3.48%, 5, 0, 1, 1230.33
1494409172, 5, 213, 239, 15, 0, 3.48%, 5, 0, 1, 1044.63
1494409177, 5, 227, 239, 15, 0, 3.48%, 5, 0, 1, 1281.31
1494409182, 5, 235, 239, 14, 0, 3.48%, 5, 0, 1, 1241.68
1494409187, 6, 6, 239, 14, 0, 3.48%, 5, 0, 1, 1148.29
1494409192, 6, 14, 239, 14, 0, 3.48%, 5, 0, 1, 1245.71
1494409197, 6, 19, 239, 14, 0, 3.48%, 5, 0, 1, 1232.42
1494409202, 6, 26, 239, 14, 0, 3.48%, 5, 0, 1, 1253.75
1494409207, 6, 31, 239, 14, 0, 3.48%, 5, 0, 1, 1195.20
1494409212, 6, 37, 239, 14, 0, 3.48%, 5, 0, 1, 1286.08
1494409217, 6, 41, 239, 14, 0, 3.48%, 5, 0, 1, 1220.58
1494409222, 6, 44, 239, 14, 0, 3.48%, 5, 0, 1, 1227.24
1494409227, 6, 48, 239, 14, 0, 3.48%, 5, 0, 1, 1215.73
1494409233, 6, 50, 239, 14, 0, 3.48%, 5, 0, 1, 1284.07
1494409238, 6, 53, 239, 14, 0, 3.48%, 5, 0, 1, 1155.05
1494409243, 6, 57, 239, 14, 0, 3.48%, 5, 0, 1, 1275.83
1494409248, 6, 60, 239, 14, 0, 3.48%, 5, 0, 1, 1237.17
1494409253, 6, 66, 239, 14, 0, 3.48%, 5, 0, 1, 1228.38
1494409258, 6, 69, 239, 14, 0, 3.48%, 5, 0, 1, 1054.01
1494409263, 6, 72, 239, 14, 0, 3.48%, 5, 0, 1, 1260.34
1494409268, 6, 75, 239, 14, 0, 3.48%, 5, 0, 1, 1216.67
1494409273, 6, 83, 239, 14, 0, 3.48%, 5, 0, 1, 1278.29
1494409279, 6, 88, 239, 14, 0, 3.48%, 5, 0, 1, 1292.33
1494409284, 6, 93, 239, 14, 0, 3.48%, 5, 0, 1, 1239.48
1494409289, 6, 100, 239, 14, 0, 3.48%, 5, 0, 1, 1155.52
1494409294, 6, 110, 239, 14, 0, 3.48%, 5, 0, 1, 1174.23
1494409299, 6, 115, 239, 14, 0, 3.48%, 5, 0, 1, 1211.64
1494409304, 6, 120, 239, 14, 0, 3.48%, 5, 0, 1, 1229.28
1494409309, 6, 124, 239, 14, 0, 3.48%, 5, 0, 1, 1212.00
1494409314, 6, 128, 239, 14, 0, 3.48%, 5, 0, 1, 1235.49
1494409319, 6, 134, 239, 14, 0, 3.48%, 5, 0, 1, 1288.74
1494409325, 6, 138, 239, 14, 0, 3.48%, 5, 0, 1, 1277.40
1494409330, 6, 142, 239, 14, 0, 3.48%, 5, 0, 1, 1251.44
1494409335, 6, 152, 239, 14, 0, 3.48%, 5, 0, 1, 1295.39
1494409340, 6, 155, 239, 14, 0, 3.48%, 5, 0, 1, 1267.96
1494409346, 6, 159, 239, 14, 0, 3.48%, 5, 0, 1, 217.19
1494409351, 6, 164, 239, 14, 0, 3.48%, 5, 0, 1, 1197.16
1494409356, 6, 171, 239, 14, 0, 3.48%, 5, 0, 1, 1189.33
1494409361, 6, 175, 239, 14, 0, 3.48%, 5, 0, 1, 1037.40
1494409366, 6, 181, 239, 14, 0, 3.48%, 5, 0, 1, 1165.83
1494409371, 6, 191, 239, 14, 0, 3.48%, 5, 0, 1, 209.00
1494409376, 6, 196, 239, 14, 0, 3.48%, 5, 0, 1, 197.71
1494409381, 6, 202, 239, 14, 0, 3.48%, 5, 0, 1, 220.52
1494409386, 6, 207, 239, 14, 0, 3.48%, 5, 0, 1, 1164.38
1494409391, 6, 215, 239, 14, 0, 3.48%, 5, 0, 1, 200.58
1494409395, 6, 227, 239, 14, 0, 3.48%, 5, 0, 1, 1228.64
1494409401, 6, 235, 239, 13, 0, 3.48%, 5, 0, 1, 1181.83
1494409406, 7, 7, 239, 13, 0, 3.48%, 5, 0, 1, 1241.22
1494409411, 7, 14, 239, 13, 0, 3.48%, 5, 0, 1, 1224.75
1494409416, 7, 20, 239, 13, 0, 3.48%, 5, 0, 1, 1225.70
1494409421, 7, 27, 239, 13, 0, 3.48%, 5, 0, 1, 150.71
1494409426, 7, 32, 239, 13, 0, 3.48%, 5, 0, 1, 155.86
1494409431, 7, 37, 239, 13, 0, 3.48%, 5, 0, 1, 43.48
1494409436, 7, 41, 239, 13, 0, 3.48%, 5, 0, 1, 187.99
1494409441, 7, 44, 239, 13, 0, 3.48%, 5, 0, 1, 40.82
1494409446, 7, 48, 239, 13, 0, 3.48%, 5, 0, 1, 184.66
1494409451, 7, 51, 239, 13, 0, 3.48%, 5, 0, 1, 192.31
1494409456, 7, 54, 239, 13, 0, 3.48%, 5, 0, 1, 229.01
1494409461, 7, 57, 239, 13, 0, 3.48%, 5, 0, 1, 249.25
1494409466, 7, 60, 239, 13, 0, 3.48%, 5, 0, 1, 249.25
1494409471, 7, 63, 239, 13, 0, 3.48%, 5, 0, 1, 1132.92
1494409476, 7, 68, 239, 12, 0, 3.48%, 5, 0, 1, 180.45
1494409481, 7, 71, 239, 12, 0, 3.48%, 5, 0, 1, 116.67
1494409486, 7, 73, 239, 12, 0, 3.48%, 5, 0, 1, 76.43
1494409491, 7, 76, 239, 12, 0, 3.48%, 5, 0, 1, 1002.75
1494409496, 7, 84, 239, 12, 0, 3.48%, 5, 0, 1, 222.91
1494409501, 7, 89, 239, 12, 0, 3.48%, 5, 0, 1, 14.55
1494409506, 7, 94, 239, 12, 0, 3.48%, 5, 0, 1, 1168.51
1494409511, 7, 102, 239, 12, 0, 3.48%, 5, 0, 1, 240.60
1494409516, 7, 110, 239, 12, 0, 3.48%, 5, 0, 1, 1118.10
1494409521, 7, 117, 239, 12, 0, 3.48%, 5, 0, 1, 190.40
1494409526, 7, 121, 239, 12, 0, 3.48%, 5, 0, 1, 1191.15
1494409531, 7, 124, 239, 12, 0, 3.48%, 5, 0, 1, 158.42
1494409536, 7, 129, 239, 12, 0, 3.48%, 5, 0, 1, 1175.97
1494409541, 7, 135, 239, 12, 0, 3.48%, 5, 0, 1, 191.82
1494409546, 7, 139, 239, 12, 0, 3.48%, 5, 0, 1, 184.89
1494409551, 7, 143, 239, 12, 0, 3.48%, 5, 0, 1, 190.78
1494409556, 7, 152, 239, 12, 0, 3.48%, 5, 0, 1, 154.98
1494409561, 7, 155, 239, 12, 0, 3.48%, 5, 0, 1, 1181.52
1494409566, 7, 159, 239, 12, 0, 3.48%, 5, 0, 1, 197.78
1494409571, 7, 164, 239, 12, 0, 3.48%, 5, 0, 1, 1207.90
1494409576, 7, 171, 239, 12, 0, 3.48%, 5, 0, 1, 1092.63
1494409581, 7, 175, 239, 12, 0, 3.48%, 5, 0, 1, 1155.98
1494409586, 7, 179, 239, 12, 0, 3.48%, 5, 0, 1, 119.21
1494409591, 7, 191, 239, 12, 0, 3.48%, 5, 0, 1, 1198.49
1494409596, 7, 197, 239, 12, 0, 3.48%, 5, 0, 1, 191.56
1494409601, 7, 200, 239, 11, 0, 3.48%, 5, 0, 1, 257.32
1494409606, 7, 205, 239, 11, 0, 3.48%, 5, 0, 1, 249.63
1494409611, 7, 212, 239, 11, 0, 3.48%, 5, 0, 1, 188.77
1494409616, 7, 220, 239, 10, 0, 3.48%, 5, 0, 1, 192.37
1494409621, 7, 235, 239, 10, 0, 3.48%, 5, 0, 1, 183.28
1494409626, 8, 3, 239, 8, 0, 3.48%, 5, 0, 1, 1168.04
1494409631, 8, 11, 239, 8, 0, 3.48%, 5, 0, 1, 36.36
1494409636, 8, 16, 239, 8, 0, 3.48%, 5, 0, 1, 1155.66
1494409641, 8, 22, 239, 8, 0, 3.48%, 5, 0, 1, 145.24
1494409646, 8, 29, 239, 8, 0, 3.48%, 5, 0, 1, 1195.92
1494409651, 8, 33, 239, 8, 0, 3.48%, 5, 0, 1, 158.42
1494409656, 8, 39, 239, 8, 0, 3.48%, 5, 0, 1, 166.11
1494409661, 8, 42, 239, 8, 0, 3.48%, 5, 0, 1, 1125.11
1494409666, 8, 46, 239, 8, 0, 3.48%, 5, 0, 1, 229.83
1494409671, 8, 49, 239, 8, 0, 3.48%, 5, 0, 1, 191.76
1494409676, 8, 52, 239, 8, 0, 3.48%, 5, 0, 1, 227.91
1494409681, 8, 55, 239, 8, 0, 3.48%, 5, 0, 1, 233.28
1494409686, 8, 58, 239, 8, 0, 3.48%, 5, 0, 1, 211.14
1494409691, 8, 62, 239, 8, 0, 3.48%, 5, 0, 1, 1274.64
1494409696, 8, 66, 239, 7, 0, 3.48%, 5, 0, 1, 1239.36
1494409701, 8, 69, 239, 7, 0, 3.48%, 5, 0, 1, 1068.01
1494409706, 8, 72, 239, 7, 0, 3.48%, 5, 0, 1, 1255.87
1494409711, 8, 75, 239, 7, 0, 3.48%, 5, 0, 1, 1262.71
1494409716, 8, 81, 239, 7, 0, 3.48%, 5, 0, 1, 1302.60
1494409721, 8, 87, 239, 7, 0, 3.48%, 5, 0, 1, 1199.91
1494409726, 8, 92, 239, 7, 0, 3.48%, 5, 0, 1, 1255.74
1494409731, 8, 98, 239, 7, 0, 3.48%, 5, 0, 1, 1180.00
1494409737, 8, 108, 239, 7, 0, 3.48%, 5, 0, 1, 1264.37
1494409742, 8, 113, 239, 7, 0, 3.48%, 5, 0, 1, 1277.39
1494409747, 8, 119, 239, 7, 0, 3.48%, 5, 0, 1, 1175.44
1494409752, 8, 123, 239, 7, 0, 3.48%, 5, 0, 1, 1282.53
1494409757, 8, 128, 239, 7, 0, 3.48%, 5, 0, 1, 1293.09
1494409762, 8, 132, 239, 7, 0, 3.48%, 5, 0, 1, 1285.25
1494409767, 8, 138, 239, 7, 0, 3.48%, 5, 0, 1, 1346.73
1494409772, 8, 142, 239, 7, 0, 3.48%, 5, 0, 1, 1237.92
1494409777, 8, 150, 239, 7, 0, 3.48%, 5, 0, 1, 1182.09
1494409782, 8, 154, 239, 7, 0, 3.48%, 5, 0, 1, 1266.31
1494409787, 8, 158, 239, 7, 0, 3.48%, 5, 0, 1, 1254.77
1494409793, 8, 163, 239, 7, 0, 3.48%, 5, 0, 1, 1248.27
1494409798, 8, 171, 239, 7, 0, 3.48%, 5, 0, 1, 1203.43
1494409803, 8, 175, 239, 7, 0, 3.48%, 5, 0, 1, 1274.58
1494409808, 8, 179, 239, 7, 0, 3.48%, 5, 0, 1, 1278.22
1494409813, 8, 191, 239, 7, 0, 3.48%, 5, 0, 1, 1234.63
1494409818, 8, 198, 239, 7, 0, 3.48%, 5, 0, 1, 1283.98
1494409823, 8, 204, 239, 7, 0, 3.48%, 5, 0, 1, 1246.57
1494409828, 8, 209, 239, 6, 0, 3.48%, 5, 0, 1, 1262.39
1494409833, 8, 217, 239, 6, 0, 3.48%, 5, 0, 1, 1286.49
1494409838, 8, 234, 239, 5, 0, 3.48%, 5, 0, 1, 1279.89
1494409843, 9, 0, 239, 5, 0, 3.48%, 5, 0, 1, 1259.67
1494409849, 9, 8, 239, 5, 0, 3.48%, 5, 0, 1, 1156.97
1494409854, 9, 14, 239, 5, 0, 3.48%, 5, 0, 1, 1142.02
1494409859, 9, 20, 239, 5, 0, 3.48%, 5, 0, 1, 1197.87
1494409864, 9, 27, 239, 5, 0, 3.48%, 5, 0, 1, 1208.89
1494409869, 9, 32, 239, 5, 0, 3.48%, 5, 0, 1, 1239.79
1494409874, 9, 38, 239, 5, 0, 3.48%, 5, 0, 1, 1276.97
1494409879, 9, 41, 239, 5, 0, 3.48%, 5, 0, 1, 1262.72
1494409884, 9, 45, 239, 5, 0, 3.48%, 5, 0, 1, 1216.61
1494409890, 9, 48, 239, 5, 0, 3.48%, 5, 0, 1, 1249.72
1494409895, 9, 51, 239, 5, 0, 3.48%, 5, 0, 1, 1248.76
1494409900, 9, 54, 239, 5, 0, 3.48%, 5, 0, 1, 1234.31
1494409905, 9, 57, 239, 5, 0, 3.48%, 5, 0, 1, 1251.46
1494409910, 9, 60, 239, 5, 0, 3.48%, 5, 0, 1, 1260.21
1494409915, 9, 66, 239, 5, 0, 3.48%, 5, 0, 1, 1221.93
1494409920, 9, 69, 239, 5, 0, 3.48%, 5, 0, 1, 1226.27
1494409926, 9, 72, 239, 5, 0, 3.48%, 5, 0, 1, 1172.06
1494409931, 9, 75, 239, 5, 0, 3.48%, 5, 0, 1, 1161.94
1494409936, 9, 82, 239, 5, 0, 3.48%, 5, 0, 1, 1156.01
1494409941, 9, 88, 239, 5, 0, 3.48%, 5, 0, 1, 1198.64
1494409946, 9, 93, 239, 5, 0, 3.48%, 5, 0, 1, 117.84
1494409951, 9, 99, 239, 5, 0, 3.48%, 5, 0, 1, 1135.10
1494409956, 9, 108, 239, 5, 0, 3.48%, 5, 0, 1, 1197.68
1494409961, 9, 113, 239, 5, 0, 3.48%, 5, 0, 1, 196.92
1494409966, 9, 119, 239, 5, 0, 3.48%, 5, 0, 1, 157.38
1494409971, 9, 122, 239, 5, 0, 3.48%, 5, 0, 1, 167.37
1494409976, 9, 127, 239, 5, 0, 3.48%, 5, 0, 1, 1194.36
1494409981, 9, 132, 239, 5, 0, 3.48%, 5, 0, 1, 228.66
1494409986, 9, 138, 239, 5, 0, 3.48%, 5, 0, 1, 238.85
1494409991, 9, 141, 239, 5, 0, 3.48%, 5, 0, 1, 1156.54
1494409996, 9, 146, 239, 5, 0, 3.48%, 5, 0, 1, 193.65
1494409995, 9, 147, 239, 5, 0, 3.48%, 5, 0, 1, 0.00
1494410001, 9, 153, 239, 5, 0, 3.48%, 5, 0, 1, 1166.45
1494410000, 9, 154, 239, 5, 0, 3.48%, 5, 0, 1, 0.00
1494410006, 9, 156, 239, 5, 0, 3.48%, 5, 0, 1, 198.90
1494410011, 9, 162, 239, 5, 0, 3.48%, 5, 0, 1, 1155.71
1494410016, 9, 166, 239, 5, 0, 3.48%, 5, 0, 1, 212.83
1494410021, 9, 172, 239, 5, 0, 3.48%, 5, 0, 1, 1126.87
1494410026, 9, 176, 239, 5, 0, 3.48%, 5, 0, 1, 1170.66
1494410031, 9, 182, 239, 5, 0, 3.48%, 5, 0, 1, 185.65
1494410036, 9, 191, 239, 4, 0, 3.48%, 5, 0, 1, 1182.47
1494410041, 9, 198, 239, 4, 0, 3.48%, 5, 0, 1, 1216.46
1494410046, 9, 204, 239, 4, 0, 3.48%, 5, 0, 1, 18.55
1494410051, 9, 211, 239, 4, 0, 3.48%, 5, 0, 1, 161.07
1494410056, 9, 220, 239, 4, 0, 3.48%, 5, 0, 1, 1181.54
1494410061, 9, 234, 239, 4, 0, 3.48%, 5, 0, 1, 1160.38
1494410066, 10, 3, 239, 4, 0, 3.48%, 5, 0, 1, 1150.20
1494410071, 10, 11, 239, 4, 0, 3.48%, 5, 0, 1, 1133.05
1494410076, 10, 16, 239, 4, 0, 3.48%, 5, 0, 1, 228.26
1494410081, 10, 22, 239, 4, 0, 3.48%, 5, 0, 1, 168.35
1494410086, 10, 29, 239, 4, 0, 3.48%, 5, 0, 1, 1132.35
1494410090, 10, 33, 239, 4, 0, 3.48%, 5, 0, 1, 1218.01
1494410096, 10, 38, 239, 4, 0, 3.48%, 5, 0, 1, 143.93
1494410101, 10, 42, 239, 4, 0, 3.48%, 5, 0, 1, 1077.20
1494410106, 10, 45, 239, 4, 0, 3.48%, 5, 0, 1, 166.94
1494410111, 10, 49, 239, 4, 0, 3.48%, 5, 0, 1, 87.87
1494410116, 10, 52, 239, 4, 0, 3.48%, 5, 0, 1, 207.01
1494410121, 10, 55, 239, 4, 0, 3.48%, 5, 0, 1, 1199.91
1494410126, 10, 58, 239, 4, 0, 3.48%, 5, 0, 1, 153.97
1494410131, 10, 61, 239, 4, 0, 3.48%, 5, 0, 1, 1243.29
1494410136, 10, 67, 239, 4, 0, 3.48%, 5, 0, 1, 117.16
1494410141, 10, 70, 239, 4, 0, 3.48%, 5, 0, 1, 246.62
1494410146, 10, 73, 239, 4, 0, 3.48%, 5, 0, 1, 1182.24
1494410151, 10, 76, 239, 4, 0, 3.48%, 5, 0, 1, 216.64
1494410156, 10, 84, 239, 4, 0, 3.48%, 5, 0, 1, 1154.35
1494410161, 10, 88, 239, 4, 0, 3.48%, 5, 0, 1, 191.08
1494410166, 10, 93, 239, 4, 0, 3.48%, 5, 0, 1, 44.01
1494410171, 10, 101, 239, 4, 0, 3.48%, 5, 0, 1, 135.42
1494410176, 10, 110, 239, 4, 0, 3.48%, 5, 0, 1, 87.54
1494410181, 10, 116, 239, 4, 0, 3.48%, 5, 0, 1, 1222.19
1494410186, 10, 120, 239, 4, 0, 3.48%, 5, 0, 1, 123.52
1494410191, 10, 124, 239, 4, 0, 3.48%, 5, 0, 1, 1133.46
1494410196, 10, 128, 239, 4, 0, 3.48%, 5, 0, 1, 1172.88
1494410200, 10, 134, 239, 4, 0, 3.48%, 5, 0, 1, 1265.91
1494410206, 10, 139, 239, 4, 0, 3.48%, 5, 0, 1, 192.93
1494410211, 10, 142, 239, 4, 0, 3.48%, 5, 0, 1, 48.82
1494410216, 10, 151, 239, 4, 0, 3.48%, 5, 0, 1, 172.98
1494410221, 10, 155, 239, 4, 0, 3.48%, 5, 0, 1, 117.15
1494410226, 10, 158, 239, 4, 0, 3.48%, 5, 0, 1, 1165.82
1494410231, 10, 163, 239, 4, 0, 3.48%, 5, 0, 1, 78.86
1494410236, 10, 171, 239, 4, 0, 3.48%, 5, 0, 1, 1143.90
1494410241, 10, 175, 239, 4, 0, 3.48%, 5, 0, 1, 1140.91
1494410246, 10, 179, 239, 4, 0, 3.48%, 5, 0, 1, 1179.19
1494410251, 10, 191, 239, 3, 0, 3.48%, 5, 0, 1, 1178.71
1494410256, 10, 196, 239, 3, 0, 3.48%, 5, 0, 1, 1138.90
1494410261, 10, 200, 239, 3, 0, 3.48%, 5, 0, 1, 1112.06
1494410266, 10, 205, 239, 3, 0, 3.48%, 5, 0, 1, 216.54
1494410271, 10, 214, 239, 3, 0, 3.48%, 5, 0, 1, 188.68
1494410276, 10, 227, 239, 3, 0, 3.48%, 5, 0, 1, 1164.92
1494410281, 10, 235, 239, 3, 0, 3.48%, 5, 0, 1, 188.09
1494410286, 11, 6, 239, 3, 0, 3.48%, 5, 0, 1, 1188.85
1494410286, 11, 7, 239, 3, 0, 3.48%, 5, 0, 1, 0.00
1494410291, 11, 13, 239, 3, 0, 3.48%, 5, 0, 1, 230.66
1494410295, 11, 18, 239, 3, 0, 3.48%, 5, 0, 1, 1194.92
1494410301, 11, 26, 239, 3, 0, 3.48%, 5, 0, 1, 1186.83
1494410306, 11, 31, 239, 3, 0, 3.48%, 5, 0, 1, 1182.64
1494410311, 11, 37, 239, 3, 0, 3.48%, 5, 0, 1, 84.06
1494410316, 11, 40, 239, 3, 0, 3.48%, 5, 0, 1, 1211.90
1494410321, 11, 43, 239, 3, 0, 3.48%, 5, 0, 1, 1134.26
1494410326, 11, 46, 239, 3, 0, 3.48%, 5, 0, 1, 157.63
1494410331, 11, 50, 239, 3, 0, 3.48%, 5, 0, 1, 236.59
1494410336, 11, 53, 239, 3, 0, 3.48%, 5, 0, 1, 1206.98
1494410341, 11, 56, 239, 3, 0, 3.48%, 5, 0, 1, 251.13
1494410346, 11, 59, 239, 3, 0, 3.48%, 5, 0, 1, 1099.57
1494410351, 11, 62, 239, 3, 0, 3.48%, 5, 0, 1, 1112.05
1494410356, 11, 67, 239, 3, 0, 3.48%, 5, 0, 1, 1129.16
1494410361, 11, 69, 239, 3, 0, 3.48%, 5, 0, 1, 86.42
1494410366, 11, 73, 239, 3, 0, 3.48%, 5, 0, 1, 1117.76
1494410371, 11, 76, 239, 3, 0, 3.48%, 5, 0, 1, 1227.55
1494410376, 11, 84, 239, 3, 0, 3.48%, 5, 0, 1, 1229.55
1494410381, 11, 88, 239, 3, 0, 3.48%, 5, 0, 1, 158.68
1494410386, 11, 93, 239, 3, 0, 3.48%, 5, 0, 1, 78.99
1494410391, 11, 100, 239, 3, 0, 3.48%, 5, 0, 1, 1150.50
1494410396, 11, 108, 239, 3, 0, 3.48%, 5, 0, 1, 1141.95
1494410401, 11, 114, 239, 3, 0, 3.48%, 5, 0, 1, 111.11
1494410406, 11, 119, 239, 3, 0, 3.48%, 5, 0, 1, 159.47
1494410411, 11, 123, 239, 3, 0, 3.48%, 5, 0, 1, 1186.19
1494410410, 11, 124, 239, 3, 0, 3.48%, 5, 0, 1, 0.00
1494410416, 11, 128, 239, 3, 0, 3.48%, 5, 0, 1, 1151.66
1494410421, 11, 132, 239, 3, 0, 3.48%, 5, 0, 1, 1202.40
1494410426, 11, 138, 239, 3, 0, 3.48%, 5, 0, 1, 197.41
1494410431, 11, 142, 239, 3, 0, 3.48%, 5, 0, 1, 226.42
1494410435, 11, 151, 239, 3, 0, 3.48%, 5, 0, 1, 1209.82
1494410441, 11, 155, 239, 3, 0, 3.48%, 5, 0, 1, 81.71
1494410446, 11, 158, 239, 3, 0, 3.48%, 5, 0, 1, 1214.86
1494410451, 11, 163, 239, 3, 0, 3.48%, 5, 0, 1, 80.79
1494410456, 11, 170, 239, 3, 0, 3.48%, 5, 0, 1, 160.80
1494410461, 11, 173, 239, 3, 0, 3.48%, 5, 0, 1, 124.13
1494410466, 11, 178, 239, 3, 0, 3.48%, 5, 0, 1, 225.24
1494410471, 11, 188, 239, 3, 0, 3.48%, 5, 0, 1, 1109.10
1494410476, 11, 196, 239, 2, 0, 3.48%, 5, 0, 1, 166.39
1494410481, 11, 199, 239, 2, 0, 3.48%, 5, 0, 1, 1113.74
1494410486, 11, 205, 239, 2, 0, 3.48%, 5, 0, 1, 112.54
1494410485, 11, 207, 239, 2, 0, 3.48%, 5, 0, 1, 0.00
1494410491, 11, 217, 239, 2, 0, 3.48%, 5, 0, 1, 1194.40
1494410496, 11, 234, 239, 2, 0, 3.48%, 5, 0, 1, 1182.84
1494410501, 12, 3, 239, 2, 0, 3.48%, 5, 0, 1, 195.48
1494410506, 12, 11, 239, 2, 0, 3.48%, 5, 0, 1, 230.40
1494410511, 12, 17, 239, 2, 0, 3.48%, 5, 0, 1, 196.72
1494410516, 12, 23, 239, 2, 0, 3.48%, 5, 0, 1, 1230.27
1494410521, 12, 30, 239, 2, 0, 3.48%, 5, 0, 1, 195.44
1494410526, 12, 34, 239, 2, 0, 3.48%, 5, 0, 1, 1121.28
1494410531, 12, 39, 239, 2, 0, 3.48%, 5, 0, 1, 205.93
1494410536, 12, 42, 239, 2, 0, 3.48%, 5, 0, 1, 1182.69
1494410541, 12, 46, 239, 2, 0, 3.48%, 5, 0, 1, 1208.66
1494410546, 12, 49, 239, 2, 0, 3.48%, 5, 0, 1, 177.58
1494410551, 12, 52, 239, 2, 0, 3.48%, 5, 0, 1, 166.95
1494410556, 12, 56, 239, 2, 0, 3.48%, 5, 0, 1, 1216.56
1494410561, 12, 59, 239, 2, 0, 3.48%, 5, 0, 1, 1103.91
1494410566, 12, 62, 239, 2, 0, 3.48%, 5, 0, 1, 1162.18
1494410571, 12, 68, 239, 2, 0, 3.48%, 5, 0, 1, 1181.51
1494410576, 12, 71, 239, 2, 0, 3.48%, 5, 0, 1, 1177.52
1494410581, 12, 74, 239, 2, 0, 3.48%, 5, 0, 1, 161.94
1494410586, 12, 81, 239, 2, 0, 3.48%, 5, 0, 1, 1185.81
1494410591, 12, 86, 239, 2, 0, 3.48%, 5, 0, 1, 1195.25
1494410596, 12, 92, 239, 2, 0, 3.48%, 5, 0, 1, 201.30
1494410601, 12, 98, 239, 2, 0, 3.48%, 5, 0, 1, 1179.37
1494410606, 12, 107, 239, 2, 0, 3.48%, 5, 0, 1, 69.26
1494410606, 12, 108, 239, 2, 0, 3.48%, 5, 0, 1, 0.00
1494410611, 12, 111, 239, 2, 0, 3.48%, 5, 0, 1, 1092.29
1494410616, 12, 119, 239, 2, 0, 3.48%, 5, 0, 1, 1194.69
1494410621, 12, 122, 239, 2, 0, 3.48%, 5, 0, 1, 1248.54
1494410626, 12, 127, 239, 2, 0, 3.48%, 5, 0, 1, 1239.37
1494410631, 12, 131, 239, 2, 0, 3.48%, 5, 0, 1, 217.19
1494410636, 12, 137, 239, 2, 0, 3.48%, 5, 0, 1, 1160.26
1494410641, 12, 141, 239, 2, 0, 3.48%, 5, 0, 1, 1188.98
1494410646, 12, 145, 239, 2, 0, 3.48%, 5, 0, 1, 228.35
1494410651, 12, 153, 239, 2, 0, 3.48%, 5, 0, 1, 1161.52
1494410656, 12, 156, 239, 2, 0, 3.48%, 5, 0, 1, 1165.08
1494410661, 12, 162, 239, 2, 0, 3.48%, 5, 0, 1, 1169.87
1494410666, 12, 166, 239, 2, 0, 3.48%, 5, 0, 1, 156.61
1494410665, 12, 167, 239, 2, 0, 3.48%, 5, 0, 1, 0.00
1494410671, 12, 172, 239, 2, 0, 3.48%, 5, 0, 1, 1078.55
1494410676, 12, 178, 239, 2, 0, 3.48%, 5, 0, 1, 1181.01
1494410681, 12, 182, 239, 2, 0, 3.48%, 5, 0, 1, 1129.54
1494410680, 12, 183, 239, 2, 0, 3.48%, 5, 0, 1, 0.00
1494410686, 12, 195, 239, 2, 0, 3.48%, 5, 0, 1, 1150.96
1494410691, 12, 199, 239, 2, 0, 3.48%, 5, 0, 1, 1178.73
1494410696, 12, 205, 239, 2, 0, 3.48%, 5, 0, 1, 228.12
1494410701, 12, 217, 239, 2, 0, 3.48%, 5, 0, 1, 1154.12
1494410706, 12, 234, 239, 2, 0, 3.48%, 5, 0, 1, 1114.86
1494410711, 13, 3, 239, 2, 0, 3.48%, 5, 0, 1, 1176.93
1494410716, 13, 11, 239, 2, 0, 3.48%, 5, 0, 1, 161.34
1494410721, 13, 16, 239, 2, 0, 3.48%, 5, 0, 1, 231.38
1494410726, 13, 22, 239, 2, 0, 3.48%, 5, 0, 1, 238.47
1494410731, 13, 29, 239, 2, 0, 3.48%, 5, 0, 1, 185.65
1494410731, 13, 30, 239, 2, 0, 3.48%, 5, 0, 1, 0.00
1494410736, 13, 34, 239, 2, 0, 3.48%, 5, 0, 1, 1159.65
1494410741, 13, 40, 239, 2, 0, 3.48%, 5, 0, 1, 1331.02
1494410746, 13, 43, 239, 2, 0, 3.48%, 5, 0, 1, 1311.96
1494410751, 13, 47, 239, 2, 0, 3.48%, 5, 0, 1, 1280.08
1494410756, 13, 50, 239, 2, 0, 3.48%, 5, 0, 1, 1217.86
1494410762, 13, 53, 239, 2, 0, 3.48%, 5, 0, 1, 1153.11
1494410767, 13, 57, 239, 2, 0, 3.48%, 5, 0, 1, 1231.69
1494410772, 13, 60, 239, 2, 0, 3.48%, 5, 0, 1, 1238.73
1494410777, 13, 66, 239, 2, 0, 3.48%, 5, 0, 1, 1192.10
1494410782, 13, 69, 239, 2, 0, 3.48%, 5, 0, 1, 1306.00
1494410787, 13, 72, 239, 2, 0, 3.48%, 5, 0, 1, 1119.55
1494410792, 13, 75, 239, 2, 0, 3.48%, 5, 0, 1, 1246.89
1494410797, 13, 82, 239, 2, 0, 3.48%, 5, 0, 1, 1204.70
1494410802, 13, 88, 239, 2, 0, 3.48%, 5, 0, 1, 1226.23
1494410808, 13, 93, 239, 2, 0, 3.48%, 5, 0, 1, 1329.68
1494410813, 13, 100, 239, 2, 0, 3.48%, 5, 0, 1, 1176.30
1494410818, 13, 108, 239, 2, 0, 3.48%, 5, 0, 1, 1285.90
1494410823, 13, 114, 239, 2, 0, 3.48%, 5, 0, 1, 1197.21
1494410828, 13, 119, 239, 2, 0, 3.48%, 5, 0, 1, 1225.28
1494410833, 13, 123, 239, 2, 0, 3.48%, 5, 0, 1, 1174.45
1494410838, 13, 128, 239, 2, 0, 3.48%, 5, 0, 1, 1287.21
1494410843, 13, 132, 239, 2, 0, 3.48%, 5, 0, 1, 1245.63
1494410848, 13, 138, 239, 2, 0, 3.48%, 5, 0, 1, 1336.04
1494410853, 13, 142, 239, 2, 0, 3.48%, 5, 0, 1, 1140.95
1494410858, 13, 151, 239, 2, 0, 3.48%, 5, 0, 1, 1181.95
1494410863, 13, 155, 239, 2, 0, 3.48%, 5, 0, 1, 1139.26
1494410868, 13, 158, 239, 2, 0, 3.48%, 5, 0, 1, 1141.24
1494410874, 13, 163, 239, 2, 0, 3.48%, 5, 0, 1, 1182.51
1494410879, 13, 171, 239, 2, 0, 3.48%, 5, 0, 1, 1257.80
1494410884, 13, 175, 239, 2, 0, 3.48%, 5, 0, 1, 1278.76
1494410889, 13, 179, 239, 2, 0, 3.48%, 5, 0, 1, 1192.62
1494410894, 13, 190, 239, 2, 0, 3.48%, 5, 0, 1, 1213.28
1494410899, 13, 196, 239, 2, 0, 3.48%, 5, 0, 1, 1217.55
1494410904, 13, 202, 239, 2, 0, 3.48%, 5, 0, 1, 1263.90
1494410909, 13, 207, 239, 2, 0, 3.48%, 5, 0, 1, 1273.70
1494410914, 13, 217, 239, 2, 0, 3.48%, 5, 0, 1, 1287.85
1494410919, 13, 234, 239, 2, 0, 3.48%, 5, 0, 1, 1302.87
1494410925, 14, 3, 239, 2, 0, 3.48%, 5, 0, 1, 1249.04
1494410930, 14, 11, 239, 2, 0, 3.48%, 5, 0, 1, 1260.17
1494410935, 14, 17, 239, 2, 0, 3.48%, 5, 0, 1, 1231.93
1494410940, 14, 23, 239, 2, 0, 3.48%, 5, 0, 1, 1233.82
1494410945, 14, 30, 239, 2, 0, 3.48%, 5, 0, 1, 1242.32
1494410950, 14, 35, 239, 2, 0, 3.48%, 5, 0, 1, 1292.17
1494410955, 14, 40, 239, 2, 0, 3.48%, 5, 0, 1, 1262.79
1494410961, 14, 43, 239, 2, 0, 3.48%, 5, 0, 1, 236.33
1494410966, 14, 47, 239, 2, 0, 3.48%, 5, 0, 1, 1223.26
1494410971, 14, 50, 239, 2, 0, 3.48%, 5, 0, 1, 1169.53
1494410976, 14, 53, 239, 2, 0, 3.48%, 5, 0, 1, 162.16
1494410981, 14, 57, 239, 2, 0, 3.48%, 5, 0, 1, 1217.00
1494410986, 14, 59, 239, 2, 0, 3.48%, 5, 0, 1, 81.13
1494410991, 14, 62, 239, 2, 0, 3.48%, 5, 0, 1, 1170.16
1494410996, 14, 69, 239, 2, 0, 3.48%, 5, 0, 1, 1196.36
1494411001, 14, 71, 239, 2, 0, 3.48%, 5, 0, 1, 121.74
1494411006, 14, 75, 239, 2, 0, 3.48%, 5, 0, 1, 215.57
1494411011, 14, 82, 239, 2, 0, 3.48%, 5, 0, 1, 1189.50
1494411016, 14, 87, 239, 2, 0, 3.48%, 5, 0, 1, 205.93
1494411021, 14, 92, 239, 2, 0, 3.48%, 5, 0, 1, 206.45
1494411026, 14, 98, 239, 2, 0, 3.48%, 5, 0, 1, 88.07
1494411031, 14, 107, 239, 2, 0, 3.48%, 5, 0, 1, 1166.95
1494411036, 14, 111, 239, 2, 0, 3.48%, 5, 0, 1, 1220.08
1494411035, 14, 112, 239, 2, 0, 3.48%, 5, 0, 1, 0.00
1494411041, 14, 119, 239, 2, 0, 3.48%, 5, 0, 1, 1175.74
1494411046, 14, 122, 239, 2, 0, 3.48%, 5, 0, 1, 1194.60
1494411051, 14, 127, 239, 2, 0, 3.48%, 5, 0, 1, 1181.86
1494411056, 14, 132, 239, 2, 0, 3.48%, 5, 0, 1, 1158.07
1494411061, 14, 138, 239, 2, 0, 3.48%, 5, 0, 1, 1201.86
1494411066, 14, 142, 239, 2, 0, 3.48%, 5, 0, 1, 1185.88
1494411071, 14, 147, 239, 2, 0, 3.48%, 5, 0, 1, 1206.48
1494411076, 14, 155, 239, 2, 0, 3.48%, 5, 0, 1, 1261.86
1494411081, 14, 158, 239, 2, 0, 3.48%, 5, 0, 1, 1225.71
1494411086, 14, 163, 239, 2, 0, 3.48%, 5, 0, 1, 1204.28
1494411091, 14, 171, 239, 2, 0, 3.48%, 5, 0, 1, 162.60
1494411096, 14, 175, 239, 2, 0, 3.48%, 5, 0, 1, 1177.38
1494411101, 14, 179, 239, 2, 0, 3.48%, 5, 0, 1, 239.74
1494411106, 14, 191, 239, 2, 0, 3.48%, 5, 0, 1, 229.17
1494411111, 14, 198, 239, 2, 0, 3.48%, 5, 0, 1, 47.34
1494411116, 14, 204, 239, 2, 0, 3.48%, 5, 0, 1, 232.04
1494411121, 14, 208, 239, 2, 0, 3.48%, 5, 0, 1, 1196.63
1494411126, 14, 217, 239, 1, 0, 3.48%, 5, 0, 1, 1142.32
1494411131, 14, 234, 239, 0, 0, 3.48%, 5, 0, 1, 1210.41
1494411136, 15, 3, 239, 0, 0, 3.48%, 5, 0, 1, 1256.56
1494411141, 15, 11, 239, 0, 0, 3.48%, 5, 0, 1, 1205.94
1494411146, 15, 17, 239, 0, 0, 3.48%, 5, 0, 1, 1212.43
1494411151, 15, 24, 239, 0, 0, 3.48%, 5, 0, 1, 132.87
1494411155, 15, 30, 239, 0, 0, 3.48%, 5, 0, 1, 1322.68
1494411161, 15, 37, 239, 0, 0, 3.48%, 5, 0, 1, 1206.89
1494411166, 15, 40, 239, 0, 0, 3.48%, 5, 0, 1, 1205.08
1494411171, 15, 43, 239, 0, 0, 3.48%, 5, 0, 1, 73.76
1494411170, 15, 44, 239, 0, 0, 3.48%, 5, 0, 1, 0.00
1494411176, 15, 47, 239, 0, 0, 3.48%, 5, 0, 1, 97.51
1494411181, 15, 50, 239, 0, 0, 3.48%, 5, 0, 1, 231.63
1494411186, 15, 53, 239, 0, 0, 3.48%, 5, 0, 1, 86.56
1494411191, 15, 56, 239, 0, 0, 3.48%, 5, 0, 1, 1141.09
1494411196, 15, 59, 239, 0, 0, 3.48%, 5, 0, 1, 1131.70
1494411201, 15, 62, 239, 0, 0, 3.48%, 5, 0, 1, 1140.34
1494411206, 15, 66, 239, 0, 0, 3.48%, 5, 0, 1, 1154.26
1494411211, 15, 69, 239, 0, 0, 3.48%, 5, 0, 1, 1122.15
1494411216, 15, 72, 239, 0, 0, 3.48%, 5, 0, 1, 1157.78
1494411221, 15, 75, 239, 0, 0, 3.48%, 5, 0, 1, 1169.49
1494411226, 15, 82, 239, 0, 0, 3.48%, 5, 0, 1, 193.39
1494411231, 15, 87, 239, 0, 0, 3.48%, 5, 0, 1, 125.00
1494411236, 15, 93, 239, 0, 0, 3.48%, 5, 0, 1, 228.80
1494411241, 15, 99, 239, 0, 0, 3.48%, 5, 0, 1, 1165.31
1494411246, 15, 108, 239, 0, 0, 3.48%, 5, 0, 1, 127.89
1494411251, 15, 112, 239, 0, 0, 3.48%, 5, 0, 1, 1164.57
1494411256, 15, 119, 239, 0, 0, 3.48%, 5, 0, 1, 1133.52
1494411261, 15, 122, 239, 0, 0, 3.48%, 5, 0, 1, 1206.03
1494411266, 15, 127, 239, 0, 0, 3.48%, 5, 0, 1, 243.09
1494411271, 15, 131, 239, 0, 0, 3.48%, 5, 0, 1, 1189.04
1494411276, 15, 138, 239, 0, 0, 3.48%, 5, 0, 1, 1191.53
1494411281, 15, 141, 239, 0, 0, 3.48%, 5, 0, 1, 157.64
1494411286, 15, 146, 239, 0, 0, 3.48%, 5, 0, 1, 1010.32
1494411291, 15, 154, 239, 0, 0, 3.48%, 5, 0, 1, 232.85
1494411296, 15, 157, 239, 0, 0, 3.48%, 5, 0, 1, 201.00
1494411301, 15, 162, 239, 0, 0, 3.48%, 5, 0, 1, 1119.01
1494411306, 15, 167, 239, 0, 0, 3.48%, 5, 0, 1, 117.73
1494411311, 15, 173, 239, 0, 0, 3.48%, 5, 0, 1, 1234.32
1494411316, 15, 178, 239, 0, 0, 3.48%, 5, 0, 1, 247.76
1494411321, 15, 190, 239, 0, 0, 3.48%, 5, 0, 1, 1221.08
1494411326, 15, 196, 239, 0, 0, 3.48%, 5, 0, 1, 86.81
1494411331, 15, 202, 239, 0, 0, 3.48%, 5, 0, 1, 1203.77
1494411336, 15, 207, 239, 0, 0, 3.48%, 5, 0, 1, 1212.09
1494411341, 15, 217, 239, 0, 0, 3.48%, 5, 0, 1, 166.67
1494411346, 15, 234, 239, 0, 0, 3.48%, 5, 0, 1, 221.70
1494411351, 16, 3, 239, 0, 0, 3.48%, 5, 0, 1, 197.02
1494411356, 16, 11, 239, 0, 0, 3.48%, 5, 0, 1, 208.12
1494411361, 16, 16, 239, 0, 0, 3.48%, 5, 0, 1, 203.00
1494411366, 16, 23, 239, 0, 0, 3.48%, 5, 0, 1, 1083.16
1494411371, 16, 30, 239, 0, 0, 3.48%, 5, 0, 1, 1272.78
1494411376, 16, 34, 239, 0, 0, 3.48%, 5, 0, 1, 1218.40
1494411381, 16, 40, 239, 0, 0, 3.48%, 5, 0, 1, 1130.95
1494411386, 16, 43, 239, 0, 0, 3.48%, 5, 0, 1, 1060.19
1494411391, 16, 46, 239, 0, 0, 3.48%, 5, 0, 1, 1223.90
1494411396, 16, 49, 239, 0, 0, 3.48%, 5, 0, 1, 1211.92
1494411402, 16, 52, 239, 0, 0, 3.48%, 5, 0, 1, 1278.88
1494411407, 16, 56, 239, 0, 0, 3.48%, 5, 0, 1, 1275.12
1494411412, 16, 59, 239, 0, 0, 3.48%, 5, 0, 1, 1238.00
1494411417, 16, 62, 239, 0, 0, 3.48%, 5, 0, 1, 1263.47
1494411422, 16, 68, 239, 0, 0, 3.48%, 5, 0, 1, 1124.01
1494411427, 16, 71, 239, 0, 0, 3.48%, 5, 0, 1, 1132.59
1494411432, 16, 74, 239, 0, 0, 3.48%, 5, 0, 1, 1270.11
1494411437, 16, 80, 239, 0, 0, 3.48%, 5, 0, 1, 1270.00
1494411442, 16, 86, 239, 0, 0, 3.48%, 5, 0, 1, 1349.40
1494411448, 16, 90, 239, 0, 0, 3.48%, 5, 0, 1, 1248.98
1494411453, 16, 97, 239, 0, 0, 3.48%, 5, 0, 1, 1204.09
1494411458, 16, 107, 239, 0, 0, 3.48%, 5, 0, 1, 1303.46
1494411463, 16, 112, 239, 0, 0, 3.48%, 5, 0, 1, 1205.65
1494411468, 16, 119, 239, 0, 0, 3.48%, 5, 0, 1, 1267.23
1494411473, 16, 122, 239, 0, 0, 3.48%, 5, 0, 1, 1106.08
1494411478, 16, 127, 239, 0, 0, 3.48%, 5, 0, 1, 1213.30
1494411483, 16, 132, 239, 0, 0, 3.48%, 5, 0, 1, 1239.62
1494411489, 16, 138, 239, 0, 0, 3.48%, 5, 0, 1, 1299.83
1494411494, 16, 141, 239, 0, 0, 3.48%, 5, 0, 1, 1090.59
1494411499, 16, 147, 239, 0, 0, 3.48%, 5, 0, 1, 1240.81
1494411504, 16, 154, 239, 0, 0, 3.48%, 5, 0, 1, 1245.57
1494411509, 16, 158, 239, 0, 0, 3.48%, 5, 0, 1, 1275.47
1494411514, 16, 163, 239, 0, 0, 3.48%, 5, 0, 1, 1282.64
1494411519, 16, 171, 239, 0, 0, 3.48%, 5, 0, 1, 1266.77
1494411524, 16, 175, 239, 0, 0, 3.48%, 5, 0, 1, 1233.91
1494411529, 16, 179, 239, 0, 0, 3.48%, 5, 0, 1, 1260.03
1494411535, 16, 192, 239, 0, 0, 3.48%, 5, 0, 1, 1249.36
1494411540, 16, 198, 239, 0, 0, 3.48%, 5, 0, 1, 1274.48
1494411545, 16, 204, 239, 0, 0, 3.48%, 5, 0, 1, 1281.98
1494411550, 16, 211, 239, 0, 0, 3.48%, 5, 0, 1, 1194.87
1494411555, 16, 220, 239, 0, 0, 3.48%, 5, 0, 1, 1251.85
1494411560, 16, 235, 239, 0, 0, 3.48%, 5, 0, 1, 1284.19
1494411566, 17, 7, 239, 0, 0, 3.48%, 5, 0, 1, 1313.55
1494411571, 17, 14, 239, 0, 0, 3.48%, 5, 0, 1, 201.67
1494411576, 17, 19, 239, 0, 0, 3.48%, 5, 0, 1, 1197.38
1494411581, 17, 26, 239, 0, 0, 3.48%, 5, 0, 1, 164.97
1494411586, 17, 31, 239, 0, 0, 3.48%, 5, 0, 1, 230.40
1494411591, 17, 37, 239, 0, 0, 3.48%, 5, 0, 1, 1160.89
1494411596, 17, 41, 239, 0, 0, 3.48%, 5, 0, 1, 186.69
1494411601, 17, 44, 239, 0, 0, 3.48%, 5, 0, 1, 118.81
1494411606, 17, 48, 239, 0, 0, 3.48%, 5, 0, 1, 1189.34
1494411611, 17, 50, 239, 0, 0, 3.48%, 5, 0, 1, 198.00
1494411611, 17, 51, 239, 0, 0, 3.48%, 5, 0, 1, 0.00
1494411616, 17, 53, 239, 0, 0, 3.48%, 5, 0, 1, 244.32
1494411621, 17, 57, 239, 0, 0, 3.48%, 5, 0, 1, 1246.93
1494411626, 17, 60, 239, 0, 0, 3.48%, 5, 0, 1, 1207.34
1494411631, 17, 66, 239, 0, 0, 3.48%, 5, 0, 1, 1290.73
1494411636, 17, 69, 239, 0, 0, 3.48%, 5, 0, 1, 1073.10
1494411641, 17, 72, 239, 0, 0, 3.48%, 5, 0, 1, 1108.33
1494411646, 17, 75, 239, 0, 0, 3.48%, 5, 0, 1, 1393.66
1494411651, 17, 84, 239, 0, 0, 3.48%, 5, 0, 1, 1116.45
1494411656, 17, 88, 239, 0, 0, 3.48%, 5, 0, 1, 1140.83
1494411662, 17, 93, 239, 0, 0, 3.48%, 5, 0, 1, 1126.82
1494411667, 17, 100, 239, 0, 0, 3.48%, 5, 0, 1, 1280.01
1494411672, 17, 110, 239, 0, 0, 3.48%, 5, 0, 1, 1266.82
1494411677, 17, 116, 239, 0, 0, 3.48%, 5, 0, 1, 1148.71
1494411682, 17, 121, 239, 0, 0, 3.48%, 5, 0, 1, 1225.90
1494411687, 17, 124, 239, 0, 0, 3.48%, 5, 0, 1, 1269.07
1494411692, 17, 130, 239, 0, 0, 3.48%, 5, 0, 1, 1190.96
1494411697, 17, 134, 239, 0, 0, 3.48%, 5, 0, 1, 1325.56
1494411702, 17, 139, 239, 0, 0, 3.48%, 5, 0, 1, 1288.57
1494411707, 17, 142, 239, 0, 0, 3.48%, 5, 0, 1, 1310.87
1494411712, 17, 148, 239, 0, 0, 3.48%, 5, 0, 1, 1250.31
1494411718, 17, 155, 239, 0, 0, 3.48%, 5, 0, 1, 1195.25
1494411723, 17, 158, 239, 0, 0, 3.48%, 5, 0, 1, 1243.66
1494411728, 17, 163, 239, 0, 0, 3.48%, 5, 0, 1, 1177.65
1494411733, 17, 171, 239, 0, 0, 3.48%, 5, 0, 1, 1335.56
1494411738, 17, 175, 239, 0, 0, 3.48%, 5, 0, 1, 1237.13
1494411743, 17, 179, 239, 0, 0, 3.48%, 5, 0, 1, 1290.81
1494411748, 17, 191, 239, 0, 0, 3.48%, 5, 0, 1, 1298.37
1494411753, 17, 198, 239, 0, 0, 3.48%, 5, 0, 1, 1277.29
1494411759, 17, 204, 239, 0, 0, 3.48%, 5, 0, 1, 1281.54
1494411764, 17, 213, 239, 0, 0, 3.48%, 5, 0, 1, 1241.09
1494411769, 17, 226, 239, 0, 0, 3.48%, 5, 0, 1, 1275.36
1494411774, 17, 235, 239, 0, 0, 3.48%, 5, 0, 1, 1278.58
1494411779, 18, 4, 239, 0, 0, 3.48%, 5, 0, 1, 1192.99
1494411784, 18, 12, 239, 0, 0, 3.48%, 5, 0, 1, 1316.36
1494411789, 18, 18, 239, 0, 0, 3.48%, 5, 0, 1, 1295.39
1494411794, 18, 26, 239, 0, 0, 3.48%, 5, 0, 1, 1246.72
1494411799, 18, 31, 239, 0, 0, 3.48%, 5, 0, 1, 1289.66
1494411805, 18, 37, 239, 0, 0, 3.48%, 5, 0, 1, 1290.97
1494411810, 18, 41, 239, 0, 0, 3.48%, 5, 0, 1, 1242.79
1494411815, 18, 44, 239, 0, 0, 3.48%, 5, 0, 1, 1265.75
1494411820, 18, 48, 239, 0, 0, 3.48%, 5, 0, 1, 1240.81
1494411825, 18, 51, 239, 0, 0, 3.48%, 5, 0, 1, 1260.06
1494411830, 18, 54, 239, 0, 0, 3.48%, 5, 0, 1, 1258.60
1494411835, 18, 57, 239, 0, 0, 3.48%, 5, 0, 1, 1262.97
1494411841, 18, 61, 239, 0, 0, 3.48%, 5, 0, 1, 1189.89
1494411846, 18, 67, 239, 0, 0, 3.48%, 5, 0, 1, 179.00
1494411851, 18, 70, 239, 0, 0, 3.48%, 5, 0, 1, 222.91
1494411856, 18, 72, 239, 0, 0, 3.48%, 5, 0, 1, 1175.68
1494411861, 18, 75, 239, 0, 0, 3.48%, 5, 0, 1, 1249.24
1494411866, 18, 84, 239, 0, 0, 3.48%, 5, 0, 1, 219.51
1494411871, 18, 88, 239, 0, 0, 3.48%, 5, 0, 1, 1245.92
1494411876, 18, 94, 239, 0, 0, 3.48%, 5, 0, 1, 578.48
1494411881, 18, 102, 239, 0, 0, 3.48%, 5, 0, 1, 1131.95
1494411886, 18, 110, 239, 0, 0, 3.48%, 5, 0, 1, 772.38
1494411891, 18, 114, 239, 0, 0, 3.48%, 5, 0, 1, 1081.44
1494411897, 18, 120, 239, 0, 0, 3.48%, 5, 0, 1, 1227.84
1494411902, 18, 124, 239, 0, 0, 3.48%, 5, 0, 1, 1038.94
1494411907, 18, 128, 239, 0, 0, 3.48%, 5, 0, 1, 1116.89
1494411912, 18, 134, 239, 0, 0, 3.48%, 5, 0, 1, 1276.55
1494411917, 18, 138, 239, 0, 0, 3.48%, 5, 0, 1, 1272.98
1494411922, 18, 142, 239, 0, 0, 3.48%, 5, 0, 1, 1222.85
1494411927, 18, 151, 239, 0, 0, 3.48%, 5, 0, 1, 1251.32
1494411933, 18, 155, 239, 0, 0, 3.48%, 5, 0, 1, 1218.65
1494411938, 18, 159, 239, 0, 0, 3.48%, 5, 0, 1, 1315.98
1494411943, 18, 164, 239, 0, 0, 3.48%, 5, 0, 1, 1170.47
1494411948, 18, 171, 239, 0, 0, 3.48%, 5, 0, 1, 1225.66
1494411953, 18, 175, 239, 0, 0, 3.48%, 5, 0, 1, 1235.24
1494411958, 18, 181, 239, 0, 0, 3.48%, 5, 0, 1, 1251.43
1494411963, 18, 192, 239, 0, 0, 3.48%, 5, 0, 1, 1285.72
1494411968, 18, 199, 239, 0, 0, 3.48%, 5, 0, 1, 1284.10
1494411973, 18, 205, 239, 0, 0, 3.48%, 5, 0, 1, 1263.15
1494411979, 18, 214, 239, 0, 0, 3.48%, 5, 0, 1, 1220.40
1494411984, 18, 227, 239, 0, 0, 3.48%, 5, 0, 1, 1222.66
1494411989, 19, 0, 239, 0, 0, 3.48%, 5, 0, 1, 1269.26
1494411994, 19, 8, 239, 0, 0, 3.48%, 5, 0, 1, 1342.90
1494411999, 19, 15, 239, 0, 0, 3.48%, 5, 0, 1, 1300.96
1494412004, 19, 21, 239, 0, 0, 3.48%, 5, 0, 1, 1278.71
1494412009, 19, 28, 239, 0, 0, 3.48%, 5, 0, 1, 1282.33
1494412014, 19, 33, 239, 0, 0, 3.48%, 5, 0, 1, 1222.08
1494412019, 19, 38, 239, 0, 0, 3.48%, 5, 0, 1, 1270.59
1494412025, 19, 42, 239, 0, 0, 3.48%, 5, 0, 1, 1265.00
1494412030, 19, 45, 239, 0, 0, 3.48%, 5, 0, 1, 1266.22
1494412035, 19, 49, 239, 0, 0, 3.48%, 5, 0, 1, 1157.13
1494412040, 19, 52, 239, 0, 0, 3.48%, 5, 0, 1, 1229.82
1494412045, 19, 55, 239, 0, 0, 3.48%, 5, 0, 1, 1271.18
1494478626, 19, 57, 239, 0, 0, 3.48%, 5, 0, 1, 0.00
1494478631, 19, 58, 239, 0, 0, 3.48%, 5, 0, 1, 372.69
1494478636, 19, 59, 239, 0, 0, 3.48%, 5, 0, 1, 431.29
1494478640, 19, 60, 239, 0, 0, 3.48%, 5, 0, 1, 16.19
1494478645, 19, 61, 239, 0, 0, 3.48%, 5, 0, 1, 54.22
1494478650, 19, 62, 239, 0, 0, 3.48%, 5, 0, 1, 89.11
1494478655, 19, 67, 239, 0, 0, 3.48%, 5, 0, 1, 39.27
1494478660, 19, 70, 239, 0, 0, 3.48%, 5, 0, 1, 103.03
1494478665, 19, 72, 239, 0, 0, 3.48%, 5, 0, 1, 114.85
1494478670, 19, 74, 239, 0, 0, 3.48%, 5, 0, 1, 7.50
1494478675, 19, 76, 239, 0, 0, 3.48%, 5, 0, 1, 68.15
1494478680, 19, 84, 239, 0, 0, 3.48%, 5, 0, 1, 59.37
1494478685, 19, 87, 239, 0, 0, 3.48%, 5, 0, 1, 19.31
1494478690, 19, 90, 239, 0, 0, 3.48%, 5, 0, 1, 118.96
1494478689, 19, 91, 239, 0, 0, 3.48%, 5, 0, 1, 0.00
1494478695, 19, 95, 239, 0, 0, 3.48%, 5, 0, 1, 101.08
1494478694, 19, 96, 239, 0, 0, 3.48%, 5, 0, 1, 0.00
1494478700, 19, 104, 239, 0, 0, 3.48%, 5, 0, 1, 124.04
1494478699, 19, 105, 239, 0, 0, 3.48%, 5, 0, 1, 0.00
1494478705, 19, 110, 239, 0, 0, 3.48%, 5, 0, 1, 180.33
1494478710, 19, 111, 239, 0, 0, 3.48%, 5, 0, 1, 27.83
1494478715, 19, 118, 239, 0, 0, 3.48%, 5, 0, 1, 93.21
1494478720, 19, 122, 239, 0, 0, 3.48%, 5, 0, 1, 138.74
1494478725, 19, 126, 239, 0, 0, 3.48%, 5, 0, 1, 82.73
1494478730, 19, 130, 239, 0, 0, 3.48%, 5, 0, 1, 132.35
1494478735, 19, 135, 239, 0, 0, 3.48%, 5, 0, 1, 62.93
1494478740, 19, 138, 239, 0, 0, 3.48%, 5, 0, 1, 70.77
1494478745, 19, 141, 239, 0, 0, 3.48%, 5, 0, 1, 25.82
1494478750, 19, 146, 239, 0, 0, 3.48%, 5, 0, 1, 53.53
1494478755, 19, 153, 239, 0, 0, 3.48%, 5, 0, 1, 114.22
1494478760, 19, 156, 239, 0, 0, 3.48%, 5, 0, 1, 40.26
1494478765, 19, 159, 239, 0, 0, 3.48%, 5, 0, 1, 27.57
1494478770, 19, 163, 239, 0, 0, 3.48%, 5, 0, 1, 83.49
1494478775, 19, 170, 239, 0, 0, 3.48%, 5, 0, 1, 75.83
1494478780, 19, 173, 239, 0, 0, 3.48%, 5, 0, 1, 42.15
1494478785, 19, 178, 239, 0, 0, 3.48%, 5, 0, 1, 59.74
1494478790, 19, 183, 239, 0, 0, 3.48%, 5, 0, 1, 34.67
1494478795, 19, 195, 239, 0, 0, 3.48%, 5, 0, 1, 114.42
1494478800, 19, 198, 239, 0, 0, 3.48%, 5, 0, 1, 75.49
1494478805, 19, 202, 239, 0, 0, 3.48%, 5, 0, 1, 102.06
1494478810, 19, 205, 239, 0, 0, 3.48%, 5, 0, 1, 19.34
1494478815, 19, 211, 239, 0, 0, 3.48%, 5, 0, 1, 20.73
1494478820, 19, 217, 239, 0, 0, 3.48%, 5, 0, 1, 22.15
1494478825, 19, 227, 239, 0, 0, 3.48%, 5, 0, 1, 98.79
1494478831, 19, 235, 239, 0, 0, 3.48%, 5, 0, 1, 927.43
1494478836, 20, 6, 239, 0, 0, 3.48%, 5, 0, 1, 1018.26
1494478841, 20, 12, 239, 0, 0, 3.48%, 5, 0, 1, 940.93
1494478846, 20, 16, 239, 0, 0, 3.48%, 5, 0, 1, 1052.21
1494478851, 20, 21, 239, 0, 0, 3.48%, 5, 0, 1, 962.29
1494478856, 20, 27, 239, 0, 0, 3.48%, 5, 0, 1, 1107.34
1494478861, 20, 31, 239, 0, 0, 3.48%, 5, 0, 1, 1070.62
1494478866, 20, 35, 239, 0, 0, 3.48%, 5, 0, 1, 1037.54
