# unix_time, cycles_done, cur_path, paths_total, pending_total, pending_favs, map_size, unique_crashes, unique_hangs, max_depth, execs_per_sec
1495124069, 0, 0, 225, 225, 175, 3.25%, 0, 0, 1, 220.20
1495124074, 0, 0, 226, 225, 174, 3.25%, 0, 0, 1, 193.54
1495124115, 0, 1, 226, 225, 174, 3.25%, 0, 0, 1, 128.88
1495124120, 0, 2, 226, 224, 173, 3.25%, 0, 0, 1, 140.08
1495124125, 0, 3, 226, 223, 172, 3.25%, 0, 0, 1, 156.68
1495124136, 0, 5, 226, 221, 170, 3.25%, 0, 0, 1, 157.06
1495124141, 0, 6, 226, 220, 169, 3.25%, 0, 0, 1, 155.62
1495124146, 0, 9, 226, 218, 167, 3.25%, 0, 0, 1, 151.88
1495124151, 0, 12, 226, 216, 165, 3.25%, 0, 0, 1, 148.30
1495124166, 0, 14, 226, 214, 163, 3.25%, 0, 0, 1, 144.36
1495124172, 0, 16, 226, 212, 161, 3.25%, 0, 0, 1, 154.12
1495124177, 0, 17, 226, 211, 160, 3.25%, 0, 0, 1, 148.76
1495124182, 0, 19, 226, 209, 158, 3.25%, 0, 0, 1, 151.46
1495124187, 0, 21, 226, 207, 156, 3.25%, 0, 0, 1, 146.68
1495124192, 0, 23, 226, 205, 154, 3.25%, 0, 0, 1, 149.05
1495124207, 0, 25, 226, 203, 152, 3.25%, 0, 0, 1, 150.19
1495124212, 0, 26, 226, 202, 151, 3.25%, 0, 0, 1, 140.90
1495124217, 0, 27, 226, 201, 150, 3.25%, 0, 0, 1, 140.81
1495124223, 0, 30, 226, 198, 147, 3.25%, 0, 0, 1, 154.06
1495124228, 0, 32, 226, 196, 145, 3.25%, 0, 0, 1, 153.30
1495124233, 0, 33, 226, 195, 144, 3.25%, 0, 0, 1, 153.60
1495124243, 0, 34, 226, 194, 143, 3.25%, 0, 0, 1, 147.54
1495124253, 0, 36, 226, 193, 142, 3.25%, 0, 0, 1, 152.74
1495124258, 0, 37, 226, 192, 141, 3.25%, 0, 0, 1, 147.10
1495124263, 0, 38, 226, 191, 140, 3.25%, 0, 0, 1, 141.93
1495124269, 0, 40, 226, 190, 139, 3.25%, 0, 0, 1, 134.83
1495124274, 0, 41, 226, 189, 138, 3.25%, 0, 0, 1, 131.07
1495124289, 0, 42, 226, 188, 137, 3.25%, 0, 0, 1, 129.16
1495124294, 0, 44, 226, 187, 136, 3.25%, 0, 0, 1, 132.10
1495124320, 0, 46, 226, 185, 134, 3.25%, 0, 0, 1, 117.89
1495124325, 0, 47, 226, 184, 133, 3.25%, 0, 0, 1, 132.55
1495124340, 0, 48, 226, 183, 132, 3.25%, 0, 0, 1, 128.67
1495124355, 0, 49, 226, 182, 131, 3.25%, 0, 0, 1, 142.68
1495124360, 0, 50, 226, 181, 130, 3.25%, 0, 0, 1, 134.11
1495124376, 0, 51, 226, 180, 129, 3.25%, 0, 0, 1, 125.51
1495124381, 0, 54, 226, 179, 128, 3.25%, 0, 0, 1, 131.25
1495124386, 0, 55, 226, 178, 127, 3.25%, 0, 0, 1, 38.62
1495124411, 0, 56, 226, 177, 126, 3.25%, 0, 0, 1, 129.19
1495124416, 0, 57, 226, 176, 125, 3.25%, 0, 0, 1, 133.73
1495124432, 0, 60, 226, 175, 124, 3.25%, 0, 0, 1, 128.16
1495124437, 0, 61, 226, 174, 123, 3.25%, 0, 0, 1, 130.38
1495124452, 0, 63, 226, 173, 122, 3.25%, 0, 0, 1, 125.50
1495124468, 0, 66, 226, 172, 121, 3.25%, 0, 0, 1, 128.59
1495124483, 0, 67, 226, 171, 120, 3.25%, 0, 0, 1, 133.46
1495124498, 0, 69, 226, 170, 119, 3.25%, 0, 0, 1, 132.38
1495124503, 0, 73, 226, 168, 117, 3.25%, 0, 0, 1, 128.78
1495124523, 0, 75, 226, 166, 115, 3.25%, 0, 0, 1, 126.44
1495124539, 0, 76, 226, 165, 114, 3.25%, 0, 0, 1, 111.55
1495124554, 0, 77, 226, 164, 113, 3.25%, 0, 0, 1, 145.45
1495124569, 0, 78, 226, 163, 112, 3.25%, 0, 0, 1, 141.19
1495124574, 0, 80, 226, 162, 111, 3.25%, 0, 0, 1, 142.49
1495124580, 0, 81, 226, 161, 110, 3.25%, 0, 0, 1, 143.08
1495124590, 0, 84, 226, 160, 109, 3.25%, 0, 0, 1, 140.37
1495124595, 0, 85, 226, 159, 108, 3.25%, 0, 0, 1, 144.91
1495124611, 0, 87, 226, 158, 107, 3.25%, 0, 0, 1, 152.63
1495124621, 0, 88, 226, 157, 106, 3.25%, 0, 0, 1, 150.02
1495124626, 0, 89, 226, 156, 105, 3.25%, 0, 0, 1, 153.44
1495124641, 0, 91, 226, 154, 103, 3.25%, 0, 0, 1, 139.95
1495124662, 0, 92, 226, 153, 102, 3.25%, 0, 0, 1, 154.49
1495124667, 0, 94, 226, 152, 101, 3.25%, 0, 0, 1, 141.52
1495124682, 0, 95, 226, 151, 100, 3.25%, 0, 0, 1, 143.21
1495124687, 0, 97, 226, 150, 99, 3.25%, 0, 0, 1, 139.37
1495124692, 0, 100, 226, 148, 97, 3.25%, 0, 0, 1, 145.42
1495124708, 0, 101, 226, 147, 96, 3.25%, 0, 0, 1, 140.11
1495124713, 0, 102, 226, 146, 95, 3.25%, 0, 0, 1, 141.19
1495124728, 0, 103, 226, 145, 94, 3.25%, 0, 0, 1, 152.32
1495124733, 0, 104, 226, 144, 93, 3.25%, 0, 0, 1, 144.78
1495124743, 0, 105, 226, 143, 92, 3.25%, 0, 0, 1, 138.29
1495124749, 0, 106, 226, 142, 91, 3.25%, 0, 0, 1, 134.93
1495124764, 0, 109, 226, 140, 89, 3.25%, 0, 0, 1, 134.28
1495124779, 0, 110, 226, 139, 88, 3.25%, 0, 0, 1, 145.22
1495124784, 0, 111, 226, 138, 87, 3.25%, 0, 0, 1, 126.08
1495124789, 0, 112, 226, 137, 86, 3.25%, 0, 0, 1, 130.19
1495124805, 0, 113, 226, 136, 85, 3.25%, 0, 0, 1, 129.84
1495124810, 0, 114, 226, 135, 84, 3.25%, 0, 0, 1, 134.22
1495124815, 0, 116, 226, 133, 82, 3.25%, 0, 0, 1, 126.95
1495124820, 0, 117, 226, 132, 81, 3.25%, 0, 0, 1, 125.81
1495124825, 0, 118, 226, 131, 80, 3.25%, 0, 0, 1, 126.90
1495124830, 0, 119, 226, 130, 79, 3.25%, 0, 0, 1, 124.09
1495124846, 0, 120, 226, 129, 78, 3.25%, 0, 0, 1, 129.11
1495124851, 0, 121, 226, 128, 77, 3.25%, 0, 0, 1, 124.72
1495124866, 0, 123, 226, 126, 75, 3.25%, 0, 0, 1, 127.18
1495124887, 0, 125, 226, 125, 74, 3.25%, 0, 0, 1, 125.00
1495124902, 0, 127, 226, 124, 73, 3.25%, 0, 0, 1, 120.65
1495124928, 0, 131, 226, 123, 72, 3.25%, 0, 0, 1, 136.01
1495124943, 0, 132, 226, 122, 71, 3.25%, 0, 0, 1, 119.60
1495124948, 0, 133, 226, 121, 70, 3.25%, 0, 0, 1, 129.14
1495124953, 0, 135, 226, 120, 69, 3.25%, 0, 0, 1, 138.80
1495124958, 0, 137, 226, 119, 68, 3.25%, 0, 0, 1, 118.53
1495124974, 0, 138, 226, 118, 67, 3.25%, 0, 0, 1, 129.98
1495124979, 0, 139, 226, 117, 66, 3.25%, 0, 0, 1, 124.02
1495124984, 0, 140, 226, 116, 65, 3.25%, 0, 0, 1, 118.72
1495125000, 0, 141, 226, 115, 64, 3.25%, 0, 0, 1, 133.00
1495125005, 0, 142, 226, 114, 63, 3.25%, 0, 0, 1, 129.17
1495125020, 0, 144, 226, 112, 61, 3.25%, 0, 0, 1, 130.33
1495125035, 0, 147, 226, 111, 60, 3.25%, 0, 0, 1, 141.10
1495125061, 0, 148, 226, 110, 59, 3.25%, 0, 0, 1, 150.18
1495125066, 0, 149, 226, 109, 58, 3.25%, 0, 0, 1, 137.00
1495125076, 0, 151, 226, 108, 57, 3.25%, 0, 0, 1, 146.86
1495125081, 0, 153, 226, 106, 55, 3.25%, 0, 0, 1, 140.30
1495125096, 0, 154, 226, 105, 54, 3.25%, 0, 0, 1, 151.12
1495125101, 0, 155, 226, 104, 53, 3.25%, 0, 0, 1, 143.21
1495125117, 0, 157, 226, 102, 51, 3.25%, 0, 0, 1, 155.69
1495125132, 0, 160, 226, 100, 49, 3.25%, 0, 0, 1, 146.09
1495125153, 0, 161, 226, 99, 48, 3.25%, 0, 0, 1, 148.49
1495125158, 0, 162, 226, 98, 47, 3.25%, 0, 0, 1, 150.01
1495125174, 0, 164, 226, 97, 46, 3.25%, 0, 0, 1, 146.76
1495125189, 0, 165, 226, 96, 45, 3.25%, 0, 0, 1, 138.76
1495125204, 0, 166, 226, 95, 44, 3.25%, 0, 0, 1, 141.76
1495125214, 0, 167, 226, 94, 43, 3.25%, 0, 0, 1, 143.63
1495125219, 0, 168, 226, 93, 42, 3.25%, 0, 0, 1, 142.67
1495125235, 0, 169, 226, 92, 41, 3.25%, 0, 0, 1, 146.77
1495125240, 0, 170, 226, 91, 40, 3.25%, 0, 0, 1, 136.46
1495125245, 0, 171, 226, 90, 39, 3.25%, 0, 0, 1, 155.56
1495125261, 0, 173, 226, 88, 37, 3.25%, 0, 0, 1, 145.50
1495125286, 0, 176, 226, 86, 35, 3.25%, 0, 0, 1, 133.60
1495125312, 0, 178, 226, 84, 33, 3.25%, 0, 0, 1, 135.81
1495125327, 0, 179, 226, 83, 32, 3.25%, 0, 0, 1, 138.64
1495125332, 0, 181, 226, 82, 31, 3.25%, 0, 0, 1, 137.41
1495125337, 0, 182, 226, 81, 30, 3.25%, 0, 0, 1, 130.33
1495125353, 0, 183, 226, 80, 29, 3.25%, 0, 0, 1, 120.66
1495125358, 0, 184, 226, 79, 28, 3.25%, 0, 0, 1, 132.49
1495125373, 0, 185, 226, 78, 27, 3.25%, 0, 0, 1, 130.15
1495125378, 0, 186, 226, 77, 26, 3.25%, 0, 0, 1, 131.08
1495125394, 0, 187, 226, 76, 25, 3.25%, 0, 0, 1, 142.82
1495125399, 0, 188, 226, 75, 24, 3.25%, 0, 0, 1, 130.40
1495125414, 0, 189, 226, 74, 23, 3.25%, 0, 0, 1, 128.40
1495125419, 0, 190, 226, 73, 22, 3.25%, 0, 0, 1, 129.02
1495125440, 0, 191, 226, 72, 21, 3.25%, 0, 0, 1, 130.18
1495125455, 0, 194, 226, 71, 20, 3.25%, 0, 0, 1, 124.18
1495125460, 0, 195, 226, 70, 19, 3.25%, 0, 0, 1, 123.73
1495125465, 0, 197, 226, 69, 18, 3.25%, 0, 0, 1, 122.82
1495125481, 0, 198, 226, 68, 17, 3.25%, 0, 0, 1, 129.45
1495125486, 0, 200, 226, 67, 16, 3.25%, 0, 0, 1, 127.44
1495125491, 0, 201, 226, 66, 15, 3.25%, 0, 0, 1, 128.68
1495125506, 0, 203, 226, 64, 13, 3.25%, 0, 0, 1, 134.39
1495125522, 0, 204, 226, 63, 12, 3.25%, 0, 0, 1, 123.00
1495125527, 0, 205, 226, 62, 11, 3.25%, 0, 0, 1, 148.06
1495125537, 0, 206, 226, 61, 10, 3.25%, 0, 0, 1, 152.79
1495125542, 0, 207, 226, 60, 9, 3.25%, 0, 0, 1, 146.95
1495125558, 0, 209, 226, 58, 7, 3.25%, 0, 0, 1, 142.87
1495125573, 0, 210, 226, 57, 6, 3.25%, 0, 0, 1, 145.24
1495125578, 0, 212, 226, 56, 5, 3.25%, 0, 0, 1, 152.38
1495125593, 0, 214, 226, 55, 4, 3.25%, 0, 0, 1, 142.68
1495125604, 0, 216, 226, 54, 3, 3.25%, 0, 0, 1, 145.41
1495125619, 0, 218, 226, 53, 2, 3.25%, 0, 0, 1, 128.41
1495125629, 0, 224, 226, 52, 1, 3.25%, 0, 0, 1, 145.11
1495125650, 1, 0, 226, 51, 0, 3.25%, 0, 0, 1, 147.33
1495125655, 1, 1, 226, 51, 0, 3.25%, 0, 0, 1, 141.14
1495125660, 1, 3, 226, 51, 0, 3.25%, 0, 0, 1, 155.45
1495125671, 1, 4, 226, 51, 0, 3.25%, 0, 0, 1, 153.57
1495125676, 1, 5, 226, 51, 0, 3.25%, 0, 0, 1, 144.99
1495125681, 1, 8, 226, 51, 0, 3.25%, 0, 0, 1, 139.18
1495125686, 1, 10, 226, 51, 0, 3.25%, 0, 0, 1, 148.42
1495125691, 1, 11, 226, 51, 0, 3.25%, 0, 0, 1, 145.07
1495125696, 1, 12, 226, 50, 0, 3.25%, 0, 0, 1, 139.07
1495125706, 1, 14, 226, 50, 0, 3.25%, 0, 0, 1, 160.65
1495125711, 1, 16, 226, 50, 0, 3.25%, 0, 0, 1, 143.52
1495125717, 1, 17, 226, 50, 0, 3.25%, 0, 0, 1, 150.43
1495125722, 1, 19, 226, 50, 0, 3.25%, 0, 0, 1, 153.26
1495125727, 1, 21, 226, 50, 0, 3.25%, 0, 0, 1, 145.27
1495125732, 1, 23, 226, 50, 0, 3.25%, 0, 0, 1, 155.90
1495125742, 1, 24, 226, 50, 0, 3.25%, 0, 0, 1, 142.21
1495125747, 1, 25, 226, 50, 0, 3.25%, 0, 0, 1, 149.42
1495125752, 1, 26, 226, 50, 0, 3.25%, 0, 0, 1, 142.55
1495125757, 1, 29, 226, 50, 0, 3.25%, 0, 0, 1, 145.79
1495125762, 1, 30, 226, 50, 0, 3.25%, 0, 0, 1, 153.57
1495125768, 1, 32, 226, 50, 0, 3.25%, 0, 0, 1, 139.08
1495125773, 1, 33, 226, 50, 0, 3.25%, 0, 0, 1, 127.38
1495125783, 1, 34, 226, 50, 0, 3.25%, 0, 0, 1, 145.29
1495125798, 1, 36, 226, 50, 0, 3.25%, 0, 0, 1, 126.70
1495125803, 1, 37, 226, 50, 0, 3.25%, 0, 0, 1, 137.06
1495125808, 1, 38, 226, 50, 0, 3.25%, 0, 0, 1, 131.59
1495125813, 1, 40, 226, 50, 0, 3.25%, 0, 0, 1, 134.80
1495125818, 1, 41, 226, 50, 0, 3.25%, 0, 0, 1, 131.81
1495125834, 1, 44, 226, 50, 0, 3.25%, 0, 0, 1, 126.28
1495125859, 1, 45, 226, 50, 0, 3.25%, 0, 0, 1, 126.28
1495125864, 1, 46, 226, 50, 0, 3.25%, 0, 0, 1, 117.95
1495125870, 1, 47, 226, 50, 0, 3.25%, 0, 0, 1, 124.09
1495125885, 1, 48, 226, 50, 0, 3.25%, 0, 0, 1, 137.37
1495125900, 1, 49, 226, 50, 0, 3.25%, 0, 0, 1, 130.41
1495125905, 1, 50, 226, 50, 0, 3.25%, 0, 0, 1, 136.59
1495125921, 1, 51, 226, 50, 0, 3.25%, 0, 0, 1, 135.47
1495125926, 1, 54, 226, 50, 0, 3.25%, 0, 0, 1, 126.92
1495125931, 1, 55, 226, 50, 0, 3.25%, 0, 0, 1, 113.67
1495125957, 1, 56, 226, 50, 0, 3.25%, 0, 0, 1, 128.89
1495125962, 1, 57, 226, 50, 0, 3.25%, 0, 0, 1, 134.82
1495125977, 1, 58, 226, 50, 0, 3.25%, 0, 0, 1, 142.21
1495125982, 1, 59, 226, 49, 0, 3.25%, 0, 0, 1, 127.88
1495125997, 1, 60, 226, 48, 0, 3.25%, 0, 0, 1, 128.71
1495126002, 1, 61, 226, 48, 0, 3.25%, 0, 0, 1, 126.86
1495126018, 1, 63, 226, 48, 0, 3.25%, 0, 0, 1, 140.47
1495126033, 1, 66, 226, 48, 0, 3.25%, 0, 0, 1, 163.56
1495126043, 1, 67, 226, 48, 0, 3.25%, 0, 0, 1, 140.72
1495126059, 1, 69, 226, 48, 0, 3.25%, 0, 0, 1, 153.29
1495126064, 1, 73, 226, 48, 0, 3.25%, 0, 0, 1, 155.24
1495126080, 1, 74, 226, 48, 0, 3.25%, 0, 0, 1, 151.42
1495126085, 1, 75, 226, 48, 0, 3.25%, 0, 0, 1, 143.07
1495126100, 1, 76, 226, 48, 0, 3.25%, 0, 0, 1, 137.58
1495126110, 1, 77, 226, 48, 0, 3.25%, 0, 0, 1, 146.00
1495126125, 1, 78, 226, 48, 0, 3.25%, 0, 0, 1, 159.10
1495126131, 1, 79, 226, 48, 0, 3.25%, 0, 0, 1, 157.14
1495126136, 1, 81, 226, 47, 0, 3.25%, 0, 0, 1, 152.72
1495126151, 1, 82, 226, 47, 0, 3.25%, 0, 0, 1, 133.16
1495126156, 1, 85, 226, 46, 0, 3.25%, 0, 0, 1, 142.18
1495126172, 1, 87, 226, 46, 0, 3.25%, 0, 0, 1, 144.67
1495126187, 1, 88, 226, 46, 0, 3.25%, 0, 0, 1, 146.34
1495126192, 1, 89, 226, 46, 0, 3.25%, 0, 0, 1, 144.69
1495126202, 1, 90, 226, 46, 0, 3.25%, 0, 0, 1, 146.45
1495126207, 1, 91, 226, 46, 0, 3.25%, 0, 0, 1, 151.85
1495126228, 1, 92, 226, 46, 0, 3.25%, 0, 0, 1, 149.46
1495126233, 1, 94, 226, 46, 0, 3.25%, 0, 0, 1, 152.00
1495126243, 1, 95, 226, 46, 0, 3.25%, 0, 0, 1, 148.27
1495126249, 1, 97, 226, 46, 0, 3.25%, 0, 0, 1, 166.23
1495126254, 1, 99, 226, 46, 0, 3.25%, 0, 0, 1, 149.12
1495126259, 1, 100, 226, 46, 0, 3.25%, 0, 0, 1, 139.13
1495126274, 1, 101, 226, 46, 0, 3.25%, 0, 0, 1, 123.72
1495126279, 1, 102, 226, 46, 0, 3.25%, 0, 0, 1, 128.50
1495126294, 1, 103, 226, 46, 0, 3.25%, 0, 0, 1, 129.77
1495126300, 1, 104, 226, 46, 0, 3.25%, 0, 0, 1, 136.68
1495126310, 1, 105, 226, 46, 0, 3.25%, 0, 0, 1, 142.23
1495126315, 1, 106, 226, 46, 0, 3.25%, 0, 0, 1, 138.42
1495126330, 1, 109, 226, 46, 0, 3.25%, 0, 0, 1, 133.50
1495126346, 1, 110, 226, 46, 0, 3.25%, 0, 0, 1, 126.21
1495126351, 1, 111, 226, 46, 0, 3.25%, 0, 0, 1, 129.01
1495126356, 1, 112, 226, 46, 0, 3.25%, 0, 0, 1, 126.63
1495126371, 1, 113, 226, 46, 0, 3.25%, 0, 0, 1, 134.31
1495126376, 1, 114, 226, 46, 0, 3.25%, 0, 0, 1, 135.04
1495126382, 1, 116, 226, 46, 0, 3.25%, 0, 0, 1, 130.92
1495126387, 1, 117, 226, 46, 0, 3.25%, 0, 0, 1, 127.19
1495126392, 1, 118, 226, 46, 0, 3.25%, 0, 0, 1, 126.21
1495126397, 1, 119, 226, 46, 0, 3.25%, 0, 0, 1, 122.35
1495126412, 1, 120, 226, 46, 0, 3.25%, 0, 0, 1, 135.10
1495126417, 1, 121, 226, 46, 0, 3.25%, 0, 0, 1, 136.27
1495126428, 1, 122, 226, 46, 0, 3.25%, 0, 0, 1, 132.39
1495126433, 1, 123, 226, 46, 0, 3.25%, 0, 0, 1, 128.39
1495126448, 1, 124, 226, 46, 0, 3.25%, 0, 0, 1, 123.98
1495126453, 1, 125, 226, 45, 0, 3.25%, 0, 0, 1, 132.40
1495126469, 1, 127, 226, 45, 0, 3.25%, 0, 0, 1, 138.24
1495126494, 1, 131, 226, 45, 0, 3.25%, 0, 0, 1, 134.25
1495126510, 1, 132, 226, 45, 0, 3.25%, 0, 0, 1, 136.06
1495126515, 1, 135, 226, 45, 0, 3.25%, 0, 0, 1, 138.83
1495126520, 1, 137, 226, 45, 0, 3.25%, 0, 0, 1, 148.94
1495126535, 1, 139, 226, 45, 0, 3.25%, 0, 0, 1, 137.64
1495126541, 1, 140, 226, 45, 0, 3.25%, 0, 0, 1, 138.26
1495126556, 1, 141, 226, 45, 0, 3.25%, 0, 0, 1, 142.96
1495126561, 1, 142, 226, 45, 0, 3.25%, 0, 0, 1, 163.84
1495126571, 1, 143, 226, 45, 0, 3.25%, 0, 0, 1, 157.88
1495126576, 1, 144, 226, 45, 0, 3.25%, 0, 0, 1, 143.86
1495126592, 1, 147, 226, 45, 0, 3.25%, 0, 0, 1, 167.19
1495126612, 1, 148, 226, 45, 0, 3.25%, 0, 0, 1, 151.01
1495126617, 1, 149, 226, 45, 0, 3.25%, 0, 0, 1, 142.24
1495126632, 1, 152, 226, 45, 0, 3.25%, 0, 0, 1, 136.26
1495126637, 1, 153, 226, 45, 0, 3.25%, 0, 0, 1, 143.36
1495126653, 1, 155, 226, 45, 0, 3.25%, 0, 0, 1, 146.13
1495126668, 1, 157, 226, 45, 0, 3.25%, 0, 0, 1, 152.27
1495126684, 1, 159, 226, 45, 0, 3.25%, 0, 0, 1, 145.86
1495126689, 1, 160, 226, 45, 0, 3.25%, 0, 0, 1, 140.53
1495126709, 1, 161, 226, 45, 0, 3.25%, 0, 0, 1, 150.47
1495126715, 1, 162, 226, 45, 0, 3.25%, 0, 0, 1, 146.09
1495126730, 1, 164, 226, 44, 0, 3.25%, 0, 0, 1, 151.79
1495126745, 1, 165, 226, 44, 0, 3.25%, 0, 0, 1, 152.30
1495126761, 1, 166, 226, 44, 0, 3.25%, 0, 0, 1, 144.03
1495126771, 1, 167, 226, 44, 0, 3.25%, 0, 0, 1, 138.24
1495126776, 1, 168, 226, 44, 0, 3.25%, 0, 0, 1, 120.99
1495126792, 1, 169, 226, 44, 0, 3.25%, 0, 0, 1, 131.49
1495126797, 1, 170, 226, 44, 0, 3.25%, 0, 0, 1, 121.22
1495126802, 1, 171, 226, 44, 0, 3.25%, 0, 0, 1, 125.25
1495126817, 1, 172, 226, 44, 0, 3.25%, 0, 0, 1, 133.13
1495126822, 1, 173, 226, 44, 0, 3.25%, 0, 0, 1, 133.87
1495126843, 1, 174, 226, 44, 0, 3.25%, 0, 0, 1, 139.49
1495126848, 1, 175, 226, 44, 0, 3.25%, 0, 0, 1, 129.28
1495126863, 1, 176, 226, 43, 0, 3.25%, 0, 0, 1, 118.88
1495126889, 1, 177, 226, 43, 0, 3.25%, 0, 0, 1, 121.96
1495126894, 1, 178, 226, 43, 0, 3.25%, 0, 0, 1, 129.11
1495126909, 1, 179, 226, 43, 0, 3.25%, 0, 0, 1, 128.33
1495126914, 1, 180, 226, 43, 0, 3.25%, 0, 0, 1, 141.45
1495126919, 1, 181, 226, 42, 0, 3.25%, 0, 0, 1, 130.54
1495126925, 1, 182, 226, 42, 0, 3.25%, 0, 0, 1, 125.51
1495126940, 1, 183, 226, 42, 0, 3.25%, 0, 0, 1, 123.68
1495126945, 1, 184, 226, 42, 0, 3.25%, 0, 0, 1, 124.43
1495126955, 1, 185, 226, 42, 0, 3.25%, 0, 0, 1, 133.20
1495126960, 1, 186, 226, 42, 0, 3.25%, 0, 0, 1, 132.66
1495126976, 1, 187, 226, 42, 0, 3.25%, 0, 0, 1, 124.41
1495126981, 1, 188, 226, 42, 0, 3.25%, 0, 0, 1, 125.80
1495126996, 1, 189, 226, 42, 0, 3.25%, 0, 0, 1, 132.29
1495127001, 1, 190, 226, 42, 0, 3.25%, 0, 0, 1, 141.71
1495127022, 1, 191, 226, 42, 0, 3.25%, 0, 0, 1, 150.99
1495127037, 1, 195, 226, 42, 0, 3.25%, 0, 0, 1, 152.02
1495127042, 1, 197, 226, 42, 0, 3.25%, 0, 0, 1, 146.36
1495127058, 1, 198, 226, 42, 0, 3.25%, 0, 0, 1, 147.37
1495127063, 1, 201, 226, 42, 0, 3.25%, 0, 0, 1, 149.40
1495127078, 1, 202, 226, 42, 0, 3.25%, 0, 0, 1, 148.02
1495127084, 1, 203, 226, 42, 0, 3.25%, 0, 0, 1, 139.71
1495127094, 1, 204, 226, 42, 0, 3.25%, 0, 0, 1, 157.92
1495127099, 1, 205, 226, 42, 0, 3.25%, 0, 0, 1, 147.79
1495127114, 1, 207, 226, 42, 0, 3.25%, 0, 0, 1, 150.62
1495127129, 1, 208, 226, 42, 0, 3.25%, 0, 0, 1, 147.27
1495127134, 1, 209, 226, 42, 0, 3.25%, 0, 0, 1, 139.93
1495127145, 1, 210, 226, 42, 0, 3.25%, 0, 0, 1, 142.52
1495127150, 1, 212, 226, 41, 0, 3.25%, 0, 0, 1, 146.39
1495127165, 1, 213, 226, 41, 0, 3.25%, 0, 0, 1, 149.94
1495127170, 1, 214, 226, 40, 0, 3.25%, 0, 0, 1, 146.63
1495127181, 1, 216, 226, 40, 0, 3.25%, 0, 0, 1, 139.53
1495127186, 1, 218, 226, 40, 0, 3.25%, 0, 0, 1, 145.53
1495127191, 1, 220, 226, 40, 0, 3.25%, 0, 0, 1, 150.18
1495127201, 1, 223, 226, 38, 0, 3.25%, 0, 0, 1, 153.42
1495127206, 1, 224, 226, 37, 0, 3.25%, 0, 0, 1, 155.77
1495127226, 2, 0, 226, 37, 0, 3.25%, 0, 0, 1, 146.33
1495127232, 2, 1, 226, 37, 0, 3.25%, 0, 0, 1, 147.13
1495127237, 2, 3, 226, 37, 0, 3.25%, 0, 0, 1, 149.80
1495127252, 2, 4, 226, 37, 0, 3.25%, 0, 0, 1, 131.95
1495127257, 2, 5, 226, 37, 0, 3.25%, 0, 0, 1, 140.23
1495127262, 2, 8, 226, 37, 0, 3.25%, 0, 0, 1, 128.37
1495127267, 2, 9, 226, 37, 0, 3.25%, 0, 0, 1, 134.48
1495127273, 2, 12, 226, 37, 0, 3.25%, 0, 0, 1, 138.79
1495127288, 2, 14, 226, 37, 0, 3.25%, 0, 0, 1, 140.49
1495127293, 2, 16, 226, 37, 0, 3.25%, 0, 0, 1, 132.89
1495127298, 2, 17, 226, 37, 0, 3.25%, 0, 0, 1, 131.75
1495127303, 2, 19, 226, 37, 0, 3.25%, 0, 0, 1, 135.98
1495127308, 2, 21, 226, 37, 0, 3.25%, 0, 0, 1, 127.83
1495127314, 2, 22, 226, 37, 0, 3.25%, 0, 0, 1, 127.81
1495127319, 2, 23, 226, 37, 0, 3.25%, 0, 0, 1, 129.33
1495127334, 2, 25, 226, 37, 0, 3.25%, 0, 0, 1, 132.56
1495127339, 2, 26, 226, 37, 0, 3.25%, 0, 0, 1, 139.08
1495127344, 2, 27, 226, 37, 0, 3.25%, 0, 0, 1, 126.26
1495127350, 2, 29, 226, 37, 0, 3.25%, 0, 0, 1, 124.68
1495127355, 2, 31, 226, 37, 0, 3.25%, 0, 0, 1, 126.88
1495127360, 2, 32, 226, 37, 0, 3.25%, 0, 0, 1, 135.61
1495127365, 2, 33, 226, 37, 0, 3.25%, 0, 0, 1, 137.60
1495127370, 2, 34, 226, 37, 0, 3.25%, 0, 0, 1, 138.30
1495127385, 2, 35, 226, 37, 0, 3.25%, 0, 0, 1, 144.65
1495127390, 2, 36, 226, 36, 0, 3.25%, 0, 0, 1, 123.52
1495127395, 2, 37, 226, 36, 0, 3.25%, 0, 0, 1, 130.82
1495127401, 2, 38, 226, 36, 0, 3.25%, 0, 0, 1, 127.15
1495127406, 2, 40, 226, 36, 0, 3.25%, 0, 0, 1, 122.79
1495127416, 2, 41, 226, 36, 0, 3.25%, 0, 0, 1, 127.06
1495127431, 2, 44, 226, 36, 0, 3.25%, 0, 0, 1, 135.67
1495127452, 2, 45, 226, 36, 0, 3.25%, 0, 0, 1, 128.18
1495127457, 2, 46, 226, 36, 0, 3.25%, 0, 0, 1, 126.18
1495127462, 2, 47, 226, 36, 0, 3.25%, 0, 0, 1, 126.62
1495127477, 2, 48, 226, 36, 0, 3.25%, 0, 0, 1, 138.65
1495127498, 2, 50, 226, 36, 0, 3.25%, 0, 0, 1, 149.27
1495127513, 2, 51, 226, 36, 0, 3.25%, 0, 0, 1, 141.08
1495127518, 2, 54, 226, 36, 0, 3.25%, 0, 0, 1, 150.50
1495127523, 2, 55, 226, 36, 0, 3.25%, 0, 0, 1, 125.57
1495127544, 2, 56, 226, 36, 0, 3.25%, 0, 0, 1, 138.88
1495127549, 2, 57, 226, 36, 0, 3.25%, 0, 0, 1, 143.66
1495127564, 2, 60, 226, 36, 0, 3.25%, 0, 0, 1, 133.45
1495127569, 2, 61, 226, 36, 0, 3.25%, 0, 0, 1, 136.87
1495127580, 2, 63, 226, 36, 0, 3.25%, 0, 0, 1, 148.88
1495127595, 2, 66, 226, 36, 0, 3.25%, 0, 0, 1, 147.74
1495127611, 2, 67, 226, 36, 0, 3.25%, 0, 0, 1, 143.99
1495127626, 2, 68, 226, 36, 0, 3.25%, 0, 0, 1, 143.55
1495127631, 2, 69, 226, 35, 0, 3.25%, 0, 0, 1, 147.35
1495127637, 2, 71, 226, 35, 0, 3.25%, 0, 0, 1, 136.36
1495127642, 2, 73, 226, 34, 0, 3.25%, 0, 0, 1, 152.90
1495127657, 2, 74, 226, 34, 0, 3.25%, 0, 0, 1, 145.16
1495127662, 2, 75, 226, 34, 0, 3.25%, 0, 0, 1, 141.33
1495127678, 2, 76, 226, 34, 0, 3.25%, 0, 0, 1, 138.97
1495127688, 2, 77, 226, 34, 0, 3.25%, 0, 0, 1, 142.75
1495127703, 2, 78, 226, 34, 0, 3.25%, 0, 0, 1, 142.55
1495127708, 2, 80, 226, 34, 0, 3.25%, 0, 0, 1, 143.44
1495127713, 2, 81, 226, 34, 0, 3.25%, 0, 0, 1, 149.56
1495127723, 2, 84, 226, 34, 0, 3.25%, 0, 0, 1, 138.26
1495127728, 2, 85, 226, 34, 0, 3.25%, 0, 0, 1, 141.00
1495127744, 2, 86, 226, 34, 0, 3.25%, 0, 0, 1, 143.11
1495127749, 2, 87, 226, 33, 0, 3.25%, 0, 0, 1, 124.26
1495127764, 2, 88, 226, 33, 0, 3.25%, 0, 0, 1, 136.01
1495127770, 2, 89, 226, 33, 0, 3.25%, 0, 0, 1, 134.62
1495127785, 2, 90, 226, 33, 0, 3.25%, 0, 0, 1, 125.67
1495127790, 2, 91, 226, 33, 0, 3.25%, 0, 0, 1, 131.54
1495127811, 2, 92, 226, 33, 0, 3.25%, 0, 0, 1, 127.41
1495127816, 2, 94, 226, 33, 0, 3.25%, 0, 0, 1, 126.59
1495127831, 2, 95, 226, 33, 0, 3.25%, 0, 0, 1, 126.81
1495127836, 2, 97, 226, 33, 0, 3.25%, 0, 0, 1, 133.17
1495127841, 2, 99, 226, 33, 0, 3.25%, 0, 0, 1, 132.22
1495127846, 2, 100, 226, 33, 0, 3.25%, 0, 0, 1, 131.29
1495127861, 2, 101, 226, 33, 0, 3.25%, 0, 0, 1, 131.66
1495127867, 2, 102, 226, 33, 0, 3.25%, 0, 0, 1, 140.18
1495127882, 2, 104, 226, 33, 0, 3.25%, 0, 0, 1, 133.62
1495127903, 2, 106, 226, 33, 0, 3.25%, 0, 0, 1, 125.07
1495127918, 2, 107, 226, 33, 0, 3.25%, 0, 0, 1, 135.09
1495127923, 2, 109, 226, 33, 0, 3.25%, 0, 0, 1, 122.06
1495127939, 2, 110, 226, 33, 0, 3.25%, 0, 0, 1, 130.04
1495127944, 2, 112, 226, 33, 0, 3.25%, 0, 0, 1, 135.78
1495127964, 2, 113, 226, 33, 0, 3.25%, 0, 0, 1, 129.94
1495127969, 2, 115, 226, 33, 0, 3.25%, 0, 0, 1, 136.05
1495127974, 2, 117, 226, 33, 0, 3.25%, 0, 0, 1, 128.74
1495127985, 2, 118, 226, 33, 0, 3.25%, 0, 0, 1, 133.84
1495127990, 2, 119, 226, 33, 0, 3.25%, 0, 0, 1, 129.38
1495128005, 2, 121, 226, 33, 0, 3.25%, 0, 0, 1, 145.89
1495128021, 2, 123, 226, 33, 0, 3.25%, 0, 0, 1, 147.25
1495128036, 2, 125, 226, 33, 0, 3.25%, 0, 0, 1, 146.92
1495128052, 2, 127, 226, 33, 0, 3.25%, 0, 0, 1, 152.95
1495128072, 2, 131, 226, 33, 0, 3.25%, 0, 0, 1, 151.60
1495128088, 2, 132, 226, 33, 0, 3.25%, 0, 0, 1, 146.36
1495128093, 2, 133, 226, 33, 0, 3.25%, 0, 0, 1, 141.94
1495128098, 2, 137, 226, 33, 0, 3.25%, 0, 0, 1, 142.43
1495128113, 2, 139, 226, 33, 0, 3.25%, 0, 0, 1, 147.41
1495128118, 2, 140, 226, 33, 0, 3.25%, 0, 0, 1, 144.85
1495128134, 2, 142, 226, 33, 0, 3.25%, 0, 0, 1, 155.34
1495128149, 2, 144, 226, 33, 0, 3.25%, 0, 0, 1, 148.46
1495128164, 2, 147, 226, 33, 0, 3.25%, 0, 0, 1, 159.88
1495128185, 2, 148, 226, 33, 0, 3.25%, 0, 0, 1, 156.67
1495128190, 2, 149, 226, 33, 0, 3.25%, 0, 0, 1, 150.56
1495128205, 2, 152, 226, 33, 0, 3.25%, 0, 0, 1, 148.89
1495128210, 2, 153, 226, 33, 0, 3.25%, 0, 0, 1, 157.85
1495128226, 2, 155, 226, 33, 0, 3.25%, 0, 0, 1, 141.80
1495128236, 2, 156, 226, 33, 0, 3.25%, 0, 0, 1, 140.47
1495128241, 2, 157, 226, 33, 0, 3.25%, 0, 0, 1, 141.44
1495128256, 2, 159, 226, 33, 0, 3.25%, 0, 0, 1, 127.89
1495128261, 2, 160, 226, 33, 0, 3.25%, 0, 0, 1, 133.63
1495128281, 2, 161, 226, 33, 0, 3.25%, 0, 0, 1, 133.39
1495128287, 2, 162, 226, 33, 0, 3.25%, 0, 0, 1, 127.63
1495128302, 2, 164, 226, 33, 0, 3.25%, 0, 0, 1, 142.41
1495128322, 2, 165, 226, 33, 0, 3.25%, 0, 0, 1, 130.74
1495128338, 2, 166, 226, 33, 0, 3.25%, 0, 0, 1, 138.73
1495128348, 2, 167, 226, 33, 0, 3.25%, 0, 0, 1, 133.80
1495128353, 2, 168, 226, 33, 0, 3.25%, 0, 0, 1, 117.17
1495128369, 2, 169, 226, 33, 0, 3.25%, 0, 0, 1, 128.51
1495128374, 2, 170, 226, 33, 0, 3.25%, 0, 0, 1, 134.49
1495128379, 2, 171, 226, 33, 0, 3.25%, 0, 0, 1, 128.45
1495128394, 2, 172, 226, 33, 0, 3.25%, 0, 0, 1, 123.83
1495128399, 2, 173, 226, 33, 0, 3.25%, 0, 0, 1, 130.60
1495128420, 2, 174, 226, 33, 0, 3.25%, 0, 0, 1, 122.69
1495128425, 2, 176, 226, 33, 0, 3.25%, 0, 0, 1, 126.08
1495128450, 2, 178, 226, 33, 0, 3.25%, 0, 0, 1, 122.85
1495128466, 2, 179, 226, 33, 0, 3.25%, 0, 0, 1, 136.60
1495128471, 2, 181, 226, 33, 0, 3.25%, 0, 0, 1, 125.80
1495128476, 2, 182, 226, 33, 0, 3.25%, 0, 0, 1, 128.11
1495128492, 2, 183, 226, 33, 0, 3.25%, 0, 0, 1, 140.84
1495128497, 2, 184, 226, 33, 0, 3.25%, 0, 0, 1, 131.13
1495128512, 2, 186, 226, 33, 0, 3.25%, 0, 0, 1, 144.88
1495128528, 2, 187, 226, 33, 0, 3.25%, 0, 0, 1, 136.57
1495128533, 2, 188, 226, 33, 0, 3.25%, 0, 0, 1, 131.19
1495128548, 2, 190, 226, 33, 0, 3.25%, 0, 0, 1, 134.53
1495128574, 2, 191, 226, 33, 0, 3.25%, 0, 0, 1, 147.95
1495128589, 2, 195, 226, 33, 0, 3.25%, 0, 0, 1, 155.92
1495128594, 2, 197, 226, 33, 0, 3.25%, 0, 0, 1, 141.45
1495128610, 2, 198, 226, 33, 0, 3.25%, 0, 0, 1, 132.08
1495128615, 2, 199, 226, 33, 0, 3.25%, 0, 0, 1, 139.65
1495128625, 2, 200, 226, 32, 0, 3.25%, 0, 0, 1, 153.72
1495128630, 2, 201, 226, 32, 0, 3.25%, 0, 0, 1, 160.03
1495128646, 2, 203, 226, 32, 0, 3.25%, 0, 0, 1, 147.25
1495128661, 2, 204, 226, 32, 0, 3.25%, 0, 0, 1, 140.54
1495128666, 2, 205, 226, 32, 0, 3.25%, 0, 0, 1, 146.61
1495128676, 2, 206, 226, 32, 0, 3.25%, 0, 0, 1, 148.98
1495128681, 2, 207, 226, 32, 0, 3.25%, 0, 0, 1, 156.17
1495128697, 2, 209, 226, 32, 0, 3.25%, 0, 0, 1, 139.21
1495128712, 2, 210, 226, 32, 0, 3.25%, 0, 0, 1, 143.20
1495128717, 2, 212, 226, 32, 0, 3.25%, 0, 0, 1, 148.08
1495128732, 2, 214, 226, 32, 0, 3.25%, 0, 0, 1, 138.20
1495128748, 2, 215, 226, 32, 0, 3.25%, 0, 0, 1, 119.76
1495128764, 2, 216, 226, 31, 0, 3.25%, 0, 0, 1, 125.98
1495128769, 2, 218, 226, 31, 0, 3.25%, 0, 0, 1, 119.78
1495128779, 2, 224, 226, 31, 0, 3.25%, 0, 0, 1, 123.10
1495128805, 3, 1, 226, 31, 0, 3.25%, 0, 0, 1, 134.30
1495128810, 3, 2, 226, 31, 0, 3.25%, 0, 0, 1, 135.58
1495128815, 3, 3, 226, 31, 0, 3.25%, 0, 0, 1, 130.67
1495128825, 3, 4, 226, 31, 0, 3.25%, 0, 0, 1, 130.06
1495128830, 3, 5, 226, 31, 0, 3.25%, 0, 0, 1, 123.58
1495128835, 3, 6, 226, 31, 0, 3.25%, 0, 0, 1, 120.62
1495128840, 3, 9, 226, 31, 0, 3.25%, 0, 0, 1, 136.03
1495128845, 3, 10, 226, 31, 0, 3.25%, 0, 0, 1, 128.11
1495128851, 3, 12, 226, 31, 0, 3.25%, 0, 0, 1, 115.52
1495128861, 3, 13, 226, 31, 0, 3.25%, 0, 0, 1, 122.82
1495128866, 3, 14, 226, 31, 0, 3.25%, 0, 0, 1, 128.23
1495128871, 3, 16, 226, 31, 0, 3.25%, 0, 0, 1, 124.26
1495128876, 3, 17, 226, 31, 0, 3.25%, 0, 0, 1, 140.27
1495128882, 3, 19, 226, 31, 0, 3.25%, 0, 0, 1, 137.08
1495128887, 3, 21, 226, 31, 0, 3.25%, 0, 0, 1, 145.26
1495128892, 3, 23, 226, 31, 0, 3.25%, 0, 0, 1, 135.25
1495128908, 3, 25, 226, 31, 0, 3.25%, 0, 0, 1, 126.49
1495128913, 3, 26, 226, 31, 0, 3.25%, 0, 0, 1, 131.44
1495128923, 3, 29, 226, 31, 0, 3.25%, 0, 0, 1, 122.25
1495128928, 3, 30, 226, 31, 0, 3.25%, 0, 0, 1, 126.05
1495128933, 3, 32, 226, 31, 0, 3.25%, 0, 0, 1, 133.80
1495128938, 3, 33, 226, 31, 0, 3.25%, 0, 0, 1, 118.69
1495128949, 3, 34, 226, 31, 0, 3.25%, 0, 0, 1, 130.54
1495128964, 3, 36, 226, 31, 0, 3.25%, 0, 0, 1, 122.41
1495128969, 3, 37, 226, 31, 0, 3.25%, 0, 0, 1, 126.96
1495128974, 3, 38, 226, 31, 0, 3.25%, 0, 0, 1, 129.89
1495128984, 3, 40, 226, 31, 0, 3.25%, 0, 0, 1, 127.18
1495128989, 3, 41, 226, 31, 0, 3.25%, 0, 0, 1, 127.35
1495129005, 3, 43, 226, 31, 0, 3.25%, 0, 0, 1, 135.95
1495129010, 3, 44, 226, 30, 0, 3.25%, 0, 0, 1, 144.52
1495129031, 3, 46, 226, 30, 0, 3.25%, 0, 0, 1, 138.83
1495129036, 3, 47, 226, 30, 0, 3.25%, 0, 0, 1, 153.37
1495129051, 3, 48, 226, 30, 0, 3.25%, 0, 0, 1, 137.64
1495129066, 3, 49, 226, 30, 0, 3.25%, 0, 0, 1, 136.15
1495129072, 3, 50, 226, 30, 0, 3.25%, 0, 0, 1, 130.40
1495129087, 3, 51, 226, 30, 0, 3.25%, 0, 0, 1, 141.40
1495129092, 3, 54, 226, 30, 0, 3.25%, 0, 0, 1, 141.79
1495129097, 3, 55, 226, 30, 0, 3.25%, 0, 0, 1, 126.89
1495129118, 3, 56, 226, 30, 0, 3.25%, 0, 0, 1, 138.75
1495129123, 3, 57, 226, 30, 0, 3.25%, 0, 0, 1, 141.22
1495129138, 3, 60, 226, 30, 0, 3.25%, 0, 0, 1, 140.82
1495129143, 3, 61, 226, 30, 0, 3.25%, 0, 0, 1, 136.32
1495129158, 3, 63, 226, 30, 0, 3.25%, 0, 0, 1, 150.33
1495129174, 3, 65, 226, 30, 0, 3.25%, 0, 0, 1, 144.83
1495129184, 3, 66, 226, 29, 0, 3.25%, 0, 0, 1, 151.83
1495129200, 3, 67, 226, 29, 0, 3.25%, 0, 0, 1, 150.77
1495129215, 3, 69, 226, 29, 0, 3.25%, 0, 0, 1, 154.82
1495129220, 3, 73, 226, 29, 0, 3.25%, 0, 0, 1, 146.46
1495129231, 3, 74, 226, 29, 0, 3.25%, 0, 0, 1, 155.92
1495129236, 3, 75, 226, 29, 0, 3.25%, 0, 0, 1, 137.11
1495129251, 3, 76, 226, 29, 0, 3.25%, 0, 0, 1, 123.59
1495129267, 3, 77, 226, 29, 0, 3.25%, 0, 0, 1, 128.91
1495129282, 3, 78, 226, 29, 0, 3.25%, 0, 0, 1, 119.77
1495129287, 3, 80, 226, 29, 0, 3.25%, 0, 0, 1, 123.47
1495129292, 3, 81, 226, 29, 0, 3.25%, 0, 0, 1, 127.11
1495129307, 3, 85, 226, 29, 0, 3.25%, 0, 0, 1, 136.49
1495129328, 3, 87, 226, 29, 0, 3.25%, 0, 0, 1, 128.51
1495129344, 3, 89, 226, 29, 0, 3.25%, 0, 0, 1, 125.18
1495129364, 3, 91, 226, 29, 0, 3.25%, 0, 0, 1, 122.77
1495129390, 3, 92, 226, 29, 0, 3.25%, 0, 0, 1, 119.87
1495129395, 3, 93, 226, 29, 0, 3.25%, 0, 0, 1, 119.95
1495129400, 3, 94, 226, 28, 0, 3.25%, 0, 0, 1, 131.86
1495129410, 3, 95, 226, 28, 0, 3.25%, 0, 0, 1, 141.22
1495129420, 3, 99, 226, 28, 0, 3.25%, 0, 0, 1, 118.18
1495129425, 3, 100, 226, 28, 0, 3.25%, 0, 0, 1, 119.75
1495129441, 3, 101, 226, 28, 0, 3.25%, 0, 0, 1, 133.53
1495129446, 3, 102, 226, 28, 0, 3.25%, 0, 0, 1, 121.17
1495129466, 3, 104, 226, 28, 0, 3.25%, 0, 0, 1, 125.17
1495129487, 3, 106, 226, 28, 0, 3.25%, 0, 0, 1, 119.94
1495129503, 3, 109, 226, 28, 0, 3.25%, 0, 0, 1, 147.75
1495129518, 3, 110, 226, 28, 0, 3.25%, 0, 0, 1, 147.26
1495129523, 3, 112, 226, 28, 0, 3.25%, 0, 0, 1, 137.22
1495129538, 3, 113, 226, 28, 0, 3.25%, 0, 0, 1, 150.27
1495129543, 3, 114, 226, 28, 0, 3.25%, 0, 0, 1, 143.68
1495129548, 3, 116, 226, 28, 0, 3.25%, 0, 0, 1, 146.02
1495129554, 3, 117, 226, 28, 0, 3.25%, 0, 0, 1, 143.78
1495129559, 3, 118, 226, 28, 0, 3.25%, 0, 0, 1, 152.39
1495129564, 3, 119, 226, 28, 0, 3.25%, 0, 0, 1, 140.87
1495129579, 3, 121, 226, 28, 0, 3.25%, 0, 0, 1, 146.20
1495129595, 3, 122, 226, 28, 0, 3.25%, 0, 0, 1, 140.44
1495129600, 3, 123, 226, 28, 0, 3.25%, 0, 0, 1, 144.94
1495129610, 3, 125, 226, 28, 0, 3.25%, 0, 0, 1, 156.96
1495129625, 3, 127, 226, 28, 0, 3.25%, 0, 0, 1, 140.47
1495129646, 3, 131, 226, 28, 0, 3.25%, 0, 0, 1, 139.38
1495129656, 3, 132, 226, 28, 0, 3.25%, 0, 0, 1, 154.10
1495129661, 3, 133, 226, 28, 0, 3.25%, 0, 0, 1, 139.40
1495129666, 3, 134, 226, 28, 0, 3.25%, 0, 0, 1, 147.79
1495129687, 3, 135, 226, 27, 0, 3.25%, 0, 0, 1, 138.42
1495129692, 3, 137, 226, 27, 0, 3.25%, 0, 0, 1, 133.11
1495129707, 3, 139, 226, 27, 0, 3.25%, 0, 0, 1, 138.47
1495129712, 3, 140, 226, 27, 0, 3.25%, 0, 0, 1, 140.16
1495129728, 3, 141, 226, 27, 0, 3.25%, 0, 0, 1, 150.65
1495129733, 3, 142, 226, 27, 0, 3.25%, 0, 0, 1, 141.00
1495129748, 3, 143, 226, 27, 0, 3.25%, 0, 0, 1, 123.92
1495129754, 3, 144, 226, 27, 0, 3.25%, 0, 0, 1, 121.50
1495129769, 3, 147, 226, 27, 0, 3.25%, 0, 0, 1, 124.64
1495129795, 3, 148, 226, 27, 0, 3.25%, 0, 0, 1, 128.06
1495129800, 3, 149, 226, 27, 0, 3.25%, 0, 0, 1, 128.02
1495129815, 3, 151, 226, 27, 0, 3.25%, 0, 0, 1, 133.57
1495129820, 3, 152, 226, 27, 0, 3.25%, 0, 0, 1, 137.00
1495129826, 3, 153, 226, 27, 0, 3.25%, 0, 0, 1, 133.57
1495129841, 3, 155, 226, 27, 0, 3.25%, 0, 0, 1, 137.04
1495129856, 3, 157, 226, 27, 0, 3.25%, 0, 0, 1, 143.36
1495129877, 3, 160, 226, 27, 0, 3.25%, 0, 0, 1, 136.33
1495129903, 3, 161, 226, 27, 0, 3.25%, 0, 0, 1, 128.21
1495129908, 3, 162, 226, 27, 0, 3.25%, 0, 0, 1, 123.18
1495129923, 3, 164, 226, 27, 0, 3.25%, 0, 0, 1, 129.91
1495129939, 3, 165, 226, 27, 0, 3.25%, 0, 0, 1, 135.16
1495129954, 3, 166, 226, 27, 0, 3.25%, 0, 0, 1, 139.63
1495129969, 3, 168, 226, 27, 0, 3.25%, 0, 0, 1, 133.56
1495129990, 3, 170, 226, 27, 0, 3.25%, 0, 0, 1, 129.40
1495129995, 3, 171, 226, 27, 0, 3.25%, 0, 0, 1, 143.84
1495130010, 3, 173, 226, 27, 0, 3.25%, 0, 0, 1, 145.38
1495130031, 3, 174, 226, 27, 0, 3.25%, 0, 0, 1, 148.21
1495130036, 3, 176, 226, 27, 0, 3.25%, 0, 0, 1, 138.78
1495130057, 3, 178, 226, 27, 0, 3.25%, 0, 0, 1, 137.63
1495130073, 3, 179, 226, 27, 0, 3.25%, 0, 0, 1, 147.79
1495130078, 3, 181, 226, 27, 0, 3.25%, 0, 0, 1, 141.59
1495130083, 3, 182, 226, 27, 0, 3.25%, 0, 0, 1, 146.25
1495130098, 3, 184, 226, 27, 0, 3.25%, 0, 0, 1, 149.55
1495130114, 3, 185, 226, 27, 0, 3.25%, 0, 0, 1, 141.00
1495130119, 3, 186, 226, 27, 0, 3.25%, 0, 0, 1, 150.23
1495130134, 3, 188, 226, 27, 0, 3.25%, 0, 0, 1, 145.68
1495130150, 3, 189, 226, 27, 0, 3.25%, 0, 0, 1, 141.77
1495130155, 3, 190, 226, 27, 0, 3.25%, 0, 0, 1, 139.85
1495130175, 3, 191, 226, 27, 0, 3.25%, 0, 0, 1, 126.94
1495130191, 3, 192, 226, 27, 0, 3.25%, 0, 0, 1, 147.38
1495130196, 3, 195, 226, 26, 0, 3.25%, 0, 0, 1, 141.20
1495130201, 3, 197, 226, 26, 0, 3.25%, 0, 0, 1, 153.22
1495130216, 3, 198, 226, 26, 0, 3.25%, 0, 0, 1, 143.29
1495130221, 3, 201, 226, 26, 0, 3.25%, 0, 0, 1, 144.20
1495130237, 3, 202, 226, 26, 0, 3.25%, 0, 0, 1, 143.15
1495130242, 3, 203, 226, 26, 0, 3.25%, 0, 0, 1, 127.43
1495130257, 3, 205, 226, 26, 0, 3.25%, 0, 0, 1, 132.46
1495130278, 3, 206, 226, 26, 0, 3.25%, 0, 0, 1, 122.83
1495130283, 3, 207, 226, 26, 0, 3.25%, 0, 0, 1, 126.50
1495130298, 3, 209, 226, 26, 0, 3.25%, 0, 0, 1, 128.99
1495130319, 3, 212, 226, 26, 0, 3.25%, 0, 0, 1, 120.98
1495130334, 3, 214, 226, 26, 0, 3.25%, 0, 0, 1, 129.03
1495130349, 3, 216, 226, 26, 0, 3.25%, 0, 0, 1, 133.19
1495130354, 3, 218, 226, 26, 0, 3.25%, 0, 0, 1, 136.73
1495130365, 3, 224, 226, 26, 0, 3.25%, 0, 0, 1, 134.30
1495130385, 4, 0, 226, 26, 0, 3.25%, 0, 0, 1, 133.03
1495130390, 4, 1, 226, 26, 0, 3.25%, 0, 0, 1, 133.55
1495130395, 4, 3, 226, 26, 0, 3.25%, 0, 0, 1, 131.74
1495130410, 4, 4, 226, 26, 0, 3.25%, 0, 0, 1, 131.57
1495130416, 4, 5, 226, 26, 0, 3.25%, 0, 0, 1, 134.21
1495130421, 4, 8, 226, 26, 0, 3.25%, 0, 0, 1, 135.71
1495130426, 4, 9, 226, 26, 0, 3.25%, 0, 0, 1, 122.76
1495130431, 4, 12, 226, 26, 0, 3.25%, 0, 0, 1, 130.10
1495130446, 4, 14, 226, 26, 0, 3.25%, 0, 0, 1, 129.93
1495130452, 4, 15, 226, 26, 0, 3.25%, 0, 0, 1, 138.58
1495130457, 4, 17, 226, 26, 0, 3.25%, 0, 0, 1, 124.90
1495130462, 4, 19, 226, 26, 0, 3.25%, 0, 0, 1, 140.71
1495130467, 4, 20, 226, 26, 0, 3.25%, 0, 0, 1, 126.12
1495130472, 4, 21, 226, 26, 0, 3.25%, 0, 0, 1, 121.93
1495130477, 4, 23, 226, 26, 0, 3.25%, 0, 0, 1, 125.61
1495130493, 4, 25, 226, 26, 0, 3.25%, 0, 0, 1, 140.30
1495130498, 4, 26, 226, 26, 0, 3.25%, 0, 0, 1, 135.43
1495130503, 4, 27, 226, 26, 0, 3.25%, 0, 0, 1, 152.80
1495130508, 4, 29, 226, 26, 0, 3.25%, 0, 0, 1, 147.36
1495130513, 4, 31, 226, 26, 0, 3.25%, 0, 0, 1, 146.11
1495130518, 4, 33, 226, 26, 0, 3.25%, 0, 0, 1, 152.81
1495130528, 4, 34, 226, 26, 0, 3.25%, 0, 0, 1, 157.38
1495130539, 4, 36, 226, 26, 0, 3.25%, 0, 0, 1, 145.47
1495130544, 4, 37, 226, 26, 0, 3.25%, 0, 0, 1, 153.27
1495130549, 4, 38, 226, 26, 0, 3.25%, 0, 0, 1, 154.30
1495130554, 4, 40, 226, 26, 0, 3.25%, 0, 0, 1, 147.14
1495130559, 4, 41, 226, 26, 0, 3.25%, 0, 0, 1, 151.03
1495130574, 4, 44, 226, 26, 0, 3.25%, 0, 0, 1, 155.90
1495130595, 4, 45, 226, 26, 0, 3.25%, 0, 0, 1, 148.41
1495130600, 4, 47, 226, 26, 0, 3.25%, 0, 0, 1, 138.81
1495130615, 4, 48, 226, 26, 0, 3.25%, 0, 0, 1, 140.72
1495130631, 4, 49, 226, 26, 0, 3.25%, 0, 0, 1, 145.67
1495130636, 4, 50, 226, 26, 0, 3.25%, 0, 0, 1, 140.38
1495130651, 4, 51, 226, 26, 0, 3.25%, 0, 0, 1, 141.15
1495130656, 4, 53, 226, 26, 0, 3.25%, 0, 0, 1, 152.40
1495130661, 4, 54, 226, 25, 0, 3.25%, 0, 0, 1, 138.09
1495130666, 4, 55, 226, 25, 0, 3.25%, 0, 0, 1, 124.01
1495130687, 4, 56, 226, 25, 0, 3.25%, 0, 0, 1, 143.11
1495130692, 4, 57, 226, 25, 0, 3.25%, 0, 0, 1, 141.13
1495130708, 4, 60, 226, 25, 0, 3.25%, 0, 0, 1, 136.01
1495130713, 4, 61, 226, 25, 0, 3.25%, 0, 0, 1, 144.52
1495130728, 4, 63, 226, 25, 0, 3.25%, 0, 0, 1, 147.63
1495130738, 4, 64, 226, 25, 0, 3.25%, 0, 0, 1, 135.42
1495130743, 4, 66, 226, 24, 0, 3.25%, 0, 0, 1, 130.45
1495130759, 4, 67, 226, 24, 0, 3.25%, 0, 0, 1, 135.72
1495130774, 4, 69, 226, 24, 0, 3.25%, 0, 0, 1, 135.79
1495130779, 4, 73, 226, 24, 0, 3.25%, 0, 0, 1, 129.68
1495130795, 4, 74, 226, 24, 0, 3.25%, 0, 0, 1, 127.85
1495130800, 4, 75, 226, 24, 0, 3.25%, 0, 0, 1, 135.58
1495130815, 4, 76, 226, 24, 0, 3.25%, 0, 0, 1, 118.59
1495130831, 4, 77, 226, 24, 0, 3.25%, 0, 0, 1, 124.15
1495130846, 4, 78, 226, 24, 0, 3.25%, 0, 0, 1, 130.43
1495130851, 4, 80, 226, 24, 0, 3.25%, 0, 0, 1, 116.28
1495130856, 4, 81, 226, 24, 0, 3.25%, 0, 0, 1, 120.28
1495130871, 4, 84, 226, 24, 0, 3.25%, 0, 0, 1, 119.17
1495130877, 4, 85, 226, 24, 0, 3.25%, 0, 0, 1, 120.49
1495130892, 4, 87, 226, 24, 0, 3.25%, 0, 0, 1, 124.97
1495130908, 4, 88, 226, 24, 0, 3.25%, 0, 0, 1, 126.11
1495130913, 4, 89, 226, 24, 0, 3.25%, 0, 0, 1, 125.97
1495130928, 4, 90, 226, 24, 0, 3.25%, 0, 0, 1, 122.37
1495130934, 4, 91, 226, 24, 0, 3.25%, 0, 0, 1, 128.98
1495130959, 4, 94, 226, 24, 0, 3.25%, 0, 0, 1, 122.02
1495130980, 4, 95, 226, 24, 0, 3.25%, 0, 0, 1, 130.23
1495130985, 4, 97, 226, 24, 0, 3.25%, 0, 0, 1, 140.95
1495130990, 4, 98, 226, 24, 0, 3.25%, 0, 0, 1, 148.46
1495131005, 4, 100, 226, 23, 0, 3.25%, 0, 0, 1, 150.17
1495131020, 4, 102, 226, 23, 0, 3.25%, 0, 0, 1, 164.73
1495131035, 4, 103, 226, 23, 0, 3.25%, 0, 0, 1, 150.83
1495131041, 4, 104, 226, 23, 0, 3.25%, 0, 0, 1, 154.40
1495131056, 4, 106, 226, 23, 0, 3.25%, 0, 0, 1, 146.03
1495131071, 4, 109, 226, 23, 0, 3.25%, 0, 0, 1, 149.96
1495131087, 4, 110, 226, 23, 0, 3.25%, 0, 0, 1, 137.40
1495131092, 4, 111, 226, 23, 0, 3.25%, 0, 0, 1, 137.85
1495131097, 4, 112, 226, 23, 0, 3.25%, 0, 0, 1, 146.18
1495131112, 4, 113, 226, 23, 0, 3.25%, 0, 0, 1, 156.58
1495131117, 4, 115, 226, 23, 0, 3.25%, 0, 0, 1, 151.42
1495131122, 4, 117, 226, 23, 0, 3.25%, 0, 0, 1, 150.15
1495131132, 4, 119, 226, 23, 0, 3.25%, 0, 0, 1, 144.31
1495131148, 4, 121, 226, 23, 0, 3.25%, 0, 0, 1, 142.09
1495131163, 4, 122, 226, 23, 0, 3.25%, 0, 0, 1, 150.63
1495131168, 4, 123, 226, 23, 0, 3.25%, 0, 0, 1, 145.41
1495131184, 4, 125, 226, 23, 0, 3.25%, 0, 0, 1, 138.17
1495131194, 4, 126, 226, 23, 0, 3.25%, 0, 0, 1, 156.66
1495131199, 4, 127, 226, 22, 0, 3.25%, 0, 0, 1, 154.31
1495131220, 4, 128, 226, 22, 0, 3.25%, 0, 0, 1, 152.44
1495131225, 4, 129, 226, 21, 0, 3.25%, 0, 0, 1, 142.81
1495131230, 4, 131, 226, 20, 0, 3.25%, 0, 0, 1, 127.51
1495131240, 4, 132, 226, 20, 0, 3.25%, 0, 0, 1, 123.77
1495131245, 4, 133, 226, 20, 0, 3.25%, 0, 0, 1, 124.04
1495131250, 4, 135, 226, 20, 0, 3.25%, 0, 0, 1, 127.10
1495131255, 4, 137, 226, 20, 0, 3.25%, 0, 0, 1, 127.85
1495131270, 4, 138, 226, 20, 0, 3.25%, 0, 0, 1, 139.25
1495131275, 4, 139, 226, 20, 0, 3.25%, 0, 0, 1, 123.51
1495131280, 4, 140, 226, 20, 0, 3.25%, 0, 0, 1, 136.35
1495131296, 4, 142, 226, 20, 0, 3.25%, 0, 0, 1, 138.11
1495131316, 4, 144, 226, 20, 0, 3.25%, 0, 0, 1, 135.54
1495131331, 4, 146, 226, 20, 0, 3.25%, 0, 0, 1, 127.07
1495131336, 4, 147, 226, 19, 0, 3.25%, 0, 0, 1, 123.03
1495131362, 4, 148, 226, 19, 0, 3.25%, 0, 0, 1, 125.75
1495131367, 4, 149, 226, 19, 0, 3.25%, 0, 0, 1, 126.79
1495131383, 4, 151, 226, 18, 0, 3.25%, 0, 0, 1, 140.08
1495131388, 4, 153, 226, 18, 0, 3.25%, 0, 0, 1, 144.14
1495131408, 4, 155, 226, 18, 0, 3.25%, 0, 0, 1, 138.90
1495131423, 4, 157, 226, 18, 0, 3.25%, 0, 0, 1, 133.63
1495131439, 4, 159, 226, 18, 0, 3.25%, 0, 0, 1, 119.51
1495131444, 4, 160, 226, 18, 0, 3.25%, 0, 0, 1, 118.56
1495131470, 4, 161, 226, 18, 0, 3.25%, 0, 0, 1, 127.76
1495131475, 4, 162, 226, 18, 0, 3.25%, 0, 0, 1, 131.84
1495131490, 4, 164, 226, 18, 0, 3.25%, 0, 0, 1, 145.51
1495131505, 4, 165, 226, 18, 0, 3.25%, 0, 0, 1, 141.82
1495131516, 4, 166, 226, 18, 0, 3.25%, 0, 0, 1, 139.62
1495131531, 4, 167, 226, 18, 0, 3.25%, 0, 0, 1, 142.79
1495131536, 4, 168, 226, 18, 0, 3.25%, 0, 0, 1, 143.39
1495131551, 4, 170, 226, 18, 0, 3.25%, 0, 0, 1, 148.88
1495131557, 4, 171, 226, 18, 0, 3.25%, 0, 0, 1, 160.45
1495131572, 4, 173, 226, 18, 0, 3.25%, 0, 0, 1, 141.92
1495131592, 4, 174, 226, 18, 0, 3.25%, 0, 0, 1, 154.04
1495131597, 4, 176, 226, 18, 0, 3.25%, 0, 0, 1, 144.70
1495131618, 4, 178, 226, 18, 0, 3.25%, 0, 0, 1, 156.36
1495131633, 4, 179, 226, 18, 0, 3.25%, 0, 0, 1, 148.42
1495131638, 4, 181, 226, 18, 0, 3.25%, 0, 0, 1, 152.38
1495131643, 4, 182, 226, 18, 0, 3.25%, 0, 0, 1, 152.42
1495131654, 4, 183, 226, 18, 0, 3.25%, 0, 0, 1, 144.77
1495131659, 4, 184, 226, 18, 0, 3.25%, 0, 0, 1, 159.57
1495131674, 4, 186, 226, 18, 0, 3.25%, 0, 0, 1, 147.64
1495131690, 4, 187, 226, 18, 0, 3.25%, 0, 0, 1, 157.60
1495131695, 4, 188, 226, 18, 0, 3.25%, 0, 0, 1, 152.42
1495131710, 4, 190, 226, 18, 0, 3.25%, 0, 0, 1, 148.99
1495131731, 4, 191, 226, 18, 0, 3.25%, 0, 0, 1, 154.28
1495131751, 4, 193, 226, 18, 0, 3.25%, 0, 0, 1, 143.98
1495131766, 4, 194, 226, 17, 0, 3.25%, 0, 0, 1, 132.85
1495131772, 4, 195, 226, 17, 0, 3.25%, 0, 0, 1, 131.26
1495131777, 4, 197, 226, 17, 0, 3.25%, 0, 0, 1, 131.32
1495131792, 4, 198, 226, 17, 0, 3.25%, 0, 0, 1, 137.42
1495131797, 4, 201, 226, 17, 0, 3.25%, 0, 0, 1, 135.49
1495131813, 4, 202, 226, 17, 0, 3.25%, 0, 0, 1, 122.56
1495131818, 4, 203, 226, 17, 0, 3.25%, 0, 0, 1, 126.86
1495131833, 4, 204, 226, 17, 0, 3.25%, 0, 0, 1, 123.71
1495131838, 4, 205, 226, 17, 0, 3.25%, 0, 0, 1, 132.14
1495131854, 4, 206, 226, 17, 0, 3.25%, 0, 0, 1, 126.82
1495131859, 4, 207, 226, 17, 0, 3.25%, 0, 0, 1, 133.80
1495131874, 4, 209, 226, 17, 0, 3.25%, 0, 0, 1, 129.03
1495131895, 4, 210, 226, 17, 0, 3.25%, 0, 0, 1, 131.05
1495131900, 4, 212, 226, 17, 0, 3.25%, 0, 0, 1, 129.77
1495131915, 4, 214, 226, 17, 0, 3.25%, 0, 0, 1, 128.77
1495131930, 4, 218, 226, 17, 0, 3.25%, 0, 0, 1, 121.13
1495131940, 4, 224, 226, 17, 0, 3.25%, 0, 0, 1, 122.20
1495131961, 5, 0, 226, 17, 0, 3.25%, 0, 0, 1, 132.01
1495131966, 5, 1, 226, 17, 0, 3.25%, 0, 0, 1, 130.85
1495131971, 5, 3, 226, 17, 0, 3.25%, 0, 0, 1, 127.49
1495131986, 5, 4, 226, 17, 0, 3.25%, 0, 0, 1, 147.57
1495131991, 5, 6, 226, 17, 0, 3.25%, 0, 0, 1, 153.14
1495131997, 5, 9, 226, 17, 0, 3.25%, 0, 0, 1, 151.32
1495132002, 5, 12, 226, 17, 0, 3.25%, 0, 0, 1, 150.52
1495132017, 5, 14, 226, 17, 0, 3.25%, 0, 0, 1, 151.82
1495132022, 5, 16, 226, 17, 0, 3.25%, 0, 0, 1, 138.12
1495132027, 5, 17, 226, 17, 0, 3.25%, 0, 0, 1, 150.39
1495132033, 5, 19, 226, 17, 0, 3.25%, 0, 0, 1, 150.97
1495132038, 5, 21, 226, 17, 0, 3.25%, 0, 0, 1, 156.15
1495132043, 5, 23, 226, 17, 0, 3.25%, 0, 0, 1, 145.29
1495132058, 5, 25, 226, 17, 0, 3.25%, 0, 0, 1, 148.85
1495132063, 5, 26, 226, 17, 0, 3.25%, 0, 0, 1, 150.20
1495132068, 5, 29, 226, 17, 0, 3.25%, 0, 0, 1, 148.84
1495132073, 5, 30, 226, 17, 0, 3.25%, 0, 0, 1, 147.14
1495132079, 5, 32, 226, 17, 0, 3.25%, 0, 0, 1, 148.56
1495132084, 5, 33, 226, 17, 0, 3.25%, 0, 0, 1, 139.69
1495132089, 5, 34, 226, 17, 0, 3.25%, 0, 0, 1, 147.15
1495132104, 5, 36, 226, 17, 0, 3.25%, 0, 0, 1, 149.18
1495132109, 5, 37, 226, 17, 0, 3.25%, 0, 0, 1, 147.25
1495132114, 5, 38, 226, 17, 0, 3.25%, 0, 0, 1, 157.08
1495132120, 5, 40, 226, 17, 0, 3.25%, 0, 0, 1, 146.27
1495132125, 5, 41, 226, 17, 0, 3.25%, 0, 0, 1, 147.81
1495132140, 5, 44, 226, 17, 0, 3.25%, 0, 0, 1, 144.05
1495132161, 5, 45, 226, 17, 0, 3.25%, 0, 0, 1, 149.77
1495132166, 5, 46, 226, 17, 0, 3.25%, 0, 0, 1, 140.33
1495132171, 5, 47, 226, 17, 0, 3.25%, 0, 0, 1, 143.74
1495132181, 5, 48, 226, 17, 0, 3.25%, 0, 0, 1, 148.89
1495132196, 5, 49, 226, 17, 0, 3.25%, 0, 0, 1, 148.08
1495132201, 5, 50, 226, 17, 0, 3.25%, 0, 0, 1, 148.03
1495132212, 5, 51, 226, 17, 0, 3.25%, 0, 0, 1, 140.19
1495132217, 5, 54, 226, 17, 0, 3.25%, 0, 0, 1, 140.74
1495132222, 5, 55, 226, 17, 0, 3.25%, 0, 0, 1, 119.89
1495132253, 5, 56, 226, 17, 0, 3.25%, 0, 0, 1, 124.96
1495132258, 5, 57, 226, 17, 0, 3.25%, 0, 0, 1, 133.59
1495132268, 5, 59, 226, 17, 0, 3.25%, 0, 0, 1, 126.80
1495132284, 5, 60, 226, 17, 0, 3.25%, 0, 0, 1, 129.04
1495132289, 5, 61, 226, 17, 0, 3.25%, 0, 0, 1, 131.78
1495132304, 5, 63, 226, 17, 0, 3.25%, 0, 0, 1, 142.45
1495132320, 5, 66, 226, 17, 0, 3.25%, 0, 0, 1, 119.96
1495132335, 5, 67, 226, 17, 0, 3.25%, 0, 0, 1, 140.95
1495132350, 5, 68, 226, 17, 0, 3.25%, 0, 0, 1, 139.83
1495132356, 5, 69, 226, 17, 0, 3.25%, 0, 0, 1, 130.77
1495132361, 5, 73, 226, 17, 0, 3.25%, 0, 0, 1, 125.89
1495132376, 5, 74, 226, 17, 0, 3.25%, 0, 0, 1, 138.44
1495132381, 5, 75, 226, 17, 0, 3.25%, 0, 0, 1, 125.30
1495132396, 5, 76, 226, 17, 0, 3.25%, 0, 0, 1, 135.30
1495132412, 5, 77, 226, 17, 0, 3.25%, 0, 0, 1, 141.45
1495132427, 5, 78, 226, 17, 0, 3.25%, 0, 0, 1, 129.96
1495132432, 5, 80, 226, 17, 0, 3.25%, 0, 0, 1, 139.67
1495132437, 5, 81, 226, 17, 0, 3.25%, 0, 0, 1, 136.14
1495132453, 5, 82, 226, 17, 0, 3.25%, 0, 0, 1, 141.44
1495132458, 5, 83, 226, 17, 0, 3.25%, 0, 0, 1, 138.89
1495132473, 5, 85, 226, 16, 0, 3.25%, 0, 0, 1, 129.05
1495132488, 5, 87, 226, 16, 0, 3.25%, 0, 0, 1, 137.13
1495132504, 5, 89, 226, 16, 0, 3.25%, 0, 0, 1, 142.90
1495132519, 5, 90, 226, 16, 0, 3.25%, 0, 0, 1, 143.95
1495132525, 5, 91, 226, 16, 0, 3.25%, 0, 0, 1, 148.26
1495132545, 5, 92, 226, 16, 0, 3.25%, 0, 0, 1, 141.34
1495132550, 5, 94, 226, 16, 0, 3.25%, 0, 0, 1, 152.12
1495132566, 5, 97, 226, 16, 0, 3.25%, 0, 0, 1, 151.10
1495132571, 5, 99, 226, 16, 0, 3.25%, 0, 0, 1, 148.97
1495132576, 5, 100, 226, 16, 0, 3.25%, 0, 0, 1, 149.08
1495132586, 5, 101, 226, 16, 0, 3.25%, 0, 0, 1, 147.93
1495132591, 5, 102, 226, 16, 0, 3.25%, 0, 0, 1, 136.19
1495132607, 5, 103, 226, 16, 0, 3.25%, 0, 0, 1, 141.43
1495132612, 5, 104, 226, 16, 0, 3.25%, 0, 0, 1, 147.52
1495132622, 5, 105, 226, 16, 0, 3.25%, 0, 0, 1, 148.18
1495132627, 5, 106, 226, 16, 0, 3.25%, 0, 0, 1, 151.77
1495132637, 5, 107, 226, 16, 0, 3.25%, 0, 0, 1, 142.92
1495132643, 5, 109, 226, 16, 0, 3.25%, 0, 0, 1, 151.65
1495132653, 5, 110, 226, 16, 0, 3.25%, 0, 0, 1, 154.08
1495132658, 5, 111, 226, 16, 0, 3.25%, 0, 0, 1, 145.75
1495132663, 5, 112, 226, 16, 0, 3.25%, 0, 0, 1, 153.27
1495132673, 5, 113, 226, 16, 0, 3.25%, 0, 0, 1, 142.30
1495132678, 5, 114, 226, 16, 0, 3.25%, 0, 0, 1, 150.48
1495132683, 5, 116, 226, 16, 0, 3.25%, 0, 0, 1, 146.73
1495132688, 5, 117, 226, 16, 0, 3.25%, 0, 0, 1, 142.67
1495132694, 5, 118, 226, 16, 0, 3.25%, 0, 0, 1, 142.11
1495132699, 5, 119, 226, 16, 0, 3.25%, 0, 0, 1, 135.63
1495132714, 5, 121, 226, 16, 0, 3.25%, 0, 0, 1, 154.90
1495132729, 5, 123, 226, 16, 0, 3.25%, 0, 0, 1, 143.91
1495132745, 5, 125, 226, 16, 0, 3.25%, 0, 0, 1, 131.97
1495132760, 5, 127, 226, 16, 0, 3.25%, 0, 0, 1, 129.42
1495132786, 5, 131, 226, 16, 0, 3.25%, 0, 0, 1, 134.42
1495132801, 5, 132, 226, 16, 0, 3.25%, 0, 0, 1, 125.03
1495132806, 5, 133, 226, 16, 0, 3.25%, 0, 0, 1, 132.64
1495132811, 5, 137, 226, 16, 0, 3.25%, 0, 0, 1, 128.77
1495132832, 5, 138, 226, 16, 0, 3.25%, 0, 0, 1, 121.09
1495132837, 5, 140, 226, 16, 0, 3.25%, 0, 0, 1, 132.15
1495132852, 5, 141, 226, 16, 0, 3.25%, 0, 0, 1, 126.61
1495132857, 5, 142, 226, 16, 0, 3.25%, 0, 0, 1, 133.50
1495132873, 5, 143, 226, 16, 0, 3.25%, 0, 0, 1, 123.00
1495132878, 5, 144, 226, 16, 0, 3.25%, 0, 0, 1, 128.14
1495132893, 5, 147, 226, 16, 0, 3.25%, 0, 0, 1, 9.90
1495132919, 5, 148, 226, 16, 0, 3.25%, 0, 0, 1, 132.16
1495132924, 5, 149, 226, 16, 0, 3.25%, 0, 0, 1, 131.12
1495132939, 5, 152, 226, 16, 0, 3.25%, 0, 0, 1, 128.49
1495132945, 5, 153, 226, 16, 0, 3.25%, 0, 0, 1, 124.36
1495132960, 5, 155, 226, 16, 0, 3.25%, 0, 0, 1, 129.37
1495132975, 5, 156, 226, 16, 0, 3.25%, 0, 0, 1, 124.89
1495132980, 5, 157, 226, 16, 0, 3.25%, 0, 0, 1, 126.46
1495132996, 5, 159, 226, 15, 0, 3.25%, 0, 0, 1, 154.38
1495133001, 5, 160, 226, 15, 0, 3.25%, 0, 0, 1, 142.72
1495133021, 5, 162, 226, 15, 0, 3.25%, 0, 0, 1, 149.60
1495133036, 5, 164, 226, 15, 0, 3.25%, 0, 0, 1, 140.88
1495133052, 5, 165, 226, 15, 0, 3.25%, 0, 0, 1, 145.35
1495133067, 5, 166, 226, 15, 0, 3.25%, 0, 0, 1, 143.47
1495133083, 5, 168, 226, 15, 0, 3.25%, 0, 0, 1, 137.26
1495133098, 5, 169, 226, 15, 0, 3.25%, 0, 0, 1, 155.32
1495133103, 5, 170, 226, 15, 0, 3.25%, 0, 0, 1, 152.57
1495133108, 5, 171, 226, 15, 0, 3.25%, 0, 0, 1, 152.66
1495133119, 5, 172, 226, 15, 0, 3.25%, 0, 0, 1, 157.07
1495133124, 5, 173, 226, 15, 0, 3.25%, 0, 0, 1, 144.01
1495133144, 5, 176, 226, 15, 0, 3.25%, 0, 0, 1, 148.87
1495133165, 5, 177, 226, 15, 0, 3.25%, 0, 0, 1, 143.09
1495133170, 5, 178, 226, 15, 0, 3.25%, 0, 0, 1, 141.78
1495133180, 5, 179, 226, 15, 0, 3.25%, 0, 0, 1, 152.93
1495133186, 5, 181, 226, 15, 0, 3.25%, 0, 0, 1, 149.06
1495133191, 5, 182, 226, 15, 0, 3.25%, 0, 0, 1, 148.14
1495133206, 5, 183, 226, 15, 0, 3.25%, 0, 0, 1, 142.16
1495133211, 5, 184, 226, 15, 0, 3.25%, 0, 0, 1, 142.63
1495133221, 5, 185, 226, 15, 0, 3.25%, 0, 0, 1, 147.04
1495133227, 5, 186, 226, 15, 0, 3.25%, 0, 0, 1, 135.09
1495133242, 5, 187, 226, 15, 0, 3.25%, 0, 0, 1, 134.79
1495133247, 5, 188, 226, 15, 0, 3.25%, 0, 0, 1, 138.13
1495133262, 5, 189, 226, 15, 0, 3.25%, 0, 0, 1, 131.46
1495133268, 5, 190, 226, 15, 0, 3.25%, 0, 0, 1, 128.29
1495133293, 5, 191, 226, 15, 0, 3.25%, 0, 0, 1, 125.34
1495133308, 5, 194, 226, 15, 0, 3.25%, 0, 0, 1, 124.97
1495133313, 5, 195, 226, 15, 0, 3.25%, 0, 0, 1, 127.95
1495133318, 5, 197, 226, 15, 0, 3.25%, 0, 0, 1, 130.38
1495133334, 5, 198, 226, 15, 0, 3.25%, 0, 0, 1, 122.48
1495133339, 5, 200, 226, 15, 0, 3.25%, 0, 0, 1, 118.02
1495133344, 5, 201, 226, 15, 0, 3.25%, 0, 0, 1, 127.39
1495133359, 5, 202, 226, 15, 0, 3.25%, 0, 0, 1, 134.65
1495133365, 5, 203, 226, 15, 0, 3.25%, 0, 0, 1, 130.86
1495133380, 5, 205, 226, 15, 0, 3.25%, 0, 0, 1, 127.78
1495133400, 5, 207, 226, 15, 0, 3.25%, 0, 0, 1, 128.14
1495133421, 5, 209, 226, 15, 0, 3.25%, 0, 0, 1, 119.69
1495133436, 5, 210, 226, 15, 0, 3.25%, 0, 0, 1, 122.59
1495133442, 5, 212, 226, 15, 0, 3.25%, 0, 0, 1, 122.96
1495133462, 5, 214, 226, 15, 0, 3.25%, 0, 0, 1, 128.48
1495133477, 5, 218, 226, 15, 0, 3.25%, 0, 0, 1, 125.60
1495133483, 5, 219, 226, 15, 0, 3.25%, 0, 0, 1, 139.56
1495133493, 5, 224, 226, 14, 0, 3.25%, 0, 0, 1, 137.56
1495133514, 6, 1, 226, 14, 0, 3.25%, 0, 0, 1, 136.18
1495133519, 6, 2, 226, 14, 0, 3.25%, 0, 0, 1, 136.79
1495133524, 6, 3, 226, 14, 0, 3.25%, 0, 0, 1, 140.24
1495133534, 6, 4, 226, 14, 0, 3.25%, 0, 0, 1, 135.51
1495133539, 6, 5, 226, 14, 0, 3.25%, 0, 0, 1, 144.15
1495133544, 6, 8, 226, 14, 0, 3.25%, 0, 0, 1, 149.90
1495133550, 6, 10, 226, 14, 0, 3.25%, 0, 0, 1, 160.68
1495133555, 6, 12, 226, 14, 0, 3.25%, 0, 0, 1, 160.70
1495133565, 6, 13, 226, 14, 0, 3.25%, 0, 0, 1, 141.54
1495133570, 6, 15, 226, 14, 0, 3.25%, 0, 0, 1, 159.39
1495133575, 6, 17, 226, 14, 0, 3.25%, 0, 0, 1, 147.63
1495133580, 6, 19, 226, 14, 0, 3.25%, 0, 0, 1, 151.78
1495133585, 6, 21, 226, 14, 0, 3.25%, 0, 0, 1, 143.49
1495133590, 6, 23, 226, 14, 0, 3.25%, 0, 0, 1, 145.68
1495133606, 6, 25, 226, 14, 0, 3.25%, 0, 0, 1, 147.67
1495133611, 6, 26, 226, 14, 0, 3.25%, 0, 0, 1, 155.94
1495133616, 6, 27, 226, 14, 0, 3.25%, 0, 0, 1, 144.57
1495133622, 6, 29, 226, 14, 0, 3.25%, 0, 0, 1, 147.82
1495133627, 6, 32, 226, 14, 0, 3.25%, 0, 0, 1, 144.43
1495133632, 6, 33, 226, 14, 0, 3.25%, 0, 0, 1, 153.58
1495133642, 6, 34, 226, 14, 0, 3.25%, 0, 0, 1, 149.84
1495133657, 6, 36, 226, 14, 0, 3.25%, 0, 0, 1, 135.53
1495133663, 6, 37, 226, 14, 0, 3.25%, 0, 0, 1, 140.44
1495133668, 6, 38, 226, 14, 0, 3.25%, 0, 0, 1, 150.75
1495133673, 6, 40, 226, 14, 0, 3.25%, 0, 0, 1, 140.62
1495133678, 6, 41, 226, 14, 0, 3.25%, 0, 0, 1, 148.44
1495133693, 6, 44, 226, 14, 0, 3.25%, 0, 0, 1, 135.46
1495133719, 6, 46, 226, 14, 0, 3.25%, 0, 0, 1, 151.60
1495133724, 6, 47, 226, 14, 0, 3.25%, 0, 0, 1, 140.20
1495133739, 6, 48, 226, 14, 0, 3.25%, 0, 0, 1, 139.80
1495133755, 6, 49, 226, 14, 0, 3.25%, 0, 0, 1, 118.40
1495133760, 6, 50, 226, 14, 0, 3.25%, 0, 0, 1, 121.98
1495133775, 6, 51, 226, 14, 0, 3.25%, 0, 0, 1, 129.67
1495133780, 6, 54, 226, 14, 0, 3.25%, 0, 0, 1, 130.08
1495133785, 6, 55, 226, 14, 0, 3.25%, 0, 0, 1, 116.86
1495133811, 6, 56, 226, 14, 0, 3.25%, 0, 0, 1, 129.51
1495133821, 6, 57, 226, 14, 0, 3.25%, 0, 0, 1, 123.17
1495133836, 6, 60, 226, 14, 0, 3.25%, 0, 0, 1, 129.15
1495133842, 6, 61, 226, 14, 0, 3.25%, 0, 0, 1, 119.09
1495133852, 6, 63, 226, 14, 0, 3.25%, 0, 0, 1, 130.56
1495133867, 6, 66, 226, 14, 0, 3.25%, 0, 0, 1, 131.17
1495133888, 6, 67, 226, 14, 0, 3.25%, 0, 0, 1, 130.67
1495133903, 6, 72, 226, 14, 0, 3.25%, 0, 0, 1, 125.96
1495133908, 6, 73, 226, 14, 0, 3.25%, 0, 0, 1, 132.31
1495133919, 6, 74, 226, 14, 0, 3.25%, 0, 0, 1, 141.26
1495133924, 6, 75, 226, 14, 0, 3.25%, 0, 0, 1, 134.65
1495133939, 6, 76, 226, 14, 0, 3.25%, 0, 0, 1, 135.61
1495133955, 6, 77, 226, 14, 0, 3.25%, 0, 0, 1, 127.53
1495133970, 6, 78, 226, 14, 0, 3.25%, 0, 0, 1, 132.60
1495133975, 6, 80, 226, 14, 0, 3.25%, 0, 0, 1, 140.35
1495133980, 6, 81, 226, 14, 0, 3.25%, 0, 0, 1, 148.38
1495133991, 6, 84, 226, 14, 0, 3.25%, 0, 0, 1, 151.55
1495133996, 6, 85, 226, 14, 0, 3.25%, 0, 0, 1, 149.94
1495134011, 6, 87, 226, 14, 0, 3.25%, 0, 0, 1, 152.88
1495134027, 6, 89, 226, 14, 0, 3.25%, 0, 0, 1, 143.79
1495134042, 6, 90, 226, 14, 0, 3.25%, 0, 0, 1, 141.04
1495134047, 6, 91, 226, 14, 0, 3.25%, 0, 0, 1, 135.11
1495134067, 6, 92, 226, 14, 0, 3.25%, 0, 0, 1, 137.31
1495134072, 6, 94, 226, 14, 0, 3.25%, 0, 0, 1, 151.99
1495134088, 6, 95, 226, 14, 0, 3.25%, 0, 0, 1, 163.36
1495134093, 6, 96, 226, 14, 0, 3.25%, 0, 0, 1, 153.17
1495134103, 6, 97, 226, 13, 0, 3.25%, 0, 0, 1, 151.46
1495134108, 6, 99, 226, 13, 0, 3.25%, 0, 0, 1, 145.70
1495134113, 6, 100, 226, 13, 0, 3.25%, 0, 0, 1, 151.07
1495134123, 6, 101, 226, 13, 0, 3.25%, 0, 0, 1, 143.38
1495134129, 6, 102, 226, 13, 0, 3.25%, 0, 0, 1, 145.88
1495134144, 6, 104, 226, 13, 0, 3.25%, 0, 0, 1, 142.24
1495134159, 6, 106, 226, 13, 0, 3.25%, 0, 0, 1, 151.09
1495134175, 6, 107, 226, 13, 0, 3.25%, 0, 0, 1, 136.01
1495134180, 6, 109, 226, 13, 0, 3.25%, 0, 0, 1, 145.03
1495134190, 6, 110, 226, 13, 0, 3.25%, 0, 0, 1, 148.48
1495134195, 6, 111, 226, 13, 0, 3.25%, 0, 0, 1, 146.11
1495134200, 6, 112, 226, 13, 0, 3.25%, 0, 0, 1, 143.87
1495134215, 6, 113, 226, 13, 0, 3.25%, 0, 0, 1, 142.87
1495134221, 6, 115, 226, 13, 0, 3.25%, 0, 0, 1, 132.10
1495134226, 6, 117, 226, 13, 0, 3.25%, 0, 0, 1, 132.52
1495134236, 6, 118, 226, 13, 0, 3.25%, 0, 0, 1, 142.50
1495134241, 6, 119, 226, 13, 0, 3.25%, 0, 0, 1, 137.99
1495134256, 6, 121, 226, 13, 0, 3.25%, 0, 0, 1, 135.20
1495134272, 6, 122, 226, 13, 0, 3.25%, 0, 0, 1, 129.58
1495134277, 6, 123, 226, 13, 0, 3.25%, 0, 0, 1, 134.92
1495134292, 6, 125, 226, 13, 0, 3.25%, 0, 0, 1, 133.96
1495134308, 6, 127, 226, 13, 0, 3.25%, 0, 0, 1, 132.70
1495134333, 6, 131, 226, 13, 0, 3.25%, 0, 0, 1, 126.67
1495134349, 6, 132, 226, 13, 0, 3.25%, 0, 0, 1, 134.21
1495134354, 6, 133, 226, 13, 0, 3.25%, 0, 0, 1, 131.56
1495134359, 6, 134, 226, 13, 0, 3.25%, 0, 0, 1, 132.67
1495134385, 6, 137, 226, 13, 0, 3.25%, 0, 0, 1, 127.79
1495134400, 6, 138, 226, 13, 0, 3.25%, 0, 0, 1, 137.11
1495134405, 6, 140, 226, 13, 0, 3.25%, 0, 0, 1, 137.45
1495134421, 6, 141, 226, 13, 0, 3.25%, 0, 0, 1, 136.22
1495134426, 6, 142, 226, 13, 0, 3.25%, 0, 0, 1, 121.17
1495134441, 6, 143, 226, 13, 0, 3.25%, 0, 0, 1, 121.94
1495134447, 6, 144, 226, 13, 0, 3.25%, 0, 0, 1, 128.83
1495134457, 6, 147, 226, 13, 0, 3.25%, 0, 0, 1, 118.50
1495134482, 6, 148, 226, 13, 0, 3.25%, 0, 0, 1, 141.40
1495134488, 6, 149, 226, 13, 0, 3.25%, 0, 0, 1, 148.58
1495134503, 6, 151, 226, 13, 0, 3.25%, 0, 0, 1, 155.95
1495134508, 6, 153, 226, 13, 0, 3.25%, 0, 0, 1, 143.57
1495134523, 6, 154, 226, 13, 0, 3.25%, 0, 0, 1, 141.42
1495134528, 6, 155, 226, 13, 0, 3.25%, 0, 0, 1, 155.23
1495134544, 6, 157, 226, 13, 0, 3.25%, 0, 0, 1, 150.85
1495134554, 6, 159, 226, 13, 0, 3.25%, 0, 0, 1, 145.35
1495134559, 6, 160, 226, 13, 0, 3.25%, 0, 0, 1, 143.19
1495134585, 6, 161, 226, 13, 0, 3.25%, 0, 0, 1, 140.24
1495134590, 6, 162, 226, 13, 0, 3.25%, 0, 0, 1, 151.48
1495134600, 6, 164, 226, 13, 0, 3.25%, 0, 0, 1, 164.29
1495134616, 6, 165, 226, 13, 0, 3.25%, 0, 0, 1, 149.42
1495134631, 6, 166, 226, 13, 0, 3.25%, 0, 0, 1, 164.07
1495134641, 6, 167, 226, 13, 0, 3.25%, 0, 0, 1, 148.50
1495134647, 6, 168, 226, 13, 0, 3.25%, 0, 0, 1, 159.67
1495134657, 6, 169, 226, 13, 0, 3.25%, 0, 0, 1, 146.38
1495134662, 6, 170, 226, 13, 0, 3.25%, 0, 0, 1, 153.36
1495134667, 6, 171, 226, 13, 0, 3.25%, 0, 0, 1, 147.82
1495134682, 6, 173, 226, 13, 0, 3.25%, 0, 0, 1, 147.93
1495134703, 6, 174, 226, 13, 0, 3.25%, 0, 0, 1, 156.08
1495134708, 6, 176, 226, 13, 0, 3.25%, 0, 0, 1, 145.01
1495134728, 6, 177, 226, 13, 0, 3.25%, 0, 0, 1, 129.40
1495134734, 6, 178, 226, 13, 0, 3.25%, 0, 0, 1, 130.97
1495134749, 6, 181, 226, 13, 0, 3.25%, 0, 0, 1, 128.06
1495134759, 6, 182, 226, 13, 0, 3.25%, 0, 0, 1, 126.74
1495134775, 6, 183, 226, 13, 0, 3.25%, 0, 0, 1, 120.08
1495134780, 6, 184, 226, 13, 0, 3.25%, 0, 0, 1, 126.75
1495134795, 6, 186, 226, 13, 0, 3.25%, 0, 0, 1, 140.97
1495134816, 6, 187, 226, 13, 0, 3.25%, 0, 0, 1, 130.52
