# unix_time, cycles_done, cur_path, paths_total, pending_total, pending_favs, map_size, unique_crashes, unique_hangs, max_depth, execs_per_sec
1494001421, 0, 0, 353, 353, 154, 3.97%, 0, 0, 1, 87.92
1494001432, 0, 0, 353, 352, 153, 3.97%, 0, 0, 1, 105.76
1494001447, 0, 0, 367, 366, 153, 4.00%, 0, 0, 1, 171.39
1494001534, 0, 1, 367, 366, 158, 4.00%, 0, 0, 1, 137.26
1494001539, 0, 2, 367, 365, 157, 4.00%, 0, 0, 1, 118.12
1494001544, 0, 5, 367, 363, 155, 4.00%, 0, 0, 1, 174.69
1494001550, 0, 7, 367, 361, 153, 4.00%, 0, 0, 1, 51.01
1494001555, 0, 10, 367, 360, 152, 4.00%, 0, 0, 1, 113.64
1494001560, 0, 15, 367, 358, 150, 4.00%, 0, 0, 1, 151.38
1494001565, 0, 18, 367, 357, 149, 4.00%, 0, 0, 1, 131.93
1494001570, 0, 19, 367, 356, 148, 4.00%, 0, 0, 1, 135.77
1494001575, 0, 20, 367, 355, 147, 4.00%, 0, 0, 1, 89.23
1494001580, 0, 23, 367, 354, 146, 4.00%, 0, 0, 1, 107.74
1494001585, 0, 27, 367, 352, 144, 4.00%, 0, 0, 1, 147.74
1494001590, 0, 30, 367, 351, 143, 4.00%, 0, 0, 1, 122.83
1494001595, 0, 32, 367, 350, 142, 4.00%, 0, 0, 1, 131.16
1494001601, 0, 35, 367, 349, 141, 4.00%, 0, 0, 1, 164.76
1494001606, 0, 37, 367, 347, 139, 4.00%, 0, 0, 1, 135.24
1494001611, 0, 39, 367, 346, 138, 4.00%, 0, 0, 1, 104.91
1494001616, 0, 40, 367, 345, 137, 4.00%, 0, 0, 1, 115.57
1494001621, 0, 44, 367, 344, 136, 4.00%, 0, 0, 1, 124.22
1494001626, 0, 49, 367, 342, 134, 4.00%, 0, 0, 1, 127.94
1494001631, 0, 53, 367, 341, 133, 4.00%, 0, 0, 1, 157.65
1494001636, 0, 59, 367, 340, 132, 4.00%, 0, 0, 1, 94.70
1494001641, 0, 61, 367, 338, 130, 4.00%, 0, 0, 1, 126.01
1494001646, 0, 63, 367, 336, 128, 4.00%, 0, 0, 1, 143.61
1494001652, 0, 64, 367, 335, 127, 4.00%, 0, 0, 1, 121.22
1494001657, 0, 65, 367, 334, 126, 4.00%, 0, 0, 1, 109.23
1494001662, 0, 67, 367, 333, 125, 4.00%, 0, 0, 1, 96.44
1494001667, 0, 68, 367, 332, 124, 4.00%, 0, 0, 1, 116.62
1494001678, 0, 70, 367, 330, 122, 4.00%, 0, 0, 1, 170.01
1494001683, 0, 72, 367, 329, 121, 4.00%, 0, 0, 1, 94.68
1494001688, 0, 76, 367, 328, 120, 4.00%, 0, 0, 1, 98.32
1494001693, 0, 77, 367, 327, 119, 4.00%, 0, 0, 1, 143.26
1494001698, 0, 79, 367, 326, 118, 4.00%, 0, 0, 1, 111.65
1494001703, 0, 81, 367, 325, 117, 4.00%, 0, 0, 1, 135.30
1494001713, 0, 82, 367, 324, 116, 4.00%, 0, 0, 1, 121.45
1494001719, 0, 83, 367, 323, 115, 4.00%, 0, 0, 1, 138.30
1494001724, 0, 86, 368, 322, 113, 4.00%, 0, 0, 1, 138.06
1494001729, 0, 88, 368, 321, 112, 4.00%, 0, 0, 1, 118.97
1494001739, 0, 91, 368, 320, 111, 4.00%, 0, 0, 1, 116.73
1494001744, 0, 92, 368, 319, 110, 4.00%, 0, 0, 1, 128.50
1494001749, 0, 93, 368, 318, 109, 4.00%, 0, 0, 1, 46.58
1494001754, 0, 95, 368, 317, 108, 4.00%, 0, 0, 1, 90.67
1494001765, 0, 100, 368, 315, 106, 4.00%, 0, 0, 1, 160.96
1494001775, 0, 102, 368, 314, 105, 4.00%, 0, 0, 1, 134.17
1494001780, 0, 105, 368, 312, 103, 4.00%, 0, 0, 1, 127.41
1494001785, 0, 106, 368, 311, 102, 4.00%, 0, 0, 1, 107.52
1494001790, 0, 110, 368, 310, 101, 4.00%, 0, 0, 1, 112.82
1494001795, 0, 113, 368, 309, 100, 4.00%, 0, 0, 1, 108.79
1494001800, 0, 114, 368, 308, 99, 4.00%, 0, 0, 1, 103.47
1494001806, 0, 118, 369, 307, 97, 4.00%, 0, 0, 1, 145.77
1494001811, 0, 121, 369, 306, 96, 4.00%, 0, 0, 1, 144.62
1494001816, 0, 122, 369, 305, 95, 4.00%, 0, 0, 1, 138.86
1494001826, 0, 124, 369, 303, 93, 4.00%, 0, 0, 1, 133.58
1494001831, 0, 125, 369, 302, 92, 4.00%, 0, 0, 1, 115.59
1494001836, 0, 129, 369, 300, 90, 4.00%, 0, 0, 1, 135.25
1494001841, 0, 132, 369, 298, 88, 4.00%, 0, 0, 1, 166.27
1494001851, 0, 133, 369, 297, 87, 4.00%, 0, 0, 1, 110.69
1494001856, 0, 134, 369, 296, 86, 4.00%, 0, 0, 1, 102.25
1494001867, 0, 135, 369, 295, 85, 4.00%, 0, 0, 1, 61.68
1494001872, 0, 136, 369, 294, 84, 4.00%, 0, 0, 1, 86.22
1494001882, 0, 137, 369, 293, 83, 4.00%, 0, 0, 1, 70.73
1494001887, 0, 139, 369, 292, 82, 4.00%, 0, 0, 1, 136.89
1494001892, 0, 143, 369, 291, 81, 4.00%, 0, 0, 1, 174.39
1494001898, 0, 145, 369, 290, 80, 4.00%, 0, 0, 1, 179.99
1494001903, 0, 149, 369, 289, 79, 4.00%, 0, 0, 1, 185.74
1494001908, 0, 154, 369, 287, 77, 4.00%, 0, 0, 1, 174.09
1494001913, 0, 156, 369, 286, 76, 4.00%, 0, 0, 1, 182.38
1494001923, 0, 161, 369, 285, 75, 4.00%, 0, 0, 1, 107.63
1494001928, 0, 162, 369, 284, 74, 4.00%, 0, 0, 1, 107.00
1494001939, 0, 168, 369, 283, 73, 4.00%, 0, 0, 1, 158.23
1494001944, 0, 170, 369, 282, 72, 4.00%, 0, 0, 1, 160.33
1494001954, 0, 171, 369, 281, 71, 4.00%, 0, 0, 1, 153.19
1494001964, 0, 172, 369, 280, 70, 4.00%, 0, 0, 1, 169.60
1494001970, 0, 174, 369, 279, 69, 4.00%, 0, 0, 1, 183.20
1494001975, 0, 180, 369, 278, 68, 4.00%, 0, 0, 1, 179.99
1494001980, 0, 181, 369, 277, 67, 4.00%, 0, 0, 1, 157.47
1494001990, 0, 182, 369, 276, 66, 4.00%, 0, 0, 1, 85.02
1494001995, 0, 184, 369, 275, 65, 4.00%, 0, 0, 1, 137.85
1494002005, 0, 186, 369, 274, 64, 4.00%, 0, 0, 1, 29.73
1494002010, 0, 191, 370, 274, 63, 4.00%, 0, 0, 1, 136.80
1494002016, 0, 193, 370, 273, 62, 4.00%, 0, 0, 1, 145.31
1494002021, 0, 198, 370, 272, 61, 4.00%, 0, 0, 1, 126.32
1494002031, 0, 202, 370, 271, 60, 4.00%, 0, 0, 1, 93.26
1494002036, 0, 204, 370, 270, 59, 4.00%, 0, 0, 1, 104.76
1494002041, 0, 205, 371, 270, 59, 4.00%, 0, 0, 1, 90.58
1494002072, 0, 209, 371, 268, 57, 4.00%, 0, 0, 1, 158.37
1494002082, 0, 213, 371, 267, 56, 4.00%, 0, 0, 1, 168.13
1494002087, 0, 217, 371, 266, 55, 4.00%, 0, 0, 1, 125.56
1494002098, 0, 219, 373, 267, 54, 4.00%, 0, 0, 1, 172.12
1494002103, 0, 221, 373, 266, 53, 4.00%, 0, 0, 1, 120.32
1494002108, 0, 222, 373, 265, 52, 4.00%, 0, 0, 1, 118.71
1494002118, 0, 225, 373, 264, 51, 4.00%, 0, 0, 1, 108.45
1494002128, 0, 226, 373, 263, 50, 4.00%, 0, 0, 1, 129.79
1494002133, 0, 228, 374, 263, 50, 4.00%, 0, 0, 1, 110.50
1494002143, 0, 229, 374, 262, 49, 4.00%, 0, 0, 1, 142.57
1494002148, 0, 230, 374, 261, 48, 4.00%, 0, 0, 1, 169.48
1494002154, 0, 232, 374, 260, 47, 4.00%, 0, 0, 1, 197.30
1494002159, 0, 240, 374, 258, 45, 4.00%, 0, 0, 1, 152.26
1494002169, 0, 243, 374, 257, 44, 4.00%, 0, 0, 1, 150.85
1494002174, 0, 245, 374, 256, 43, 4.00%, 0, 0, 1, 177.28
1494002179, 0, 257, 374, 255, 42, 4.00%, 0, 0, 1, 165.37
