# unix_time, cycles_done, cur_path, paths_total, pending_total, pending_favs, map_size, unique_crashes, unique_hangs, max_depth, execs_per_sec
1495307411, 0, 0, 223, 223, 173, 3.25%, 0, 0, 1, 200.74
1495307416, 0, 0, 225, 224, 172, 3.25%, 0, 0, 1, 135.23
1495307467, 0, 1, 225, 224, 172, 3.25%, 0, 0, 1, 124.89
1495307472, 0, 3, 225, 222, 170, 3.25%, 0, 0, 1, 133.89
1495307482, 0, 4, 225, 221, 169, 3.25%, 0, 0, 1, 133.59
1495307487, 0, 5, 225, 220, 168, 3.25%, 0, 0, 1, 137.17
1495307492, 0, 7, 225, 218, 166, 3.25%, 0, 0, 1, 133.14
1495307507, 0, 9, 225, 216, 164, 3.25%, 0, 0, 1, 133.23
1495307512, 0, 12, 225, 214, 162, 3.25%, 0, 0, 1, 127.15
1495307528, 0, 14, 225, 212, 160, 3.25%, 0, 0, 1, 149.71
1495307533, 0, 16, 225, 210, 158, 3.25%, 0, 0, 1, 147.94
1495307538, 0, 18, 225, 208, 156, 3.25%, 0, 0, 1, 144.28
1495307543, 0, 20, 225, 206, 154, 3.25%, 0, 0, 1, 150.86
1495307548, 0, 22, 225, 204, 152, 3.25%, 0, 0, 1, 147.59
1495307553, 0, 24, 225, 202, 150, 3.25%, 0, 0, 1, 155.82
1495307558, 0, 26, 225, 200, 148, 3.25%, 0, 0, 1, 152.79
1495307563, 0, 27, 225, 199, 147, 3.25%, 0, 0, 1, 152.26
1495307569, 0, 30, 225, 196, 144, 3.25%, 0, 0, 1, 154.17
1495307574, 0, 31, 225, 195, 143, 3.25%, 0, 0, 1, 155.04
1495307579, 0, 33, 225, 193, 141, 3.25%, 0, 0, 1, 139.48
1495307589, 0, 37, 225, 192, 140, 3.25%, 0, 0, 1, 151.54
1495307594, 0, 38, 225, 191, 139, 3.25%, 0, 0, 1, 151.12
1495307599, 0, 40, 225, 190, 138, 3.25%, 0, 0, 1, 141.96
1495307604, 0, 41, 225, 189, 137, 3.25%, 0, 0, 1, 147.50
1495307615, 0, 44, 225, 187, 135, 3.25%, 0, 0, 1, 152.58
1495307625, 0, 45, 225, 186, 134, 3.25%, 0, 0, 1, 159.02
1495307630, 0, 46, 225, 185, 133, 3.25%, 0, 0, 1, 153.63
1495307641, 0, 47, 225, 184, 132, 3.25%, 0, 0, 1, 147.98
1495307646, 0, 48, 225, 183, 131, 3.25%, 0, 0, 1, 141.03
1495307661, 0, 50, 225, 181, 129, 3.25%, 0, 0, 1, 141.37
1495307677, 0, 51, 225, 180, 128, 3.25%, 0, 0, 1, 149.65
1495307682, 0, 54, 225, 178, 126, 3.25%, 0, 0, 1, 150.22
1495307708, 0, 55, 225, 177, 125, 3.25%, 0, 0, 1, 138.81
1495307723, 0, 56, 225, 176, 124, 3.25%, 0, 0, 1, 139.01
1495307728, 0, 59, 225, 175, 123, 3.25%, 0, 0, 1, 145.70
1495307733, 0, 60, 225, 174, 122, 3.25%, 0, 0, 1, 143.00
1495307743, 0, 62, 225, 173, 121, 3.25%, 0, 0, 1, 147.56
1495307759, 0, 64, 225, 172, 120, 3.25%, 0, 0, 1, 147.74
1495307774, 0, 65, 225, 171, 119, 3.25%, 0, 0, 1, 137.51
1495307779, 0, 66, 225, 170, 118, 3.25%, 0, 0, 1, 135.27
1495307800, 0, 67, 225, 169, 117, 3.25%, 0, 0, 1, 123.35
1495307805, 0, 68, 225, 168, 116, 3.25%, 0, 0, 1, 129.83
1495307820, 0, 70, 225, 167, 115, 3.25%, 0, 0, 1, 133.23
1495307826, 0, 71, 225, 166, 114, 3.25%, 0, 0, 1, 131.03
1495307831, 0, 72, 225, 165, 113, 3.25%, 0, 0, 1, 128.42
1495307836, 0, 73, 225, 164, 112, 3.25%, 0, 0, 1, 139.62
1495307851, 0, 74, 225, 163, 111, 3.25%, 0, 0, 1, 123.60
1495307872, 0, 76, 225, 161, 109, 3.25%, 0, 0, 1, 134.61
1495307892, 0, 79, 225, 159, 107, 3.25%, 0, 0, 1, 139.30
1495307907, 0, 82, 225, 158, 106, 3.25%, 0, 0, 1, 131.17
1495307912, 0, 83, 225, 157, 105, 3.25%, 0, 0, 1, 116.92
1495307928, 0, 86, 225, 155, 103, 3.25%, 0, 0, 1, 131.36
1495307954, 0, 87, 225, 154, 102, 3.25%, 0, 0, 1, 134.68
1495307959, 0, 88, 225, 153, 101, 3.25%, 0, 0, 1, 130.22
1495307964, 0, 90, 225, 152, 100, 3.25%, 0, 0, 1, 131.82
1495307969, 0, 92, 225, 151, 99, 3.25%, 0, 0, 1, 128.53
1495307985, 0, 94, 225, 149, 97, 3.25%, 0, 0, 1, 124.58
1495308000, 0, 96, 225, 148, 96, 3.25%, 0, 0, 1, 139.88
1495308016, 0, 97, 225, 147, 95, 3.25%, 0, 0, 1, 138.18
1495308021, 0, 98, 225, 146, 94, 3.25%, 0, 0, 1, 149.28
1495308031, 0, 99, 225, 145, 93, 3.25%, 0, 0, 1, 145.83
1495308036, 0, 100, 225, 144, 92, 3.25%, 0, 0, 1, 147.29
1495308052, 0, 101, 225, 143, 91, 3.25%, 0, 0, 1, 143.54
1495308057, 0, 102, 225, 142, 90, 3.25%, 0, 0, 1, 149.15
1495308072, 0, 104, 225, 140, 88, 3.25%, 0, 0, 1, 153.16
1495308088, 0, 106, 225, 139, 87, 3.25%, 0, 0, 1, 145.71
1495308093, 0, 107, 225, 138, 86, 3.25%, 0, 0, 1, 149.19
1495308103, 0, 108, 225, 137, 85, 3.25%, 0, 0, 1, 148.51
1495308108, 0, 109, 225, 136, 84, 3.25%, 0, 0, 1, 142.10
1495308118, 0, 110, 225, 135, 83, 3.25%, 0, 0, 1, 148.37
1495308123, 0, 111, 225, 134, 82, 3.25%, 0, 0, 1, 162.80
1495308134, 0, 112, 225, 133, 81, 3.25%, 0, 0, 1, 151.35
1495308139, 0, 113, 225, 132, 80, 3.25%, 0, 0, 1, 148.43
1495308154, 0, 115, 225, 130, 78, 3.25%, 0, 0, 1, 152.19
1495308170, 0, 116, 225, 129, 77, 3.25%, 0, 0, 1, 147.15
1495308175, 0, 117, 225, 128, 76, 3.25%, 0, 0, 1, 148.00
1495308180, 0, 118, 225, 127, 75, 3.25%, 0, 0, 1, 149.98
1495308196, 0, 120, 225, 125, 73, 3.25%, 0, 0, 1, 158.50
1495308211, 0, 122, 225, 124, 72, 3.25%, 0, 0, 1, 148.73
1495308221, 0, 124, 225, 123, 71, 3.25%, 0, 0, 1, 148.93
1495308226, 0, 128, 225, 122, 70, 3.25%, 0, 0, 1, 146.05
1495308242, 0, 129, 225, 121, 69, 3.25%, 0, 0, 1, 143.83
1495308247, 0, 130, 225, 120, 68, 3.25%, 0, 0, 1, 139.52
1495308252, 0, 131, 225, 119, 67, 3.25%, 0, 0, 1, 132.32
1495308273, 0, 132, 225, 118, 66, 3.25%, 0, 0, 1, 126.99
1495308278, 0, 133, 225, 117, 65, 3.25%, 0, 0, 1, 126.92
1495308298, 0, 134, 225, 116, 64, 3.25%, 0, 0, 1, 127.41
1495308303, 0, 135, 225, 115, 63, 3.25%, 0, 0, 1, 129.55
1495308308, 0, 136, 225, 114, 62, 3.25%, 0, 0, 1, 137.17
1495308324, 0, 137, 225, 113, 61, 3.25%, 0, 0, 1, 141.25
1495308329, 0, 138, 225, 112, 60, 3.25%, 0, 0, 1, 139.12
1495308344, 0, 140, 225, 110, 58, 3.25%, 0, 0, 1, 122.53
1495308359, 0, 144, 225, 109, 57, 3.25%, 0, 0, 1, 131.37
1495308370, 0, 148, 225, 107, 55, 3.25%, 0, 0, 1, 125.85
1495308375, 0, 149, 225, 106, 54, 3.25%, 0, 0, 1, 138.76
1495308390, 0, 151, 225, 104, 52, 3.25%, 0, 0, 1, 130.85
1495308405, 0, 152, 225, 103, 51, 3.25%, 0, 0, 1, 132.60
1495308420, 0, 153, 225, 102, 50, 3.25%, 0, 0, 1, 132.15
1495308436, 0, 154, 225, 101, 49, 3.25%, 0, 0, 1, 144.23
1495308441, 0, 155, 225, 100, 48, 3.25%, 0, 0, 1, 133.35
1495308446, 0, 156, 225, 99, 47, 3.25%, 0, 0, 1, 133.07
1495308467, 0, 157, 225, 98, 46, 3.25%, 0, 0, 1, 134.30
1495308472, 0, 158, 225, 97, 45, 3.25%, 0, 0, 1, 134.32
1495308487, 0, 160, 225, 96, 44, 3.25%, 0, 0, 1, 132.45
1495308502, 0, 161, 225, 95, 43, 3.25%, 0, 0, 1, 141.21
1495308508, 0, 162, 225, 94, 42, 3.25%, 0, 0, 1, 155.93
1495308518, 0, 163, 225, 93, 41, 3.25%, 0, 0, 1, 145.45
1495308523, 0, 164, 225, 92, 40, 3.25%, 0, 0, 1, 152.61
1495308528, 0, 165, 225, 91, 39, 3.25%, 0, 0, 1, 145.77
1495308543, 0, 166, 225, 90, 38, 3.25%, 0, 0, 1, 155.50
1495308553, 0, 167, 225, 89, 37, 3.25%, 0, 0, 1, 142.27
1495308558, 0, 168, 225, 88, 36, 3.25%, 0, 0, 1, 155.33
1495308564, 0, 169, 225, 87, 35, 3.25%, 0, 0, 1, 138.27
1495308579, 0, 172, 225, 86, 34, 3.25%, 0, 0, 1, 151.16
1495308594, 0, 174, 225, 85, 33, 3.25%, 0, 0, 1, 148.65
1495308599, 0, 177, 225, 84, 32, 3.25%, 0, 0, 1, 158.82
1495308609, 0, 178, 225, 83, 31, 3.25%, 0, 0, 1, 154.90
1495308620, 0, 179, 225, 82, 30, 3.25%, 0, 0, 1, 146.53
1495308625, 0, 180, 225, 81, 29, 3.25%, 0, 0, 1, 140.28
1495308640, 0, 182, 225, 80, 28, 3.25%, 0, 0, 1, 161.25
1495308656, 0, 184, 225, 78, 26, 3.25%, 0, 0, 1, 153.74
1495308671, 0, 186, 225, 77, 25, 3.25%, 0, 0, 1, 164.44
1495308676, 0, 187, 225, 76, 24, 3.25%, 0, 0, 1, 152.93
1495308686, 0, 189, 225, 75, 23, 3.25%, 0, 0, 1, 152.66
1495308711, 0, 192, 225, 73, 21, 3.25%, 0, 0, 1, 155.44
1495308716, 0, 193, 225, 72, 20, 3.25%, 0, 0, 1, 149.45
1495308732, 0, 195, 225, 71, 19, 3.25%, 0, 0, 1, 154.31
1495308742, 0, 196, 225, 70, 18, 3.25%, 0, 0, 1, 141.18
1495308747, 0, 197, 225, 69, 17, 3.25%, 0, 0, 1, 132.47
1495308752, 0, 198, 225, 68, 16, 3.25%, 0, 0, 1, 132.12
1495308768, 0, 199, 225, 67, 15, 3.25%, 0, 0, 1, 136.14
1495308773, 0, 200, 225, 66, 14, 3.25%, 0, 0, 1, 133.15
1495308788, 0, 201, 225, 65, 13, 3.25%, 0, 0, 1, 127.19
1495308803, 0, 202, 225, 64, 12, 3.25%, 0, 0, 1, 127.85
1495308808, 0, 203, 225, 63, 11, 3.25%, 0, 0, 1, 134.99
1495308814, 0, 204, 225, 62, 10, 3.25%, 0, 0, 1, 135.61
1495308829, 0, 205, 225, 61, 9, 3.25%, 0, 0, 1, 133.93
1495308834, 0, 206, 225, 60, 8, 3.25%, 0, 0, 1, 130.04
1495308839, 0, 207, 225, 59, 7, 3.25%, 0, 0, 1, 126.99
1495308855, 0, 209, 225, 58, 6, 3.25%, 0, 0, 1, 131.69
1495308870, 0, 211, 225, 57, 5, 3.25%, 0, 0, 1, 131.18
1495308891, 0, 214, 225, 56, 4, 3.25%, 0, 0, 1, 131.72
1495308916, 0, 215, 225, 55, 3, 3.25%, 0, 0, 1, 130.90
1495308921, 0, 217, 225, 54, 2, 3.25%, 0, 0, 1, 127.41
1495308942, 0, 221, 225, 53, 1, 3.25%, 0, 0, 1, 131.76
1495308947, 1, 0, 225, 52, 0, 3.25%, 0, 0, 1, 133.10
1495308952, 1, 1, 225, 52, 0, 3.25%, 0, 0, 1, 135.57
1495308957, 1, 3, 225, 52, 0, 3.25%, 0, 0, 1, 131.31
1495308967, 1, 4, 225, 52, 0, 3.25%, 0, 0, 1, 128.20
1495308972, 1, 5, 225, 52, 0, 3.25%, 0, 0, 1, 126.89
1495308977, 1, 7, 225, 52, 0, 3.25%, 0, 0, 1, 138.73
1495308993, 1, 9, 225, 52, 0, 3.25%, 0, 0, 1, 148.78
1495308998, 1, 12, 225, 51, 0, 3.25%, 0, 0, 1, 147.23
1495309008, 1, 14, 225, 51, 0, 3.25%, 0, 0, 1, 149.83
1495309013, 1, 16, 225, 51, 0, 3.25%, 0, 0, 1, 166.58
1495309019, 1, 18, 225, 51, 0, 3.25%, 0, 0, 1, 159.09
1495309024, 1, 20, 225, 51, 0, 3.25%, 0, 0, 1, 161.37
1495309029, 1, 22, 225, 51, 0, 3.25%, 0, 0, 1, 153.30
1495309034, 1, 23, 225, 51, 0, 3.25%, 0, 0, 1, 146.51
1495309039, 1, 24, 225, 51, 0, 3.25%, 0, 0, 1, 152.72
1495309044, 1, 26, 225, 51, 0, 3.25%, 0, 0, 1, 143.16
1495309049, 1, 29, 225, 51, 0, 3.25%, 0, 0, 1, 144.05
1495309054, 1, 31, 225, 51, 0, 3.25%, 0, 0, 1, 145.44
1495309059, 1, 32, 225, 51, 0, 3.25%, 0, 0, 1, 143.84
1495309064, 1, 33, 225, 51, 0, 3.25%, 0, 0, 1, 144.65
1495309074, 1, 37, 225, 50, 0, 3.25%, 0, 0, 1, 151.71
1495309079, 1, 38, 225, 50, 0, 3.25%, 0, 0, 1, 155.37
1495309085, 1, 41, 225, 50, 0, 3.25%, 0, 0, 1, 142.32
1495309100, 1, 43, 225, 50, 0, 3.25%, 0, 0, 1, 142.16
1495309105, 1, 44, 225, 49, 0, 3.25%, 0, 0, 1, 151.00
1495309115, 1, 45, 225, 49, 0, 3.25%, 0, 0, 1, 162.97
1495309120, 1, 46, 225, 49, 0, 3.25%, 0, 0, 1, 153.73
1495309136, 1, 47, 225, 49, 0, 3.25%, 0, 0, 1, 148.75
1495309141, 1, 48, 225, 49, 0, 3.25%, 0, 0, 1, 157.98
1495309151, 1, 49, 225, 49, 0, 3.25%, 0, 0, 1, 146.79
1495309156, 1, 50, 225, 49, 0, 3.25%, 0, 0, 1, 148.95
1495309171, 1, 53, 225, 49, 0, 3.25%, 0, 0, 1, 155.72
1495309176, 1, 54, 225, 49, 0, 3.25%, 0, 0, 1, 60.56
1495309197, 1, 55, 225, 49, 0, 3.25%, 0, 0, 1, 154.66
1495309212, 1, 56, 225, 49, 0, 3.25%, 0, 0, 1, 145.32
1495309217, 1, 59, 225, 49, 0, 3.25%, 0, 0, 1, 146.60
1495309223, 1, 60, 225, 49, 0, 3.25%, 0, 0, 1, 137.29
1495309233, 1, 62, 225, 49, 0, 3.25%, 0, 0, 1, 130.82
1495309248, 1, 64, 225, 49, 0, 3.25%, 0, 0, 1, 142.28
1495309264, 1, 65, 225, 49, 0, 3.25%, 0, 0, 1, 134.06
1495309269, 1, 66, 225, 49, 0, 3.25%, 0, 0, 1, 127.29
1495309289, 1, 67, 225, 49, 0, 3.25%, 0, 0, 1, 141.62
1495309295, 1, 68, 225, 49, 0, 3.25%, 0, 0, 1, 136.29
1495309310, 1, 70, 225, 49, 0, 3.25%, 0, 0, 1, 121.35
1495309315, 1, 71, 225, 49, 0, 3.25%, 0, 0, 1, 125.09
1495309320, 1, 72, 225, 49, 0, 3.25%, 0, 0, 1, 132.69
1495309325, 1, 73, 225, 49, 0, 3.25%, 0, 0, 1, 132.62
1495309341, 1, 74, 225, 49, 0, 3.25%, 0, 0, 1, 130.66
1495309356, 1, 75, 225, 49, 0, 3.25%, 0, 0, 1, 126.93
1495309361, 1, 76, 225, 49, 0, 3.25%, 0, 0, 1, 130.84
1495309377, 1, 78, 225, 49, 0, 3.25%, 0, 0, 1, 133.50
1495309382, 1, 79, 225, 49, 0, 3.25%, 0, 0, 1, 136.79
1495309397, 1, 81, 225, 49, 0, 3.25%, 0, 0, 1, 123.24
1495309412, 1, 82, 225, 48, 0, 3.25%, 0, 0, 1, 137.48
1495309418, 1, 83, 225, 48, 0, 3.25%, 0, 0, 1, 143.06
1495309433, 1, 84, 225, 48, 0, 3.25%, 0, 0, 1, 132.14
1495309438, 1, 86, 225, 47, 0, 3.25%, 0, 0, 1, 127.20
1495309463, 1, 87, 225, 47, 0, 3.25%, 0, 0, 1, 129.29
1495309468, 1, 88, 225, 47, 0, 3.25%, 0, 0, 1, 140.28
1495309474, 1, 91, 225, 47, 0, 3.25%, 0, 0, 1, 147.75
1495309479, 1, 92, 225, 46, 0, 3.25%, 0, 0, 1, 153.15
1495309494, 1, 94, 225, 46, 0, 3.25%, 0, 0, 1, 151.06
1495309509, 1, 96, 225, 46, 0, 3.25%, 0, 0, 1, 145.54
1495309525, 1, 97, 225, 46, 0, 3.25%, 0, 0, 1, 151.42
1495309530, 1, 98, 225, 46, 0, 3.25%, 0, 0, 1, 162.25
1495309540, 1, 99, 225, 46, 0, 3.25%, 0, 0, 1, 154.02
1495309545, 1, 100, 225, 46, 0, 3.25%, 0, 0, 1, 153.65
1495309556, 1, 101, 225, 46, 0, 3.25%, 0, 0, 1, 149.23
1495309561, 1, 102, 225, 46, 0, 3.25%, 0, 0, 1, 151.07
1495309576, 1, 104, 225, 46, 0, 3.25%, 0, 0, 1, 153.17
1495309591, 1, 106, 225, 46, 0, 3.25%, 0, 0, 1, 152.16
1495309596, 1, 107, 225, 46, 0, 3.25%, 0, 0, 1, 158.96
1495309607, 1, 108, 225, 46, 0, 3.25%, 0, 0, 1, 153.21
1495309612, 1, 109, 225, 46, 0, 3.25%, 0, 0, 1, 150.44
1495309622, 1, 110, 225, 46, 0, 3.25%, 0, 0, 1, 160.82
1495309627, 1, 111, 225, 46, 0, 3.25%, 0, 0, 1, 144.83
1495309638, 1, 112, 225, 46, 0, 3.25%, 0, 0, 1, 146.31
1495309643, 1, 113, 225, 46, 0, 3.25%, 0, 0, 1, 154.73
1495309658, 1, 114, 225, 46, 0, 3.25%, 0, 0, 1, 146.16
1495309663, 1, 115, 225, 46, 0, 3.25%, 0, 0, 1, 149.51
1495309673, 1, 117, 225, 46, 0, 3.25%, 0, 0, 1, 154.87
1495309684, 1, 118, 225, 46, 0, 3.25%, 0, 0, 1, 156.91
1495309694, 1, 119, 225, 46, 0, 3.25%, 0, 0, 1, 156.65
1495309699, 1, 120, 225, 46, 0, 3.25%, 0, 0, 1, 161.19
1495309709, 1, 122, 225, 46, 0, 3.25%, 0, 0, 1, 159.05
1495309725, 1, 124, 225, 46, 0, 3.25%, 0, 0, 1, 133.25
1495309730, 1, 128, 225, 46, 0, 3.25%, 0, 0, 1, 129.98
1495309745, 1, 129, 225, 46, 0, 3.25%, 0, 0, 1, 132.33
1495309751, 1, 130, 225, 46, 0, 3.25%, 0, 0, 1, 126.14
1495309756, 1, 131, 225, 46, 0, 3.25%, 0, 0, 1, 129.46
1495309776, 1, 132, 225, 46, 0, 3.25%, 0, 0, 1, 135.33
1495309781, 1, 133, 225, 46, 0, 3.25%, 0, 0, 1, 139.96
1495309802, 1, 134, 225, 46, 0, 3.25%, 0, 0, 1, 138.37
1495309807, 1, 135, 225, 46, 0, 3.25%, 0, 0, 1, 125.61
1495309812, 1, 136, 225, 46, 0, 3.25%, 0, 0, 1, 131.64
1495309827, 1, 137, 225, 46, 0, 3.25%, 0, 0, 1, 125.38
1495309832, 1, 138, 225, 46, 0, 3.25%, 0, 0, 1, 134.03
1495309848, 1, 139, 225, 46, 0, 3.25%, 0, 0, 1, 133.07
1495309853, 1, 140, 225, 46, 0, 3.25%, 0, 0, 1, 134.31
1495309868, 1, 141, 225, 46, 0, 3.25%, 0, 0, 1, 138.49
1495309873, 1, 144, 225, 45, 0, 3.25%, 0, 0, 1, 128.17
1495309878, 1, 147, 225, 45, 0, 3.25%, 0, 0, 1, 132.00
1495309884, 1, 148, 225, 45, 0, 3.25%, 0, 0, 1, 130.43
1495309889, 1, 149, 225, 45, 0, 3.25%, 0, 0, 1, 132.03
1495309904, 1, 151, 225, 45, 0, 3.25%, 0, 0, 1, 124.77
1495309920, 1, 152, 225, 45, 0, 3.25%, 0, 0, 1, 141.39
1495309935, 1, 153, 225, 45, 0, 3.25%, 0, 0, 1, 145.37
1495309950, 1, 154, 225, 45, 0, 3.25%, 0, 0, 1, 135.67
1495309955, 1, 156, 225, 45, 0, 3.25%, 0, 0, 1, 150.05
1495309976, 1, 157, 225, 45, 0, 3.25%, 0, 0, 1, 143.06
1495309981, 1, 158, 225, 45, 0, 3.25%, 0, 0, 1, 157.63
1495309996, 1, 160, 225, 45, 0, 3.25%, 0, 0, 1, 155.04
1495310007, 1, 161, 225, 45, 0, 3.25%, 0, 0, 1, 154.78
1495310012, 1, 162, 225, 45, 0, 3.25%, 0, 0, 1, 153.56
1495310027, 1, 163, 225, 45, 0, 3.25%, 0, 0, 1, 151.82
1495310032, 1, 164, 225, 45, 0, 3.25%, 0, 0, 1, 146.98
1495310037, 1, 165, 225, 45, 0, 3.25%, 0, 0, 1, 162.07
1495310048, 1, 166, 225, 45, 0, 3.25%, 0, 0, 1, 146.79
1495310058, 1, 167, 225, 45, 0, 3.25%, 0, 0, 1, 153.21
1495310063, 1, 168, 225, 45, 0, 3.25%, 0, 0, 1, 151.79
1495310068, 1, 169, 225, 45, 0, 3.25%, 0, 0, 1, 151.34
1495310079, 1, 172, 225, 45, 0, 3.25%, 0, 0, 1, 151.49
1495310094, 1, 173, 225, 45, 0, 3.25%, 0, 0, 1, 147.48
1495310099, 1, 174, 225, 44, 0, 3.25%, 0, 0, 1, 155.31
1495310104, 1, 177, 225, 43, 0, 3.25%, 0, 0, 1, 152.35
1495310120, 1, 178, 225, 43, 0, 3.25%, 0, 0, 1, 152.35
1495310135, 1, 180, 225, 43, 0, 3.25%, 0, 0, 1, 150.30
1495310150, 1, 182, 225, 43, 0, 3.25%, 0, 0, 1, 147.93
1495310161, 1, 183, 225, 43, 0, 3.25%, 0, 0, 1, 158.72
1495310166, 1, 184, 225, 43, 0, 3.25%, 0, 0, 1, 161.08
1495310181, 1, 186, 225, 43, 0, 3.25%, 0, 0, 1, 144.82
1495310186, 1, 187, 225, 43, 0, 3.25%, 0, 0, 1, 145.17
1495310196, 1, 188, 225, 43, 0, 3.25%, 0, 0, 1, 150.51
1495310201, 1, 189, 225, 42, 0, 3.25%, 0, 0, 1, 134.38
1495310227, 1, 190, 225, 42, 0, 3.25%, 0, 0, 1, 126.55
1495310232, 1, 191, 225, 42, 0, 3.25%, 0, 0, 1, 129.05
1495310247, 1, 193, 225, 41, 0, 3.25%, 0, 0, 1, 144.47
1495310263, 1, 195, 225, 41, 0, 3.25%, 0, 0, 1, 129.49
1495310278, 1, 196, 225, 41, 0, 3.25%, 0, 0, 1, 133.76
1495310283, 1, 197, 225, 41, 0, 3.25%, 0, 0, 1, 135.31
1495310288, 1, 198, 225, 41, 0, 3.25%, 0, 0, 1, 134.09
1495310304, 1, 199, 225, 41, 0, 3.25%, 0, 0, 1, 130.57
1495310309, 1, 200, 225, 41, 0, 3.25%, 0, 0, 1, 129.42
1495310324, 1, 201, 225, 41, 0, 3.25%, 0, 0, 1, 133.98
1495310339, 1, 202, 225, 41, 0, 3.25%, 0, 0, 1, 127.88
1495310344, 1, 203, 225, 41, 0, 3.25%, 0, 0, 1, 130.92
1495310350, 1, 204, 225, 41, 0, 3.25%, 0, 0, 1, 147.83
1495310365, 1, 205, 225, 41, 0, 3.25%, 0, 0, 1, 135.25
1495310370, 1, 206, 225, 41, 0, 3.25%, 0, 0, 1, 137.14
1495310375, 1, 207, 225, 41, 0, 3.25%, 0, 0, 1, 129.58
1495310391, 1, 209, 225, 41, 0, 3.25%, 0, 0, 1, 124.85
1495310406, 1, 211, 225, 41, 0, 3.25%, 0, 0, 1, 122.67
1495310411, 1, 213, 225, 41, 0, 3.25%, 0, 0, 1, 126.00
1495310422, 1, 214, 225, 40, 0, 3.25%, 0, 0, 1, 128.04
1495310447, 1, 217, 225, 40, 0, 3.25%, 0, 0, 1, 144.36
1495310468, 1, 219, 225, 40, 0, 3.25%, 0, 0, 1, 136.87
1495310478, 1, 220, 225, 39, 0, 3.25%, 0, 0, 1, 145.69
1495310488, 1, 221, 225, 38, 0, 3.25%, 0, 0, 1, 146.53
1495310493, 2, 0, 225, 38, 0, 3.25%, 0, 0, 1, 140.38
1495310498, 2, 1, 225, 38, 0, 3.25%, 0, 0, 1, 144.60
1495310504, 2, 3, 225, 38, 0, 3.25%, 0, 0, 1, 147.91
1495310514, 2, 5, 225, 38, 0, 3.25%, 0, 0, 1, 153.28
1495310519, 2, 6, 225, 38, 0, 3.25%, 0, 0, 1, 148.84
1495310524, 2, 7, 225, 38, 0, 3.25%, 0, 0, 1, 158.61
1495310534, 2, 9, 225, 38, 0, 3.25%, 0, 0, 1, 151.13
1495310540, 2, 12, 225, 38, 0, 3.25%, 0, 0, 1, 148.01
1495310550, 2, 14, 225, 38, 0, 3.25%, 0, 0, 1, 160.13
1495310555, 2, 16, 225, 38, 0, 3.25%, 0, 0, 1, 141.86
1495310560, 2, 18, 225, 38, 0, 3.25%, 0, 0, 1, 147.54
1495310565, 2, 20, 225, 38, 0, 3.25%, 0, 0, 1, 150.47
1495310575, 2, 22, 225, 38, 0, 3.25%, 0, 0, 1, 141.94
1495310580, 2, 24, 225, 38, 0, 3.25%, 0, 0, 1, 148.05
1495310585, 2, 26, 225, 38, 0, 3.25%, 0, 0, 1, 146.51
1495310591, 2, 28, 225, 38, 0, 3.25%, 0, 0, 1, 142.63
1495310596, 2, 30, 225, 38, 0, 3.25%, 0, 0, 1, 148.18
1495310601, 2, 32, 225, 38, 0, 3.25%, 0, 0, 1, 150.29
1495310606, 2, 33, 225, 38, 0, 3.25%, 0, 0, 1, 137.04
1495310616, 2, 34, 225, 38, 0, 3.25%, 0, 0, 1, 141.08
1495310621, 2, 37, 225, 38, 0, 3.25%, 0, 0, 1, 148.47
1495310627, 2, 40, 225, 38, 0, 3.25%, 0, 0, 1, 147.53
1495310632, 2, 41, 225, 38, 0, 3.25%, 0, 0, 1, 145.97
1495310647, 2, 44, 225, 38, 0, 3.25%, 0, 0, 1, 137.37
1495310657, 2, 45, 225, 38, 0, 3.25%, 0, 0, 1, 145.76
1495310662, 2, 46, 225, 38, 0, 3.25%, 0, 0, 1, 131.06
1495310678, 2, 48, 225, 38, 0, 3.25%, 0, 0, 1, 143.51
1495310693, 2, 49, 225, 38, 0, 3.25%, 0, 0, 1, 149.02
1495310698, 2, 50, 225, 38, 0, 3.25%, 0, 0, 1, 143.26
1495310713, 2, 53, 225, 38, 0, 3.25%, 0, 0, 1, 129.93
1495310719, 2, 54, 225, 38, 0, 3.25%, 0, 0, 1, 120.49
1495310744, 2, 55, 225, 38, 0, 3.25%, 0, 0, 1, 125.92
1495310760, 2, 56, 225, 38, 0, 3.25%, 0, 0, 1, 127.52
1495310765, 2, 57, 225, 38, 0, 3.25%, 0, 0, 1, 126.68
1495310790, 2, 59, 225, 37, 0, 3.25%, 0, 0, 1, 134.94
1495310795, 2, 60, 225, 37, 0, 3.25%, 0, 0, 1, 132.94
1495310806, 2, 62, 225, 37, 0, 3.25%, 0, 0, 1, 133.52
1495310826, 2, 64, 225, 37, 0, 3.25%, 0, 0, 1, 129.98
1495310842, 2, 65, 225, 37, 0, 3.25%, 0, 0, 1, 129.00
1495310847, 2, 66, 225, 37, 0, 3.25%, 0, 0, 1, 121.85
1495310867, 2, 67, 225, 37, 0, 3.25%, 0, 0, 1, 130.35
1495310872, 2, 68, 225, 37, 0, 3.25%, 0, 0, 1, 127.91
1495310888, 2, 69, 225, 37, 0, 3.25%, 0, 0, 1, 127.20
1495310893, 2, 70, 225, 36, 0, 3.25%, 0, 0, 1, 123.30
1495310903, 2, 72, 225, 36, 0, 3.25%, 0, 0, 1, 131.02
1495310908, 2, 73, 225, 36, 0, 3.25%, 0, 0, 1, 128.90
1495310923, 2, 74, 225, 36, 0, 3.25%, 0, 0, 1, 149.02
1495310939, 2, 76, 225, 36, 0, 3.25%, 0, 0, 1, 150.52
1495310954, 2, 78, 225, 36, 0, 3.25%, 0, 0, 1, 153.90
1495310959, 2, 79, 225, 36, 0, 3.25%, 0, 0, 1, 152.51
1495310970, 2, 82, 225, 36, 0, 3.25%, 0, 0, 1, 149.64
1495310975, 2, 83, 225, 36, 0, 3.25%, 0, 0, 1, 152.38
1495310990, 2, 86, 225, 36, 0, 3.25%, 0, 0, 1, 145.28
1495311011, 2, 87, 225, 36, 0, 3.25%, 0, 0, 1, 146.60
1495311016, 2, 88, 225, 36, 0, 3.25%, 0, 0, 1, 146.51
1495311021, 2, 89, 225, 36, 0, 3.25%, 0, 0, 1, 139.95
1495311042, 2, 90, 225, 35, 0, 3.25%, 0, 0, 1, 146.35
1495311047, 2, 92, 225, 35, 0, 3.25%, 0, 0, 1, 157.92
1495311057, 2, 93, 225, 35, 0, 3.25%, 0, 0, 1, 147.15
1495311062, 2, 94, 225, 35, 0, 3.25%, 0, 0, 1, 161.24
1495311072, 2, 96, 225, 35, 0, 3.25%, 0, 0, 1, 146.50
1495311088, 2, 97, 225, 35, 0, 3.25%, 0, 0, 1, 146.73
1495311093, 2, 98, 225, 35, 0, 3.25%, 0, 0, 1, 141.86
1495311108, 2, 100, 225, 35, 0, 3.25%, 0, 0, 1, 144.04
1495311123, 2, 101, 225, 35, 0, 3.25%, 0, 0, 1, 141.06
1495311129, 2, 102, 225, 35, 0, 3.25%, 0, 0, 1, 151.98
1495311144, 2, 104, 225, 35, 0, 3.25%, 0, 0, 1, 158.15
1495311159, 2, 106, 225, 35, 0, 3.25%, 0, 0, 1, 138.72
1495311164, 2, 107, 225, 35, 0, 3.25%, 0, 0, 1, 129.21
1495311180, 2, 109, 225, 35, 0, 3.25%, 0, 0, 1, 131.48
1495311195, 2, 110, 225, 35, 0, 3.25%, 0, 0, 1, 137.26
1495311200, 2, 111, 225, 35, 0, 3.25%, 0, 0, 1, 132.85
1495311215, 2, 113, 225, 35, 0, 3.25%, 0, 0, 1, 126.49
1495311236, 2, 115, 225, 35, 0, 3.25%, 0, 0, 1, 133.11
1495311251, 2, 116, 225, 35, 0, 3.25%, 0, 0, 1, 141.12
1495311256, 2, 117, 225, 35, 0, 3.25%, 0, 0, 1, 132.18
1495311262, 2, 118, 225, 35, 0, 3.25%, 0, 0, 1, 131.32
1495311277, 2, 119, 225, 35, 0, 3.25%, 0, 0, 1, 122.92
1495311282, 2, 120, 225, 35, 0, 3.25%, 0, 0, 1, 121.13
1495311298, 2, 122, 225, 35, 0, 3.25%, 0, 0, 1, 130.67
1495311313, 2, 124, 225, 35, 0, 3.25%, 0, 0, 1, 138.52
1495311318, 2, 127, 225, 35, 0, 3.25%, 0, 0, 1, 139.73
1495311323, 2, 128, 225, 34, 0, 3.25%, 0, 0, 1, 135.72
1495311339, 2, 129, 225, 34, 0, 3.25%, 0, 0, 1, 128.34
1495311344, 2, 130, 225, 34, 0, 3.25%, 0, 0, 1, 129.05
1495311349, 2, 131, 225, 34, 0, 3.25%, 0, 0, 1, 126.88
1495311369, 2, 132, 225, 34, 0, 3.25%, 0, 0, 1, 130.97
1495311375, 2, 133, 225, 34, 0, 3.25%, 0, 0, 1, 133.97
1495311400, 2, 135, 225, 34, 0, 3.25%, 0, 0, 1, 152.43
1495311405, 2, 136, 225, 34, 0, 3.25%, 0, 0, 1, 146.95
1495311421, 2, 138, 225, 34, 0, 3.25%, 0, 0, 1, 141.37
1495311437, 2, 139, 225, 34, 0, 3.25%, 0, 0, 1, 151.43
1495311442, 2, 140, 225, 34, 0, 3.25%, 0, 0, 1, 147.85
1495311452, 2, 144, 225, 34, 0, 3.25%, 0, 0, 1, 141.45
1495311462, 2, 148, 225, 34, 0, 3.25%, 0, 0, 1, 142.38
1495311468, 2, 149, 225, 34, 0, 3.25%, 0, 0, 1, 149.87
1495311483, 2, 151, 225, 34, 0, 3.25%, 0, 0, 1, 146.30
1495311498, 2, 152, 225, 34, 0, 3.25%, 0, 0, 1, 146.79
1495311514, 2, 153, 225, 34, 0, 3.25%, 0, 0, 1, 141.44
1495311529, 2, 155, 225, 34, 0, 3.25%, 0, 0, 1, 146.86
1495311535, 2, 156, 225, 34, 0, 3.25%, 0, 0, 1, 146.04
1495311555, 2, 157, 225, 34, 0, 3.25%, 0, 0, 1, 150.22
1495311560, 2, 158, 225, 34, 0, 3.25%, 0, 0, 1, 140.40
1495311571, 2, 160, 225, 34, 0, 3.25%, 0, 0, 1, 151.72
1495311586, 2, 161, 225, 34, 0, 3.25%, 0, 0, 1, 148.55
1495311591, 2, 162, 225, 34, 0, 3.25%, 0, 0, 1, 156.28
1495311607, 2, 164, 225, 34, 0, 3.25%, 0, 0, 1, 147.78
1495311612, 2, 165, 225, 34, 0, 3.25%, 0, 0, 1, 150.60
1495311627, 2, 166, 225, 34, 0, 3.25%, 0, 0, 1, 141.90
1495311642, 2, 167, 225, 34, 0, 3.25%, 0, 0, 1, 122.58
1495311647, 2, 168, 225, 34, 0, 3.25%, 0, 0, 1, 133.13
1495311653, 2, 169, 225, 34, 0, 3.25%, 0, 0, 1, 134.73
1495311668, 2, 172, 225, 34, 0, 3.25%, 0, 0, 1, 130.86
1495311683, 2, 174, 225, 34, 0, 3.25%, 0, 0, 1, 120.50
1495311688, 2, 177, 225, 34, 0, 3.25%, 0, 0, 1, 129.02
1495311709, 2, 178, 225, 34, 0, 3.25%, 0, 0, 1, 143.08
1495311724, 2, 179, 225, 34, 0, 3.25%, 0, 0, 1, 126.42
1495311729, 2, 180, 225, 34, 0, 3.25%, 0, 0, 1, 142.73
1495311744, 2, 181, 225, 34, 0, 3.25%, 0, 0, 1, 137.84
1495311749, 2, 182, 225, 33, 0, 3.25%, 0, 0, 1, 130.33
1495311765, 2, 184, 225, 33, 0, 3.25%, 0, 0, 1, 131.70
1495311780, 2, 186, 225, 33, 0, 3.25%, 0, 0, 1, 136.75
1495311785, 2, 187, 225, 33, 0, 3.25%, 0, 0, 1, 140.81
1495311805, 2, 189, 225, 33, 0, 3.25%, 0, 0, 1, 136.05
1495311826, 2, 190, 225, 33, 0, 3.25%, 0, 0, 1, 130.25
1495311831, 2, 192, 225, 33, 0, 3.25%, 0, 0, 1, 131.13
1495311836, 2, 193, 225, 33, 0, 3.25%, 0, 0, 1, 129.87
1495311852, 2, 195, 225, 33, 0, 3.25%, 0, 0, 1, 129.48
1495311867, 2, 196, 225, 33, 0, 3.25%, 0, 0, 1, 126.16
1495311872, 2, 197, 225, 33, 0, 3.25%, 0, 0, 1, 128.58
1495311877, 2, 198, 225, 33, 0, 3.25%, 0, 0, 1, 131.00
1495311893, 2, 199, 225, 33, 0, 3.25%, 0, 0, 1, 155.90
1495311898, 2, 200, 225, 33, 0, 3.25%, 0, 0, 1, 146.38
1495311913, 2, 201, 225, 33, 0, 3.25%, 0, 0, 1, 144.37
1495311923, 2, 202, 225, 33, 0, 3.25%, 0, 0, 1, 154.73
1495311928, 2, 203, 225, 33, 0, 3.25%, 0, 0, 1, 139.68
1495311933, 2, 204, 225, 33, 0, 3.25%, 0, 0, 1, 138.30
1495311948, 2, 205, 225, 33, 0, 3.25%, 0, 0, 1, 150.85
1495311954, 2, 206, 225, 33, 0, 3.25%, 0, 0, 1, 145.71
1495311959, 2, 207, 225, 33, 0, 3.25%, 0, 0, 1, 144.45
1495311969, 2, 209, 225, 33, 0, 3.25%, 0, 0, 1, 146.63
1495311985, 2, 210, 225, 33, 0, 3.25%, 0, 0, 1, 145.64
1495312005, 2, 211, 225, 32, 0, 3.25%, 0, 0, 1, 129.78
1495312010, 2, 212, 225, 32, 0, 3.25%, 0, 0, 1, 139.61
1495312026, 2, 214, 225, 31, 0, 3.25%, 0, 0, 1, 138.15
1495312046, 2, 215, 225, 31, 0, 3.25%, 0, 0, 1, 146.49
1495312051, 2, 216, 225, 31, 0, 3.25%, 0, 0, 1, 144.48
1495312056, 2, 217, 225, 30, 0, 3.25%, 0, 0, 1, 151.83
1495312077, 2, 221, 225, 30, 0, 3.25%, 0, 0, 1, 146.45
1495312082, 2, 222, 225, 30, 0, 3.25%, 0, 0, 1, 148.65
1495312087, 2, 224, 225, 29, 0, 3.25%, 0, 0, 1, 146.24
1495312092, 3, 1, 225, 28, 0, 3.25%, 0, 0, 1, 154.84
1495312097, 3, 3, 225, 28, 0, 3.25%, 0, 0, 1, 142.88
1495312107, 3, 4, 225, 28, 0, 3.25%, 0, 0, 1, 151.60
1495312113, 3, 5, 225, 28, 0, 3.25%, 0, 0, 1, 152.59
1495312118, 3, 7, 225, 28, 0, 3.25%, 0, 0, 1, 145.13
1495312133, 3, 9, 225, 28, 0, 3.25%, 0, 0, 1, 133.46
1495312138, 3, 12, 225, 28, 0, 3.25%, 0, 0, 1, 134.04
1495312154, 3, 14, 225, 28, 0, 3.25%, 0, 0, 1, 133.27
1495312159, 3, 16, 225, 28, 0, 3.25%, 0, 0, 1, 137.91
1495312164, 3, 18, 225, 28, 0, 3.25%, 0, 0, 1, 129.52
1495312169, 3, 20, 225, 28, 0, 3.25%, 0, 0, 1, 143.13
1495312174, 3, 21, 225, 28, 0, 3.25%, 0, 0, 1, 131.96
1495312179, 3, 22, 225, 28, 0, 3.25%, 0, 0, 1, 127.14
1495312184, 3, 24, 225, 28, 0, 3.25%, 0, 0, 1, 126.11
1495312189, 3, 26, 225, 28, 0, 3.25%, 0, 0, 1, 133.64
1495312199, 3, 29, 225, 28, 0, 3.25%, 0, 0, 1, 135.59
1495312204, 3, 31, 225, 28, 0, 3.25%, 0, 0, 1, 140.97
1495312210, 3, 32, 225, 28, 0, 3.25%, 0, 0, 1, 136.92
1495312215, 3, 33, 225, 28, 0, 3.25%, 0, 0, 1, 136.79
1495312225, 3, 37, 225, 28, 0, 3.25%, 0, 0, 1, 134.66
1495312230, 3, 38, 225, 28, 0, 3.25%, 0, 0, 1, 140.37
1495312235, 3, 41, 225, 28, 0, 3.25%, 0, 0, 1, 133.92
1495312255, 3, 44, 225, 28, 0, 3.25%, 0, 0, 1, 139.18
1495312266, 3, 45, 225, 28, 0, 3.25%, 0, 0, 1, 131.67
1495312271, 3, 46, 225, 28, 0, 3.25%, 0, 0, 1, 138.98
1495312286, 3, 47, 225, 28, 0, 3.25%, 0, 0, 1, 120.49
1495312291, 3, 48, 225, 28, 0, 3.25%, 0, 0, 1, 127.17
1495312307, 3, 49, 225, 28, 0, 3.25%, 0, 0, 1, 126.62
1495312312, 3, 50, 225, 28, 0, 3.25%, 0, 0, 1, 128.13
1495312327, 3, 53, 225, 28, 0, 3.25%, 0, 0, 1, 139.63
1495312332, 3, 54, 225, 28, 0, 3.25%, 0, 0, 1, 123.11
1495312358, 3, 55, 225, 28, 0, 3.25%, 0, 0, 1, 123.34
1495312373, 3, 59, 225, 28, 0, 3.25%, 0, 0, 1, 148.33
1495312378, 3, 60, 225, 28, 0, 3.25%, 0, 0, 1, 148.61
1495312393, 3, 62, 225, 28, 0, 3.25%, 0, 0, 1, 149.89
1495312404, 3, 64, 225, 28, 0, 3.25%, 0, 0, 1, 151.49
1495312419, 3, 65, 225, 28, 0, 3.25%, 0, 0, 1, 146.69
1495312424, 3, 66, 225, 28, 0, 3.25%, 0, 0, 1, 149.83
1495312445, 3, 67, 225, 28, 0, 3.25%, 0, 0, 1, 136.27
1495312450, 3, 68, 225, 28, 0, 3.25%, 0, 0, 1, 146.50
1495312465, 3, 70, 225, 28, 0, 3.25%, 0, 0, 1, 141.74
1495312470, 3, 71, 225, 28, 0, 3.25%, 0, 0, 1, 141.11
1495312476, 3, 73, 225, 28, 0, 3.25%, 0, 0, 1, 146.53
1495312491, 3, 74, 225, 28, 0, 3.25%, 0, 0, 1, 150.48
1495312506, 3, 76, 225, 28, 0, 3.25%, 0, 0, 1, 149.10
1495312521, 3, 78, 225, 28, 0, 3.25%, 0, 0, 1, 148.80
1495312526, 3, 79, 225, 28, 0, 3.25%, 0, 0, 1, 150.93
1495312542, 3, 83, 225, 28, 0, 3.25%, 0, 0, 1, 146.38
1495312557, 3, 86, 225, 28, 0, 3.25%, 0, 0, 1, 150.12
1495312578, 3, 87, 225, 28, 0, 3.25%, 0, 0, 1, 140.28
1495312583, 3, 88, 225, 28, 0, 3.25%, 0, 0, 1, 140.87
1495312588, 3, 90, 225, 28, 0, 3.25%, 0, 0, 1, 142.55
1495312593, 3, 92, 225, 28, 0, 3.25%, 0, 0, 1, 149.72
1495312603, 3, 93, 225, 28, 0, 3.25%, 0, 0, 1, 140.44
1495312609, 3, 94, 225, 28, 0, 3.25%, 0, 0, 1, 137.90
1495312624, 3, 96, 225, 28, 0, 3.25%, 0, 0, 1, 132.48
1495312639, 3, 97, 225, 28, 0, 3.25%, 0, 0, 1, 131.33
1495312644, 3, 98, 225, 28, 0, 3.25%, 0, 0, 1, 121.28
1495312660, 3, 99, 225, 28, 0, 3.25%, 0, 0, 1, 130.16
1495312665, 3, 100, 225, 28, 0, 3.25%, 0, 0, 1, 139.50
1495312680, 3, 101, 225, 28, 0, 3.25%, 0, 0, 1, 132.03
1495312685, 3, 102, 225, 28, 0, 3.25%, 0, 0, 1, 132.29
1495312701, 3, 103, 225, 28, 0, 3.25%, 0, 0, 1, 133.38
1495312706, 3, 104, 225, 28, 0, 3.25%, 0, 0, 1, 136.49
1495312721, 3, 106, 225, 28, 0, 3.25%, 0, 0, 1, 123.03
1495312726, 3, 107, 225, 28, 0, 3.25%, 0, 0, 1, 122.84
1495312742, 3, 108, 225, 28, 0, 3.25%, 0, 0, 1, 126.50
1495312747, 3, 109, 225, 28, 0, 3.25%, 0, 0, 1, 131.24
1495312762, 3, 111, 225, 28, 0, 3.25%, 0, 0, 1, 128.26
1495312782, 3, 113, 225, 28, 0, 3.25%, 0, 0, 1, 127.22
1495312803, 3, 115, 225, 28, 0, 3.25%, 0, 0, 1, 135.98
1495312818, 3, 116, 225, 28, 0, 3.25%, 0, 0, 1, 128.02
1495312824, 3, 117, 225, 28, 0, 3.25%, 0, 0, 1, 128.73
1495312829, 3, 118, 225, 28, 0, 3.25%, 0, 0, 1, 130.40
1495312844, 3, 119, 225, 28, 0, 3.25%, 0, 0, 1, 141.90
1495312849, 3, 120, 225, 28, 0, 3.25%, 0, 0, 1, 145.17
1495312865, 3, 122, 225, 27, 0, 3.25%, 0, 0, 1, 139.12
1495312880, 3, 124, 225, 27, 0, 3.25%, 0, 0, 1, 143.38
1495312885, 3, 128, 225, 27, 0, 3.25%, 0, 0, 1, 138.52
1495312901, 3, 129, 225, 27, 0, 3.25%, 0, 0, 1, 137.04
1495312906, 3, 130, 225, 27, 0, 3.25%, 0, 0, 1, 147.32
1495312911, 3, 131, 225, 27, 0, 3.25%, 0, 0, 1, 142.50
1495312931, 3, 133, 225, 27, 0, 3.25%, 0, 0, 1, 140.60
1495312952, 3, 134, 225, 27, 0, 3.25%, 0, 0, 1, 148.14
1495312957, 3, 136, 225, 27, 0, 3.25%, 0, 0, 1, 146.36
1495312972, 3, 137, 225, 27, 0, 3.25%, 0, 0, 1, 143.03
1495312978, 3, 138, 225, 27, 0, 3.25%, 0, 0, 1, 144.67
1495312988, 3, 139, 225, 27, 0, 3.25%, 0, 0, 1, 154.79
1495312993, 3, 140, 225, 27, 0, 3.25%, 0, 0, 1, 144.41
1495313008, 3, 142, 225, 27, 0, 3.25%, 0, 0, 1, 144.16
1495313013, 3, 143, 225, 26, 0, 3.25%, 0, 0, 1, 155.07
1495313034, 3, 144, 225, 25, 0, 3.25%, 0, 0, 1, 140.98
1495313039, 3, 147, 225, 25, 0, 3.25%, 0, 0, 1, 141.68
1495313044, 3, 149, 225, 25, 0, 3.25%, 0, 0, 1, 131.86
1495313060, 3, 150, 225, 25, 0, 3.25%, 0, 0, 1, 141.94
1495313065, 3, 151, 225, 25, 0, 3.25%, 0, 0, 1, 159.86
1495313075, 3, 152, 225, 25, 0, 3.25%, 0, 0, 1, 149.29
1495313091, 3, 153, 225, 25, 0, 3.25%, 0, 0, 1, 135.47
1495313106, 3, 154, 225, 25, 0, 3.25%, 0, 0, 1, 121.19
1495313111, 3, 155, 225, 25, 0, 3.25%, 0, 0, 1, 124.49
1495313116, 3, 156, 225, 25, 0, 3.25%, 0, 0, 1, 129.87
1495313137, 3, 157, 225, 25, 0, 3.25%, 0, 0, 1, 132.49
1495313142, 3, 158, 225, 25, 0, 3.25%, 0, 0, 1, 136.25
1495313157, 3, 160, 225, 25, 0, 3.25%, 0, 0, 1, 130.11
1495313167, 3, 161, 225, 25, 0, 3.25%, 0, 0, 1, 137.60
1495313172, 3, 162, 225, 25, 0, 3.25%, 0, 0, 1, 127.51
1495313188, 3, 163, 225, 25, 0, 3.25%, 0, 0, 1, 136.36
1495313193, 3, 164, 225, 25, 0, 3.25%, 0, 0, 1, 143.51
1495313198, 3, 165, 225, 25, 0, 3.25%, 0, 0, 1, 133.44
1495313213, 3, 166, 225, 25, 0, 3.25%, 0, 0, 1, 128.95
1495313229, 3, 168, 225, 25, 0, 3.25%, 0, 0, 1, 129.91
1495313239, 3, 169, 225, 25, 0, 3.25%, 0, 0, 1, 129.79
1495313254, 3, 172, 225, 25, 0, 3.25%, 0, 0, 1, 134.26
1495313270, 3, 174, 225, 25, 0, 3.25%, 0, 0, 1, 129.53
1495313275, 3, 177, 225, 25, 0, 3.25%, 0, 0, 1, 137.27
1495313290, 3, 178, 225, 25, 0, 3.25%, 0, 0, 1, 128.86
1495313306, 3, 179, 225, 25, 0, 3.25%, 0, 0, 1, 130.00
1495313311, 3, 180, 225, 25, 0, 3.25%, 0, 0, 1, 131.25
1495313326, 3, 182, 225, 25, 0, 3.25%, 0, 0, 1, 127.38
1495313341, 3, 184, 225, 25, 0, 3.25%, 0, 0, 1, 150.12
1495313357, 3, 186, 225, 25, 0, 3.25%, 0, 0, 1, 143.67
1495313362, 3, 187, 225, 25, 0, 3.25%, 0, 0, 1, 149.65
1495313377, 3, 189, 225, 25, 0, 3.25%, 0, 0, 1, 144.50
1495313398, 3, 190, 225, 25, 0, 3.25%, 0, 0, 1, 151.09
1495313403, 3, 193, 225, 25, 0, 3.25%, 0, 0, 1, 152.09
1495313418, 3, 195, 225, 25, 0, 3.25%, 0, 0, 1, 146.76
1495313434, 3, 196, 225, 25, 0, 3.25%, 0, 0, 1, 150.17
1495313439, 3, 198, 225, 25, 0, 3.25%, 0, 0, 1, 147.18
1495313454, 3, 199, 225, 25, 0, 3.25%, 0, 0, 1, 159.56
1495313459, 3, 200, 225, 25, 0, 3.25%, 0, 0, 1, 150.70
1495313475, 3, 201, 225, 25, 0, 3.25%, 0, 0, 1, 144.57
1495313485, 3, 202, 225, 25, 0, 3.25%, 0, 0, 1, 145.32
1495313490, 3, 203, 225, 25, 0, 3.25%, 0, 0, 1, 148.84
1495313495, 3, 204, 225, 25, 0, 3.25%, 0, 0, 1, 153.68
1495313510, 3, 205, 225, 25, 0, 3.25%, 0, 0, 1, 144.16
1495313515, 3, 206, 225, 25, 0, 3.25%, 0, 0, 1, 147.16
1495313521, 3, 207, 225, 25, 0, 3.25%, 0, 0, 1, 152.37
1495313536, 3, 209, 225, 25, 0, 3.25%, 0, 0, 1, 151.18
1495313547, 3, 211, 225, 25, 0, 3.25%, 0, 0, 1, 137.40
1495313557, 3, 214, 225, 25, 0, 3.25%, 0, 0, 1, 138.31
1495313577, 3, 215, 225, 25, 0, 3.25%, 0, 0, 1, 138.39
1495313582, 3, 217, 225, 25, 0, 3.25%, 0, 0, 1, 134.18
1495313608, 3, 218, 225, 25, 0, 3.25%, 0, 0, 1, 122.28
1495313613, 3, 221, 225, 24, 0, 3.25%, 0, 0, 1, 126.80
1495313618, 3, 222, 225, 24, 0, 3.25%, 0, 0, 1, 122.38
1495313628, 3, 223, 225, 24, 0, 3.25%, 0, 0, 1, 130.45
1495313633, 4, 0, 225, 23, 0, 3.25%, 0, 0, 1, 131.10
1495313639, 4, 1, 225, 23, 0, 3.25%, 0, 0, 1, 129.11
1495313644, 4, 3, 225, 23, 0, 3.25%, 0, 0, 1, 122.56
1495313654, 4, 4, 225, 23, 0, 3.25%, 0, 0, 1, 128.42
1495313659, 4, 5, 225, 23, 0, 3.25%, 0, 0, 1, 137.40
1495313664, 4, 7, 225, 23, 0, 3.25%, 0, 0, 1, 134.64
1495313680, 4, 9, 225, 23, 0, 3.25%, 0, 0, 1, 128.72
1495313685, 4, 12, 225, 23, 0, 3.25%, 0, 0, 1, 130.14
1495313700, 4, 14, 225, 23, 0, 3.25%, 0, 0, 1, 127.44
1495313705, 4, 16, 225, 23, 0, 3.25%, 0, 0, 1, 132.33
1495313710, 4, 18, 225, 23, 0, 3.25%, 0, 0, 1, 133.44
1495313715, 4, 20, 225, 23, 0, 3.25%, 0, 0, 1, 130.02
1495313720, 4, 21, 225, 23, 0, 3.25%, 0, 0, 1, 135.15
1495313725, 4, 22, 225, 23, 0, 3.25%, 0, 0, 1, 129.05
1495313730, 4, 24, 225, 23, 0, 3.25%, 0, 0, 1, 130.20
1495313736, 4, 26, 225, 23, 0, 3.25%, 0, 0, 1, 133.15
1495313741, 4, 27, 225, 23, 0, 3.25%, 0, 0, 1, 136.09
1495313746, 4, 29, 225, 23, 0, 3.25%, 0, 0, 1, 140.25
1495313751, 4, 31, 225, 23, 0, 3.25%, 0, 0, 1, 131.46
1495313756, 4, 32, 225, 23, 0, 3.25%, 0, 0, 1, 124.25
1495313761, 4, 33, 225, 23, 0, 3.25%, 0, 0, 1, 131.11
1495313771, 4, 35, 225, 23, 0, 3.25%, 0, 0, 1, 127.32
1495313787, 4, 36, 225, 22, 0, 3.25%, 0, 0, 1, 128.01
1495313792, 4, 37, 225, 21, 0, 3.25%, 0, 0, 1, 122.51
1495313797, 4, 38, 225, 21, 0, 3.25%, 0, 0, 1, 126.17
1495313802, 4, 40, 225, 21, 0, 3.25%, 0, 0, 1, 135.12
1495313807, 4, 41, 225, 21, 0, 3.25%, 0, 0, 1, 131.13
1495313818, 4, 44, 225, 21, 0, 3.25%, 0, 0, 1, 158.76
1495313833, 4, 46, 225, 21, 0, 3.25%, 0, 0, 1, 154.13
1495313848, 4, 47, 225, 21, 0, 3.25%, 0, 0, 1, 144.21
1495313853, 4, 48, 225, 21, 0, 3.25%, 0, 0, 1, 164.60
1495313864, 4, 49, 225, 21, 0, 3.25%, 0, 0, 1, 153.90
1495313869, 4, 50, 225, 21, 0, 3.25%, 0, 0, 1, 148.38
1495313884, 4, 53, 225, 21, 0, 3.25%, 0, 0, 1, 145.04
1495313889, 4, 54, 225, 21, 0, 3.25%, 0, 0, 1, 129.25
1495313915, 4, 55, 225, 21, 0, 3.25%, 0, 0, 1, 149.67
1495313925, 4, 56, 225, 21, 0, 3.25%, 0, 0, 1, 146.53
1495313930, 4, 58, 225, 21, 0, 3.25%, 0, 0, 1, 148.81
1495313935, 4, 60, 225, 20, 0, 3.25%, 0, 0, 1, 138.99
1495313950, 4, 62, 225, 20, 0, 3.25%, 0, 0, 1, 153.32
1495313965, 4, 64, 225, 20, 0, 3.25%, 0, 0, 1, 143.53
1495313981, 4, 66, 225, 20, 0, 3.25%, 0, 0, 1, 149.73
1495314007, 4, 68, 225, 20, 0, 3.25%, 0, 0, 1, 150.25
1495314022, 4, 70, 225, 20, 0, 3.25%, 0, 0, 1, 150.98
1495314027, 4, 71, 225, 20, 0, 3.25%, 0, 0, 1, 152.98
1495314032, 4, 72, 225, 20, 0, 3.25%, 0, 0, 1, 149.01
1495314037, 4, 73, 225, 20, 0, 3.25%, 0, 0, 1, 148.28
1495314047, 4, 74, 225, 20, 0, 3.25%, 0, 0, 1, 148.99
1495314068, 4, 76, 225, 20, 0, 3.25%, 0, 0, 1, 126.80
1495314083, 4, 77, 225, 20, 0, 3.25%, 0, 0, 1, 126.07
1495314088, 4, 78, 225, 19, 0, 3.25%, 0, 0, 1, 141.04
1495314094, 4, 79, 225, 19, 0, 3.25%, 0, 0, 1, 133.98
1495314109, 4, 80, 225, 19, 0, 3.25%, 0, 0, 1, 124.67
1495314114, 4, 83, 225, 18, 0, 3.25%, 0, 0, 1, 125.50
1495314129, 4, 85, 225, 18, 0, 3.25%, 0, 0, 1, 136.35
1495314135, 4, 86, 225, 18, 0, 3.25%, 0, 0, 1, 125.96
1495314160, 4, 88, 225, 18, 0, 3.25%, 0, 0, 1, 127.23
1495314165, 4, 90, 225, 18, 0, 3.25%, 0, 0, 1, 133.40
1495314170, 4, 92, 225, 18, 0, 3.25%, 0, 0, 1, 136.59
1495314186, 4, 93, 225, 18, 0, 3.25%, 0, 0, 1, 141.75
1495314191, 4, 94, 225, 18, 0, 3.25%, 0, 0, 1, 140.64
1495314206, 4, 96, 225, 18, 0, 3.25%, 0, 0, 1, 133.39
1495314221, 4, 97, 225, 18, 0, 3.25%, 0, 0, 1, 131.86
1495314226, 4, 98, 225, 18, 0, 3.25%, 0, 0, 1, 134.13
1495314242, 4, 99, 225, 18, 0, 3.25%, 0, 0, 1, 141.60
1495314247, 4, 100, 225, 18, 0, 3.25%, 0, 0, 1, 127.53
1495314263, 4, 102, 225, 18, 0, 3.25%, 0, 0, 1, 128.91
1495314278, 4, 103, 225, 18, 0, 3.25%, 0, 0, 1, 132.58
1495314283, 4, 104, 225, 18, 0, 3.25%, 0, 0, 1, 129.54
1495314299, 4, 106, 225, 18, 0, 3.25%, 0, 0, 1, 136.50
1495314304, 4, 107, 225, 18, 0, 3.25%, 0, 0, 1, 142.77
1495314319, 4, 108, 225, 18, 0, 3.25%, 0, 0, 1, 153.20
1495314324, 4, 109, 225, 18, 0, 3.25%, 0, 0, 1, 144.15
1495314335, 4, 110, 225, 18, 0, 3.25%, 0, 0, 1, 146.05
1495314340, 4, 111, 225, 18, 0, 3.25%, 0, 0, 1, 146.76
1495314350, 4, 112, 225, 18, 0, 3.25%, 0, 0, 1, 150.31
1495314355, 4, 113, 225, 18, 0, 3.25%, 0, 0, 1, 142.92
1495314365, 4, 114, 225, 18, 0, 3.25%, 0, 0, 1, 155.29
1495314370, 4, 115, 225, 18, 0, 3.25%, 0, 0, 1, 157.00
1495314386, 4, 117, 225, 18, 0, 3.25%, 0, 0, 1, 146.55
1495314391, 4, 118, 225, 18, 0, 3.25%, 0, 0, 1, 140.11
1495314406, 4, 120, 225, 18, 0, 3.25%, 0, 0, 1, 151.86
1495314422, 4, 122, 225, 18, 0, 3.25%, 0, 0, 1, 164.47
1495314437, 4, 124, 225, 18, 0, 3.25%, 0, 0, 1, 139.88
1495314442, 4, 128, 225, 18, 0, 3.25%, 0, 0, 1, 152.00
1495314453, 4, 129, 225, 18, 0, 3.25%, 0, 0, 1, 148.14
1495314458, 4, 130, 225, 18, 0, 3.25%, 0, 0, 1, 148.28
1495314463, 4, 131, 225, 18, 0, 3.25%, 0, 0, 1, 157.81
1495314483, 4, 133, 225, 18, 0, 3.25%, 0, 0, 1, 155.87
1495314509, 4, 135, 225, 18, 0, 3.25%, 0, 0, 1, 144.01
1495314514, 4, 136, 225, 18, 0, 3.25%, 0, 0, 1, 146.79
1495314529, 4, 138, 225, 18, 0, 3.25%, 0, 0, 1, 149.26
1495314545, 4, 139, 225, 18, 0, 3.25%, 0, 0, 1, 128.57
1495314550, 4, 140, 225, 18, 0, 3.25%, 0, 0, 1, 134.51
1495314565, 4, 144, 225, 18, 0, 3.25%, 0, 0, 1, 134.51
1495314570, 4, 147, 225, 18, 0, 3.25%, 0, 0, 1, 140.00
1495314576, 4, 148, 225, 18, 0, 3.25%, 0, 0, 1, 122.46
1495314581, 4, 149, 225, 18, 0, 3.25%, 0, 0, 1, 125.86
1495314596, 4, 150, 225, 18, 0, 3.25%, 0, 0, 1, 138.58
1495314601, 4, 151, 225, 18, 0, 3.25%, 0, 0, 1, 141.25
1495314612, 4, 152, 225, 18, 0, 3.25%, 0, 0, 1, 135.64
1495314627, 4, 153, 225, 18, 0, 3.25%, 0, 0, 1, 131.56
1495314642, 4, 154, 225, 18, 0, 3.25%, 0, 0, 1, 131.91
1495314648, 4, 155, 225, 18, 0, 3.25%, 0, 0, 1, 125.59
1495314653, 4, 156, 225, 18, 0, 3.25%, 0, 0, 1, 122.47
1495314678, 4, 158, 225, 18, 0, 3.25%, 0, 0, 1, 126.00
1495314694, 4, 160, 225, 18, 0, 3.25%, 0, 0, 1, 138.81
1495314709, 4, 161, 225, 18, 0, 3.25%, 0, 0, 1, 127.74
1495314714, 4, 162, 225, 18, 0, 3.25%, 0, 0, 1, 131.00
1495314729, 4, 163, 225, 18, 0, 3.25%, 0, 0, 1, 128.84
1495314735, 4, 164, 225, 18, 0, 3.25%, 0, 0, 1, 132.74
1495314740, 4, 165, 225, 18, 0, 3.25%, 0, 0, 1, 126.81
1495314755, 4, 166, 225, 18, 0, 3.25%, 0, 0, 1, 136.23
1495314771, 4, 167, 225, 18, 0, 3.25%, 0, 0, 1, 130.05
1495314776, 4, 168, 225, 18, 0, 3.25%, 0, 0, 1, 134.62
1495314781, 4, 169, 225, 18, 0, 3.25%, 0, 0, 1, 146.73
1495314796, 4, 172, 225, 18, 0, 3.25%, 0, 0, 1, 142.42
1495314812, 4, 174, 225, 18, 0, 3.25%, 0, 0, 1, 143.02
1495314817, 4, 175, 225, 18, 0, 3.25%, 0, 0, 1, 150.53
1495314837, 4, 177, 225, 17, 0, 3.25%, 0, 0, 1, 148.77
1495314853, 4, 178, 225, 17, 0, 3.25%, 0, 0, 1, 152.58
1495314868, 4, 180, 225, 17, 0, 3.25%, 0, 0, 1, 149.52
1495314884, 4, 182, 225, 17, 0, 3.25%, 0, 0, 1, 150.46
1495314894, 4, 183, 225, 17, 0, 3.25%, 0, 0, 1, 147.91
1495314899, 4, 184, 225, 17, 0, 3.25%, 0, 0, 1, 145.17
1495314915, 4, 186, 225, 17, 0, 3.25%, 0, 0, 1, 144.60
1495314920, 4, 187, 225, 17, 0, 3.25%, 0, 0, 1, 156.21
1495314935, 4, 189, 225, 17, 0, 3.25%, 0, 0, 1, 151.33
1495314955, 4, 190, 225, 17, 0, 3.25%, 0, 0, 1, 138.31
1495314961, 4, 193, 225, 17, 0, 3.25%, 0, 0, 1, 144.02
1495314976, 4, 195, 225, 17, 0, 3.25%, 0, 0, 1, 146.65
1495314991, 4, 196, 225, 17, 0, 3.25%, 0, 0, 1, 152.16
1495314996, 4, 197, 225, 17, 0, 3.25%, 0, 0, 1, 162.65
1495315001, 4, 198, 225, 17, 0, 3.25%, 0, 0, 1, 144.32
1495315012, 4, 199, 225, 17, 0, 3.25%, 0, 0, 1, 152.09
1495315017, 4, 200, 225, 17, 0, 3.25%, 0, 0, 1, 159.53
1495315032, 4, 201, 225, 17, 0, 3.25%, 0, 0, 1, 135.87
1495315048, 4, 202, 225, 17, 0, 3.25%, 0, 0, 1, 130.25
1495315053, 4, 203, 225, 17, 0, 3.25%, 0, 0, 1, 127.58
1495315058, 4, 204, 225, 17, 0, 3.25%, 0, 0, 1, 130.98
1495315074, 4, 205, 225, 17, 0, 3.25%, 0, 0, 1, 132.42
1495315079, 4, 206, 225, 17, 0, 3.25%, 0, 0, 1, 137.16
1495315084, 4, 207, 225, 17, 0, 3.25%, 0, 0, 1, 139.34
1495315099, 4, 209, 225, 17, 0, 3.25%, 0, 0, 1, 139.93
1495315115, 4, 211, 225, 17, 0, 3.25%, 0, 0, 1, 119.74
1495315125, 4, 214, 225, 17, 0, 3.25%, 0, 0, 1, 132.60
1495315151, 4, 215, 225, 17, 0, 3.25%, 0, 0, 1, 124.95
1495315156, 4, 217, 225, 17, 0, 3.25%, 0, 0, 1, 130.18
1495315181, 5, 0, 225, 17, 0, 3.25%, 0, 0, 1, 137.85
1495315186, 5, 1, 225, 17, 0, 3.25%, 0, 0, 1, 137.08
1495315192, 5, 3, 225, 17, 0, 3.25%, 0, 0, 1, 138.63
1495315207, 5, 5, 225, 17, 0, 3.25%, 0, 0, 1, 133.07
1495315212, 5, 6, 225, 17, 0, 3.25%, 0, 0, 1, 135.29
1495315217, 5, 7, 225, 17, 0, 3.25%, 0, 0, 1, 130.96
1495315228, 5, 9, 225, 17, 0, 3.25%, 0, 0, 1, 131.00
1495315233, 5, 10, 225, 17, 0, 3.25%, 0, 0, 1, 134.91
1495315238, 5, 12, 225, 17, 0, 3.25%, 0, 0, 1, 131.72
1495315248, 5, 14, 225, 17, 0, 3.25%, 0, 0, 1, 137.45
1495315253, 5, 16, 225, 17, 0, 3.25%, 0, 0, 1, 131.13
1495315258, 5, 18, 225, 17, 0, 3.25%, 0, 0, 1, 143.41
1495315264, 5, 20, 225, 17, 0, 3.25%, 0, 0, 1, 132.05
1495315269, 5, 21, 225, 17, 0, 3.25%, 0, 0, 1, 131.93
1495315274, 5, 22, 225, 17, 0, 3.25%, 0, 0, 1, 147.93
1495315279, 5, 24, 225, 17, 0, 3.25%, 0, 0, 1, 146.53
1495315284, 5, 26, 225, 17, 0, 3.25%, 0, 0, 1, 147.04
1495315289, 5, 29, 225, 17, 0, 3.25%, 0, 0, 1, 151.50
1495315294, 5, 31, 225, 17, 0, 3.25%, 0, 0, 1, 150.59
1495315300, 5, 32, 225, 17, 0, 3.25%, 0, 0, 1, 146.62
1495315305, 5, 33, 225, 17, 0, 3.25%, 0, 0, 1, 146.69
1495315315, 5, 36, 225, 17, 0, 3.25%, 0, 0, 1, 161.00
1495315320, 5, 37, 225, 17, 0, 3.25%, 0, 0, 1, 147.54
1495315325, 5, 40, 225, 17, 0, 3.25%, 0, 0, 1, 157.00
1495315330, 5, 41, 225, 17, 0, 3.25%, 0, 0, 1, 149.26
1495315341, 5, 42, 225, 17, 0, 3.25%, 0, 0, 1, 150.43
1495315346, 5, 44, 225, 17, 0, 3.25%, 0, 0, 1, 152.12
1495315356, 5, 46, 225, 17, 0, 3.25%, 0, 0, 1, 148.40
1495315371, 5, 47, 225, 17, 0, 3.25%, 0, 0, 1, 139.03
1495315377, 5, 48, 225, 17, 0, 3.25%, 0, 0, 1, 144.72
1495315387, 5, 49, 225, 17, 0, 3.25%, 0, 0, 1, 145.52
1495315392, 5, 50, 225, 17, 0, 3.25%, 0, 0, 1, 147.11
1495315407, 5, 51, 225, 17, 0, 3.25%, 0, 0, 1, 149.16
1495315412, 5, 54, 225, 17, 0, 3.25%, 0, 0, 1, 146.82
1495315438, 5, 55, 225, 17, 0, 3.25%, 0, 0, 1, 150.10
1495315448, 5, 56, 225, 17, 0, 3.25%, 0, 0, 1, 152.57
1495315453, 5, 59, 225, 17, 0, 3.25%, 0, 0, 1, 158.37
1495315458, 5, 60, 225, 17, 0, 3.25%, 0, 0, 1, 151.99
1495315474, 5, 62, 225, 17, 0, 3.25%, 0, 0, 1, 147.83
1495315489, 5, 64, 225, 16, 0, 3.25%, 0, 0, 1, 158.60
1495315504, 5, 66, 225, 16, 0, 3.25%, 0, 0, 1, 147.22
1495315529, 5, 67, 225, 16, 0, 3.25%, 0, 0, 1, 134.89
1495315534, 5, 68, 225, 16, 0, 3.25%, 0, 0, 1, 125.77
1495315550, 5, 70, 225, 16, 0, 3.25%, 0, 0, 1, 133.02
1495315555, 5, 71, 225, 16, 0, 3.25%, 0, 0, 1, 123.70
1495315560, 5, 72, 225, 16, 0, 3.25%, 0, 0, 1, 133.63
1495315565, 5, 73, 225, 16, 0, 3.25%, 0, 0, 1, 144.83
1495315581, 5, 74, 225, 16, 0, 3.25%, 0, 0, 1, 134.49
1495315596, 5, 76, 225, 16, 0, 3.25%, 0, 0, 1, 134.21
1495315616, 5, 79, 225, 16, 0, 3.25%, 0, 0, 1, 128.09
1495315632, 5, 82, 225, 16, 0, 3.25%, 0, 0, 1, 136.59
1495315637, 5, 83, 225, 16, 0, 3.25%, 0, 0, 1, 147.22
1495315653, 5, 86, 225, 16, 0, 3.25%, 0, 0, 1, 131.96
1495315678, 5, 87, 225, 16, 0, 3.25%, 0, 0, 1, 131.76
1495315683, 5, 88, 225, 16, 0, 3.25%, 0, 0, 1, 136.22
1495315688, 5, 92, 225, 16, 0, 3.25%, 0, 0, 1, 129.76
1495315704, 5, 93, 225, 16, 0, 3.25%, 0, 0, 1, 129.63
1495315709, 5, 94, 225, 16, 0, 3.25%, 0, 0, 1, 125.34
1495315729, 5, 96, 225, 16, 0, 3.25%, 0, 0, 1, 138.89
1495315739, 5, 97, 225, 16, 0, 3.25%, 0, 0, 1, 137.22
1495315745, 5, 98, 225, 16, 0, 3.25%, 0, 0, 1, 146.72
1495315760, 5, 100, 225, 16, 0, 3.25%, 0, 0, 1, 154.82
1495315775, 5, 101, 225, 16, 0, 3.25%, 0, 0, 1, 143.23
1495315780, 5, 102, 225, 16, 0, 3.25%, 0, 0, 1, 147.37
1495315791, 5, 103, 225, 16, 0, 3.25%, 0, 0, 1, 145.76
1495315796, 5, 104, 225, 16, 0, 3.25%, 0, 0, 1, 150.42
1495315811, 5, 105, 225, 16, 0, 3.25%, 0, 0, 1, 155.84
1495315816, 5, 106, 225, 15, 0, 3.25%, 0, 0, 1, 143.91
1495315821, 5, 107, 225, 15, 0, 3.25%, 0, 0, 1, 145.74
1495315832, 5, 108, 225, 15, 0, 3.25%, 0, 0, 1, 149.74
1495315837, 5, 109, 225, 15, 0, 3.25%, 0, 0, 1, 147.06
1495315852, 5, 111, 225, 15, 0, 3.25%, 0, 0, 1, 151.71
1495315867, 5, 113, 225, 15, 0, 3.25%, 0, 0, 1, 154.38
1495315883, 5, 114, 225, 15, 0, 3.25%, 0, 0, 1, 149.47
1495315888, 5, 115, 225, 15, 0, 3.25%, 0, 0, 1, 143.84
1495315898, 5, 116, 225, 15, 0, 3.25%, 0, 0, 1, 147.91
1495315903, 5, 117, 225, 15, 0, 3.25%, 0, 0, 1, 154.81
1495315909, 5, 118, 225, 15, 0, 3.25%, 0, 0, 1, 156.21
1495315924, 5, 120, 225, 15, 0, 3.25%, 0, 0, 1, 147.76
1495315939, 5, 122, 225, 15, 0, 3.25%, 0, 0, 1, 144.78
1495315955, 5, 124, 225, 15, 0, 3.25%, 0, 0, 1, 144.32
1495315960, 5, 128, 225, 15, 0, 3.25%, 0, 0, 1, 148.51
1495315975, 5, 129, 225, 15, 0, 3.25%, 0, 0, 1, 151.42
1495315980, 5, 131, 225, 15, 0, 3.25%, 0, 0, 1, 151.29
1495316006, 5, 132, 225, 15, 0, 3.25%, 0, 0, 1, 136.96
1495316011, 5, 133, 225, 15, 0, 3.25%, 0, 0, 1, 133.52
1495316032, 5, 134, 225, 15, 0, 3.25%, 0, 0, 1, 128.82
1495316037, 5, 135, 225, 15, 0, 3.25%, 0, 0, 1, 141.95
1495316042, 5, 136, 225, 15, 0, 3.25%, 0, 0, 1, 130.66
1495316057, 5, 137, 225, 15, 0, 3.25%, 0, 0, 1, 131.38
1495316063, 5, 138, 225, 15, 0, 3.25%, 0, 0, 1, 136.86
1495316078, 5, 140, 225, 15, 0, 3.25%, 0, 0, 1, 135.13
1495316093, 5, 144, 225, 15, 0, 3.25%, 0, 0, 1, 132.12
1495316099, 5, 145, 225, 15, 0, 3.25%, 0, 0, 1, 137.06
1495316104, 5, 147, 225, 14, 0, 3.25%, 0, 0, 1, 132.06
1495316109, 5, 149, 225, 14, 0, 3.25%, 0, 0, 1, 134.62
1495316129, 5, 151, 225, 14, 0, 3.25%, 0, 0, 1, 131.66
1495316145, 5, 152, 225, 14, 0, 3.25%, 0, 0, 1, 132.95
1495316160, 5, 153, 225, 14, 0, 3.25%, 0, 0, 1, 126.22
1495316175, 5, 154, 225, 14, 0, 3.25%, 0, 0, 1, 129.34
1495316180, 5, 155, 225, 14, 0, 3.25%, 0, 0, 1, 126.78
1495316185, 5, 156, 225, 14, 0, 3.25%, 0, 0, 1, 131.65
1495316206, 5, 157, 225, 14, 0, 3.25%, 0, 0, 1, 140.36
1495316211, 5, 158, 225, 14, 0, 3.25%, 0, 0, 1, 145.47
1495316226, 5, 160, 225, 14, 0, 3.25%, 0, 0, 1, 137.97
1495316237, 5, 161, 225, 14, 0, 3.25%, 0, 0, 1, 159.51
1495316242, 5, 162, 225, 14, 0, 3.25%, 0, 0, 1, 157.35
1495316257, 5, 163, 225, 14, 0, 3.25%, 0, 0, 1, 158.04
1495316262, 5, 165, 225, 14, 0, 3.25%, 0, 0, 1, 159.90
1495316278, 5, 166, 225, 14, 0, 3.25%, 0, 0, 1, 159.68
1495316288, 5, 168, 225, 14, 0, 3.25%, 0, 0, 1, 162.15
1495316293, 5, 169, 225, 14, 0, 3.25%, 0, 0, 1, 156.80
1495316309, 5, 172, 225, 14, 0, 3.25%, 0, 0, 1, 158.72
1495316319, 5, 174, 225, 14, 0, 3.25%, 0, 0, 1, 143.56
1495316324, 5, 177, 225, 14, 0, 3.25%, 0, 0, 1, 145.96
1495316339, 5, 178, 225, 14, 0, 3.25%, 0, 0, 1, 150.98
1495316355, 5, 180, 225, 14, 0, 3.25%, 0, 0, 1, 144.26
1495316370, 5, 182, 225, 14, 0, 3.25%, 0, 0, 1, 156.27
1495316385, 5, 184, 225, 14, 0, 3.25%, 0, 0, 1, 150.49
1495316401, 5, 185, 225, 14, 0, 3.25%, 0, 0, 1, 151.78
1495316406, 5, 186, 225, 13, 0, 3.25%, 0, 0, 1, 151.51
1495316411, 5, 187, 225, 13, 0, 3.25%, 0, 0, 1, 148.45
1495316426, 5, 189, 225, 13, 0, 3.25%, 0, 0, 1, 144.49
1495316447, 5, 192, 225, 13, 0, 3.25%, 0, 0, 1, 141.30
1495316452, 5, 193, 225, 13, 0, 3.25%, 0, 0, 1, 149.16
1495316468, 5, 195, 225, 13, 0, 3.25%, 0, 0, 1, 159.06
1495316478, 5, 196, 225, 13, 0, 3.25%, 0, 0, 1, 151.32
1495316483, 5, 197, 225, 13, 0, 3.25%, 0, 0, 1, 144.14
1495316488, 5, 198, 225, 13, 0, 3.25%, 0, 0, 1, 134.60
1495316503, 5, 199, 225, 13, 0, 3.25%, 0, 0, 1, 134.07
1495316508, 5, 200, 225, 13, 0, 3.25%, 0, 0, 1, 127.88
1495316529, 5, 201, 225, 13, 0, 3.25%, 0, 0, 1, 127.42
1495316544, 5, 203, 225, 13, 0, 3.25%, 0, 0, 1, 141.40
1495316550, 5, 204, 225, 13, 0, 3.25%, 0, 0, 1, 129.91
1495316565, 5, 205, 225, 13, 0, 3.25%, 0, 0, 1, 127.20
1495316570, 5, 206, 225, 13, 0, 3.25%, 0, 0, 1, 143.15
1495316575, 5, 207, 225, 13, 0, 3.25%, 0, 0, 1, 133.07
1495316595, 5, 209, 225, 12, 0, 3.25%, 0, 0, 1, 144.82
1495316611, 5, 211, 225, 12, 0, 3.25%, 0, 0, 1, 120.29
1495316621, 5, 214, 225, 12, 0, 3.25%, 0, 0, 1, 134.22
1495316646, 5, 215, 225, 12, 0, 3.25%, 0, 0, 1, 135.65
1495316651, 5, 217, 225, 12, 0, 3.25%, 0, 0, 1, 134.39
1495316672, 5, 221, 225, 12, 0, 3.25%, 0, 0, 1, 125.29
1495316677, 5, 222, 225, 12, 0, 3.25%, 0, 0, 1, 120.89
1495316687, 6, 1, 225, 12, 0, 3.25%, 0, 0, 1, 124.45
1495316692, 6, 2, 225, 12, 0, 3.25%, 0, 0, 1, 136.24
1495316697, 6, 3, 225, 12, 0, 3.25%, 0, 0, 1, 139.54
1495316707, 6, 5, 225, 12, 0, 3.25%, 0, 0, 1, 132.23
1495316718, 6, 7, 225, 12, 0, 3.25%, 0, 0, 1, 140.64
1495316728, 6, 9, 225, 12, 0, 3.25%, 0, 0, 1, 141.74
1495316733, 6, 12, 225, 12, 0, 3.25%, 0, 0, 1, 149.24
1495316743, 6, 13, 225, 12, 0, 3.25%, 0, 0, 1, 152.14
1495316749, 6, 14, 225, 12, 0, 3.25%, 0, 0, 1, 152.24
1495316754, 6, 16, 225, 12, 0, 3.25%, 0, 0, 1, 144.38
1495316759, 6, 18, 225, 12, 0, 3.25%, 0, 0, 1, 151.01
1495316764, 6, 20, 225, 12, 0, 3.25%, 0, 0, 1, 153.14
1495316769, 6, 22, 225, 12, 0, 3.25%, 0, 0, 1, 147.93
1495316774, 6, 24, 225, 12, 0, 3.25%, 0, 0, 1, 155.08
1495316779, 6, 26, 225, 12, 0, 3.25%, 0, 0, 1, 156.94
1495316784, 6, 28, 225, 12, 0, 3.25%, 0, 0, 1, 163.16
1495316789, 6, 30, 225, 12, 0, 3.25%, 0, 0, 1, 154.47
1495316794, 6, 31, 225, 12, 0, 3.25%, 0, 0, 1, 154.43
1495316799, 6, 33, 225, 12, 0, 3.25%, 0, 0, 1, 146.62
1495316810, 6, 37, 225, 12, 0, 3.25%, 0, 0, 1, 150.29
1495316815, 6, 38, 225, 12, 0, 3.25%, 0, 0, 1, 146.41
1495316820, 6, 40, 225, 12, 0, 3.25%, 0, 0, 1, 156.09
1495316825, 6, 41, 225, 12, 0, 3.25%, 0, 0, 1, 155.03
1495316835, 6, 44, 225, 12, 0, 3.25%, 0, 0, 1, 153.85
1495316845, 6, 45, 225, 12, 0, 3.25%, 0, 0, 1, 147.07
1495316850, 6, 46, 225, 12, 0, 3.25%, 0, 0, 1, 143.92
1495316866, 6, 48, 225, 12, 0, 3.25%, 0, 0, 1, 152.96
1495316881, 6, 49, 225, 12, 0, 3.25%, 0, 0, 1, 151.48
1495316886, 6, 50, 225, 12, 0, 3.25%, 0, 0, 1, 147.58
1495316902, 6, 53, 225, 12, 0, 3.25%, 0, 0, 1, 147.68
1495316907, 6, 54, 225, 12, 0, 3.25%, 0, 0, 1, 134.46
1495316927, 6, 55, 225, 12, 0, 3.25%, 0, 0, 1, 148.63
1495316937, 6, 56, 225, 12, 0, 3.25%, 0, 0, 1, 144.61
1495316943, 6, 58, 225, 12, 0, 3.25%, 0, 0, 1, 149.63
1495316948, 6, 60, 225, 12, 0, 3.25%, 0, 0, 1, 152.57
1495316963, 6, 62, 225, 12, 0, 3.25%, 0, 0, 1, 161.05
1495316978, 6, 64, 225, 12, 0, 3.25%, 0, 0, 1, 137.01
1495316994, 6, 65, 225, 12, 0, 3.25%, 0, 0, 1, 132.21
1495316999, 6, 66, 225, 12, 0, 3.25%, 0, 0, 1, 132.00
1495317019, 6, 67, 225, 12, 0, 3.25%, 0, 0, 1, 143.32
1495317025, 6, 68, 225, 12, 0, 3.25%, 0, 0, 1, 131.48
1495317040, 6, 70, 225, 12, 0, 3.25%, 0, 0, 1, 122.79
1495317050, 6, 72, 225, 12, 0, 3.25%, 0, 0, 1, 130.55
1495317055, 6, 73, 225, 12, 0, 3.25%, 0, 0, 1, 133.94
1495317071, 6, 74, 225, 12, 0, 3.25%, 0, 0, 1, 131.19
1495317086, 6, 75, 225, 12, 0, 3.25%, 0, 0, 1, 126.94
1495317091, 6, 76, 225, 12, 0, 3.25%, 0, 0, 1, 133.09
1495317107, 6, 78, 225, 12, 0, 3.25%, 0, 0, 1, 136.88
1495317112, 6, 79, 225, 12, 0, 3.25%, 0, 0, 1, 128.48
1495317127, 6, 83, 225, 12, 0, 3.25%, 0, 0, 1, 127.48
1495317148, 6, 86, 225, 12, 0, 3.25%, 0, 0, 1, 135.80
1495317173, 6, 87, 225, 12, 0, 3.25%, 0, 0, 1, 128.61
1495317178, 6, 88, 225, 12, 0, 3.25%, 0, 0, 1, 124.13
1495317183, 6, 90, 225, 12, 0, 3.25%, 0, 0, 1, 126.87
1495317189, 6, 92, 225, 12, 0, 3.25%, 0, 0, 1, 131.76
1495317204, 6, 94, 225, 12, 0, 3.25%, 0, 0, 1, 136.73
1495317219, 6, 96, 225, 12, 0, 3.25%, 0, 0, 1, 142.89
1495317235, 6, 98, 225, 12, 0, 3.25%, 0, 0, 1, 145.65
1495317250, 6, 99, 225, 12, 0, 3.25%, 0, 0, 1, 152.11
1495317255, 6, 100, 225, 12, 0, 3.25%, 0, 0, 1, 141.53
1495317265, 6, 101, 225, 12, 0, 3.25%, 0, 0, 1, 154.15
1495317270, 6, 102, 225, 12, 0, 3.25%, 0, 0, 1, 152.56
1495317281, 6, 103, 225, 12, 0, 3.25%, 0, 0, 1, 150.86
1495317286, 6, 104, 225, 12, 0, 3.25%, 0, 0, 1, 147.34
1495317301, 6, 107, 225, 12, 0, 3.25%, 0, 0, 1, 147.84
1495317317, 6, 108, 225, 12, 0, 3.25%, 0, 0, 1, 154.19
1495317322, 6, 109, 225, 12, 0, 3.25%, 0, 0, 1, 154.74
1495317332, 6, 110, 225, 12, 0, 3.25%, 0, 0, 1, 155.68
1495317337, 6, 111, 225, 12, 0, 3.25%, 0, 0, 1, 147.45
1495317353, 6, 113, 225, 12, 0, 3.25%, 0, 0, 1, 153.39
1495317368, 6, 115, 225, 12, 0, 3.25%, 0, 0, 1, 154.66
1495317383, 6, 116, 225, 12, 0, 3.25%, 0, 0, 1, 158.32
1495317389, 6, 117, 225, 12, 0, 3.25%, 0, 0, 1, 153.25
1495317394, 6, 118, 225, 12, 0, 3.25%, 0, 0, 1, 144.72
1495317409, 6, 120, 225, 12, 0, 3.25%, 0, 0, 1, 161.91
1495317425, 6, 122, 225, 12, 0, 3.25%, 0, 0, 1, 157.34
1495317435, 6, 124, 225, 12, 0, 3.25%, 0, 0, 1, 148.76
1495317440, 6, 128, 225, 12, 0, 3.25%, 0, 0, 1, 147.42
1495317456, 6, 129, 225, 12, 0, 3.25%, 0, 0, 1, 159.64
1495317461, 6, 131, 225, 12, 0, 3.25%, 0, 0, 1, 131.24
1495317486, 6, 133, 225, 12, 0, 3.25%, 0, 0, 1, 137.49
1495317512, 6, 135, 225, 12, 0, 3.25%, 0, 0, 1, 132.45
1495317517, 6, 136, 225, 12, 0, 3.25%, 0, 0, 1, 134.26
1495317532, 6, 137, 225, 12, 0, 3.25%, 0, 0, 1, 129.91
1495317537, 6, 138, 225, 12, 0, 3.25%, 0, 0, 1, 135.57
1495317553, 6, 139, 225, 12, 0, 3.25%, 0, 0, 1, 126.94
1495317558, 6, 140, 225, 12, 0, 3.25%, 0, 0, 1, 128.85
1495317573, 6, 144, 225, 12, 0, 3.25%, 0, 0, 1, 129.52
1495317579, 6, 147, 225, 12, 0, 3.25%, 0, 0, 1, 128.76
1495317584, 6, 149, 225, 12, 0, 3.25%, 0, 0, 1, 131.02
1495317599, 6, 150, 225, 12, 0, 3.25%, 0, 0, 1, 130.75
1495317604, 6, 151, 225, 12, 0, 3.25%, 0, 0, 1, 129.83
1495317620, 6, 152, 225, 12, 0, 3.25%, 0, 0, 1, 129.99
1495317635, 6, 153, 225, 12, 0, 3.25%, 0, 0, 1, 143.67
1495317650, 6, 155, 225, 12, 0, 3.25%, 0, 0, 1, 131.38
1495317655, 6, 156, 225, 12, 0, 3.25%, 0, 0, 1, 136.43
1495317681, 6, 157, 225, 12, 0, 3.25%, 0, 0, 1, 123.51
1495317686, 6, 158, 225, 12, 0, 3.25%, 0, 0, 1, 128.58
1495317701, 6, 160, 225, 12, 0, 3.25%, 0, 0, 1, 150.57
1495317717, 6, 162, 225, 12, 0, 3.25%, 0, 0, 1, 145.60
1495317732, 6, 163, 225, 12, 0, 3.25%, 0, 0, 1, 148.63
1495317738, 6, 164, 225, 12, 0, 3.25%, 0, 0, 1, 150.00
1495317743, 6, 165, 225, 12, 0, 3.25%, 0, 0, 1, 127.90
1495317753, 6, 166, 225, 12, 0, 3.25%, 0, 0, 1, 151.55
1495317768, 6, 167, 225, 12, 0, 3.25%, 0, 0, 1, 147.15
1495317773, 6, 168, 225, 12, 0, 3.25%, 0, 0, 1, 145.29
1495317779, 6, 169, 225, 12, 0, 3.25%, 0, 0, 1, 144.80
1495317789, 6, 170, 225, 12, 0, 3.25%, 0, 0, 1, 150.68
1495317794, 6, 171, 225, 11, 0, 3.25%, 0, 0, 1, 145.09
1495317804, 6, 172, 225, 10, 0, 3.25%, 0, 0, 1, 159.75
1495317814, 6, 174, 225, 10, 0, 3.25%, 0, 0, 1, 153.56
1495317820, 6, 175, 225, 10, 0, 3.25%, 0, 0, 1, 142.61
1495317840, 6, 177, 225, 10, 0, 3.25%, 0, 0, 1, 151.92
1495317855, 6, 178, 225, 10, 0, 3.25%, 0, 0, 1, 159.47
1495317865, 6, 179, 225, 10, 0, 3.25%, 0, 0, 1, 150.50
1495317871, 6, 180, 225, 10, 0, 3.25%, 0, 0, 1, 146.17
1495317886, 6, 182, 225, 10, 0, 3.25%, 0, 0, 1, 148.02
1495317896, 6, 183, 225, 10, 0, 3.25%, 0, 0, 1, 155.85
1495317901, 6, 184, 225, 10, 0, 3.25%, 0, 0, 1, 140.36
1495317917, 6, 186, 225, 10, 0, 3.25%, 0, 0, 1, 147.74
1495317922, 6, 187, 225, 10, 0, 3.25%, 0, 0, 1, 148.50
1495317938, 6, 189, 225, 10, 0, 3.25%, 0, 0, 1, 138.88
1495317958, 6, 190, 225, 10, 0, 3.25%, 0, 0, 1, 129.32
1495317963, 6, 192, 225, 10, 0, 3.25%, 0, 0, 1, 133.08
1495317968, 6, 193, 225, 10, 0, 3.25%, 0, 0, 1, 123.07
1495317984, 6, 195, 225, 10, 0, 3.25%, 0, 0, 1, 124.62
1495317999, 6, 196, 225, 10, 0, 3.25%, 0, 0, 1, 128.64
1495318004, 6, 197, 225, 10, 0, 3.25%, 0, 0, 1, 127.11
1495318009, 6, 198, 225, 10, 0, 3.25%, 0, 0, 1, 133.06
1495318025, 6, 199, 225, 10, 0, 3.25%, 0, 0, 1, 130.48
1495318030, 6, 200, 225, 10, 0, 3.25%, 0, 0, 1, 132.84
1495318045, 6, 201, 225, 10, 0, 3.25%, 0, 0, 1, 124.14
1495318060, 6, 202, 225, 10, 0, 3.25%, 0, 0, 1, 135.88
1495318065, 6, 203, 225, 10, 0, 3.25%, 0, 0, 1, 130.53
1495318070, 6, 204, 225, 10, 0, 3.25%, 0, 0, 1, 142.06
1495318086, 6, 205, 225, 10, 0, 3.25%, 0, 0, 1, 135.79
1495318091, 6, 206, 225, 10, 0, 3.25%, 0, 0, 1, 137.90
1495318096, 6, 207, 225, 10, 0, 3.25%, 0, 0, 1, 129.69
1495318111, 6, 209, 225, 10, 0, 3.25%, 0, 0, 1, 130.55
1495318127, 6, 211, 225, 10, 0, 3.25%, 0, 0, 1, 112.86
1495318137, 6, 212, 225, 10, 0, 3.25%, 0, 0, 1, 141.18
1495318147, 6, 214, 225, 10, 0, 3.25%, 0, 0, 1, 127.10
1495318168, 6, 215, 225, 10, 0, 3.25%, 0, 0, 1, 136.32
1495318173, 6, 217, 225, 10, 0, 3.25%, 0, 0, 1, 135.71
1495318199, 6, 224, 225, 10, 0, 3.25%, 0, 0, 1, 148.90
