# unix_time, cycles_done, cur_path, paths_total, pending_total, pending_favs, map_size, unique_crashes, unique_hangs, max_depth, execs_per_sec
1494071630, 0, 0, 507, 507, 174, 4.16%, 0, 0, 1, 72.86
1494071640, 0, 0, 508, 507, 173, 4.16%, 0, 0, 1, 109.77
1494071671, 0, 0, 510, 509, 173, 4.16%, 0, 0, 1, 39.63
1494071814, 0, 1, 510, 509, 173, 4.16%, 0, 0, 1, 85.79
1494071819, 0, 2, 510, 508, 172, 4.16%, 0, 0, 1, 188.99
1494071830, 0, 4, 510, 506, 170, 4.16%, 0, 0, 1, 184.79
1494071835, 0, 7, 510, 504, 168, 4.16%, 0, 0, 1, 53.25
1494071840, 0, 9, 510, 503, 167, 4.16%, 0, 0, 1, 192.33
1494071845, 0, 12, 510, 502, 166, 4.16%, 0, 0, 1, 163.22
1494071850, 0, 14, 510, 501, 165, 4.16%, 0, 0, 1, 148.13
1494071855, 0, 15, 510, 500, 164, 4.16%, 0, 0, 1, 88.44
1494071860, 0, 18, 511, 500, 163, 4.16%, 0, 0, 1, 112.12
1494071865, 0, 21, 511, 499, 162, 4.16%, 0, 0, 1, 141.50
1494071870, 0, 22, 511, 498, 161, 4.16%, 0, 0, 1, 150.32
1494071876, 0, 24, 511, 497, 160, 4.16%, 0, 0, 1, 139.62
1494071881, 0, 27, 511, 495, 158, 4.16%, 0, 0, 1, 178.35
1494071886, 0, 28, 511, 494, 157, 4.16%, 0, 0, 1, 163.02
1494071891, 0, 30, 511, 493, 156, 4.16%, 0, 0, 1, 68.84
1494071901, 0, 34, 511, 491, 154, 4.16%, 0, 0, 1, 130.71
1494071906, 0, 35, 511, 490, 153, 4.16%, 0, 0, 1, 162.43
1494071911, 0, 45, 511, 488, 151, 4.16%, 0, 0, 1, 31.22
1494071922, 0, 46, 511, 487, 150, 4.16%, 0, 0, 1, 91.41
1494071927, 0, 47, 511, 486, 149, 4.16%, 0, 0, 1, 145.45
1494071932, 0, 48, 511, 485, 148, 4.16%, 0, 0, 1, 123.36
1494071937, 0, 49, 511, 484, 147, 4.16%, 0, 0, 1, 121.29
1494071942, 0, 51, 511, 483, 146, 4.16%, 0, 0, 1, 88.62
1494071947, 0, 52, 511, 482, 145, 4.16%, 0, 0, 1, 143.84
1494071952, 0, 54, 511, 481, 144, 4.16%, 0, 0, 1, 165.16
1494071957, 0, 56, 511, 480, 143, 4.16%, 0, 0, 1, 186.76
1494071962, 0, 58, 511, 479, 142, 4.16%, 0, 0, 1, 140.68
1494071967, 0, 60, 511, 478, 141, 4.16%, 0, 0, 1, 156.00
1494071973, 0, 62, 511, 477, 140, 4.16%, 0, 0, 1, 120.23
1494071978, 0, 63, 511, 476, 139, 4.16%, 0, 0, 1, 122.88
1494071983, 0, 64, 511, 475, 138, 4.16%, 0, 0, 1, 136.64
1494071993, 0, 67, 511, 473, 136, 4.16%, 0, 0, 1, 132.06
1494072003, 0, 69, 511, 472, 135, 4.16%, 0, 0, 1, 160.44
1494072008, 0, 71, 511, 471, 134, 4.16%, 0, 0, 1, 140.76
1494072014, 0, 73, 511, 470, 133, 4.16%, 0, 0, 1, 89.29
1494072019, 0, 74, 511, 469, 132, 4.16%, 0, 0, 1, 99.36
1494072024, 0, 76, 511, 468, 131, 4.16%, 0, 0, 1, 95.47
1494072029, 0, 77, 511, 467, 130, 4.16%, 0, 0, 1, 156.59
1494072034, 0, 80, 511, 466, 129, 4.16%, 0, 0, 1, 98.96
1494072039, 0, 81, 511, 465, 128, 4.16%, 0, 0, 1, 119.47
1494072044, 0, 83, 511, 464, 127, 4.16%, 0, 0, 1, 112.91
1494072049, 0, 84, 511, 463, 126, 4.16%, 0, 0, 1, 159.84
1494072055, 0, 85, 511, 462, 125, 4.16%, 0, 0, 1, 154.40
1494072060, 0, 89, 511, 461, 124, 4.16%, 0, 0, 1, 120.27
1494072065, 0, 92, 511, 460, 123, 4.16%, 0, 0, 1, 105.31
1494072070, 0, 93, 511, 459, 122, 4.16%, 0, 0, 1, 105.05
1494072075, 0, 95, 511, 458, 121, 4.16%, 0, 0, 1, 150.40
1494072080, 0, 100, 511, 456, 119, 4.16%, 0, 0, 1, 120.51
1494072085, 0, 101, 511, 455, 118, 4.16%, 0, 0, 1, 64.17
1494072090, 0, 102, 511, 454, 117, 4.16%, 0, 0, 1, 168.49
1494072095, 0, 103, 511, 453, 116, 4.16%, 0, 0, 1, 123.07
1494072100, 0, 109, 511, 452, 115, 4.16%, 0, 0, 1, 93.05
1494072106, 0, 110, 511, 451, 114, 4.16%, 0, 0, 1, 99.34
1494072116, 0, 111, 511, 450, 113, 4.16%, 0, 0, 1, 73.96
1494072121, 0, 112, 511, 449, 112, 4.16%, 0, 0, 1, 88.26
1494072131, 0, 113, 511, 448, 111, 4.16%, 0, 0, 1, 80.48
1494072136, 0, 120, 511, 447, 110, 4.16%, 0, 0, 1, 205.24
1494072141, 0, 125, 511, 446, 109, 4.16%, 0, 0, 1, 167.48
1494072146, 0, 131, 511, 445, 108, 4.16%, 0, 0, 1, 113.53
1494072157, 0, 135, 511, 444, 107, 4.16%, 0, 0, 1, 67.53
1494072162, 0, 138, 511, 443, 106, 4.16%, 0, 0, 1, 118.21
1494072172, 0, 144, 511, 440, 103, 4.16%, 0, 0, 1, 172.56
1494072182, 0, 147, 511, 439, 102, 4.16%, 0, 0, 1, 89.69
1494072187, 0, 149, 511, 438, 101, 4.16%, 0, 0, 1, 134.02
1494072192, 0, 152, 511, 437, 100, 4.16%, 0, 0, 1, 62.50
1494072197, 0, 155, 511, 436, 99, 4.16%, 0, 0, 1, 149.68
1494072203, 0, 157, 511, 435, 98, 4.16%, 0, 0, 1, 161.06
1494072213, 0, 160, 511, 434, 97, 4.16%, 0, 0, 1, 171.10
1494072218, 0, 165, 511, 432, 95, 4.16%, 0, 0, 1, 172.11
1494072223, 0, 168, 511, 431, 94, 4.16%, 0, 0, 1, 128.98
1494072233, 0, 171, 511, 430, 93, 4.16%, 0, 0, 1, 166.32
1494072238, 0, 175, 511, 429, 92, 4.16%, 0, 0, 1, 92.18
1494072243, 0, 176, 511, 428, 91, 4.16%, 0, 0, 1, 111.01
1494072254, 0, 181, 511, 427, 90, 4.16%, 0, 0, 1, 41.52
1494072259, 0, 192, 511, 426, 89, 4.16%, 0, 0, 1, 139.07
1494072264, 0, 198, 511, 424, 87, 4.16%, 0, 0, 1, 176.73
1494072269, 0, 201, 511, 423, 86, 4.16%, 0, 0, 1, 174.94
1494072279, 0, 203, 511, 422, 85, 4.16%, 0, 0, 1, 121.41
1494072284, 0, 204, 511, 421, 84, 4.16%, 0, 0, 1, 161.53
1494072289, 0, 206, 511, 420, 83, 4.16%, 0, 0, 1, 167.32
1494072295, 0, 207, 511, 419, 82, 4.16%, 0, 0, 1, 97.00
1494072300, 0, 211, 511, 418, 81, 4.16%, 0, 0, 1, 99.22
1494072310, 0, 219, 511, 417, 80, 4.16%, 0, 0, 1, 161.50
1494072315, 0, 222, 511, 416, 79, 4.16%, 0, 0, 1, 168.70
1494072320, 0, 225, 511, 415, 78, 4.16%, 0, 0, 1, 111.92
1494072325, 0, 227, 511, 414, 77, 4.16%, 0, 0, 1, 116.23
1494072330, 0, 228, 511, 413, 76, 4.16%, 0, 0, 1, 109.55
1494072366, 0, 232, 511, 412, 75, 4.16%, 0, 0, 1, 102.47
1494072371, 0, 241, 511, 411, 74, 4.16%, 0, 0, 1, 81.17
1494072376, 0, 245, 511, 410, 73, 4.16%, 0, 0, 1, 133.11
1494072386, 0, 257, 511, 409, 72, 4.16%, 0, 0, 1, 180.00
1494072391, 0, 259, 511, 408, 71, 4.16%, 0, 0, 1, 172.12
1494072396, 0, 260, 511, 407, 70, 4.16%, 0, 0, 1, 151.96
1494072412, 0, 263, 511, 406, 69, 4.16%, 0, 0, 1, 182.10
1494072417, 0, 264, 511, 405, 68, 4.16%, 0, 0, 1, 139.88
1494072427, 0, 267, 511, 404, 67, 4.16%, 0, 0, 1, 175.45
1494072437, 0, 269, 511, 403, 66, 4.16%, 0, 0, 1, 182.82
1494072442, 0, 270, 511, 402, 65, 4.16%, 0, 0, 1, 150.62
1494072447, 0, 271, 511, 401, 64, 4.16%, 0, 0, 1, 167.00
1494072452, 0, 272, 511, 400, 63, 4.16%, 0, 0, 1, 181.71
1494072458, 0, 273, 511, 399, 62, 4.16%, 0, 0, 1, 150.89
1494072463, 0, 275, 511, 398, 61, 4.16%, 0, 0, 1, 171.07
1494072468, 0, 277, 511, 397, 60, 4.16%, 0, 0, 1, 182.73
1494072473, 0, 279, 511, 396, 59, 4.16%, 0, 0, 1, 83.84
1494072478, 0, 280, 511, 395, 58, 4.16%, 0, 0, 1, 110.59
1494072483, 0, 281, 511, 394, 57, 4.16%, 0, 0, 1, 175.73
1494072488, 0, 283, 511, 393, 56, 4.16%, 0, 0, 1, 155.15
1494072494, 0, 284, 511, 392, 55, 4.16%, 0, 0, 1, 125.05
1494072519, 0, 287, 511, 391, 54, 4.16%, 0, 0, 1, 152.65
1494072524, 0, 291, 511, 390, 53, 4.16%, 0, 0, 1, 104.08
1494072529, 0, 293, 511, 389, 52, 4.16%, 0, 0, 1, 196.56
1494072534, 0, 295, 511, 388, 51, 4.16%, 0, 0, 1, 182.38
1494072540, 0, 298, 511, 387, 50, 4.16%, 0, 0, 1, 191.10
1494072555, 0, 300, 511, 386, 49, 4.16%, 0, 0, 1, 99.07
1494072560, 0, 304, 511, 385, 48, 4.16%, 0, 0, 1, 137.23
1494072566, 0, 305, 511, 384, 47, 4.16%, 0, 0, 1, 129.19
1494072571, 0, 308, 511, 383, 46, 4.16%, 0, 0, 1, 67.53
1494072591, 0, 311, 511, 382, 45, 4.16%, 0, 0, 1, 225.72
1494072596, 0, 329, 511, 381, 44, 4.16%, 0, 0, 1, 70.69
1494072601, 0, 339, 511, 380, 43, 4.16%, 0, 0, 1, 114.75
1494072606, 0, 342, 511, 379, 42, 4.16%, 0, 0, 1, 158.88
1494072627, 0, 343, 511, 378, 42, 4.16%, 0, 0, 1, 181.41
1494072632, 0, 353, 511, 377, 41, 4.16%, 0, 0, 1, 25.54
1494072714, 0, 367, 511, 376, 40, 4.16%, 0, 0, 1, 66.76
1494072744, 0, 378, 511, 375, 39, 4.16%, 0, 0, 1, 150.92
1494072749, 0, 382, 511, 374, 38, 4.16%, 0, 0, 1, 37.60
1494072755, 0, 383, 511, 373, 37, 4.16%, 0, 0, 1, 131.19
1494072760, 0, 385, 511, 372, 36, 4.16%, 0, 0, 1, 100.11
1494072765, 0, 391, 511, 371, 35, 4.16%, 0, 0, 1, 146.77
1494072770, 0, 393, 511, 370, 34, 4.16%, 0, 0, 1, 119.71
1494072775, 0, 394, 511, 369, 33, 4.16%, 0, 0, 1, 98.63
1494072847, 0, 397, 511, 368, 32, 4.16%, 0, 0, 1, 70.48
1494072857, 0, 401, 511, 367, 31, 4.16%, 0, 0, 1, 157.06
1494072862, 0, 403, 511, 366, 30, 4.16%, 0, 0, 1, 146.03
1494072867, 0, 408, 511, 365, 29, 4.16%, 0, 0, 1, 121.18
1494072878, 0, 413, 511, 364, 28, 4.16%, 0, 0, 1, 21.59
1494072949, 0, 418, 511, 363, 27, 4.16%, 0, 0, 1, 87.18
1494072954, 0, 420, 511, 362, 26, 4.16%, 0, 0, 1, 87.06
1494072959, 0, 428, 511, 361, 25, 4.16%, 0, 0, 1, 100.39
1494072964, 0, 437, 511, 360, 24, 4.16%, 0, 0, 1, 35.53
1494072970, 0, 447, 511, 358, 22, 4.16%, 0, 0, 1, 99.71
1494072980, 0, 452, 511, 357, 21, 4.16%, 0, 0, 1, 83.60
1494072985, 0, 453, 511, 356, 20, 4.16%, 0, 0, 1, 88.54
1494072990, 0, 454, 511, 355, 19, 4.16%, 0, 0, 1, 97.69
1494072996, 0, 456, 511, 354, 18, 4.16%, 0, 0, 1, 91.88
1494073001, 0, 459, 511, 353, 17, 4.16%, 0, 0, 1, 97.67
1494073006, 0, 461, 511, 352, 16, 4.16%, 0, 0, 1, 146.62
1494073016, 0, 465, 511, 351, 15, 4.16%, 0, 0, 1, 135.90
1494073021, 0, 466, 511, 350, 14, 4.16%, 0, 0, 1, 23.96
1494073082, 0, 467, 511, 349, 13, 4.16%, 0, 0, 1, 87.52
1494073087, 0, 476, 511, 348, 12, 4.16%, 0, 0, 1, 156.00
1494073098, 0, 479, 511, 347, 11, 4.16%, 0, 0, 1, 90.71
1494073103, 0, 485, 511, 346, 10, 4.16%, 0, 0, 1, 114.80
1494073108, 0, 486, 511, 345, 9, 4.16%, 0, 0, 1, 64.79
1494073118, 0, 490, 511, 343, 7, 4.16%, 0, 0, 1, 150.38
1494073123, 0, 494, 511, 342, 6, 4.16%, 0, 0, 1, 118.34
1494073133, 0, 496, 511, 341, 5, 4.16%, 0, 0, 1, 38.42
1494073143, 0, 500, 511, 339, 3, 4.16%, 0, 0, 1, 20.69
1494073231, 0, 501, 511, 338, 2, 4.16%, 0, 0, 1, 101.49
1494073241, 0, 502, 511, 337, 1, 4.16%, 0, 0, 1, 29.11
1494073282, 1, 0, 511, 336, 0, 4.16%, 0, 0, 1, 172.23
1494073292, 1, 1, 511, 336, 0, 4.16%, 0, 0, 1, 136.28
1494073297, 1, 2, 511, 336, 0, 4.16%, 0, 0, 1, 151.21
1494073302, 1, 4, 511, 336, 0, 4.16%, 0, 0, 1, 171.97
1494073307, 1, 7, 511, 336, 0, 4.16%, 0, 0, 1, 179.03
1494073318, 1, 12, 511, 336, 0, 4.16%, 0, 0, 1, 180.46
1494073323, 1, 15, 511, 336, 0, 4.16%, 0, 0, 1, 137.68
1494073328, 1, 21, 511, 336, 0, 4.16%, 0, 0, 1, 161.03
1494073333, 1, 22, 511, 336, 0, 4.16%, 0, 0, 1, 179.00
1494073338, 1, 24, 511, 336, 0, 4.16%, 0, 0, 1, 88.17
1494073343, 1, 28, 511, 336, 0, 4.16%, 0, 0, 1, 168.25
1494073348, 1, 29, 511, 336, 0, 4.16%, 0, 0, 1, 150.44
1494073359, 1, 30, 511, 335, 0, 4.16%, 0, 0, 1, 129.29
1494073364, 1, 33, 511, 335, 0, 4.16%, 0, 0, 1, 135.00
1494073369, 1, 34, 511, 334, 0, 4.16%, 0, 0, 1, 142.38
1494073374, 1, 45, 511, 334, 0, 4.16%, 0, 0, 1, 177.96
1494073379, 1, 46, 511, 334, 0, 4.16%, 0, 0, 1, 157.40
1494073384, 1, 47, 511, 334, 0, 4.16%, 0, 0, 1, 200.90
1494073390, 1, 49, 511, 334, 0, 4.16%, 0, 0, 1, 160.61
1494073395, 1, 52, 511, 334, 0, 4.16%, 0, 0, 1, 190.33
1494073400, 1, 54, 511, 334, 0, 4.16%, 0, 0, 1, 162.50
1494073405, 1, 56, 511, 333, 0, 4.16%, 0, 0, 1, 213.68
1494073410, 1, 58, 511, 333, 0, 4.16%, 0, 0, 1, 199.51
1494073415, 1, 60, 511, 333, 0, 4.16%, 0, 0, 1, 175.65
1494073420, 1, 63, 511, 333, 0, 4.16%, 0, 0, 1, 157.22
1494073425, 1, 64, 511, 333, 0, 4.16%, 0, 0, 1, 47.15
1494073431, 1, 67, 511, 332, 0, 4.16%, 0, 0, 1, 125.51
1494073436, 1, 69, 511, 332, 0, 4.16%, 0, 0, 1, 153.71
1494073441, 1, 73, 511, 332, 0, 4.16%, 0, 0, 1, 159.58
1494073446, 1, 74, 511, 332, 0, 4.16%, 0, 0, 1, 152.04
1494073451, 1, 77, 511, 332, 0, 4.16%, 0, 0, 1, 154.95
1494073456, 1, 81, 511, 332, 0, 4.16%, 0, 0, 1, 157.94
1494073461, 1, 82, 511, 332, 0, 4.16%, 0, 0, 1, 170.05
1494073466, 1, 84, 511, 331, 0, 4.16%, 0, 0, 1, 180.59
1494073472, 1, 85, 511, 331, 0, 4.16%, 0, 0, 1, 164.60
1494073477, 1, 89, 511, 330, 0, 4.16%, 0, 0, 1, 155.19
1494073482, 1, 93, 511, 329, 0, 4.16%, 0, 0, 1, 189.90
1494073487, 1, 96, 511, 329, 0, 4.16%, 0, 0, 1, 178.43
1494073492, 1, 100, 511, 328, 0, 4.16%, 0, 0, 1, 165.36
1494073497, 1, 102, 511, 328, 0, 4.16%, 0, 0, 1, 160.33
1494073502, 1, 104, 511, 328, 0, 4.16%, 0, 0, 1, 153.72
1494073507, 1, 107, 511, 326, 0, 4.16%, 0, 0, 1, 183.13
1494073513, 1, 109, 511, 325, 0, 4.16%, 0, 0, 1, 162.83
1494073518, 1, 111, 511, 325, 0, 4.16%, 0, 0, 1, 155.49
1494073523, 1, 113, 511, 325, 0, 4.16%, 0, 0, 1, 151.71
1494073528, 1, 120, 511, 324, 0, 4.16%, 0, 0, 1, 235.77
1494073533, 1, 122, 511, 324, 0, 4.16%, 0, 0, 1, 202.48
1494073538, 1, 131, 511, 323, 0, 4.16%, 0, 0, 1, 180.55
1494073543, 1, 137, 511, 323, 0, 4.16%, 0, 0, 1, 214.72
1494073548, 1, 138, 511, 322, 0, 4.16%, 0, 0, 1, 87.66
1494073553, 1, 143, 511, 322, 0, 4.16%, 0, 0, 1, 174.58
1494073558, 1, 145, 511, 322, 0, 4.16%, 0, 0, 1, 158.43
1494073564, 1, 147, 511, 321, 0, 4.16%, 0, 0, 1, 153.92
1494073569, 1, 152, 511, 320, 0, 4.16%, 0, 0, 1, 171.07
1494073574, 1, 155, 511, 320, 0, 4.16%, 0, 0, 1, 183.62
1494073579, 1, 156, 511, 320, 0, 4.16%, 0, 0, 1, 191.20
1494073584, 1, 157, 511, 319, 0, 4.16%, 0, 0, 1, 195.11
1494073589, 1, 160, 511, 319, 0, 4.16%, 0, 0, 1, 193.45
1494073594, 1, 165, 511, 319, 0, 4.16%, 0, 0, 1, 188.36
1494073599, 1, 169, 511, 319, 0, 4.16%, 0, 0, 1, 168.12
1494073604, 1, 173, 511, 318, 0, 4.16%, 0, 0, 1, 178.08
1494073609, 1, 175, 511, 317, 0, 4.16%, 0, 0, 1, 165.41
1494073615, 1, 180, 511, 317, 0, 4.16%, 0, 0, 1, 144.61
1494073625, 1, 181, 511, 316, 0, 4.16%, 0, 0, 1, 147.53
1494073630, 1, 183, 511, 316, 0, 4.16%, 0, 0, 1, 164.63
1494073635, 1, 192, 511, 315, 0, 4.16%, 0, 0, 1, 180.70
1494073640, 1, 198, 511, 315, 0, 4.16%, 0, 0, 1, 174.14
1494073651, 1, 202, 511, 315, 0, 4.16%, 0, 0, 1, 196.14
1494073656, 1, 203, 511, 314, 0, 4.16%, 0, 0, 1, 166.24
1494073661, 1, 204, 511, 314, 0, 4.16%, 0, 0, 1, 26.15
1494073666, 1, 205, 511, 314, 0, 4.16%, 0, 0, 1, 168.52
1494073671, 1, 207, 511, 313, 0, 4.16%, 0, 0, 1, 158.11
1494073676, 1, 219, 511, 313, 0, 4.16%, 0, 0, 1, 134.00
1494073681, 1, 222, 511, 313, 0, 4.16%, 0, 0, 1, 179.33
1494073686, 1, 225, 511, 313, 0, 4.16%, 0, 0, 1, 186.07
1494073692, 1, 228, 511, 313, 0, 4.16%, 0, 0, 1, 147.91
1494073697, 1, 236, 511, 313, 0, 4.16%, 0, 0, 1, 156.70
1494073702, 1, 245, 511, 312, 0, 4.16%, 0, 0, 1, 162.91
1494073707, 1, 248, 511, 312, 0, 4.16%, 0, 0, 1, 167.19
1494073717, 1, 256, 511, 310, 0, 4.16%, 0, 0, 1, 193.23
1494073722, 1, 257, 511, 309, 0, 4.16%, 0, 0, 1, 207.92
1494073727, 1, 258, 511, 309, 0, 4.16%, 0, 0, 1, 194.51
1494073732, 1, 259, 511, 308, 0, 4.16%, 0, 0, 1, 185.45
1494073737, 1, 260, 511, 308, 0, 4.16%, 0, 0, 1, 192.35
1494073743, 1, 263, 511, 308, 0, 4.16%, 0, 0, 1, 181.27
1494073748, 1, 264, 511, 308, 0, 4.16%, 0, 0, 1, 168.58
1494073753, 1, 267, 511, 307, 0, 4.16%, 0, 0, 1, 179.98
1494073763, 1, 268, 511, 307, 0, 4.16%, 0, 0, 1, 92.05
1494073768, 1, 269, 511, 306, 0, 4.16%, 0, 0, 1, 146.23
1494073773, 1, 270, 511, 306, 0, 4.16%, 0, 0, 1, 165.39
1494073779, 1, 271, 511, 306, 0, 4.16%, 0, 0, 1, 164.56
1494073784, 1, 272, 511, 306, 0, 4.16%, 0, 0, 1, 177.79
1494073789, 1, 273, 511, 306, 0, 4.16%, 0, 0, 1, 167.81
1494073794, 1, 275, 511, 306, 0, 4.16%, 0, 0, 1, 182.86
1494073799, 1, 276, 511, 306, 0, 4.16%, 0, 0, 1, 189.49
1494073804, 1, 277, 511, 305, 0, 4.16%, 0, 0, 1, 200.20
1494073809, 1, 280, 511, 305, 0, 4.16%, 0, 0, 1, 176.63
1494073814, 1, 281, 511, 305, 0, 4.16%, 0, 0, 1, 199.27
1494073819, 1, 284, 511, 305, 0, 4.16%, 0, 0, 1, 159.17
1494073829, 1, 287, 511, 305, 0, 4.16%, 0, 0, 1, 129.85
1494073835, 1, 291, 511, 304, 0, 4.16%, 0, 0, 1, 148.63
1494073840, 1, 293, 511, 304, 0, 4.16%, 0, 0, 1, 185.48
1494073845, 1, 295, 511, 304, 0, 4.16%, 0, 0, 1, 186.78
1494073850, 1, 296, 511, 304, 0, 4.16%, 0, 0, 1, 181.44
1494073855, 1, 298, 511, 303, 0, 4.16%, 0, 0, 1, 167.89
1494073860, 1, 301, 511, 303, 0, 4.16%, 0, 0, 1, 33.63
1494073891, 1, 303, 511, 302, 0, 4.16%, 0, 0, 1, 96.31
1494073906, 1, 304, 511, 301, 0, 4.16%, 0, 0, 1, 151.19
1494073911, 1, 308, 511, 301, 0, 4.16%, 0, 0, 1, 157.08
1494073916, 1, 311, 511, 301, 0, 4.16%, 0, 0, 1, 185.52
1494073921, 1, 315, 511, 300, 0, 4.16%, 0, 0, 1, 115.04
1494073927, 1, 316, 511, 299, 0, 4.16%, 0, 0, 1, 123.22
1494073947, 1, 317, 511, 298, 0, 4.16%, 0, 0, 1, 126.16
1494073962, 1, 319, 511, 297, 0, 4.16%, 0, 0, 1, 134.28
1494073978, 1, 320, 511, 296, 0, 4.16%, 0, 0, 1, 27.22
1494074060, 1, 321, 511, 295, 0, 4.16%, 0, 0, 1, 25.85
1494074137, 1, 322, 511, 294, 0, 4.16%, 0, 0, 1, 103.91
1494074153, 1, 323, 511, 293, 0, 4.16%, 0, 0, 1, 33.46
1494074183, 1, 326, 511, 292, 0, 4.16%, 0, 0, 1, 103.34
1494074209, 1, 328, 511, 291, 0, 4.16%, 0, 0, 1, 18.79
1494074266, 1, 329, 511, 290, 0, 4.16%, 0, 0, 1, 58.21
1494074271, 1, 334, 511, 290, 0, 4.16%, 0, 0, 1, 112.33
1494074281, 1, 336, 511, 289, 0, 4.16%, 0, 0, 1, 168.98
1494074286, 1, 337, 511, 288, 0, 4.16%, 0, 0, 1, 79.35
1494074317, 1, 339, 511, 287, 0, 4.16%, 0, 0, 1, 143.48
1494074322, 1, 341, 511, 287, 0, 4.16%, 0, 0, 1, 181.12
1494074327, 1, 343, 511, 286, 0, 4.16%, 0, 0, 1, 166.45
1494074332, 1, 347, 511, 286, 0, 4.16%, 0, 0, 1, 185.51
1494074337, 1, 357, 511, 285, 0, 4.16%, 0, 0, 1, 127.81
1494074353, 1, 365, 511, 284, 0, 4.16%, 0, 0, 1, 37.32
1494074368, 1, 372, 511, 283, 0, 4.16%, 0, 0, 1, 89.59
1494074389, 1, 373, 511, 282, 0, 4.16%, 0, 0, 1, 115.77
1494074394, 1, 378, 511, 281, 0, 4.16%, 0, 0, 1, 160.23
1494074399, 1, 383, 511, 281, 0, 4.16%, 0, 0, 1, 157.59
1494074404, 1, 385, 511, 281, 0, 4.16%, 0, 0, 1, 177.92
1494074409, 1, 389, 511, 281, 0, 4.16%, 0, 0, 1, 188.67
1494074414, 1, 390, 511, 280, 0, 4.16%, 0, 0, 1, 10.58
1494074507, 1, 391, 511, 279, 0, 4.16%, 0, 1, 1, 99.04
1494074512, 1, 392, 511, 279, 0, 4.16%, 0, 1, 1, 89.99
1494074537, 1, 394, 511, 278, 0, 4.16%, 0, 1, 1, 19.22
1494074542, 1, 397, 511, 278, 0, 4.16%, 0, 1, 1, 159.01
1494074547, 1, 487, 512, 279, 1, 4.16%, 0, 1, 1, 144.57
1494074552, 1, 511, 512, 279, 1, 4.16%, 0, 1, 1, 131.12
1494074558, 2, 0, 512, 278, 0, 4.16%, 0, 1, 1, 140.97
1494074563, 2, 1, 512, 278, 0, 4.16%, 0, 1, 1, 121.08
1494074573, 2, 2, 512, 278, 0, 4.16%, 0, 1, 1, 93.62
1494074578, 2, 4, 512, 278, 0, 4.16%, 0, 1, 1, 150.78
1494074583, 2, 7, 512, 278, 0, 4.16%, 0, 1, 1, 162.77
1494074588, 2, 12, 512, 278, 0, 4.16%, 0, 1, 1, 176.91
1494074594, 2, 13, 512, 278, 0, 4.16%, 0, 1, 1, 153.76
1494074604, 2, 15, 512, 277, 0, 4.16%, 0, 1, 1, 172.13
1494074609, 2, 18, 512, 277, 0, 4.16%, 0, 1, 1, 164.08
1494074614, 2, 21, 512, 277, 0, 4.16%, 0, 1, 1, 163.62
1494074619, 2, 24, 512, 277, 0, 4.16%, 0, 1, 1, 152.19
1494074624, 2, 26, 512, 277, 0, 4.16%, 0, 1, 1, 136.70
1494074629, 2, 27, 512, 276, 0, 4.16%, 0, 1, 1, 167.59
1494074635, 2, 30, 512, 276, 0, 4.16%, 0, 1, 1, 165.75
1494074645, 2, 32, 512, 276, 0, 4.16%, 0, 1, 1, 71.00
1494074650, 2, 34, 512, 275, 0, 4.16%, 0, 1, 1, 120.19
1494074655, 2, 37, 512, 275, 0, 4.16%, 0, 1, 1, 157.66
1494074660, 2, 42, 512, 274, 0, 4.16%, 0, 1, 1, 182.58
1494074666, 2, 45, 512, 273, 0, 4.16%, 0, 1, 1, 168.87
1494074671, 2, 47, 512, 273, 0, 4.16%, 0, 1, 1, 148.62
1494074676, 2, 48, 512, 273, 0, 4.16%, 0, 1, 1, 166.11
1494074681, 2, 50, 512, 273, 0, 4.16%, 0, 1, 1, 183.96
1494074686, 2, 52, 512, 272, 0, 4.16%, 0, 1, 1, 155.45
1494074691, 2, 54, 512, 272, 0, 4.16%, 0, 1, 1, 176.65
1494074696, 2, 56, 512, 272, 0, 4.16%, 0, 1, 1, 192.58
1494074701, 2, 60, 512, 272, 0, 4.16%, 0, 1, 1, 181.83
1494074707, 2, 62, 512, 272, 0, 4.16%, 0, 1, 1, 144.49
1494074712, 2, 64, 512, 272, 0, 4.16%, 0, 1, 1, 162.33
1494074717, 2, 67, 512, 272, 0, 4.16%, 0, 1, 1, 154.45
1494074722, 2, 68, 512, 272, 0, 4.16%, 0, 1, 1, 138.37
1494074727, 2, 69, 512, 271, 0, 4.16%, 0, 1, 1, 156.14
1494074732, 2, 71, 512, 270, 0, 4.16%, 0, 1, 1, 176.56
1494074737, 2, 73, 512, 270, 0, 4.16%, 0, 1, 1, 12.17
1494074743, 2, 75, 512, 270, 0, 4.16%, 0, 1, 1, 148.05
1494074748, 2, 77, 512, 269, 0, 4.16%, 0, 1, 1, 173.81
1494074753, 2, 80, 512, 268, 0, 4.16%, 0, 1, 1, 160.64
1494074758, 2, 83, 512, 268, 0, 4.16%, 0, 1, 1, 171.61
1494074763, 2, 84, 512, 268, 0, 4.16%, 0, 1, 1, 177.91
1494074769, 2, 89, 512, 267, 0, 4.16%, 0, 1, 1, 182.64
1494074774, 2, 93, 512, 267, 0, 4.16%, 0, 1, 1, 129.51
1494074779, 2, 96, 512, 267, 0, 4.16%, 0, 1, 1, 167.84
1494074784, 2, 99, 512, 267, 0, 4.16%, 0, 1, 1, 173.91
1494074789, 2, 101, 512, 266, 0, 4.16%, 0, 1, 1, 145.09
1494074794, 2, 103, 512, 266, 0, 4.16%, 0, 1, 1, 163.56
1494074799, 2, 108, 512, 266, 0, 4.16%, 0, 1, 1, 155.07
1494074804, 2, 111, 512, 265, 0, 4.16%, 0, 1, 1, 148.24
1494074809, 2, 112, 512, 265, 0, 4.16%, 0, 1, 1, 148.98
1494074815, 2, 114, 512, 265, 0, 4.16%, 0, 1, 1, 123.58
1494074820, 2, 115, 512, 264, 0, 4.16%, 0, 1, 1, 141.48
1494074825, 2, 120, 512, 263, 0, 4.16%, 0, 1, 1, 182.91
1494074830, 2, 123, 512, 263, 0, 4.16%, 0, 1, 1, 184.90
1494074835, 2, 127, 512, 262, 0, 4.16%, 0, 1, 1, 159.70
1494074840, 2, 135, 512, 261, 0, 4.16%, 0, 1, 1, 152.02
1494074845, 2, 138, 512, 261, 0, 4.16%, 0, 1, 1, 178.84
1494074850, 2, 141, 512, 261, 0, 4.16%, 0, 1, 1, 205.17
1494074856, 2, 144, 512, 260, 0, 4.16%, 0, 1, 1, 182.10
1494074861, 2, 147, 512, 259, 0, 4.16%, 0, 1, 1, 180.25
1494074866, 2, 149, 512, 259, 0, 4.16%, 0, 1, 1, 173.07
1494074871, 2, 151, 512, 259, 0, 4.16%, 0, 1, 1, 178.42
1494074876, 2, 153, 512, 258, 0, 4.16%, 0, 1, 1, 170.48
1494074881, 2, 155, 512, 256, 0, 4.16%, 0, 1, 1, 174.92
1494074886, 2, 157, 512, 256, 0, 4.16%, 0, 1, 1, 171.75
1494074896, 2, 160, 512, 256, 0, 4.16%, 0, 1, 1, 183.81
1494074902, 2, 165, 512, 256, 0, 4.16%, 0, 1, 1, 181.36
1494074907, 2, 170, 512, 256, 0, 4.16%, 0, 1, 1, 166.25
1494074912, 2, 171, 512, 255, 0, 4.16%, 0, 1, 1, 172.37
1494074917, 2, 176, 512, 255, 0, 4.16%, 0, 1, 1, 133.72
1494074922, 2, 178, 512, 255, 0, 4.16%, 0, 1, 1, 98.42
1494074927, 2, 181, 512, 254, 0, 4.16%, 0, 1, 1, 123.74
1494074932, 2, 192, 512, 253, 0, 4.16%, 0, 1, 1, 151.37
1494074938, 2, 195, 512, 253, 0, 4.16%, 0, 1, 1, 164.70
1494074943, 2, 198, 512, 253, 0, 4.16%, 0, 1, 1, 190.81
1494074948, 2, 204, 512, 253, 0, 4.16%, 0, 1, 1, 166.31
1494074958, 2, 207, 512, 253, 0, 4.16%, 0, 1, 1, 155.69
1494074963, 2, 210, 512, 253, 0, 4.16%, 0, 1, 1, 145.84
1494074968, 2, 212, 512, 252, 0, 4.16%, 0, 1, 1, 143.65
1494074979, 2, 215, 512, 250, 0, 4.16%, 0, 1, 1, 155.98
1494074984, 2, 219, 512, 249, 0, 4.16%, 0, 1, 1, 162.05
1494074989, 2, 222, 512, 249, 0, 4.16%, 0, 1, 1, 189.54
1494074994, 2, 225, 512, 249, 0, 4.16%, 0, 1, 1, 170.28
1494074999, 2, 228, 512, 249, 0, 4.16%, 0, 1, 1, 24.17
1494075004, 2, 232, 512, 248, 0, 4.16%, 0, 1, 1, 183.72
1494075009, 2, 233, 512, 248, 0, 4.16%, 0, 1, 1, 107.24
1494075014, 2, 241, 512, 246, 0, 4.16%, 0, 1, 1, 145.19
1494075020, 2, 245, 512, 246, 0, 4.16%, 0, 1, 1, 168.00
1494075025, 2, 246, 512, 246, 0, 4.16%, 0, 1, 1, 156.95
1494075030, 2, 249, 512, 245, 0, 4.16%, 0, 1, 1, 99.67
1494075035, 2, 251, 512, 244, 0, 4.16%, 0, 1, 1, 131.12
1494075045, 2, 255, 512, 243, 0, 4.16%, 0, 1, 1, 184.93
1494075050, 2, 257, 513, 243, 0, 4.16%, 0, 1, 1, 185.44
1494075056, 2, 258, 513, 243, 0, 4.16%, 0, 1, 1, 197.30
1494075061, 2, 259, 513, 243, 0, 4.16%, 0, 1, 1, 189.90
1494075066, 2, 260, 513, 243, 0, 4.16%, 0, 1, 1, 197.83
1494075071, 2, 264, 513, 243, 0, 4.16%, 0, 1, 1, 175.80
1494075081, 2, 267, 513, 242, 0, 4.16%, 0, 1, 1, 124.96
1494075091, 2, 269, 513, 242, 0, 4.16%, 0, 1, 1, 177.20
1494075096, 2, 271, 513, 242, 0, 4.16%, 0, 1, 1, 182.43
1494075102, 2, 272, 513, 242, 0, 4.16%, 0, 1, 1, 184.57
1494075112, 2, 275, 513, 242, 0, 4.16%, 0, 1, 1, 168.50
1494075117, 2, 277, 513, 242, 0, 4.16%, 0, 1, 1, 189.04
1494075122, 2, 279, 513, 242, 0, 4.16%, 0, 1, 1, 183.94
1494075127, 2, 281, 513, 242, 0, 4.16%, 0, 1, 1, 182.63
1494075132, 2, 283, 513, 242, 0, 4.16%, 0, 1, 1, 182.89
1494075137, 2, 284, 513, 242, 0, 4.16%, 0, 1, 1, 124.81
1494075142, 2, 287, 513, 242, 0, 4.16%, 0, 1, 1, 144.41
1494075147, 2, 288, 513, 242, 0, 4.16%, 0, 1, 1, 155.82
1494075153, 2, 293, 513, 241, 0, 4.16%, 0, 1, 1, 187.86
1494075158, 2, 294, 513, 241, 0, 4.16%, 0, 1, 1, 179.63
1494075168, 2, 295, 513, 240, 0, 4.16%, 0, 1, 1, 184.34
1494075173, 2, 298, 513, 239, 0, 4.16%, 0, 1, 1, 181.24
1494075178, 2, 302, 513, 239, 0, 4.16%, 0, 1, 1, 144.57
1494075199, 2, 305, 513, 238, 0, 4.16%, 0, 1, 1, 133.98
1494075204, 2, 311, 513, 238, 0, 4.16%, 0, 1, 1, 74.05
1494075214, 2, 330, 513, 238, 0, 4.16%, 0, 1, 1, 130.65
1494075224, 2, 335, 513, 237, 0, 4.16%, 0, 1, 1, 168.24
1494075234, 2, 339, 513, 236, 0, 4.16%, 0, 1, 1, 192.61
1494075240, 2, 343, 513, 236, 0, 4.16%, 0, 1, 1, 176.51
1494075245, 2, 345, 513, 236, 0, 4.16%, 0, 1, 1, 26.02
1494075306, 2, 346, 513, 235, 0, 4.16%, 0, 1, 1, 120.72
1494075322, 2, 349, 513, 234, 0, 4.16%, 0, 1, 1, 158.16
1494075327, 2, 353, 513, 233, 0, 4.16%, 0, 1, 1, 121.42
1494075332, 2, 358, 513, 233, 0, 4.16%, 0, 1, 1, 171.43
1494075337, 2, 360, 513, 232, 0, 4.16%, 0, 1, 1, 197.04
1494075347, 2, 362, 513, 231, 0, 4.16%, 0, 1, 1, 168.21
1494075353, 2, 363, 513, 230, 0, 4.16%, 0, 1, 1, 84.96
1494075378, 2, 368, 513, 229, 0, 4.16%, 0, 1, 1, 91.33
1494075399, 2, 377, 513, 228, 0, 4.16%, 0, 1, 1, 133.37
1494075414, 2, 378, 513, 227, 0, 4.16%, 0, 1, 1, 173.34
1494075419, 2, 380, 513, 227, 0, 4.16%, 0, 1, 1, 138.28
1494075434, 2, 383, 513, 226, 0, 4.16%, 0, 1, 1, 170.09
1494075439, 2, 384, 513, 226, 0, 4.16%, 0, 1, 1, 143.41
1494075455, 2, 391, 513, 225, 0, 4.16%, 0, 1, 1, 151.51
1494075460, 2, 394, 513, 225, 0, 4.16%, 0, 1, 1, 166.98
1494075465, 2, 397, 513, 225, 0, 4.16%, 0, 1, 1, 83.75
1494075470, 2, 398, 513, 225, 0, 4.16%, 0, 1, 1, 117.85
1494075486, 2, 399, 513, 224, 0, 4.16%, 0, 1, 1, 102.64
1494075491, 2, 401, 513, 223, 0, 4.16%, 0, 1, 1, 151.81
1494075496, 2, 403, 513, 223, 0, 4.16%, 0, 1, 1, 181.24
1494075501, 2, 413, 513, 223, 0, 4.16%, 0, 1, 1, 26.26
1494075506, 2, 420, 513, 223, 0, 4.16%, 0, 1, 1, 162.95
1494075511, 2, 422, 513, 223, 0, 4.16%, 0, 1, 1, 34.60
1494075517, 2, 424, 513, 222, 0, 4.16%, 0, 1, 1, 131.17
1494075522, 2, 428, 513, 221, 0, 4.16%, 0, 1, 1, 148.75
1494075527, 2, 429, 513, 221, 0, 4.16%, 0, 1, 1, 22.19
1494075594, 2, 429, 513, 221, 0, 4.16%, 0, 2, 1, 23.43
1494075599, 2, 431, 513, 220, 0, 4.16%, 0, 2, 1, 170.17
1494075610, 2, 447, 513, 219, 0, 4.16%, 0, 2, 1, 181.76
1494075615, 2, 451, 513, 219, 0, 4.16%, 0, 2, 1, 109.01
1494075620, 2, 452, 513, 218, 0, 4.16%, 0, 2, 1, 115.12
1494075625, 2, 454, 513, 218, 0, 4.16%, 0, 2, 1, 137.05
1494075630, 2, 458, 513, 218, 0, 4.16%, 0, 2, 1, 110.74
1494075650, 2, 460, 513, 217, 0, 4.16%, 0, 2, 1, 131.51
1494075655, 2, 461, 513, 216, 0, 4.16%, 0, 2, 1, 142.07
1494075661, 2, 466, 513, 216, 0, 4.16%, 0, 2, 1, 184.18
1494075666, 2, 467, 513, 216, 0, 4.16%, 0, 2, 1, 80.79
1494075671, 2, 468, 513, 216, 0, 4.16%, 0, 2, 1, 54.32
1494075706, 2, 470, 513, 215, 0, 4.16%, 0, 2, 1, 92.15
1494075717, 2, 472, 513, 214, 0, 4.16%, 0, 2, 1, 9.43
1494075727, 2, 473, 513, 213, 0, 4.16%, 0, 2, 1, 60.35
1494075732, 2, 474, 513, 212, 0, 4.16%, 0, 2, 1, 102.00
1494075748, 2, 475, 513, 211, 0, 4.16%, 0, 2, 1, 20.23
1494075784, 2, 476, 513, 210, 0, 4.16%, 0, 2, 1, 94.29
1494075789, 2, 477, 513, 210, 0, 4.16%, 0, 2, 1, 121.99
1494075799, 2, 480, 513, 209, 0, 4.16%, 0, 2, 1, 153.74
1494075851, 2, 481, 513, 208, 0, 4.16%, 0, 2, 1, 119.91
1494075861, 2, 486, 513, 207, 0, 4.16%, 0, 2, 1, 141.59
1494075866, 2, 488, 513, 207, 0, 4.16%, 0, 2, 1, 164.99
1494075871, 2, 491, 513, 206, 0, 4.16%, 0, 2, 1, 148.65
1494075876, 2, 493, 513, 205, 0, 4.16%, 0, 2, 1, 80.64
1494075886, 2, 496, 513, 204, 0, 4.16%, 0, 2, 1, 130.92
1494075891, 2, 500, 513, 204, 0, 4.16%, 0, 2, 1, 112.88
1494075897, 2, 502, 513, 204, 0, 4.16%, 0, 2, 1, 140.75
1494075902, 2, 508, 513, 204, 0, 4.16%, 0, 2, 1, 92.58
1494075907, 2, 511, 513, 203, 0, 4.16%, 0, 2, 1, 116.23
1494075912, 3, 0, 513, 203, 0, 4.16%, 0, 2, 1, 154.60
1494075917, 3, 1, 513, 203, 0, 4.16%, 0, 2, 1, 151.83
1494075922, 3, 2, 513, 203, 0, 4.16%, 0, 2, 1, 140.64
1494075927, 3, 4, 513, 203, 0, 4.16%, 0, 2, 1, 184.10
1494075933, 3, 7, 513, 203, 0, 4.16%, 0, 2, 1, 181.22
1494075938, 3, 9, 513, 203, 0, 4.16%, 0, 2, 1, 187.01
1494075943, 3, 12, 513, 203, 0, 4.16%, 0, 2, 1, 165.05
1494075948, 3, 15, 513, 203, 0, 4.16%, 0, 2, 1, 186.21
1494075953, 3, 17, 513, 203, 0, 4.16%, 0, 2, 1, 179.23
1494075958, 3, 18, 513, 202, 0, 4.16%, 0, 2, 1, 187.59
1494075963, 3, 22, 513, 202, 0, 4.16%, 0, 2, 1, 191.95
1494075968, 3, 24, 513, 202, 0, 4.16%, 0, 2, 1, 168.05
1494075974, 3, 28, 513, 202, 0, 4.16%, 0, 2, 1, 183.07
1494075979, 3, 30, 513, 202, 0, 4.16%, 0, 2, 1, 141.11
1494075984, 3, 31, 513, 202, 0, 4.16%, 0, 2, 1, 149.36
1494075989, 3, 35, 513, 202, 0, 4.16%, 0, 2, 1, 153.95
1494075994, 3, 36, 513, 202, 0, 4.16%, 0, 2, 1, 153.75
1494075999, 3, 45, 513, 201, 0, 4.16%, 0, 2, 1, 164.52
1494076004, 3, 46, 513, 201, 0, 4.16%, 0, 2, 1, 155.07
1494076009, 3, 48, 513, 201, 0, 4.16%, 0, 2, 1, 175.71
1494076014, 3, 50, 513, 201, 0, 4.16%, 0, 2, 1, 172.19
1494076020, 3, 51, 513, 201, 0, 4.16%, 0, 2, 1, 142.59
1494076025, 3, 54, 513, 201, 0, 4.16%, 0, 2, 1, 168.83
1494076030, 3, 56, 513, 201, 0, 4.16%, 0, 2, 1, 160.76
1494076035, 3, 58, 514, 202, 0, 4.16%, 0, 2, 1, 199.21
1494076040, 3, 62, 514, 202, 0, 4.16%, 0, 2, 1, 158.71
1494076045, 3, 63, 514, 202, 0, 4.16%, 0, 2, 1, 163.68
1494076050, 3, 65, 514, 202, 0, 4.16%, 0, 2, 1, 161.51
1494076055, 3, 67, 514, 202, 0, 4.16%, 0, 2, 1, 162.80
1494076060, 3, 69, 514, 202, 0, 4.16%, 0, 2, 1, 166.82
1494076066, 3, 73, 514, 202, 0, 4.16%, 0, 2, 1, 63.99
1494076071, 3, 76, 514, 202, 0, 4.16%, 0, 2, 1, 124.03
1494076076, 3, 77, 514, 202, 0, 4.16%, 0, 2, 1, 157.94
1494076081, 3, 81, 514, 202, 0, 4.16%, 0, 2, 1, 166.22
1494076086, 3, 84, 514, 202, 0, 4.16%, 0, 2, 1, 171.62
1494076091, 3, 85, 514, 202, 0, 4.16%, 0, 2, 1, 164.58
1494076096, 3, 92, 514, 202, 0, 4.16%, 0, 2, 1, 167.74
1494076101, 3, 95, 514, 202, 0, 4.16%, 0, 2, 1, 171.96
1494076106, 3, 97, 514, 202, 0, 4.16%, 0, 2, 1, 184.23
1494076111, 3, 100, 514, 201, 0, 4.16%, 0, 2, 1, 183.57
1494076117, 3, 103, 514, 201, 0, 4.16%, 0, 2, 1, 175.95
1494076122, 3, 108, 514, 200, 0, 4.16%, 0, 2, 1, 165.91
1494076127, 3, 111, 514, 200, 0, 4.16%, 0, 2, 1, 146.34
1494076132, 3, 112, 514, 200, 0, 4.16%, 0, 2, 1, 145.48
1494076137, 3, 117, 514, 200, 0, 4.16%, 0, 2, 1, 119.35
1494076142, 3, 118, 514, 199, 0, 4.16%, 0, 2, 1, 126.96
1494076147, 3, 120, 514, 198, 0, 4.16%, 0, 2, 1, 169.89
1494076152, 3, 129, 514, 198, 0, 4.16%, 0, 2, 1, 167.01
1494076163, 3, 132, 514, 197, 0, 4.16%, 0, 2, 1, 128.77
1494076168, 3, 134, 514, 196, 0, 4.16%, 0, 2, 1, 145.93
1494076173, 3, 138, 514, 195, 0, 4.16%, 0, 2, 1, 168.95
1494076178, 3, 140, 514, 195, 0, 4.16%, 0, 2, 1, 186.22
1494076184, 3, 144, 514, 195, 0, 4.16%, 0, 2, 1, 181.38
1494076189, 3, 149, 514, 195, 0, 4.16%, 0, 2, 1, 158.95
1494076194, 3, 155, 514, 195, 0, 4.16%, 0, 2, 1, 172.24
1494076199, 3, 157, 514, 195, 0, 4.16%, 0, 2, 1, 238.46
1494076209, 3, 160, 514, 194, 0, 4.16%, 0, 2, 1, 191.90
1494076214, 3, 164, 514, 194, 0, 4.16%, 0, 2, 1, 171.23
1494076219, 3, 166, 514, 194, 0, 4.16%, 0, 2, 1, 148.15
1494076224, 3, 168, 514, 193, 0, 4.16%, 0, 2, 1, 159.99
1494076229, 3, 175, 514, 193, 0, 4.16%, 0, 2, 1, 172.70
1494076235, 3, 176, 514, 193, 0, 4.16%, 0, 2, 1, 163.35
1494076240, 3, 181, 514, 192, 0, 4.16%, 0, 2, 1, 155.45
1494076245, 3, 192, 514, 191, 0, 4.16%, 0, 2, 1, 163.22
1494076250, 3, 197, 514, 191, 0, 4.16%, 0, 2, 1, 174.28
1494076255, 3, 198, 514, 190, 0, 4.16%, 0, 2, 1, 194.12
1494076260, 3, 199, 514, 190, 0, 4.16%, 0, 2, 1, 175.21
1494076265, 3, 203, 514, 189, 0, 4.16%, 0, 2, 1, 176.92
1494076270, 3, 204, 514, 189, 0, 4.16%, 0, 2, 1, 186.66
1494076276, 3, 207, 514, 189, 0, 4.16%, 0, 2, 1, 61.49
1494076281, 3, 212, 514, 189, 0, 4.16%, 0, 2, 1, 136.78
1494076291, 3, 216, 514, 189, 0, 4.16%, 0, 2, 1, 178.75
1494076296, 3, 219, 514, 188, 0, 4.16%, 0, 2, 1, 66.85
1494076301, 3, 221, 514, 188, 0, 4.16%, 0, 2, 1, 148.15
1494076306, 3, 222, 514, 187, 0, 4.16%, 0, 2, 1, 181.79
1494076312, 3, 225, 514, 187, 0, 4.16%, 0, 2, 1, 148.41
1494076317, 3, 230, 514, 187, 0, 4.16%, 0, 2, 1, 139.65
1494076322, 3, 240, 514, 186, 0, 4.16%, 0, 2, 1, 164.18
1494076327, 3, 243, 514, 185, 0, 4.16%, 0, 2, 1, 172.27
1494076332, 3, 245, 514, 184, 0, 4.16%, 0, 2, 1, 171.50
1494076337, 3, 257, 514, 184, 0, 4.16%, 0, 2, 1, 177.88
1494076347, 3, 259, 514, 184, 0, 4.16%, 0, 2, 1, 199.86
1494076352, 3, 260, 514, 184, 0, 4.16%, 0, 2, 1, 185.45
1494076358, 3, 261, 514, 184, 0, 4.16%, 0, 2, 1, 188.17
1494076363, 3, 263, 514, 183, 0, 4.16%, 0, 2, 1, 183.03
1494076368, 3, 264, 514, 183, 0, 4.16%, 0, 2, 1, 163.56
1494076373, 3, 267, 514, 183, 0, 4.16%, 0, 2, 1, 182.78
1494076378, 3, 269, 514, 183, 0, 4.16%, 0, 2, 1, 161.38
1494076388, 3, 271, 514, 183, 0, 4.16%, 0, 2, 1, 176.55
1494076393, 3, 272, 514, 183, 0, 4.16%, 0, 2, 1, 193.61
1494076398, 3, 273, 514, 183, 0, 4.16%, 0, 2, 1, 178.43
1494076403, 3, 274, 514, 183, 0, 4.16%, 0, 2, 1, 188.88
1494076409, 3, 275, 514, 182, 0, 4.16%, 0, 2, 1, 115.04
1494076414, 3, 277, 514, 182, 0, 4.16%, 0, 2, 1, 151.63
1494076424, 3, 281, 514, 182, 0, 4.16%, 0, 2, 1, 177.86
1494076429, 3, 283, 514, 182, 0, 4.16%, 0, 2, 1, 177.73
1494076434, 3, 284, 514, 182, 0, 4.16%, 0, 2, 1, 131.74
1494076444, 3, 286, 514, 182, 0, 4.16%, 0, 2, 1, 172.54
1494076450, 3, 287, 514, 181, 0, 4.16%, 0, 2, 1, 181.75
1494076455, 3, 292, 514, 181, 0, 4.16%, 0, 2, 1, 29.32
1494076486, 3, 293, 514, 180, 0, 4.16%, 0, 2, 1, 151.93
1494076491, 3, 295, 514, 180, 0, 4.16%, 0, 2, 1, 189.03
1494076496, 3, 298, 514, 180, 0, 4.16%, 0, 2, 1, 156.28
1494076501, 3, 305, 514, 180, 0, 4.16%, 0, 2, 1, 170.71
1494076506, 3, 309, 514, 180, 0, 4.16%, 0, 2, 1, 92.73
1494076511, 3, 310, 514, 179, 0, 4.16%, 0, 2, 1, 153.96
1494076516, 3, 311, 514, 178, 0, 4.16%, 0, 2, 1, 179.32
1494076522, 3, 313, 514, 178, 0, 4.16%, 0, 2, 1, 143.95
1494076537, 3, 318, 514, 177, 0, 4.16%, 0, 2, 1, 164.86
1494076542, 3, 329, 514, 176, 0, 4.16%, 0, 2, 1, 170.49
1494076547, 3, 331, 514, 176, 0, 4.16%, 0, 2, 1, 199.21
1494076552, 3, 339, 514, 175, 0, 4.16%, 0, 2, 1, 174.60
1494076557, 3, 343, 514, 175, 0, 4.16%, 0, 2, 1, 189.04
1494076562, 3, 353, 514, 175, 0, 4.16%, 0, 2, 1, 125.82
1494076567, 3, 359, 514, 175, 0, 4.16%, 0, 2, 1, 64.99
1494076629, 3, 366, 514, 174, 0, 4.16%, 0, 2, 1, 60.20
1494076650, 3, 367, 514, 173, 0, 4.16%, 0, 2, 1, 120.82
1494076655, 3, 379, 514, 173, 0, 4.16%, 0, 2, 1, 166.70
1494076670, 3, 382, 514, 172, 0, 4.16%, 0, 2, 1, 149.03
1494076676, 3, 385, 514, 172, 0, 4.16%, 0, 2, 1, 175.40
1494076681, 3, 391, 514, 172, 0, 4.16%, 0, 2, 1, 153.60
1494076686, 3, 394, 514, 172, 0, 4.16%, 0, 2, 1, 138.02
1494076691, 3, 397, 514, 172, 0, 4.16%, 0, 2, 1, 127.88
1494076696, 3, 401, 514, 172, 0, 4.16%, 0, 2, 1, 158.55
1494076701, 3, 403, 514, 172, 0, 4.16%, 0, 2, 1, 173.34
1494076706, 3, 404, 514, 172, 0, 4.16%, 0, 2, 1, 101.82
1494076732, 3, 413, 514, 171, 0, 4.16%, 0, 2, 1, 134.33
1494076737, 3, 418, 514, 171, 0, 4.16%, 0, 2, 1, 150.20
1494076742, 3, 422, 514, 171, 0, 4.16%, 0, 2, 1, 157.17
1494076747, 3, 433, 514, 171, 0, 4.16%, 0, 2, 1, 139.05
1494076758, 3, 436, 514, 170, 0, 4.16%, 0, 2, 1, 20.93
1494076814, 3, 440, 514, 169, 0, 4.16%, 0, 2, 1, 145.21
1494076829, 3, 445, 514, 168, 0, 4.16%, 0, 2, 1, 70.39
1494076840, 3, 452, 514, 167, 0, 4.16%, 0, 2, 1, 127.97
1494076845, 3, 454, 514, 167, 0, 4.16%, 0, 2, 1, 148.65
1494076850, 3, 459, 514, 167, 0, 4.16%, 0, 2, 1, 23.17
1494076855, 3, 465, 514, 167, 0, 4.16%, 0, 2, 1, 150.30
1494076860, 3, 467, 514, 167, 0, 4.16%, 0, 2, 1, 68.78
1494076866, 3, 471, 514, 167, 0, 4.16%, 0, 2, 1, 70.89
1494076881, 3, 479, 514, 166, 0, 4.16%, 0, 2, 1, 145.06
1494076886, 3, 483, 514, 166, 0, 4.16%, 0, 2, 1, 173.39
1494076896, 3, 486, 514, 165, 0, 4.16%, 0, 2, 1, 165.56
1494076902, 3, 489, 514, 165, 0, 4.16%, 0, 2, 1, 139.51
1494076922, 3, 494, 514, 164, 0, 4.16%, 0, 2, 1, 150.16
1494076927, 3, 500, 514, 164, 0, 4.16%, 0, 2, 1, 141.31
1494076932, 3, 501, 514, 164, 0, 4.16%, 0, 2, 1, 127.55
1494076938, 3, 507, 514, 164, 0, 4.16%, 0, 2, 1, 105.40
1494076943, 3, 511, 514, 163, 0, 4.16%, 0, 2, 1, 113.79
1494076948, 3, 512, 514, 163, 0, 4.16%, 0, 2, 1, 91.58
1494076958, 4, 0, 514, 162, 0, 4.16%, 0, 2, 1, 134.61
1494076963, 4, 1, 514, 162, 0, 4.16%, 0, 2, 1, 161.15
1494076968, 4, 2, 514, 162, 0, 4.16%, 0, 2, 1, 164.51
1494076973, 4, 3, 514, 162, 0, 4.16%, 0, 2, 1, 154.28
1494076979, 4, 5, 514, 162, 0, 4.16%, 0, 2, 1, 187.87
1494076984, 4, 7, 514, 162, 0, 4.16%, 0, 2, 1, 168.79
1494076989, 4, 8, 514, 162, 0, 4.16%, 0, 2, 1, 203.87
1494076994, 4, 12, 514, 161, 0, 4.16%, 0, 2, 1, 187.72
1494076999, 4, 15, 514, 161, 0, 4.16%, 0, 2, 1, 166.77
1494077004, 4, 18, 514, 161, 0, 4.16%, 0, 2, 1, 164.02
1494077009, 4, 21, 514, 160, 0, 4.16%, 0, 2, 1, 188.06
1494077014, 4, 22, 514, 160, 0, 4.16%, 0, 2, 1, 179.96
1494077020, 4, 24, 514, 160, 0, 4.16%, 0, 2, 1, 159.34
1494077025, 4, 28, 514, 160, 0, 4.16%, 0, 2, 1, 170.03
1494077030, 4, 30, 514, 160, 0, 4.16%, 0, 2, 1, 160.55
1494077035, 4, 31, 514, 160, 0, 4.16%, 0, 2, 1, 169.86
1494077040, 4, 35, 514, 160, 0, 4.16%, 0, 2, 1, 187.29
1494077045, 4, 45, 514, 160, 0, 4.16%, 0, 2, 1, 163.90
1494077050, 4, 46, 514, 160, 0, 4.16%, 0, 2, 1, 144.49
1494077055, 4, 48, 514, 160, 0, 4.16%, 0, 2, 1, 198.69
1494077060, 4, 49, 514, 160, 0, 4.16%, 0, 2, 1, 169.63
1494077065, 4, 52, 514, 160, 0, 4.16%, 0, 2, 1, 169.21
1494077070, 4, 54, 514, 160, 0, 4.16%, 0, 2, 1, 176.43
1494077076, 4, 56, 514, 160, 0, 4.16%, 0, 2, 1, 176.87
1494077081, 4, 60, 514, 160, 0, 4.16%, 0, 2, 1, 184.41
1494077086, 4, 62, 514, 159, 0, 4.16%, 0, 2, 1, 170.22
1494077091, 4, 63, 514, 159, 0, 4.16%, 0, 2, 1, 160.41
1494077096, 4, 67, 514, 159, 0, 4.16%, 0, 2, 1, 160.39
1494077106, 4, 71, 514, 159, 0, 4.16%, 0, 2, 1, 170.55
1494077112, 4, 72, 514, 159, 0, 4.16%, 0, 2, 1, 164.37
1494077117, 4, 74, 514, 158, 0, 4.16%, 0, 2, 1, 144.86
1494077122, 4, 77, 514, 158, 0, 4.16%, 0, 2, 1, 165.23
1494077127, 4, 81, 514, 158, 0, 4.16%, 0, 2, 1, 148.97
1494077132, 4, 83, 514, 158, 0, 4.16%, 0, 2, 1, 147.91
1494077137, 4, 84, 514, 158, 0, 4.16%, 0, 2, 1, 188.57
1494077142, 4, 89, 514, 158, 0, 4.16%, 0, 2, 1, 170.34
1494077148, 4, 93, 514, 158, 0, 4.16%, 0, 2, 1, 157.75
1494077153, 4, 96, 514, 157, 0, 4.16%, 0, 2, 1, 179.23
1494077158, 4, 101, 514, 157, 0, 4.16%, 0, 2, 1, 168.93
1494077163, 4, 103, 514, 157, 0, 4.16%, 0, 2, 1, 171.35
1494077168, 4, 109, 514, 157, 0, 4.16%, 0, 2, 1, 187.25
1494077174, 4, 111, 514, 157, 0, 4.16%, 0, 2, 1, 158.70
1494077179, 4, 113, 514, 157, 0, 4.16%, 0, 2, 1, 153.99
1494077184, 4, 120, 514, 156, 0, 4.16%, 0, 2, 1, 166.79
1494077194, 4, 131, 514, 156, 0, 4.16%, 0, 2, 1, 157.43
1494077199, 4, 136, 514, 156, 0, 4.16%, 0, 2, 1, 155.88
1494077204, 4, 138, 514, 155, 0, 4.16%, 0, 2, 1, 189.25
1494077209, 4, 139, 514, 155, 0, 4.16%, 0, 2, 1, 164.39
1494077214, 4, 144, 514, 154, 0, 4.16%, 0, 2, 1, 178.43
1494077219, 4, 147, 514, 154, 0, 4.16%, 0, 2, 1, 170.61
1494077224, 4, 155, 514, 154, 0, 4.16%, 0, 2, 1, 166.16
1494077235, 4, 157, 514, 154, 0, 4.16%, 0, 2, 1, 182.66
1494077240, 4, 160, 514, 153, 0, 4.16%, 0, 2, 1, 161.46
1494077245, 4, 163, 514, 153, 0, 4.16%, 0, 2, 1, 180.23
1494077250, 4, 165, 514, 152, 0, 4.16%, 0, 2, 1, 180.05
1494077255, 4, 167, 514, 152, 0, 4.16%, 0, 2, 1, 176.98
1494077260, 4, 171, 514, 151, 0, 4.16%, 0, 2, 1, 160.77
1494077265, 4, 175, 514, 151, 0, 4.16%, 0, 2, 1, 154.25
1494077270, 4, 179, 514, 151, 0, 4.16%, 0, 2, 1, 163.22
1494077276, 4, 188, 514, 150, 0, 4.16%, 0, 2, 1, 158.30
1494077281, 4, 192, 514, 149, 0, 4.16%, 0, 2, 1, 176.43
1494077286, 4, 195, 514, 148, 0, 4.16%, 0, 2, 1, 174.93
1494077291, 4, 198, 514, 148, 0, 4.16%, 0, 2, 1, 185.87
1494077296, 4, 203, 514, 148, 0, 4.16%, 0, 2, 1, 161.72
1494077301, 4, 204, 514, 148, 0, 4.16%, 0, 2, 1, 164.10
1494077306, 4, 207, 514, 148, 0, 4.16%, 0, 2, 1, 156.04
1494077311, 4, 209, 514, 148, 0, 4.16%, 0, 2, 1, 138.85
1494077316, 4, 214, 514, 147, 0, 4.16%, 0, 2, 1, 119.82
1494077321, 4, 219, 514, 146, 0, 4.16%, 0, 2, 1, 169.95
1494077327, 4, 222, 514, 146, 0, 4.16%, 0, 2, 1, 187.94
1494077332, 4, 225, 514, 146, 0, 4.16%, 0, 2, 1, 167.32
1494077337, 4, 228, 514, 146, 0, 4.16%, 0, 2, 1, 137.01
1494077342, 4, 237, 515, 147, 0, 4.16%, 0, 2, 1, 154.77
1494077347, 4, 241, 515, 146, 0, 4.16%, 0, 2, 1, 170.78
1494077352, 4, 245, 515, 145, 0, 4.16%, 0, 2, 1, 182.04
1494077362, 4, 251, 515, 145, 0, 4.16%, 0, 2, 1, 191.88
1494077368, 4, 257, 515, 145, 0, 4.16%, 0, 2, 1, 193.68
1494077373, 4, 259, 515, 145, 0, 4.16%, 0, 2, 1, 197.94
1494077378, 4, 260, 515, 145, 0, 4.16%, 0, 2, 1, 185.26
1494077383, 4, 263, 515, 145, 0, 4.16%, 0, 2, 1, 197.56
1494077388, 4, 264, 515, 145, 0, 4.16%, 0, 2, 1, 174.24
1494077393, 4, 267, 515, 145, 0, 4.16%, 0, 2, 1, 180.57
1494077398, 4, 269, 515, 145, 0, 4.16%, 0, 2, 1, 185.88
1494077403, 4, 270, 515, 145, 0, 4.16%, 0, 2, 1, 182.68
1494077409, 4, 271, 515, 145, 0, 4.16%, 0, 2, 1, 199.57
1494077414, 4, 272, 515, 145, 0, 4.16%, 0, 2, 1, 169.67
1494077419, 4, 275, 515, 145, 0, 4.16%, 0, 2, 1, 154.96
1494077429, 4, 277, 515, 145, 0, 4.16%, 0, 2, 1, 189.99
1494077434, 4, 280, 515, 145, 0, 4.16%, 0, 2, 1, 169.82
1494077439, 4, 281, 515, 145, 0, 4.16%, 0, 2, 1, 154.87
1494077445, 4, 284, 515, 145, 0, 4.16%, 0, 2, 1, 81.70
1494077455, 4, 285, 515, 145, 0, 4.16%, 0, 2, 1, 170.83
1494077460, 4, 289, 515, 144, 0, 4.16%, 0, 2, 1, 179.56
1494077465, 4, 293, 515, 144, 0, 4.16%, 0, 2, 1, 176.62
1494077470, 4, 295, 515, 144, 0, 4.16%, 0, 2, 1, 191.35
1494077480, 4, 299, 515, 144, 0, 4.16%, 0, 2, 1, 168.19
1494077486, 4, 300, 515, 143, 0, 4.16%, 0, 2, 1, 176.33
1494077491, 4, 304, 515, 143, 0, 4.16%, 0, 2, 1, 152.91
1494077496, 4, 307, 515, 143, 0, 4.16%, 0, 2, 1, 151.05
1494077501, 4, 308, 515, 142, 0, 4.16%, 0, 2, 1, 136.60
1494077506, 4, 311, 515, 142, 0, 4.16%, 0, 2, 1, 169.86
1494077511, 4, 316, 515, 141, 0, 4.16%, 0, 2, 1, 166.62
1494077516, 4, 339, 515, 141, 0, 4.16%, 0, 2, 1, 156.36
1494077521, 4, 340, 515, 141, 0, 4.16%, 0, 2, 1, 157.73
1494077537, 4, 343, 515, 140, 0, 4.16%, 0, 2, 1, 152.72
1494077547, 4, 350, 515, 140, 0, 4.16%, 0, 2, 1, 37.19
1494077583, 4, 351, 515, 139, 0, 4.16%, 0, 2, 1, 15.78
1494077645, 4, 353, 515, 138, 0, 4.16%, 0, 2, 1, 78.64
1494077650, 4, 355, 515, 138, 0, 4.16%, 0, 2, 1, 201.48
1494077655, 4, 363, 515, 136, 0, 4.16%, 0, 2, 1, 153.98
1494077661, 4, 367, 515, 136, 0, 4.16%, 0, 2, 1, 127.80
1494077666, 4, 371, 515, 136, 0, 4.16%, 0, 2, 1, 136.40
1494077676, 4, 375, 515, 135, 0, 4.16%, 0, 2, 1, 158.35
1494077681, 4, 378, 515, 134, 0, 4.16%, 0, 2, 1, 183.47
1494077686, 4, 382, 515, 134, 0, 4.16%, 0, 2, 1, 160.04
1494077691, 4, 385, 515, 134, 0, 4.16%, 0, 2, 1, 176.91
1494077696, 4, 388, 515, 134, 0, 4.16%, 0, 2, 1, 187.72
1494077702, 4, 391, 515, 133, 0, 4.16%, 0, 2, 1, 159.44
1494077707, 4, 393, 515, 133, 0, 4.16%, 0, 2, 1, 157.74
1494077712, 4, 397, 515, 133, 0, 4.16%, 0, 2, 1, 126.97
1494077717, 4, 401, 515, 133, 0, 4.16%, 0, 2, 1, 157.60
1494077722, 4, 402, 515, 133, 0, 4.16%, 0, 2, 1, 169.64
1494077732, 4, 408, 515, 132, 0, 4.16%, 0, 2, 1, 126.51
1494077737, 4, 414, 515, 132, 0, 4.16%, 0, 2, 1, 90.80
1494077799, 4, 420, 515, 131, 0, 4.16%, 0, 2, 1, 113.47
1494077804, 4, 425, 515, 131, 0, 4.16%, 0, 2, 1, 70.09
1494077819, 4, 428, 515, 129, 0, 4.16%, 0, 2, 1, 129.95
1494077824, 4, 447, 515, 129, 0, 4.16%, 0, 2, 1, 157.04
1494077830, 4, 453, 515, 129, 0, 4.16%, 0, 2, 1, 155.51
1494077835, 4, 455, 515, 129, 0, 4.16%, 0, 2, 1, 138.28
1494077840, 4, 456, 515, 128, 0, 4.16%, 0, 2, 1, 134.86
1494077845, 4, 462, 515, 128, 0, 4.16%, 0, 2, 1, 149.92
1494077870, 4, 463, 515, 127, 0, 4.16%, 0, 2, 1, 71.62
1494077896, 4, 466, 515, 126, 0, 4.16%, 0, 2, 1, 178.46
1494077902, 4, 467, 515, 126, 0, 4.16%, 0, 2, 1, 162.71
1494077907, 4, 478, 515, 126, 0, 4.16%, 0, 2, 1, 14.26
1494078010, 4, 484, 515, 125, 0, 4.16%, 0, 2, 1, 103.51
1494078015, 4, 485, 515, 124, 0, 4.16%, 0, 2, 1, 130.89
1494078020, 4, 486, 515, 124, 0, 4.16%, 0, 2, 1, 134.42
1494078025, 4, 490, 515, 124, 0, 4.16%, 0, 2, 1, 154.34
1494078030, 4, 496, 515, 124, 0, 4.16%, 0, 2, 1, 155.71
1494078035, 4, 500, 515, 124, 0, 4.16%, 0, 2, 1, 33.29
1494078040, 4, 501, 515, 124, 0, 4.16%, 0, 2, 1, 97.94
1494078045, 4, 503, 515, 124, 0, 4.16%, 0, 2, 1, 90.51
1494078066, 4, 505, 515, 123, 0, 4.16%, 0, 2, 1, 111.97
1494078076, 4, 510, 515, 122, 0, 4.16%, 0, 2, 1, 4.12
1494078097, 4, 511, 515, 121, 0, 4.16%, 0, 2, 1, 106.50
1494078102, 5, 0, 515, 121, 0, 4.16%, 0, 2, 1, 149.20
1494078107, 5, 1, 515, 121, 0, 4.16%, 0, 2, 1, 163.56
1494078112, 5, 2, 515, 121, 0, 4.16%, 0, 2, 1, 149.01
1494078117, 5, 4, 515, 121, 0, 4.16%, 0, 2, 1, 164.71
1494078123, 5, 7, 515, 121, 0, 4.16%, 0, 2, 1, 192.45
1494078128, 5, 9, 515, 121, 0, 4.16%, 0, 2, 1, 189.83
1494078133, 5, 12, 515, 121, 0, 4.16%, 0, 2, 1, 166.29
1494078138, 5, 15, 515, 121, 0, 4.16%, 0, 2, 1, 156.53
1494078143, 5, 20, 515, 121, 0, 4.16%, 0, 2, 1, 145.53
1494078148, 5, 21, 515, 120, 0, 4.16%, 0, 2, 1, 168.95
1494078154, 5, 22, 515, 120, 0, 4.16%, 0, 2, 1, 176.07
1494078159, 5, 25, 515, 120, 0, 4.16%, 0, 2, 1, 161.27
1494078164, 5, 28, 515, 120, 0, 4.16%, 0, 2, 1, 179.09
1494078169, 5, 30, 515, 120, 0, 4.16%, 0, 2, 1, 141.25
1494078174, 5, 31, 515, 120, 0, 4.16%, 0, 2, 1, 137.05
1494078179, 5, 35, 515, 120, 0, 4.16%, 0, 2, 1, 142.36
1494078184, 5, 41, 515, 120, 0, 4.16%, 0, 2, 1, 140.92
1494078189, 5, 45, 515, 120, 0, 4.16%, 0, 2, 1, 148.36
1494078194, 5, 47, 515, 120, 0, 4.16%, 0, 2, 1, 170.09
1494078200, 5, 49, 515, 120, 0, 4.16%, 0, 2, 1, 167.92
1494078205, 5, 52, 515, 120, 0, 4.16%, 0, 2, 1, 178.14
1494078210, 5, 54, 515, 120, 0, 4.16%, 0, 2, 1, 59.20
1494078215, 5, 56, 515, 120, 0, 4.16%, 0, 2, 1, 172.25
1494078220, 5, 60, 515, 120, 0, 4.16%, 0, 2, 1, 176.66
1494078225, 5, 62, 515, 120, 0, 4.16%, 0, 2, 1, 179.74
1494078230, 5, 64, 515, 120, 0, 4.16%, 0, 2, 1, 162.28
1494078236, 5, 67, 515, 120, 0, 4.16%, 0, 2, 1, 147.56
1494078241, 5, 71, 515, 120, 0, 4.16%, 0, 2, 1, 163.43
1494078246, 5, 73, 515, 120, 0, 4.16%, 0, 2, 1, 154.98
1494078251, 5, 76, 515, 120, 0, 4.16%, 0, 2, 1, 158.90
1494078256, 5, 80, 515, 120, 0, 4.16%, 0, 2, 1, 162.79
1494078261, 5, 83, 515, 120, 0, 4.16%, 0, 2, 1, 161.92
1494078266, 5, 84, 515, 120, 0, 4.16%, 0, 2, 1, 166.29
1494078271, 5, 89, 515, 120, 0, 4.16%, 0, 2, 1, 162.12
1494078276, 5, 93, 515, 120, 0, 4.16%, 0, 2, 1, 155.56
1494078282, 5, 96, 515, 120, 0, 4.16%, 0, 2, 1, 175.36
1494078287, 5, 101, 515, 120, 0, 4.16%, 0, 2, 1, 152.35
1494078292, 5, 103, 515, 120, 0, 4.16%, 0, 2, 1, 155.85
1494078297, 5, 109, 515, 120, 0, 4.16%, 0, 2, 1, 161.47
1494078302, 5, 111, 515, 120, 0, 4.16%, 0, 2, 1, 126.24
1494078307, 5, 113, 515, 120, 0, 4.16%, 0, 2, 1, 130.91
1494078312, 5, 120, 515, 120, 0, 4.16%, 0, 2, 1, 177.82
1494078317, 5, 125, 515, 119, 0, 4.16%, 0, 2, 1, 182.29
1494078322, 5, 128, 515, 118, 0, 4.16%, 0, 2, 1, 157.00
1494078327, 5, 131, 515, 117, 0, 4.16%, 0, 2, 1, 148.47
1494078332, 5, 138, 515, 117, 0, 4.16%, 0, 2, 1, 148.64
1494078343, 5, 144, 515, 117, 0, 4.16%, 0, 2, 1, 171.39
1494078348, 5, 147, 515, 117, 0, 4.16%, 0, 2, 1, 147.60
1494078353, 5, 149, 515, 116, 0, 4.16%, 0, 2, 1, 167.19
1494078358, 5, 155, 515, 116, 0, 4.16%, 0, 2, 1, 180.18
1494078363, 5, 157, 515, 116, 0, 4.16%, 0, 2, 1, 181.71
1494078368, 5, 160, 515, 116, 0, 4.16%, 0, 2, 1, 194.61
1494078373, 5, 162, 515, 116, 0, 4.16%, 0, 2, 1, 182.80
1494078379, 5, 165, 515, 115, 0, 4.16%, 0, 2, 1, 178.39
1494078384, 5, 171, 515, 115, 0, 4.16%, 0, 2, 1, 159.66
1494078389, 5, 174, 515, 115, 0, 4.16%, 0, 2, 1, 201.58
1494078394, 5, 175, 515, 114, 0, 4.16%, 0, 2, 1, 170.39
1494078399, 5, 181, 515, 114, 0, 4.16%, 0, 2, 1, 167.22
1494078404, 5, 195, 515, 114, 0, 4.16%, 0, 2, 1, 115.52
1494078409, 5, 198, 515, 114, 0, 4.16%, 0, 2, 1, 159.57
1494078414, 5, 203, 515, 114, 0, 4.16%, 0, 2, 1, 173.59
1494078419, 5, 204, 515, 114, 0, 4.16%, 0, 2, 1, 158.70
1494078424, 5, 206, 515, 114, 0, 4.16%, 0, 2, 1, 155.72
1494078429, 5, 211, 515, 114, 0, 4.16%, 0, 2, 1, 156.16
1494078434, 5, 216, 515, 114, 0, 4.16%, 0, 2, 1, 165.84
1494078440, 5, 218, 515, 114, 0, 4.16%, 0, 2, 1, 172.15
1494078445, 5, 219, 515, 113, 0, 4.16%, 0, 2, 1, 190.96
1494078450, 5, 222, 515, 113, 0, 4.16%, 0, 2, 1, 164.86
1494078455, 5, 223, 515, 113, 0, 4.16%, 0, 2, 1, 184.09
1494078460, 5, 227, 515, 112, 0, 4.16%, 0, 2, 1, 170.75
1494078465, 5, 232, 515, 112, 0, 4.16%, 0, 2, 1, 153.79
1494078470, 5, 245, 515, 112, 0, 4.16%, 0, 2, 1, 166.50
1494078481, 5, 257, 515, 111, 0, 4.16%, 0, 2, 1, 190.81
1494078486, 5, 259, 515, 111, 0, 4.16%, 0, 2, 1, 185.27
1494078491, 5, 260, 515, 111, 0, 4.16%, 0, 2, 1, 179.02
1494078501, 5, 263, 515, 110, 0, 4.16%, 0, 2, 1, 187.28
1494078506, 5, 264, 515, 110, 0, 4.16%, 0, 2, 1, 180.17
1494078511, 5, 267, 515, 110, 0, 4.16%, 0, 2, 1, 184.09
1494078516, 5, 269, 515, 110, 0, 4.16%, 0, 2, 1, 187.77
1494078522, 5, 270, 515, 110, 0, 4.16%, 0, 2, 1, 178.49
1494078527, 5, 271, 515, 110, 0, 4.16%, 0, 2, 1, 177.80
1494078532, 5, 272, 515, 110, 0, 4.16%, 0, 2, 1, 186.24
1494078537, 5, 275, 515, 110, 0, 4.16%, 0, 2, 1, 73.44
1494078547, 5, 276, 515, 110, 0, 4.16%, 0, 2, 1, 173.88
1494078552, 5, 277, 515, 110, 0, 4.16%, 0, 2, 1, 162.31
1494078557, 5, 278, 515, 110, 0, 4.16%, 0, 2, 1, 180.11
1494078563, 5, 279, 515, 109, 0, 4.16%, 0, 2, 1, 180.44
1494078568, 5, 281, 515, 109, 0, 4.16%, 0, 2, 1, 155.97
1494078578, 5, 282, 515, 109, 0, 4.16%, 0, 2, 1, 86.66
1494078614, 5, 283, 515, 108, 0, 4.16%, 0, 2, 1, 125.18
1494078619, 5, 284, 515, 108, 0, 4.16%, 0, 2, 1, 121.12
1494078624, 5, 287, 515, 108, 0, 4.16%, 0, 2, 1, 166.10
1494078629, 5, 290, 515, 108, 0, 4.16%, 0, 2, 1, 132.17
1494078644, 5, 293, 515, 107, 0, 4.16%, 0, 2, 1, 187.92
1494078650, 5, 295, 515, 107, 0, 4.16%, 0, 2, 1, 196.25
1494078660, 5, 300, 515, 107, 0, 4.16%, 0, 2, 1, 160.39
1494078665, 5, 306, 515, 107, 0, 4.16%, 0, 2, 1, 165.06
1494078675, 5, 308, 515, 106, 0, 4.16%, 0, 2, 1, 167.99
1494078681, 5, 311, 515, 106, 0, 4.16%, 0, 2, 1, 178.62
1494078686, 5, 329, 515, 106, 0, 4.16%, 0, 2, 1, 191.40
1494078691, 5, 333, 515, 106, 0, 4.16%, 0, 2, 1, 157.35
1494078696, 5, 336, 515, 105, 0, 4.16%, 0, 2, 1, 181.52
1494078701, 5, 339, 515, 104, 0, 4.16%, 0, 2, 1, 171.83
1494078706, 5, 343, 515, 104, 0, 4.16%, 0, 2, 1, 181.83
1494078716, 5, 352, 515, 104, 0, 4.16%, 0, 2, 1, 104.76
1494078722, 5, 353, 515, 103, 0, 4.16%, 0, 2, 1, 99.71
1494078727, 5, 364, 515, 103, 0, 4.16%, 0, 2, 1, 47.20
1494078753, 5, 366, 515, 102, 0, 4.16%, 0, 2, 1, 95.75
1494078758, 5, 378, 515, 102, 0, 4.16%, 0, 2, 1, 144.13
1494078763, 5, 382, 515, 102, 0, 4.16%, 0, 2, 1, 161.42
1494078768, 5, 385, 515, 102, 0, 4.16%, 0, 2, 1, 188.09
1494078773, 5, 391, 515, 102, 0, 4.16%, 0, 2, 1, 179.22
1494078778, 5, 394, 515, 102, 0, 4.16%, 0, 2, 1, 121.46
1494078783, 5, 395, 515, 102, 0, 4.16%, 0, 2, 1, 154.92
1494078789, 5, 396, 515, 101, 0, 4.16%, 0, 2, 1, 128.97
1494078794, 5, 397, 515, 100, 0, 4.16%, 0, 2, 1, 150.87
1494078799, 5, 401, 515, 100, 0, 4.16%, 0, 2, 1, 175.74
1494078804, 5, 404, 515, 100, 0, 4.16%, 0, 2, 1, 160.28
1494078809, 5, 406, 515, 100, 0, 4.16%, 0, 2, 1, 122.47
1494078824, 5, 407, 515, 99, 0, 4.16%, 0, 2, 1, 129.28
1494078830, 5, 408, 515, 98, 0, 4.16%, 0, 2, 1, 152.52
1494078835, 5, 417, 516, 99, 0, 4.16%, 0, 2, 1, 115.08
1494078856, 5, 420, 516, 98, 0, 4.16%, 0, 2, 1, 151.08
1494078861, 5, 423, 516, 98, 0, 4.16%, 0, 2, 1, 23.81
1494078866, 5, 426, 516, 97, 0, 4.16%, 0, 2, 1, 126.28
1494078886, 5, 436, 516, 96, 0, 4.16%, 0, 2, 1, 128.44
1494078891, 5, 438, 516, 96, 0, 4.16%, 0, 2, 1, 20.02
1494078962, 5, 443, 516, 95, 0, 4.16%, 0, 2, 1, 162.79
1494078988, 5, 446, 516, 94, 0, 4.16%, 0, 2, 1, 108.11
1494079003, 5, 447, 517, 94, 0, 4.16%, 0, 2, 1, 166.43
1494079009, 5, 450, 517, 94, 0, 4.16%, 0, 2, 1, 43.84
1494079019, 5, 453, 517, 93, 0, 4.16%, 0, 2, 1, 133.93
1494079024, 5, 456, 517, 93, 0, 4.16%, 0, 2, 1, 151.51
1494079029, 5, 457, 517, 93, 0, 4.16%, 0, 2, 1, 181.43
1494079034, 5, 459, 517, 92, 0, 4.16%, 0, 2, 1, 159.50
1494079039, 5, 466, 517, 92, 0, 4.16%, 0, 2, 1, 110.79
1494079045, 5, 467, 517, 92, 0, 4.16%, 0, 2, 1, 165.31
1494079050, 5, 476, 517, 92, 0, 4.16%, 0, 2, 1, 162.42
1494079055, 5, 482, 517, 92, 0, 4.16%, 0, 2, 1, 127.35
1494079075, 5, 485, 517, 91, 0, 4.16%, 0, 2, 1, 117.37
1494079080, 5, 487, 517, 91, 0, 4.16%, 0, 2, 1, 142.38
1494079086, 5, 490, 517, 91, 0, 4.16%, 0, 2, 1, 157.62
1494079091, 5, 496, 517, 91, 0, 4.16%, 0, 2, 1, 160.51
1494079096, 5, 500, 517, 91, 0, 4.16%, 0, 2, 1, 164.30
1494079101, 5, 502, 517, 91, 0, 4.16%, 0, 2, 1, 146.03
1494079106, 5, 509, 517, 91, 0, 4.16%, 0, 2, 1, 91.97
1494079111, 5, 511, 517, 90, 0, 4.16%, 0, 2, 1, 123.29
1494079116, 5, 515, 517, 90, 0, 4.16%, 0, 2, 1, 145.93
1494079137, 5, 516, 517, 89, 0, 4.16%, 0, 2, 1, 28.50
1494079183, 5, 516, 517, 89, 0, 4.16%, 0, 3, 1, 50.23
1494079189, 6, 0, 517, 88, 0, 4.16%, 0, 3, 1, 133.62
1494079194, 6, 1, 517, 88, 0, 4.16%, 0, 3, 1, 165.73
1494079199, 6, 2, 517, 88, 0, 4.16%, 0, 3, 1, 167.23
1494079204, 6, 4, 517, 88, 0, 4.16%, 0, 3, 1, 188.33
1494079209, 6, 7, 517, 88, 0, 4.16%, 0, 3, 1, 190.62
1494079214, 6, 12, 517, 88, 0, 4.16%, 0, 3, 1, 184.67
