# unix_time, cycles_done, cur_path, paths_total, pending_total, pending_favs, map_size, unique_crashes, unique_hangs, max_depth, execs_per_sec
1493414363, 0, 0, 443, 443, 168, 4.04%, 0, 0, 1, 579.77
1493414369, 0, 17, 443, 436, 161, 4.04%, 0, 0, 1, 3209.57
1493414374, 0, 22, 443, 433, 158, 4.04%, 0, 0, 1, 2532.53
1493414379, 0, 30, 443, 428, 153, 4.04%, 0, 0, 1, 361.20
1493414384, 0, 39, 443, 424, 149, 4.04%, 0, 0, 1, 2039.25
1493414389, 0, 50, 443, 419, 144, 4.04%, 0, 0, 1, 2251.65
1493414395, 0, 55, 443, 416, 141, 4.04%, 0, 0, 1, 2369.40
1493414400, 0, 61, 443, 412, 137, 4.04%, 0, 0, 1, 2032.61
1493414405, 0, 72, 443, 408, 133, 4.04%, 0, 0, 1, 2150.12
1493414410, 0, 89, 443, 400, 126, 4.04%, 0, 0, 1, 2348.02
1493414415, 0, 108, 443, 392, 118, 4.04%, 0, 0, 1, 2387.78
1493414420, 0, 118, 443, 388, 114, 4.04%, 0, 0, 1, 2275.07
1493414425, 0, 155, 444, 379, 104, 4.04%, 0, 0, 1, 2363.08
1493414430, 0, 170, 444, 373, 98, 4.04%, 0, 0, 1, 2302.51
1493414435, 0, 182, 444, 366, 91, 4.04%, 0, 0, 1, 2246.41
1493414440, 0, 191, 444, 360, 85, 4.04%, 0, 0, 1, 2146.73
1493414445, 0, 223, 444, 352, 77, 4.04%, 0, 0, 1, 2306.39
1493414451, 0, 239, 444, 345, 70, 4.04%, 0, 0, 1, 2385.15
1493414456, 0, 258, 444, 337, 62, 4.04%, 0, 0, 1, 2200.02
1493414461, 0, 286, 445, 331, 55, 4.04%, 0, 0, 1, 2193.90
1493414466, 0, 296, 445, 324, 48, 4.04%, 0, 0, 1, 2173.90
1493414471, 0, 314, 445, 316, 40, 4.04%, 0, 0, 1, 2052.00
1493414476, 0, 324, 445, 310, 34, 4.04%, 0, 0, 1, 2098.12
1493414481, 0, 337, 446, 304, 27, 4.04%, 0, 0, 1, 2005.28
1493414486, 0, 365, 446, 296, 20, 4.04%, 0, 0, 1, 2295.73
