# unix_time, cycles_done, cur_path, paths_total, pending_total, pending_favs, map_size, unique_crashes, unique_hangs, max_depth, execs_per_sec
1495394091, 0, 0, 223, 223, 173, 3.25%, 0, 0, 1, 191.42
1495394096, 0, 0, 225, 224, 172, 3.25%, 0, 0, 1, 138.50
1495394147, 0, 1, 225, 224, 172, 3.25%, 0, 0, 1, 120.87
1495394153, 0, 2, 225, 223, 171, 3.25%, 0, 0, 1, 138.26
1495394158, 0, 3, 225, 222, 170, 3.25%, 0, 0, 1, 146.99
1495394163, 0, 4, 225, 221, 169, 3.25%, 0, 0, 1, 141.06
1495394168, 0, 5, 225, 220, 168, 3.25%, 0, 0, 1, 131.13
1495394173, 0, 6, 225, 219, 167, 3.25%, 0, 0, 1, 140.62
1495394178, 0, 8, 225, 218, 166, 3.25%, 0, 0, 1, 138.90
1495394183, 0, 9, 225, 217, 165, 3.25%, 0, 0, 1, 135.27
1495394189, 0, 10, 225, 216, 164, 3.25%, 0, 0, 1, 128.83
1495394199, 0, 12, 225, 215, 163, 3.25%, 0, 0, 1, 131.39
1495394214, 0, 14, 225, 213, 161, 3.25%, 0, 0, 1, 124.61
1495394219, 0, 16, 225, 211, 159, 3.25%, 0, 0, 1, 126.78
1495394229, 0, 18, 225, 209, 157, 3.25%, 0, 0, 1, 128.30
1495394234, 0, 20, 225, 207, 155, 3.25%, 0, 0, 1, 134.32
1495394239, 0, 22, 225, 205, 153, 3.25%, 0, 0, 1, 132.08
1495394245, 0, 23, 225, 204, 152, 3.25%, 0, 0, 1, 121.58
1495394250, 0, 25, 225, 202, 150, 3.25%, 0, 0, 1, 147.53
1495394255, 0, 26, 225, 201, 149, 3.25%, 0, 0, 1, 131.61
1495394260, 0, 28, 225, 199, 147, 3.25%, 0, 0, 1, 142.78
1495394265, 0, 30, 225, 197, 145, 3.25%, 0, 0, 1, 130.46
1495394280, 0, 32, 225, 195, 143, 3.25%, 0, 0, 1, 133.89
1495394296, 0, 35, 225, 193, 141, 3.25%, 0, 0, 1, 148.74
1495394311, 0, 37, 225, 192, 140, 3.25%, 0, 0, 1, 154.13
1495394316, 0, 40, 225, 190, 138, 3.25%, 0, 0, 1, 150.69
1495394332, 0, 41, 225, 189, 137, 3.25%, 0, 0, 1, 148.30
1495394337, 0, 42, 225, 188, 136, 3.25%, 0, 0, 1, 151.09
1495394342, 0, 44, 225, 187, 135, 3.25%, 0, 0, 1, 160.17
1495394357, 0, 46, 225, 185, 133, 3.25%, 0, 0, 1, 153.21
1495394373, 0, 47, 225, 184, 132, 3.25%, 0, 0, 1, 143.36
1495394378, 0, 48, 225, 183, 131, 3.25%, 0, 0, 1, 141.96
1495394388, 0, 49, 225, 182, 130, 3.25%, 0, 0, 1, 149.50
1495394393, 0, 50, 225, 181, 129, 3.25%, 0, 0, 1, 144.72
1495394409, 0, 52, 225, 179, 127, 3.25%, 0, 0, 1, 153.27
1495394424, 0, 53, 225, 178, 126, 3.25%, 0, 0, 1, 141.28
1495394429, 0, 54, 225, 177, 125, 3.25%, 0, 0, 1, 138.50
1495394455, 0, 56, 225, 175, 123, 3.25%, 0, 0, 1, 149.98
1495394470, 0, 60, 225, 173, 121, 3.25%, 0, 0, 1, 149.84
1495394485, 0, 62, 225, 172, 120, 3.25%, 0, 0, 1, 166.45
1495394491, 0, 65, 225, 171, 119, 3.25%, 0, 0, 1, 150.33
1495394501, 0, 68, 225, 169, 117, 3.25%, 0, 0, 1, 144.57
1495394516, 0, 70, 225, 168, 116, 3.25%, 0, 0, 1, 156.90
1495394527, 0, 72, 225, 166, 114, 3.25%, 0, 0, 1, 153.90
1495394542, 0, 73, 225, 165, 113, 3.25%, 0, 0, 1, 132.74
1495394547, 0, 74, 225, 164, 112, 3.25%, 0, 0, 1, 124.07
1495394563, 0, 75, 225, 163, 111, 3.25%, 0, 0, 1, 136.87
1495394578, 0, 76, 225, 162, 110, 3.25%, 0, 0, 1, 130.99
1495394593, 0, 78, 225, 161, 109, 3.25%, 0, 0, 1, 137.20
1495394598, 0, 80, 225, 159, 107, 3.25%, 0, 0, 1, 131.16
1495394614, 0, 82, 225, 158, 106, 3.25%, 0, 0, 1, 130.34
1495394629, 0, 83, 225, 157, 105, 3.25%, 0, 0, 1, 135.05
1495394634, 0, 85, 225, 156, 104, 3.25%, 0, 0, 1, 127.71
1495394649, 0, 86, 225, 155, 103, 3.25%, 0, 0, 1, 122.69
1495394655, 0, 87, 225, 154, 102, 3.25%, 0, 0, 1, 123.34
1495394660, 0, 88, 225, 153, 101, 3.25%, 0, 0, 1, 114.83
1495394680, 0, 90, 225, 152, 100, 3.25%, 0, 0, 1, 130.69
1495394696, 0, 92, 225, 151, 99, 3.25%, 0, 0, 1, 124.78
1495394711, 0, 93, 225, 150, 98, 3.25%, 0, 0, 1, 127.75
1495394716, 0, 94, 225, 149, 97, 3.25%, 0, 0, 1, 129.84
1495394721, 0, 96, 225, 148, 96, 3.25%, 0, 0, 1, 116.58
1495394736, 0, 97, 225, 147, 95, 3.25%, 0, 0, 1, 134.85
1495394742, 0, 98, 225, 146, 94, 3.25%, 0, 0, 1, 135.23
1495394757, 0, 99, 225, 145, 93, 3.25%, 0, 0, 1, 128.63
1495394762, 0, 100, 225, 144, 92, 3.25%, 0, 0, 1, 128.40
1495394778, 0, 101, 225, 143, 91, 3.25%, 0, 0, 1, 130.65
1495394783, 0, 102, 225, 142, 90, 3.25%, 0, 0, 1, 133.57
1495394793, 0, 103, 225, 141, 89, 3.25%, 0, 0, 1, 145.18
1495394798, 0, 104, 225, 140, 88, 3.25%, 0, 0, 1, 144.17
1495394803, 0, 106, 225, 139, 87, 3.25%, 0, 0, 1, 144.95
1495394808, 0, 108, 225, 137, 85, 3.25%, 0, 0, 1, 144.04
1495394823, 0, 110, 225, 136, 84, 3.25%, 0, 0, 1, 149.98
1495394828, 0, 111, 225, 135, 83, 3.25%, 0, 0, 1, 145.56
1495394844, 0, 112, 225, 134, 82, 3.25%, 0, 0, 1, 150.20
1495394849, 0, 113, 225, 133, 81, 3.25%, 0, 0, 1, 156.14
1495394859, 0, 114, 225, 132, 80, 3.25%, 0, 0, 1, 142.41
1495394864, 0, 115, 225, 131, 79, 3.25%, 0, 0, 1, 151.80
1495394869, 0, 117, 225, 129, 77, 3.25%, 0, 0, 1, 154.99
1495394875, 0, 119, 225, 127, 75, 3.25%, 0, 0, 1, 148.08
1495394890, 0, 121, 225, 126, 74, 3.25%, 0, 0, 1, 155.79
1495394900, 0, 122, 225, 125, 73, 3.25%, 0, 0, 1, 149.85
1495394905, 0, 124, 225, 124, 72, 3.25%, 0, 0, 1, 142.41
1495394926, 0, 127, 225, 123, 71, 3.25%, 0, 0, 1, 146.99
1495394941, 0, 128, 225, 122, 70, 3.25%, 0, 0, 1, 153.13
1495394946, 0, 129, 225, 121, 69, 3.25%, 0, 0, 1, 142.73
1495394967, 0, 132, 225, 119, 67, 3.25%, 0, 0, 1, 137.67
1495394972, 0, 133, 225, 118, 66, 3.25%, 0, 0, 1, 145.27
1495394992, 0, 134, 225, 117, 65, 3.25%, 0, 0, 1, 140.26
1495394998, 0, 135, 225, 116, 64, 3.25%, 0, 0, 1, 141.81
1495395013, 0, 136, 225, 115, 63, 3.25%, 0, 0, 1, 151.10
1495395018, 0, 138, 225, 113, 61, 3.25%, 0, 0, 1, 143.91
1495395034, 0, 139, 225, 112, 60, 3.25%, 0, 0, 1, 145.97
1495395039, 0, 140, 225, 111, 59, 3.25%, 0, 0, 1, 140.51
1495395054, 0, 142, 225, 110, 58, 3.25%, 0, 0, 1, 126.75
1495395074, 0, 144, 225, 109, 57, 3.25%, 0, 0, 1, 133.50
1495395079, 0, 147, 225, 108, 56, 3.25%, 0, 0, 1, 135.77
1495395085, 0, 148, 225, 107, 55, 3.25%, 0, 0, 1, 123.86
1495395100, 0, 149, 225, 106, 54, 3.25%, 0, 0, 1, 137.22
1495395105, 0, 150, 225, 105, 53, 3.25%, 0, 0, 1, 129.09
1495395110, 0, 151, 225, 104, 52, 3.25%, 0, 0, 1, 132.11
1495395126, 0, 153, 225, 102, 50, 3.25%, 0, 0, 1, 134.32
1495395141, 0, 154, 225, 101, 49, 3.25%, 0, 0, 1, 141.27
1495395146, 0, 155, 225, 100, 48, 3.25%, 0, 0, 1, 132.74
1495395162, 0, 157, 225, 99, 47, 3.25%, 0, 0, 1, 130.58
1495395177, 0, 160, 225, 97, 45, 3.25%, 0, 0, 1, 134.77
1495395192, 0, 161, 225, 96, 44, 3.25%, 0, 0, 1, 136.08
1495395197, 0, 162, 225, 95, 43, 3.25%, 0, 0, 1, 134.79
1495395213, 0, 163, 225, 94, 42, 3.25%, 0, 0, 1, 135.82
1495395218, 0, 164, 225, 93, 41, 3.25%, 0, 0, 1, 129.34
1495395233, 0, 166, 225, 91, 39, 3.25%, 0, 0, 1, 128.35
1495395254, 0, 168, 225, 89, 37, 3.25%, 0, 0, 1, 127.65
1495395279, 0, 169, 225, 88, 36, 3.25%, 0, 0, 1, 133.92
1495395284, 0, 171, 225, 87, 35, 3.25%, 0, 0, 1, 133.74
1495395305, 0, 172, 225, 86, 34, 3.25%, 0, 0, 1, 144.19
1495395310, 0, 174, 225, 85, 33, 3.25%, 0, 0, 1, 149.83
1495395330, 0, 176, 225, 84, 32, 3.25%, 0, 0, 1, 151.90
1495395346, 0, 178, 225, 82, 30, 3.25%, 0, 0, 1, 156.00
1495395361, 0, 179, 225, 81, 29, 3.25%, 0, 0, 1, 140.09
1495395366, 0, 180, 225, 80, 28, 3.25%, 0, 0, 1, 147.20
1495395381, 0, 182, 225, 79, 27, 3.25%, 0, 0, 1, 145.99
1495395392, 0, 183, 225, 78, 26, 3.25%, 0, 0, 1, 161.49
1495395397, 0, 184, 225, 77, 25, 3.25%, 0, 0, 1, 146.87
1495395412, 0, 186, 225, 76, 24, 3.25%, 0, 0, 1, 152.09
1495395422, 0, 189, 225, 75, 23, 3.25%, 0, 0, 1, 154.80
1495395427, 0, 190, 225, 74, 22, 3.25%, 0, 0, 1, 152.29
1495395438, 0, 193, 225, 72, 20, 3.25%, 0, 0, 1, 154.47
1495395453, 0, 194, 225, 71, 19, 3.25%, 0, 0, 1, 147.88
1495395458, 0, 196, 225, 69, 18, 3.25%, 0, 0, 1, 142.57
1495395473, 0, 197, 225, 68, 17, 3.25%, 0, 0, 1, 143.94
1495395478, 0, 198, 225, 67, 16, 3.25%, 0, 0, 1, 143.77
1495395494, 0, 200, 225, 65, 14, 3.25%, 0, 0, 1, 147.95
1495395509, 0, 201, 225, 64, 13, 3.25%, 0, 0, 1, 151.55
1495395514, 0, 202, 225, 63, 12, 3.25%, 0, 0, 1, 146.75
1495395524, 0, 203, 225, 62, 11, 3.25%, 0, 0, 1, 144.56
1495395530, 0, 204, 225, 61, 10, 3.25%, 0, 0, 1, 144.63
1495395545, 0, 205, 225, 60, 9, 3.25%, 0, 0, 1, 153.27
1495395550, 0, 207, 225, 59, 8, 3.25%, 0, 0, 1, 146.25
1495395555, 0, 211, 225, 58, 7, 3.25%, 0, 0, 1, 134.52
1495395576, 0, 212, 225, 57, 6, 3.25%, 0, 0, 1, 131.03
1495395591, 0, 213, 225, 56, 5, 3.25%, 0, 0, 1, 134.79
1495395597, 0, 214, 225, 55, 4, 3.25%, 0, 0, 1, 137.50
1495395617, 0, 215, 225, 54, 3, 3.25%, 0, 0, 1, 126.83
1495395622, 0, 217, 225, 53, 2, 3.25%, 0, 0, 1, 124.01
1495395648, 0, 222, 225, 52, 1, 3.25%, 0, 0, 1, 133.45
1495395653, 1, 0, 225, 51, 0, 3.25%, 0, 0, 1, 132.94
1495395658, 1, 1, 225, 51, 0, 3.25%, 0, 0, 1, 140.46
1495395663, 1, 2, 225, 51, 0, 3.25%, 0, 0, 1, 136.29
1495395668, 1, 4, 225, 51, 0, 3.25%, 0, 0, 1, 130.22
1495395678, 1, 5, 225, 51, 0, 3.25%, 0, 0, 1, 141.95
1495395684, 1, 6, 225, 51, 0, 3.25%, 0, 0, 1, 136.53
1495395689, 1, 7, 225, 51, 0, 3.25%, 0, 0, 1, 136.24
1495395699, 1, 8, 225, 50, 0, 3.25%, 0, 0, 1, 137.14
1495395704, 1, 9, 225, 50, 0, 3.25%, 0, 0, 1, 129.30
1495395709, 1, 10, 225, 50, 0, 3.25%, 0, 0, 1, 132.70
1495395719, 1, 12, 225, 50, 0, 3.25%, 0, 0, 1, 135.85
1495395730, 1, 13, 225, 50, 0, 3.25%, 0, 0, 1, 131.98
1495395735, 1, 15, 225, 50, 0, 3.25%, 0, 0, 1, 130.66
1495395740, 1, 16, 225, 50, 0, 3.25%, 0, 0, 1, 138.72
1495395745, 1, 18, 225, 50, 0, 3.25%, 0, 0, 1, 140.14
1495395750, 1, 20, 225, 50, 0, 3.25%, 0, 0, 1, 138.42
1495395755, 1, 22, 225, 50, 0, 3.25%, 0, 0, 1, 133.85
1495395760, 1, 23, 225, 50, 0, 3.25%, 0, 0, 1, 140.67
1495395766, 1, 25, 225, 50, 0, 3.25%, 0, 0, 1, 137.21
1495395771, 1, 27, 225, 50, 0, 3.25%, 0, 0, 1, 132.79
1495395776, 1, 28, 225, 50, 0, 3.25%, 0, 0, 1, 139.42
1495395781, 1, 30, 225, 50, 0, 3.25%, 0, 0, 1, 132.39
1495395796, 1, 32, 225, 50, 0, 3.25%, 0, 0, 1, 140.36
1495395811, 1, 35, 225, 50, 0, 3.25%, 0, 0, 1, 137.75
1495395827, 1, 37, 225, 50, 0, 3.25%, 0, 0, 1, 145.83
1495395832, 1, 38, 225, 50, 0, 3.25%, 0, 0, 1, 146.76
1495395837, 1, 40, 225, 50, 0, 3.25%, 0, 0, 1, 151.05
1495395852, 1, 41, 225, 50, 0, 3.25%, 0, 0, 1, 137.18
1495395857, 1, 42, 225, 50, 0, 3.25%, 0, 0, 1, 147.36
1495395863, 1, 44, 225, 50, 0, 3.25%, 0, 0, 1, 137.95
1495395873, 1, 45, 225, 50, 0, 3.25%, 0, 0, 1, 144.57
1495395878, 1, 46, 225, 50, 0, 3.25%, 0, 0, 1, 147.46
1495395894, 1, 48, 225, 50, 0, 3.25%, 0, 0, 1, 145.60
1495395909, 1, 49, 225, 50, 0, 3.25%, 0, 0, 1, 151.08
1495395914, 1, 50, 225, 50, 0, 3.25%, 0, 0, 1, 148.32
1495395925, 1, 51, 225, 50, 0, 3.25%, 0, 0, 1, 150.59
1495395930, 1, 52, 225, 50, 0, 3.25%, 0, 0, 1, 144.27
1495395940, 1, 53, 225, 50, 0, 3.25%, 0, 0, 1, 149.86
1495395945, 1, 54, 225, 50, 0, 3.25%, 0, 0, 1, 135.13
1495395971, 1, 56, 225, 50, 0, 3.25%, 0, 0, 1, 149.81
1495395987, 1, 58, 225, 50, 0, 3.25%, 0, 0, 1, 152.16
1495396002, 1, 59, 225, 49, 0, 3.25%, 0, 0, 1, 149.00
1495396007, 1, 60, 225, 49, 0, 3.25%, 0, 0, 1, 151.40
1495396017, 1, 62, 225, 49, 0, 3.25%, 0, 0, 1, 146.70
1495396022, 1, 65, 225, 49, 0, 3.25%, 0, 0, 1, 149.33
1495396038, 1, 68, 225, 49, 0, 3.25%, 0, 0, 1, 137.79
1495396053, 1, 70, 225, 49, 0, 3.25%, 0, 0, 1, 138.85
1495396063, 1, 71, 225, 49, 0, 3.25%, 0, 0, 1, 138.94
1495396068, 1, 72, 225, 49, 0, 3.25%, 0, 0, 1, 147.59
1495396078, 1, 73, 225, 49, 0, 3.25%, 0, 0, 1, 135.08
1495396083, 1, 74, 225, 49, 0, 3.25%, 0, 0, 1, 132.95
1495396099, 1, 75, 225, 49, 0, 3.25%, 0, 0, 1, 131.41
1495396114, 1, 76, 225, 49, 0, 3.25%, 0, 0, 1, 129.52
1495396129, 1, 78, 225, 49, 0, 3.25%, 0, 0, 1, 122.18
1495396134, 1, 79, 225, 49, 0, 3.25%, 0, 0, 1, 131.26
1495396140, 1, 80, 225, 49, 0, 3.25%, 0, 0, 1, 129.55
1495396155, 1, 82, 225, 49, 0, 3.25%, 0, 0, 1, 136.61
1495396170, 1, 84, 225, 49, 0, 3.25%, 0, 0, 1, 137.01
1495396180, 1, 85, 225, 48, 0, 3.25%, 0, 0, 1, 134.84
1495396196, 1, 86, 225, 48, 0, 3.25%, 0, 0, 1, 129.83
1495396201, 1, 87, 225, 48, 0, 3.25%, 0, 0, 1, 124.50
1495396206, 1, 88, 225, 48, 0, 3.25%, 0, 0, 1, 120.35
1495396231, 1, 90, 225, 48, 0, 3.25%, 0, 0, 1, 130.47
1495396247, 1, 92, 225, 48, 0, 3.25%, 0, 0, 1, 130.39
1495396257, 1, 93, 225, 48, 0, 3.25%, 0, 0, 1, 122.25
1495396262, 1, 94, 225, 48, 0, 3.25%, 0, 0, 1, 135.56
1495396267, 1, 96, 225, 48, 0, 3.25%, 0, 0, 1, 139.19
1495396283, 1, 97, 225, 48, 0, 3.25%, 0, 0, 1, 131.24
1495396288, 1, 98, 225, 48, 0, 3.25%, 0, 0, 1, 126.37
1495396303, 1, 99, 225, 48, 0, 3.25%, 0, 0, 1, 142.98
1495396308, 1, 100, 225, 48, 0, 3.25%, 0, 0, 1, 127.74
1495396324, 1, 101, 225, 48, 0, 3.25%, 0, 0, 1, 139.76
1495396329, 1, 102, 225, 48, 0, 3.25%, 0, 0, 1, 127.15
1495396344, 1, 103, 225, 48, 0, 3.25%, 0, 0, 1, 141.99
1495396349, 1, 106, 225, 48, 0, 3.25%, 0, 0, 1, 152.83
1495396354, 1, 107, 225, 48, 0, 3.25%, 0, 0, 1, 141.82
1495396359, 1, 108, 225, 48, 0, 3.25%, 0, 0, 1, 144.69
1495396370, 1, 110, 225, 48, 0, 3.25%, 0, 0, 1, 142.36
1495396375, 1, 111, 225, 48, 0, 3.25%, 0, 0, 1, 154.86
1495396390, 1, 112, 225, 48, 0, 3.25%, 0, 0, 1, 143.41
1495396395, 1, 113, 225, 48, 0, 3.25%, 0, 0, 1, 148.99
1495396410, 1, 115, 225, 48, 0, 3.25%, 0, 0, 1, 139.70
1495396415, 1, 117, 225, 48, 0, 3.25%, 0, 0, 1, 160.07
1495396421, 1, 118, 225, 48, 0, 3.25%, 0, 0, 1, 151.14
1495396426, 1, 119, 225, 48, 0, 3.25%, 0, 0, 1, 154.15
1495396441, 1, 121, 225, 48, 0, 3.25%, 0, 0, 1, 157.77
1495396451, 1, 122, 225, 48, 0, 3.25%, 0, 0, 1, 142.71
1495396457, 1, 124, 225, 48, 0, 3.25%, 0, 0, 1, 145.98
1495396477, 1, 127, 225, 48, 0, 3.25%, 0, 0, 1, 163.03
1495396487, 1, 128, 225, 48, 0, 3.25%, 0, 0, 1, 143.47
1495396492, 1, 129, 225, 48, 0, 3.25%, 0, 0, 1, 140.84
1495396513, 1, 130, 225, 48, 0, 3.25%, 0, 0, 1, 141.98
1495396518, 1, 133, 225, 48, 0, 3.25%, 0, 0, 1, 142.23
1495396544, 1, 135, 225, 48, 0, 3.25%, 0, 0, 1, 151.95
1495396559, 1, 137, 225, 48, 0, 3.25%, 0, 0, 1, 162.58
1495396564, 1, 138, 225, 48, 0, 3.25%, 0, 0, 1, 149.84
1495396580, 1, 139, 225, 48, 0, 3.25%, 0, 0, 1, 145.49
1495396585, 1, 140, 225, 48, 0, 3.25%, 0, 0, 1, 139.17
1495396595, 1, 142, 225, 48, 0, 3.25%, 0, 0, 1, 128.60
1495396620, 1, 144, 225, 48, 0, 3.25%, 0, 0, 1, 135.90
1495396625, 1, 146, 225, 48, 0, 3.25%, 0, 0, 1, 136.50
1495396631, 1, 148, 225, 47, 0, 3.25%, 0, 0, 1, 132.32
1495396646, 1, 149, 225, 47, 0, 3.25%, 0, 0, 1, 127.75
1495396651, 1, 150, 225, 47, 0, 3.25%, 0, 0, 1, 128.54
1495396656, 1, 151, 225, 47, 0, 3.25%, 0, 0, 1, 125.67
1495396672, 1, 152, 225, 47, 0, 3.25%, 0, 0, 1, 137.34
1495396677, 1, 153, 225, 47, 0, 3.25%, 0, 0, 1, 134.45
1495396687, 1, 154, 225, 47, 0, 3.25%, 0, 0, 1, 138.93
1495396692, 1, 155, 225, 47, 0, 3.25%, 0, 0, 1, 139.24
1495396707, 1, 157, 225, 47, 0, 3.25%, 0, 0, 1, 136.06
1495396728, 1, 160, 225, 47, 0, 3.25%, 0, 0, 1, 135.54
1495396743, 1, 161, 225, 47, 0, 3.25%, 0, 0, 1, 140.16
1495396748, 1, 162, 225, 47, 0, 3.25%, 0, 0, 1, 147.68
1495396764, 1, 163, 225, 47, 0, 3.25%, 0, 0, 1, 134.17
1495396769, 1, 164, 225, 47, 0, 3.25%, 0, 0, 1, 129.42
1495396784, 1, 165, 225, 47, 0, 3.25%, 0, 0, 1, 129.92
1495396789, 1, 166, 225, 47, 0, 3.25%, 0, 0, 1, 137.03
1495396805, 1, 167, 225, 47, 0, 3.25%, 0, 0, 1, 124.53
1495396810, 1, 168, 225, 47, 0, 3.25%, 0, 0, 1, 129.92
1495396830, 1, 169, 225, 47, 0, 3.25%, 0, 0, 1, 137.37
1495396835, 1, 171, 225, 47, 0, 3.25%, 0, 0, 1, 130.58
1495396856, 1, 172, 225, 47, 0, 3.25%, 0, 0, 1, 152.81
1495396861, 1, 173, 225, 47, 0, 3.25%, 0, 0, 1, 146.64
1495396866, 1, 174, 225, 46, 0, 3.25%, 0, 0, 1, 148.74
1495396887, 1, 176, 225, 46, 0, 3.25%, 0, 0, 1, 155.37
1495396902, 1, 177, 225, 46, 0, 3.25%, 0, 0, 1, 141.39
1495396907, 1, 178, 225, 46, 0, 3.25%, 0, 0, 1, 150.65
1495396917, 1, 179, 225, 46, 0, 3.25%, 0, 0, 1, 153.29
1495396922, 1, 180, 225, 46, 0, 3.25%, 0, 0, 1, 151.30
1495396933, 1, 182, 225, 46, 0, 3.25%, 0, 0, 1, 152.65
1495396948, 1, 183, 225, 46, 0, 3.25%, 0, 0, 1, 155.46
1495396953, 1, 184, 225, 46, 0, 3.25%, 0, 0, 1, 154.33
1495396963, 1, 186, 225, 46, 0, 3.25%, 0, 0, 1, 154.07
1495396979, 1, 188, 225, 46, 0, 3.25%, 0, 0, 1, 150.36
1495396994, 1, 189, 225, 45, 0, 3.25%, 0, 0, 1, 156.34
1495396999, 1, 190, 225, 45, 0, 3.25%, 0, 0, 1, 155.07
1495397004, 1, 192, 225, 45, 0, 3.25%, 0, 0, 1, 150.92
1495397010, 1, 193, 225, 45, 0, 3.25%, 0, 0, 1, 156.50
1495397020, 1, 195, 225, 45, 0, 3.25%, 0, 0, 1, 149.01
1495397025, 1, 196, 225, 45, 0, 3.25%, 0, 0, 1, 147.68
1495397040, 1, 198, 225, 45, 0, 3.25%, 0, 0, 1, 153.55
1495397056, 1, 199, 225, 45, 0, 3.25%, 0, 0, 1, 142.20
1495397061, 1, 200, 225, 45, 0, 3.25%, 0, 0, 1, 153.83
1495397076, 1, 201, 225, 45, 0, 3.25%, 0, 0, 1, 135.06
1495397081, 1, 202, 225, 45, 0, 3.25%, 0, 0, 1, 153.04
1495397097, 1, 204, 225, 45, 0, 3.25%, 0, 0, 1, 151.55
1495397112, 1, 205, 225, 45, 0, 3.25%, 0, 0, 1, 136.38
1495397117, 1, 207, 225, 45, 0, 3.25%, 0, 0, 1, 130.85
1495397122, 1, 210, 225, 45, 0, 3.25%, 0, 0, 1, 119.61
1495397138, 1, 211, 225, 44, 0, 3.25%, 0, 0, 1, 117.76
1495397143, 1, 212, 225, 44, 0, 3.25%, 0, 0, 1, 132.12
1495397163, 1, 213, 225, 44, 0, 3.25%, 0, 0, 1, 136.57
1495397168, 1, 214, 225, 44, 0, 3.25%, 0, 0, 1, 134.48
1495397189, 1, 215, 225, 44, 0, 3.25%, 0, 0, 1, 125.14
1495397194, 1, 217, 225, 44, 0, 3.25%, 0, 0, 1, 129.48
1495397220, 1, 219, 225, 44, 0, 3.25%, 0, 0, 1, 130.02
1495397225, 1, 222, 225, 43, 0, 3.25%, 0, 0, 1, 134.53
1495397230, 2, 0, 225, 43, 0, 3.25%, 0, 0, 1, 135.99
1495397236, 2, 1, 225, 43, 0, 3.25%, 0, 0, 1, 133.48
1495397241, 2, 2, 225, 43, 0, 3.25%, 0, 0, 1, 130.77
1495397246, 2, 3, 225, 43, 0, 3.25%, 0, 0, 1, 134.69
1495397251, 2, 4, 225, 43, 0, 3.25%, 0, 0, 1, 148.57
1495397256, 2, 5, 225, 43, 0, 3.25%, 0, 0, 1, 145.97
1495397261, 2, 6, 225, 43, 0, 3.25%, 0, 0, 1, 143.46
1495397266, 2, 8, 225, 43, 0, 3.25%, 0, 0, 1, 141.87
1495397271, 2, 9, 225, 43, 0, 3.25%, 0, 0, 1, 135.16
1495397277, 2, 10, 225, 43, 0, 3.25%, 0, 0, 1, 136.64
1495397287, 2, 12, 225, 43, 0, 3.25%, 0, 0, 1, 133.25
1495397297, 2, 13, 225, 43, 0, 3.25%, 0, 0, 1, 135.68
1495397302, 2, 15, 225, 43, 0, 3.25%, 0, 0, 1, 127.44
1495397307, 2, 16, 225, 43, 0, 3.25%, 0, 0, 1, 135.23
1495397312, 2, 18, 225, 43, 0, 3.25%, 0, 0, 1, 131.47
1495397317, 2, 20, 225, 43, 0, 3.25%, 0, 0, 1, 136.94
1495397322, 2, 22, 225, 43, 0, 3.25%, 0, 0, 1, 132.23
1495397333, 2, 25, 225, 43, 0, 3.25%, 0, 0, 1, 134.93
1495397338, 2, 26, 225, 43, 0, 3.25%, 0, 0, 1, 139.13
1495397343, 2, 28, 225, 43, 0, 3.25%, 0, 0, 1, 136.02
1495397348, 2, 30, 225, 43, 0, 3.25%, 0, 0, 1, 132.65
1495397363, 2, 32, 225, 43, 0, 3.25%, 0, 0, 1, 151.58
1495397373, 2, 33, 225, 43, 0, 3.25%, 0, 0, 1, 152.48
1495397378, 2, 35, 225, 43, 0, 3.25%, 0, 0, 1, 151.31
1495397394, 2, 38, 225, 43, 0, 3.25%, 0, 0, 1, 146.87
1495397399, 2, 40, 225, 43, 0, 3.25%, 0, 0, 1, 159.48
1495397414, 2, 42, 225, 43, 0, 3.25%, 0, 0, 1, 150.67
1495397419, 2, 43, 225, 43, 0, 3.25%, 0, 0, 1, 147.67
1495397424, 2, 44, 225, 42, 0, 3.25%, 0, 0, 1, 152.77
1495397434, 2, 45, 225, 42, 0, 3.25%, 0, 0, 1, 157.23
1495397439, 2, 46, 225, 42, 0, 3.25%, 0, 0, 1, 152.37
1495397455, 2, 47, 225, 42, 0, 3.25%, 0, 0, 1, 142.02
1495397460, 2, 48, 225, 42, 0, 3.25%, 0, 0, 1, 149.21
1495397470, 2, 49, 225, 42, 0, 3.25%, 0, 0, 1, 141.56
1495397475, 2, 50, 225, 42, 0, 3.25%, 0, 0, 1, 151.80
1495397491, 2, 52, 225, 42, 0, 3.25%, 0, 0, 1, 144.07
1495397506, 2, 53, 225, 42, 0, 3.25%, 0, 0, 1, 143.54
1495397511, 2, 54, 225, 42, 0, 3.25%, 0, 0, 1, 123.83
1495397531, 2, 55, 225, 42, 0, 3.25%, 0, 0, 1, 150.70
1495397537, 2, 56, 225, 42, 0, 3.25%, 0, 0, 1, 150.59
1495397547, 2, 59, 225, 42, 0, 3.25%, 0, 0, 1, 146.36
1495397552, 2, 60, 225, 42, 0, 3.25%, 0, 0, 1, 143.09
1495397567, 2, 64, 225, 42, 0, 3.25%, 0, 0, 1, 157.08
1495397573, 2, 65, 225, 41, 0, 3.25%, 0, 0, 1, 142.84
1495397588, 2, 67, 225, 40, 0, 3.25%, 0, 0, 1, 153.51
1495397593, 2, 68, 225, 40, 0, 3.25%, 0, 0, 1, 153.86
1495397609, 2, 70, 225, 40, 0, 3.25%, 0, 0, 1, 157.91
1495397614, 2, 72, 225, 40, 0, 3.25%, 0, 0, 1, 152.97
1495397629, 2, 73, 225, 40, 0, 3.25%, 0, 0, 1, 129.13
1495397634, 2, 74, 225, 40, 0, 3.25%, 0, 0, 1, 131.65
1495397650, 2, 75, 225, 40, 0, 3.25%, 0, 0, 1, 127.12
1495397665, 2, 76, 225, 40, 0, 3.25%, 0, 0, 1, 128.07
1495397680, 2, 78, 225, 40, 0, 3.25%, 0, 0, 1, 136.41
1495397686, 2, 79, 225, 40, 0, 3.25%, 0, 0, 1, 128.31
1495397691, 2, 80, 225, 40, 0, 3.25%, 0, 0, 1, 122.82
1495397706, 2, 82, 225, 40, 0, 3.25%, 0, 0, 1, 142.83
1495397722, 2, 83, 225, 40, 0, 3.25%, 0, 0, 1, 115.42
1495397727, 2, 85, 225, 40, 0, 3.25%, 0, 0, 1, 124.25
1495397742, 2, 86, 225, 40, 0, 3.25%, 0, 0, 1, 131.51
1495397747, 2, 87, 225, 40, 0, 3.25%, 0, 0, 1, 129.87
1495397752, 2, 88, 225, 40, 0, 3.25%, 0, 0, 1, 124.88
1495397773, 2, 90, 225, 40, 0, 3.25%, 0, 0, 1, 129.53
1495397793, 2, 92, 225, 40, 0, 3.25%, 0, 0, 1, 123.10
1495397809, 2, 94, 225, 40, 0, 3.25%, 0, 0, 1, 136.58
1495397814, 2, 96, 225, 40, 0, 3.25%, 0, 0, 1, 143.58
1495397829, 2, 97, 225, 40, 0, 3.25%, 0, 0, 1, 134.11
1495397834, 2, 98, 225, 40, 0, 3.25%, 0, 0, 1, 136.05
1495397850, 2, 99, 225, 40, 0, 3.25%, 0, 0, 1, 130.12
1495397855, 2, 100, 225, 40, 0, 3.25%, 0, 0, 1, 129.86
1495397870, 2, 101, 225, 40, 0, 3.25%, 0, 0, 1, 141.63
1495397875, 2, 102, 225, 40, 0, 3.25%, 0, 0, 1, 148.84
1495397891, 2, 103, 225, 40, 0, 3.25%, 0, 0, 1, 147.21
1495397896, 2, 106, 225, 40, 0, 3.25%, 0, 0, 1, 151.63
1495397901, 2, 107, 225, 40, 0, 3.25%, 0, 0, 1, 157.40
1495397906, 2, 108, 225, 40, 0, 3.25%, 0, 0, 1, 161.82
1495397916, 2, 109, 225, 40, 0, 3.25%, 0, 0, 1, 155.02
1495397922, 2, 110, 225, 39, 0, 3.25%, 0, 0, 1, 159.61
1495397927, 2, 111, 225, 39, 0, 3.25%, 0, 0, 1, 153.34
1495397942, 2, 113, 225, 39, 0, 3.25%, 0, 0, 1, 144.62
1495397957, 2, 114, 225, 39, 0, 3.25%, 0, 0, 1, 152.39
1495397962, 2, 116, 225, 39, 0, 3.25%, 0, 0, 1, 151.53
1495397968, 2, 117, 225, 39, 0, 3.25%, 0, 0, 1, 145.99
1495397973, 2, 119, 225, 39, 0, 3.25%, 0, 0, 1, 137.38
1495397988, 2, 120, 225, 39, 0, 3.25%, 0, 0, 1, 153.23
1495397993, 2, 121, 225, 38, 0, 3.25%, 0, 0, 1, 149.90
1495398008, 2, 124, 225, 38, 0, 3.25%, 0, 0, 1, 146.23
1495398029, 2, 127, 225, 38, 0, 3.25%, 0, 0, 1, 161.86
1495398045, 2, 128, 225, 38, 0, 3.25%, 0, 0, 1, 148.35
1495398050, 2, 129, 225, 38, 0, 3.25%, 0, 0, 1, 143.12
1495398070, 2, 130, 225, 38, 0, 3.25%, 0, 0, 1, 156.85
1495398075, 2, 133, 225, 38, 0, 3.25%, 0, 0, 1, 146.01
1495398096, 2, 134, 225, 38, 0, 3.25%, 0, 0, 1, 158.44
1495398101, 2, 135, 225, 38, 0, 3.25%, 0, 0, 1, 156.83
1495398111, 2, 136, 225, 38, 0, 3.25%, 0, 0, 1, 157.47
1495398116, 2, 137, 225, 38, 0, 3.25%, 0, 0, 1, 151.02
1495398121, 2, 138, 225, 38, 0, 3.25%, 0, 0, 1, 155.02
1495398137, 2, 139, 225, 38, 0, 3.25%, 0, 0, 1, 132.53
1495398142, 2, 140, 225, 38, 0, 3.25%, 0, 0, 1, 131.24
1495398157, 2, 142, 225, 38, 0, 3.25%, 0, 0, 1, 116.49
1495398178, 2, 143, 225, 38, 0, 3.25%, 0, 0, 1, 123.00
1495398183, 2, 144, 225, 37, 0, 3.25%, 0, 0, 1, 124.24
1495398188, 2, 145, 225, 37, 0, 3.25%, 0, 0, 1, 136.32
1495398208, 2, 148, 225, 36, 0, 3.25%, 0, 0, 1, 134.26
1495398229, 2, 150, 225, 36, 0, 3.25%, 0, 0, 1, 128.29
1495398234, 2, 151, 225, 36, 0, 3.25%, 0, 0, 1, 126.87
1495398249, 2, 152, 225, 36, 0, 3.25%, 0, 0, 1, 144.47
1495398254, 2, 153, 225, 36, 0, 3.25%, 0, 0, 1, 128.68
1495398270, 2, 154, 225, 36, 0, 3.25%, 0, 0, 1, 129.33
1495398275, 2, 155, 225, 36, 0, 3.25%, 0, 0, 1, 130.04
1495398290, 2, 157, 225, 36, 0, 3.25%, 0, 0, 1, 132.18
1495398306, 2, 158, 225, 36, 0, 3.25%, 0, 0, 1, 134.87
1495398311, 2, 160, 225, 36, 0, 3.25%, 0, 0, 1, 123.35
1495398327, 2, 161, 225, 36, 0, 3.25%, 0, 0, 1, 123.22
1495398332, 2, 162, 225, 36, 0, 3.25%, 0, 0, 1, 123.71
1495398347, 2, 163, 225, 36, 0, 3.25%, 0, 0, 1, 130.14
1495398352, 2, 164, 225, 36, 0, 3.25%, 0, 0, 1, 135.63
1495398368, 2, 166, 225, 36, 0, 3.25%, 0, 0, 1, 131.52
1495398383, 2, 167, 225, 36, 0, 3.25%, 0, 0, 1, 149.15
1495398388, 2, 168, 225, 36, 0, 3.25%, 0, 0, 1, 140.80
1495398409, 2, 171, 225, 36, 0, 3.25%, 0, 0, 1, 149.54
1495398435, 2, 174, 225, 36, 0, 3.25%, 0, 0, 1, 148.12
1495398455, 2, 176, 225, 36, 0, 3.25%, 0, 0, 1, 154.15
1495398471, 2, 177, 225, 36, 0, 3.25%, 0, 0, 1, 150.48
1495398476, 2, 178, 225, 36, 0, 3.25%, 0, 0, 1, 143.18
1495398486, 2, 179, 225, 36, 0, 3.25%, 0, 0, 1, 150.80
1495398491, 2, 180, 225, 36, 0, 3.25%, 0, 0, 1, 150.66
1495398506, 2, 182, 225, 36, 0, 3.25%, 0, 0, 1, 152.40
1495398517, 2, 183, 225, 36, 0, 3.25%, 0, 0, 1, 147.08
1495398522, 2, 184, 225, 36, 0, 3.25%, 0, 0, 1, 146.02
1495398537, 2, 186, 225, 36, 0, 3.25%, 0, 0, 1, 145.63
1495398547, 2, 187, 225, 36, 0, 3.25%, 0, 0, 1, 146.94
1495398552, 2, 189, 225, 35, 0, 3.25%, 0, 0, 1, 141.71
1495398557, 2, 190, 225, 35, 0, 3.25%, 0, 0, 1, 142.00
1495398568, 2, 193, 225, 35, 0, 3.25%, 0, 0, 1, 138.81
1495398583, 2, 195, 225, 35, 0, 3.25%, 0, 0, 1, 156.93
1495398588, 2, 196, 225, 35, 0, 3.25%, 0, 0, 1, 149.45
1495398598, 2, 197, 225, 35, 0, 3.25%, 0, 0, 1, 145.53
1495398603, 2, 198, 225, 35, 0, 3.25%, 0, 0, 1, 142.85
1495398619, 2, 199, 225, 35, 0, 3.25%, 0, 0, 1, 143.74
1495398624, 2, 200, 225, 35, 0, 3.25%, 0, 0, 1, 145.51
1495398634, 2, 201, 225, 35, 0, 3.25%, 0, 0, 1, 131.22
1495398639, 2, 202, 225, 35, 0, 3.25%, 0, 0, 1, 125.84
1495398655, 2, 203, 225, 35, 0, 3.25%, 0, 0, 1, 134.95
1495398660, 2, 204, 225, 35, 0, 3.25%, 0, 0, 1, 138.69
1495398681, 2, 205, 225, 35, 0, 3.25%, 0, 0, 1, 126.45
1495398686, 2, 206, 225, 35, 0, 3.25%, 0, 0, 1, 128.29
1495398701, 2, 208, 225, 34, 0, 3.25%, 0, 0, 1, 127.14
1495398706, 2, 209, 225, 33, 0, 3.25%, 0, 0, 1, 129.13
1495398721, 2, 211, 225, 32, 0, 3.25%, 0, 0, 1, 122.21
1495398726, 2, 212, 225, 32, 0, 3.25%, 0, 0, 1, 128.87
1495398742, 2, 213, 225, 32, 0, 3.25%, 0, 0, 1, 133.90
1495398747, 2, 214, 225, 32, 0, 3.25%, 0, 0, 1, 134.10
1495398772, 2, 215, 225, 32, 0, 3.25%, 0, 0, 1, 127.96
1495398778, 2, 217, 225, 32, 0, 3.25%, 0, 0, 1, 134.98
1495398798, 2, 222, 225, 32, 0, 3.25%, 0, 0, 1, 130.40
1495398808, 3, 1, 225, 32, 0, 3.25%, 0, 0, 1, 119.44
1495398813, 3, 2, 225, 32, 0, 3.25%, 0, 0, 1, 133.63
1495398819, 3, 3, 225, 32, 0, 3.25%, 0, 0, 1, 147.52
1495398824, 3, 4, 225, 32, 0, 3.25%, 0, 0, 1, 134.92
1495398829, 3, 5, 225, 32, 0, 3.25%, 0, 0, 1, 127.17
1495398834, 3, 6, 225, 32, 0, 3.25%, 0, 0, 1, 142.71
1495398844, 3, 8, 225, 32, 0, 3.25%, 0, 0, 1, 127.31
1495398849, 3, 9, 225, 32, 0, 3.25%, 0, 0, 1, 138.45
1495398855, 3, 10, 225, 32, 0, 3.25%, 0, 0, 1, 138.62
1495398860, 3, 11, 225, 32, 0, 3.25%, 0, 0, 1, 135.43
1495398870, 3, 12, 225, 31, 0, 3.25%, 0, 0, 1, 126.10
1495398880, 3, 14, 225, 31, 0, 3.25%, 0, 0, 1, 139.64
1495398886, 3, 16, 225, 31, 0, 3.25%, 0, 0, 1, 133.19
1495398891, 3, 17, 225, 31, 0, 3.25%, 0, 0, 1, 136.33
1495398896, 3, 19, 225, 31, 0, 3.25%, 0, 0, 1, 144.50
1495398901, 3, 20, 225, 31, 0, 3.25%, 0, 0, 1, 143.82
1495398906, 3, 22, 225, 31, 0, 3.25%, 0, 0, 1, 144.28
1495398911, 3, 24, 225, 31, 0, 3.25%, 0, 0, 1, 149.29
1495398916, 3, 25, 225, 31, 0, 3.25%, 0, 0, 1, 154.77
1495398921, 3, 28, 225, 31, 0, 3.25%, 0, 0, 1, 145.04
1495398926, 3, 30, 225, 31, 0, 3.25%, 0, 0, 1, 152.10
1495398936, 3, 31, 225, 31, 0, 3.25%, 0, 0, 1, 154.07
1495398942, 3, 32, 225, 31, 0, 3.25%, 0, 0, 1, 151.38
1495398952, 3, 33, 225, 31, 0, 3.25%, 0, 0, 1, 138.14
1495398957, 3, 35, 225, 31, 0, 3.25%, 0, 0, 1, 144.08
1495398972, 3, 37, 225, 31, 0, 3.25%, 0, 0, 1, 149.38
1495398977, 3, 38, 225, 31, 0, 3.25%, 0, 0, 1, 148.34
1495398983, 3, 40, 225, 31, 0, 3.25%, 0, 0, 1, 159.19
1495398993, 3, 41, 225, 31, 0, 3.25%, 0, 0, 1, 152.36
1495398998, 3, 42, 225, 31, 0, 3.25%, 0, 0, 1, 147.63
1495399003, 3, 44, 225, 31, 0, 3.25%, 0, 0, 1, 141.68
1495399013, 3, 45, 225, 31, 0, 3.25%, 0, 0, 1, 139.51
1495399018, 3, 46, 225, 31, 0, 3.25%, 0, 0, 1, 155.17
1495399033, 3, 48, 225, 31, 0, 3.25%, 0, 0, 1, 151.17
1495399049, 3, 49, 225, 31, 0, 3.25%, 0, 0, 1, 145.71
1495399054, 3, 50, 225, 31, 0, 3.25%, 0, 0, 1, 158.46
1495399070, 3, 52, 225, 31, 0, 3.25%, 0, 0, 1, 145.76
1495399085, 3, 54, 225, 31, 0, 3.25%, 0, 0, 1, 146.68
1495399111, 3, 55, 225, 31, 0, 3.25%, 0, 0, 1, 141.31
1495399116, 3, 56, 225, 31, 0, 3.25%, 0, 0, 1, 145.13
1495399126, 3, 57, 225, 31, 0, 3.25%, 0, 0, 1, 143.80
1495399131, 3, 59, 225, 30, 0, 3.25%, 0, 0, 1, 140.81
1495399136, 3, 60, 225, 30, 0, 3.25%, 0, 0, 1, 152.69
1495399147, 3, 61, 225, 30, 0, 3.25%, 0, 0, 1, 153.48
1495399152, 3, 62, 225, 29, 0, 3.25%, 0, 0, 1, 127.94
1495399157, 3, 63, 225, 29, 0, 3.25%, 0, 0, 1, 135.49
1495399162, 3, 65, 225, 28, 0, 3.25%, 0, 0, 1, 134.73
1495399177, 3, 67, 225, 28, 0, 3.25%, 0, 0, 1, 135.28
1495399182, 3, 68, 225, 28, 0, 3.25%, 0, 0, 1, 135.83
1495399198, 3, 70, 225, 28, 0, 3.25%, 0, 0, 1, 133.65
1495399203, 3, 71, 225, 28, 0, 3.25%, 0, 0, 1, 133.01
1495399208, 3, 72, 225, 28, 0, 3.25%, 0, 0, 1, 134.17
1495399223, 3, 73, 225, 28, 0, 3.25%, 0, 0, 1, 130.60
1495399229, 3, 74, 225, 28, 0, 3.25%, 0, 0, 1, 129.84
1495399244, 3, 75, 225, 28, 0, 3.25%, 0, 0, 1, 131.39
1495399264, 3, 76, 225, 28, 0, 3.25%, 0, 0, 1, 125.83
1495399280, 3, 79, 225, 28, 0, 3.25%, 0, 0, 1, 123.23
1495399285, 3, 80, 225, 28, 0, 3.25%, 0, 0, 1, 122.98
1495399300, 3, 82, 225, 28, 0, 3.25%, 0, 0, 1, 131.13
1495399316, 3, 83, 225, 28, 0, 3.25%, 0, 0, 1, 126.64
1495399321, 3, 85, 225, 28, 0, 3.25%, 0, 0, 1, 127.70
1495399336, 3, 86, 225, 28, 0, 3.25%, 0, 0, 1, 137.63
1495399341, 3, 87, 225, 28, 0, 3.25%, 0, 0, 1, 135.11
1495399346, 3, 88, 225, 28, 0, 3.25%, 0, 0, 1, 121.06
1495399367, 3, 89, 225, 28, 0, 3.25%, 0, 0, 1, 128.42
1495399372, 3, 90, 225, 27, 0, 3.25%, 0, 0, 1, 127.48
1495399387, 3, 92, 225, 27, 0, 3.25%, 0, 0, 1, 135.60
1495399403, 3, 93, 225, 27, 0, 3.25%, 0, 0, 1, 134.38
1495399408, 3, 94, 225, 27, 0, 3.25%, 0, 0, 1, 141.50
1495399413, 3, 96, 225, 27, 0, 3.25%, 0, 0, 1, 133.17
1495399428, 3, 97, 225, 27, 0, 3.25%, 0, 0, 1, 136.79
1495399433, 3, 98, 225, 27, 0, 3.25%, 0, 0, 1, 137.23
1495399449, 3, 100, 225, 27, 0, 3.25%, 0, 0, 1, 140.56
1495399464, 3, 101, 225, 27, 0, 3.25%, 0, 0, 1, 147.94
1495399469, 3, 102, 225, 27, 0, 3.25%, 0, 0, 1, 141.67
1495399485, 3, 104, 225, 27, 0, 3.25%, 0, 0, 1, 146.64
1495399490, 3, 106, 225, 27, 0, 3.25%, 0, 0, 1, 139.58
1495399495, 3, 108, 225, 27, 0, 3.25%, 0, 0, 1, 145.20
1495399510, 3, 110, 225, 27, 0, 3.25%, 0, 0, 1, 140.33
1495399515, 3, 111, 225, 27, 0, 3.25%, 0, 0, 1, 144.63
1495399531, 3, 112, 225, 27, 0, 3.25%, 0, 0, 1, 156.41
1495399536, 3, 113, 225, 27, 0, 3.25%, 0, 0, 1, 147.54
1495399546, 3, 114, 225, 27, 0, 3.25%, 0, 0, 1, 148.62
1495399551, 3, 115, 225, 27, 0, 3.25%, 0, 0, 1, 155.15
1495399556, 3, 117, 225, 27, 0, 3.25%, 0, 0, 1, 145.34
1495399561, 3, 118, 225, 27, 0, 3.25%, 0, 0, 1, 157.54
1495399567, 3, 119, 225, 27, 0, 3.25%, 0, 0, 1, 147.54
1495399577, 3, 121, 225, 27, 0, 3.25%, 0, 0, 1, 136.45
1495399592, 3, 122, 225, 27, 0, 3.25%, 0, 0, 1, 139.00
1495399597, 3, 124, 225, 27, 0, 3.25%, 0, 0, 1, 151.47
1495399617, 3, 126, 225, 27, 0, 3.25%, 0, 0, 1, 149.38
1495399628, 3, 127, 225, 26, 0, 3.25%, 0, 0, 1, 145.00
1495399638, 3, 128, 225, 26, 0, 3.25%, 0, 0, 1, 145.49
1495399643, 3, 129, 225, 26, 0, 3.25%, 0, 0, 1, 154.12
1495399664, 3, 131, 225, 26, 0, 3.25%, 0, 0, 1, 125.76
1495399674, 3, 133, 225, 25, 0, 3.25%, 0, 0, 1, 130.37
1495399700, 3, 135, 225, 25, 0, 3.25%, 0, 0, 1, 136.88
1495399715, 3, 136, 225, 25, 0, 3.25%, 0, 0, 1, 135.56
1495399720, 3, 137, 225, 25, 0, 3.25%, 0, 0, 1, 123.77
1495399725, 3, 138, 225, 25, 0, 3.25%, 0, 0, 1, 129.33
1495399741, 3, 139, 225, 25, 0, 3.25%, 0, 0, 1, 127.18
1495399746, 3, 140, 225, 25, 0, 3.25%, 0, 0, 1, 131.72
1495399761, 3, 141, 225, 25, 0, 3.25%, 0, 0, 1, 134.83
1495399766, 3, 142, 225, 24, 0, 3.25%, 0, 0, 1, 123.39
1495399792, 3, 144, 225, 24, 0, 3.25%, 0, 0, 1, 134.47
1495399797, 3, 148, 225, 24, 0, 3.25%, 0, 0, 1, 140.41
1495399812, 3, 149, 225, 24, 0, 3.25%, 0, 0, 1, 135.09
1495399818, 3, 150, 225, 24, 0, 3.25%, 0, 0, 1, 136.76
1495399823, 3, 151, 225, 24, 0, 3.25%, 0, 0, 1, 123.88
1495399838, 3, 153, 225, 24, 0, 3.25%, 0, 0, 1, 131.69
1495399853, 3, 154, 225, 24, 0, 3.25%, 0, 0, 1, 128.98
1495399859, 3, 155, 225, 24, 0, 3.25%, 0, 0, 1, 132.63
1495399879, 3, 157, 225, 24, 0, 3.25%, 0, 0, 1, 125.89
1495399889, 3, 158, 225, 24, 0, 3.25%, 0, 0, 1, 131.99
1495399894, 3, 160, 225, 24, 0, 3.25%, 0, 0, 1, 125.66
1495399910, 3, 161, 225, 24, 0, 3.25%, 0, 0, 1, 123.52
1495399915, 3, 162, 225, 24, 0, 3.25%, 0, 0, 1, 143.63
1495399930, 3, 164, 225, 24, 0, 3.25%, 0, 0, 1, 139.37
1495399946, 3, 166, 225, 24, 0, 3.25%, 0, 0, 1, 147.85
1495399961, 3, 167, 225, 24, 0, 3.25%, 0, 0, 1, 146.04
1495399966, 3, 168, 225, 24, 0, 3.25%, 0, 0, 1, 143.64
1495399987, 3, 169, 225, 24, 0, 3.25%, 0, 0, 1, 148.84
1495399992, 3, 171, 225, 24, 0, 3.25%, 0, 0, 1, 141.23
1495400012, 3, 172, 225, 24, 0, 3.25%, 0, 0, 1, 147.91
1495400018, 3, 174, 225, 24, 0, 3.25%, 0, 0, 1, 152.21
1495400038, 3, 176, 225, 24, 0, 3.25%, 0, 0, 1, 148.35
1495400053, 3, 178, 225, 24, 0, 3.25%, 0, 0, 1, 153.54
1495400069, 3, 179, 225, 24, 0, 3.25%, 0, 0, 1, 150.49
1495400074, 3, 180, 225, 24, 0, 3.25%, 0, 0, 1, 147.48
1495400084, 3, 181, 225, 24, 0, 3.25%, 0, 0, 1, 147.43
1495400089, 3, 182, 225, 23, 0, 3.25%, 0, 0, 1, 149.75
1495400104, 3, 184, 225, 23, 0, 3.25%, 0, 0, 1, 145.70
1495400120, 3, 186, 225, 23, 0, 3.25%, 0, 0, 1, 136.46
1495400135, 3, 189, 225, 23, 0, 3.25%, 0, 0, 1, 145.70
1495400140, 3, 190, 225, 23, 0, 3.25%, 0, 0, 1, 134.43
1495400151, 3, 192, 225, 23, 0, 3.25%, 0, 0, 1, 141.04
1495400156, 3, 193, 225, 23, 0, 3.25%, 0, 0, 1, 145.67
1495400166, 3, 194, 225, 23, 0, 3.25%, 0, 0, 1, 149.57
1495400171, 3, 195, 225, 23, 0, 3.25%, 0, 0, 1, 134.15
1495400176, 3, 196, 225, 23, 0, 3.25%, 0, 0, 1, 127.13
1495400191, 3, 197, 225, 23, 0, 3.25%, 0, 0, 1, 125.44
1495400196, 3, 198, 225, 23, 0, 3.25%, 0, 0, 1, 135.44
1495400212, 3, 199, 225, 23, 0, 3.25%, 0, 0, 1, 131.22
1495400217, 3, 200, 225, 23, 0, 3.25%, 0, 0, 1, 124.60
1495400232, 3, 201, 225, 23, 0, 3.25%, 0, 0, 1, 140.54
1495400237, 3, 202, 225, 23, 0, 3.25%, 0, 0, 1, 135.71
1495400252, 3, 203, 225, 23, 0, 3.25%, 0, 0, 1, 132.59
1495400257, 3, 204, 225, 23, 0, 3.25%, 0, 0, 1, 122.86
1495400273, 3, 205, 225, 23, 0, 3.25%, 0, 0, 1, 134.95
1495400278, 3, 208, 225, 23, 0, 3.25%, 0, 0, 1, 132.68
1495400283, 3, 211, 225, 23, 0, 3.25%, 0, 0, 1, 112.50
1495400288, 3, 212, 225, 23, 0, 3.25%, 0, 0, 1, 121.75
1495400309, 3, 213, 225, 23, 0, 3.25%, 0, 0, 1, 142.19
1495400314, 3, 214, 225, 23, 0, 3.25%, 0, 0, 1, 135.72
1495400340, 3, 217, 225, 23, 0, 3.25%, 0, 0, 1, 129.25
1495400360, 3, 218, 225, 23, 0, 3.25%, 0, 0, 1, 128.14
1495400365, 3, 221, 225, 22, 0, 3.25%, 0, 0, 1, 127.04
1495400370, 3, 222, 225, 21, 0, 3.25%, 0, 0, 1, 124.13
1495400375, 4, 0, 225, 21, 0, 3.25%, 0, 0, 1, 131.40
1495400380, 4, 1, 225, 21, 0, 3.25%, 0, 0, 1, 115.15
1495400385, 4, 2, 225, 21, 0, 3.25%, 0, 0, 1, 126.07
1495400391, 4, 3, 225, 21, 0, 3.25%, 0, 0, 1, 132.72
1495400396, 4, 4, 225, 21, 0, 3.25%, 0, 0, 1, 126.55
1495400401, 4, 5, 225, 21, 0, 3.25%, 0, 0, 1, 125.19
1495400411, 4, 6, 225, 21, 0, 3.25%, 0, 0, 1, 125.56
1495400416, 4, 8, 225, 21, 0, 3.25%, 0, 0, 1, 129.90
1495400421, 4, 9, 225, 21, 0, 3.25%, 0, 0, 1, 128.47
1495400426, 4, 10, 225, 21, 0, 3.25%, 0, 0, 1, 144.06
1495400436, 4, 12, 225, 21, 0, 3.25%, 0, 0, 1, 146.97
1495400447, 4, 14, 225, 21, 0, 3.25%, 0, 0, 1, 148.57
1495400452, 4, 16, 225, 21, 0, 3.25%, 0, 0, 1, 148.84
1495400457, 4, 18, 225, 21, 0, 3.25%, 0, 0, 1, 143.69
1495400462, 4, 20, 225, 21, 0, 3.25%, 0, 0, 1, 140.92
1495400467, 4, 21, 225, 21, 0, 3.25%, 0, 0, 1, 141.49
1495400472, 4, 22, 225, 21, 0, 3.25%, 0, 0, 1, 154.80
1495400478, 4, 25, 225, 21, 0, 3.25%, 0, 0, 1, 143.90
1495400483, 4, 26, 225, 21, 0, 3.25%, 0, 0, 1, 144.65
1495400488, 4, 28, 225, 21, 0, 3.25%, 0, 0, 1, 147.41
1495400493, 4, 30, 225, 21, 0, 3.25%, 0, 0, 1, 149.92
1495400503, 4, 32, 225, 21, 0, 3.25%, 0, 0, 1, 153.46
1495400518, 4, 33, 225, 21, 0, 3.25%, 0, 0, 1, 143.47
1495400523, 4, 35, 225, 20, 0, 3.25%, 0, 0, 1, 152.65
1495400539, 4, 37, 225, 20, 0, 3.25%, 0, 0, 1, 148.75
1495400544, 4, 38, 225, 20, 0, 3.25%, 0, 0, 1, 150.95
1495400549, 4, 40, 225, 20, 0, 3.25%, 0, 0, 1, 148.20
1495400559, 4, 41, 225, 20, 0, 3.25%, 0, 0, 1, 144.04
1495400565, 4, 42, 225, 20, 0, 3.25%, 0, 0, 1, 152.50
1495400570, 4, 44, 225, 20, 0, 3.25%, 0, 0, 1, 150.17
1495400580, 4, 45, 225, 20, 0, 3.25%, 0, 0, 1, 136.70
1495400585, 4, 46, 225, 20, 0, 3.25%, 0, 0, 1, 142.15
1495400600, 4, 47, 225, 20, 0, 3.25%, 0, 0, 1, 151.76
1495400606, 4, 48, 225, 20, 0, 3.25%, 0, 0, 1, 149.03
1495400616, 4, 49, 225, 20, 0, 3.25%, 0, 0, 1, 146.42
1495400621, 4, 50, 225, 20, 0, 3.25%, 0, 0, 1, 156.78
1495400637, 4, 52, 225, 20, 0, 3.25%, 0, 0, 1, 145.44
1495400652, 4, 54, 225, 20, 0, 3.25%, 0, 0, 1, 150.43
1495400678, 4, 56, 225, 20, 0, 3.25%, 0, 0, 1, 148.35
1495400693, 4, 59, 225, 20, 0, 3.25%, 0, 0, 1, 132.04
1495400698, 4, 60, 225, 20, 0, 3.25%, 0, 0, 1, 129.98
1495400713, 4, 62, 225, 20, 0, 3.25%, 0, 0, 1, 124.99
1495400718, 4, 65, 225, 20, 0, 3.25%, 0, 0, 1, 132.15
1495400734, 4, 67, 225, 20, 0, 3.25%, 0, 0, 1, 123.91
1495400739, 4, 68, 225, 20, 0, 3.25%, 0, 0, 1, 136.32
1495400754, 4, 70, 225, 20, 0, 3.25%, 0, 0, 1, 135.48
1495400759, 4, 71, 225, 20, 0, 3.25%, 0, 0, 1, 142.43
1495400764, 4, 72, 225, 20, 0, 3.25%, 0, 0, 1, 126.15
1495400780, 4, 73, 225, 20, 0, 3.25%, 0, 0, 1, 132.12
1495400785, 4, 74, 225, 20, 0, 3.25%, 0, 0, 1, 121.75
1495400800, 4, 75, 225, 20, 0, 3.25%, 0, 0, 1, 133.86
1495400815, 4, 76, 225, 20, 0, 3.25%, 0, 0, 1, 131.08
1495400836, 4, 79, 225, 20, 0, 3.25%, 0, 0, 1, 127.63
1495400841, 4, 80, 225, 20, 0, 3.25%, 0, 0, 1, 126.94
1495400856, 4, 82, 225, 20, 0, 3.25%, 0, 0, 1, 125.34
1495400872, 4, 83, 225, 20, 0, 3.25%, 0, 0, 1, 132.94
1495400877, 4, 85, 225, 20, 0, 3.25%, 0, 0, 1, 131.68
1495400892, 4, 86, 225, 20, 0, 3.25%, 0, 0, 1, 121.06
1495400902, 4, 88, 225, 20, 0, 3.25%, 0, 0, 1, 134.92
1495400923, 4, 89, 225, 20, 0, 3.25%, 0, 0, 1, 132.19
1495400928, 4, 90, 225, 20, 0, 3.25%, 0, 0, 1, 136.79
1495400943, 4, 92, 225, 20, 0, 3.25%, 0, 0, 1, 144.94
1495400958, 4, 94, 225, 20, 0, 3.25%, 0, 0, 1, 149.18
1495400963, 4, 96, 225, 20, 0, 3.25%, 0, 0, 1, 149.26
1495400979, 4, 98, 225, 20, 0, 3.25%, 0, 0, 1, 154.50
1495400994, 4, 99, 225, 20, 0, 3.25%, 0, 0, 1, 135.73
1495400999, 4, 100, 225, 20, 0, 3.25%, 0, 0, 1, 141.81
1495401015, 4, 101, 225, 20, 0, 3.25%, 0, 0, 1, 149.99
1495401020, 4, 102, 225, 20, 0, 3.25%, 0, 0, 1, 131.50
1495401035, 4, 104, 225, 20, 0, 3.25%, 0, 0, 1, 153.91
1495401040, 4, 105, 225, 20, 0, 3.25%, 0, 0, 1, 140.21
1495401060, 4, 106, 225, 19, 0, 3.25%, 0, 0, 1, 155.28
1495401066, 4, 107, 225, 19, 0, 3.25%, 0, 0, 1, 159.59
1495401071, 4, 108, 225, 19, 0, 3.25%, 0, 0, 1, 148.67
1495401081, 4, 110, 225, 19, 0, 3.25%, 0, 0, 1, 151.76
1495401086, 4, 111, 225, 19, 0, 3.25%, 0, 0, 1, 158.22
1495401102, 4, 113, 225, 19, 0, 3.25%, 0, 0, 1, 150.64
1495401117, 4, 114, 225, 19, 0, 3.25%, 0, 0, 1, 151.40
1495401122, 4, 116, 225, 19, 0, 3.25%, 0, 0, 1, 148.25
1495401127, 4, 117, 225, 19, 0, 3.25%, 0, 0, 1, 154.36
1495401132, 4, 119, 225, 19, 0, 3.25%, 0, 0, 1, 150.80
1495401148, 4, 121, 225, 19, 0, 3.25%, 0, 0, 1, 152.03
1495401163, 4, 123, 225, 19, 0, 3.25%, 0, 0, 1, 141.99
1495401168, 4, 124, 225, 18, 0, 3.25%, 0, 0, 1, 150.05
1495401189, 4, 127, 225, 18, 0, 3.25%, 0, 0, 1, 145.47
1495401204, 4, 128, 225, 18, 0, 3.25%, 0, 0, 1, 137.29
1495401210, 4, 129, 225, 18, 0, 3.25%, 0, 0, 1, 136.08
1495401230, 4, 130, 225, 18, 0, 3.25%, 0, 0, 1, 133.26
1495401235, 4, 132, 225, 18, 0, 3.25%, 0, 0, 1, 126.00
1495401240, 4, 133, 225, 18, 0, 3.25%, 0, 0, 1, 128.74
1495401261, 4, 134, 225, 18, 0, 3.25%, 0, 0, 1, 125.12
1495401266, 4, 135, 225, 18, 0, 3.25%, 0, 0, 1, 125.71
1495401281, 4, 136, 225, 18, 0, 3.25%, 0, 0, 1, 137.56
1495401286, 4, 137, 225, 18, 0, 3.25%, 0, 0, 1, 133.99
1495401291, 4, 138, 225, 18, 0, 3.25%, 0, 0, 1, 130.01
1495401307, 4, 140, 225, 18, 0, 3.25%, 0, 0, 1, 141.17
1495401328, 4, 142, 225, 18, 0, 3.25%, 0, 0, 1, 125.50
1495401348, 4, 144, 225, 18, 0, 3.25%, 0, 0, 1, 132.39
1495401353, 4, 147, 225, 18, 0, 3.25%, 0, 0, 1, 121.27
1495401358, 4, 148, 225, 18, 0, 3.25%, 0, 0, 1, 131.69
1495401374, 4, 149, 225, 18, 0, 3.25%, 0, 0, 1, 123.09
1495401379, 4, 150, 225, 18, 0, 3.25%, 0, 0, 1, 129.62
1495401384, 4, 151, 225, 18, 0, 3.25%, 0, 0, 1, 130.00
1495401399, 4, 152, 225, 18, 0, 3.25%, 0, 0, 1, 129.65
1495401404, 4, 153, 225, 18, 0, 3.25%, 0, 0, 1, 123.92
1495401420, 4, 154, 225, 18, 0, 3.25%, 0, 0, 1, 126.72
1495401425, 4, 155, 225, 18, 0, 3.25%, 0, 0, 1, 133.36
1495401440, 4, 157, 225, 18, 0, 3.25%, 0, 0, 1, 131.34
1495401455, 4, 158, 225, 18, 0, 3.25%, 0, 0, 1, 129.24
1495401460, 4, 159, 225, 18, 0, 3.25%, 0, 0, 1, 150.16
1495401466, 4, 160, 225, 17, 0, 3.25%, 0, 0, 1, 149.55
1495401476, 4, 161, 225, 17, 0, 3.25%, 0, 0, 1, 149.39
1495401481, 4, 162, 225, 17, 0, 3.25%, 0, 0, 1, 147.37
1495401491, 4, 163, 225, 17, 0, 3.25%, 0, 0, 1, 149.47
1495401497, 4, 164, 225, 17, 0, 3.25%, 0, 0, 1, 160.79
1495401512, 4, 166, 225, 17, 0, 3.25%, 0, 0, 1, 149.97
1495401527, 4, 168, 225, 17, 0, 3.25%, 0, 0, 1, 150.52
1495401553, 4, 169, 225, 17, 0, 3.25%, 0, 0, 1, 146.38
1495401558, 4, 171, 225, 17, 0, 3.25%, 0, 0, 1, 136.03
1495401578, 4, 172, 225, 17, 0, 3.25%, 0, 0, 1, 143.21
1495401583, 4, 174, 225, 17, 0, 3.25%, 0, 0, 1, 141.28
1495401604, 4, 176, 225, 17, 0, 3.25%, 0, 0, 1, 139.02
1495401619, 4, 177, 225, 17, 0, 3.25%, 0, 0, 1, 148.96
1495401624, 4, 178, 225, 17, 0, 3.25%, 0, 0, 1, 135.82
1495401634, 4, 179, 225, 17, 0, 3.25%, 0, 0, 1, 152.34
1495401639, 4, 180, 225, 17, 0, 3.25%, 0, 0, 1, 145.46
1495401655, 4, 182, 225, 17, 0, 3.25%, 0, 0, 1, 141.53
1495401670, 4, 184, 225, 17, 0, 3.25%, 0, 0, 1, 143.02
1495401686, 4, 186, 225, 17, 0, 3.25%, 0, 0, 1, 149.13
1495401701, 4, 189, 225, 17, 0, 3.25%, 0, 0, 1, 148.01
1495401706, 4, 190, 225, 17, 0, 3.25%, 0, 0, 1, 143.70
1495401711, 4, 193, 225, 17, 0, 3.25%, 0, 0, 1, 156.17
1495401727, 4, 195, 225, 17, 0, 3.25%, 0, 0, 1, 126.29
1495401732, 4, 196, 225, 17, 0, 3.25%, 0, 0, 1, 133.47
1495401747, 4, 197, 225, 17, 0, 3.25%, 0, 0, 1, 120.12
1495401752, 4, 198, 225, 17, 0, 3.25%, 0, 0, 1, 126.96
1495401772, 4, 200, 225, 17, 0, 3.25%, 0, 0, 1, 124.05
1495401793, 4, 201, 225, 17, 0, 3.25%, 0, 0, 1, 131.16
1495401798, 4, 202, 225, 17, 0, 3.25%, 0, 0, 1, 130.68
1495401813, 4, 204, 225, 17, 0, 3.25%, 0, 0, 1, 140.05
1495401829, 4, 205, 225, 17, 0, 3.25%, 0, 0, 1, 130.94
1495401834, 4, 207, 225, 17, 0, 3.25%, 0, 0, 1, 129.87
1495401839, 4, 211, 225, 17, 0, 3.25%, 0, 0, 1, 116.91
1495401844, 4, 212, 225, 17, 0, 3.25%, 0, 0, 1, 121.98
1495401865, 4, 213, 225, 17, 0, 3.25%, 0, 0, 1, 132.04
1495401870, 4, 214, 225, 17, 0, 3.25%, 0, 0, 1, 126.26
1495401890, 4, 215, 225, 17, 0, 3.25%, 0, 0, 1, 133.71
1495401896, 4, 217, 225, 17, 0, 3.25%, 0, 0, 1, 125.58
1495401921, 4, 220, 225, 17, 0, 3.25%, 0, 0, 1, 126.40
1495401936, 4, 222, 225, 16, 0, 3.25%, 0, 0, 1, 134.44
1495401942, 5, 0, 225, 16, 0, 3.25%, 0, 0, 1, 128.82
1495401947, 5, 1, 225, 16, 0, 3.25%, 0, 0, 1, 137.87
1495401952, 5, 2, 225, 16, 0, 3.25%, 0, 0, 1, 139.47
1495401957, 5, 3, 225, 16, 0, 3.25%, 0, 0, 1, 132.47
1495401962, 5, 4, 225, 16, 0, 3.25%, 0, 0, 1, 141.02
1495401967, 5, 5, 225, 16, 0, 3.25%, 0, 0, 1, 128.19
1495401972, 5, 6, 225, 16, 0, 3.25%, 0, 0, 1, 134.71
1495401978, 5, 8, 225, 16, 0, 3.25%, 0, 0, 1, 143.97
1495401983, 5, 9, 225, 16, 0, 3.25%, 0, 0, 1, 145.10
1495401988, 5, 10, 225, 16, 0, 3.25%, 0, 0, 1, 150.69
1495401998, 5, 12, 225, 16, 0, 3.25%, 0, 0, 1, 146.48
1495402008, 5, 14, 225, 16, 0, 3.25%, 0, 0, 1, 154.78
1495402014, 5, 16, 225, 16, 0, 3.25%, 0, 0, 1, 150.45
1495402019, 5, 18, 225, 16, 0, 3.25%, 0, 0, 1, 161.63
1495402024, 5, 20, 225, 16, 0, 3.25%, 0, 0, 1, 151.20
1495402029, 5, 22, 225, 16, 0, 3.25%, 0, 0, 1, 143.71
1495402039, 5, 25, 225, 16, 0, 3.25%, 0, 0, 1, 146.78
1495402044, 5, 27, 225, 16, 0, 3.25%, 0, 0, 1, 158.89
1495402049, 5, 28, 225, 16, 0, 3.25%, 0, 0, 1, 155.82
1495402054, 5, 30, 225, 16, 0, 3.25%, 0, 0, 1, 152.90
1495402065, 5, 32, 225, 16, 0, 3.25%, 0, 0, 1, 155.06
1495402080, 5, 33, 225, 16, 0, 3.25%, 0, 0, 1, 150.51
1495402085, 5, 35, 225, 16, 0, 3.25%, 0, 0, 1, 145.23
1495402096, 5, 37, 225, 16, 0, 3.25%, 0, 0, 1, 152.04
1495402101, 5, 38, 225, 16, 0, 3.25%, 0, 0, 1, 152.08
1495402106, 5, 39, 225, 16, 0, 3.25%, 0, 0, 1, 136.86
1495402111, 5, 40, 225, 15, 0, 3.25%, 0, 0, 1, 146.00
1495402121, 5, 41, 225, 15, 0, 3.25%, 0, 0, 1, 147.65
1495402126, 5, 42, 225, 15, 0, 3.25%, 0, 0, 1, 143.54
1495402131, 5, 44, 225, 15, 0, 3.25%, 0, 0, 1, 147.72
1495402142, 5, 45, 225, 15, 0, 3.25%, 0, 0, 1, 149.09
1495402147, 5, 46, 225, 15, 0, 3.25%, 0, 0, 1, 147.45
1495402162, 5, 48, 225, 15, 0, 3.25%, 0, 0, 1, 156.77
1495402178, 5, 49, 225, 15, 0, 3.25%, 0, 0, 1, 150.39
1495402183, 5, 50, 225, 15, 0, 3.25%, 0, 0, 1, 146.55
1495402193, 5, 51, 225, 15, 0, 3.25%, 0, 0, 1, 148.67
1495402198, 5, 52, 225, 15, 0, 3.25%, 0, 0, 1, 151.03
1495402209, 5, 53, 225, 15, 0, 3.25%, 0, 0, 1, 152.34
1495402214, 5, 54, 225, 15, 0, 3.25%, 0, 0, 1, 124.96
1495402239, 5, 56, 225, 15, 0, 3.25%, 0, 0, 1, 129.59
1495402255, 5, 59, 225, 15, 0, 3.25%, 0, 0, 1, 133.45
1495402260, 5, 60, 225, 15, 0, 3.25%, 0, 0, 1, 129.00
1495402275, 5, 62, 225, 15, 0, 3.25%, 0, 0, 1, 124.57
1495402280, 5, 65, 225, 15, 0, 3.25%, 0, 0, 1, 133.62
1495402295, 5, 67, 225, 15, 0, 3.25%, 0, 0, 1, 130.20
1495402301, 5, 68, 225, 15, 0, 3.25%, 0, 0, 1, 128.46
1495402316, 5, 70, 225, 15, 0, 3.25%, 0, 0, 1, 131.07
1495402321, 5, 71, 225, 15, 0, 3.25%, 0, 0, 1, 130.32
1495402326, 5, 72, 225, 15, 0, 3.25%, 0, 0, 1, 134.31
1495402341, 5, 73, 225, 15, 0, 3.25%, 0, 0, 1, 127.49
1495402347, 5, 74, 225, 15, 0, 3.25%, 0, 0, 1, 134.62
1495402362, 5, 75, 225, 15, 0, 3.25%, 0, 0, 1, 132.92
1495402377, 5, 76, 225, 15, 0, 3.25%, 0, 0, 1, 136.48
1495402393, 5, 78, 225, 15, 0, 3.25%, 0, 0, 1, 124.62
1495402398, 5, 80, 225, 15, 0, 3.25%, 0, 0, 1, 127.39
1495402413, 5, 82, 225, 15, 0, 3.25%, 0, 0, 1, 132.06
1495402434, 5, 85, 225, 15, 0, 3.25%, 0, 0, 1, 137.18
1495402449, 5, 86, 225, 15, 0, 3.25%, 0, 0, 1, 122.35
1495402454, 5, 87, 225, 15, 0, 3.25%, 0, 0, 1, 125.40
1495402459, 5, 88, 225, 15, 0, 3.25%, 0, 0, 1, 128.98
1495402485, 5, 90, 225, 15, 0, 3.25%, 0, 0, 1, 129.69
1495402496, 5, 92, 225, 15, 0, 3.25%, 0, 0, 1, 151.37
1495402511, 5, 93, 225, 15, 0, 3.25%, 0, 0, 1, 149.05
1495402516, 5, 94, 225, 15, 0, 3.25%, 0, 0, 1, 156.80
1495402521, 5, 96, 225, 15, 0, 3.25%, 0, 0, 1, 147.82
1495402536, 5, 98, 225, 15, 0, 3.25%, 0, 0, 1, 150.96
1495402552, 5, 99, 225, 15, 0, 3.25%, 0, 0, 1, 144.24
1495402557, 5, 100, 225, 15, 0, 3.25%, 0, 0, 1, 145.68
1495402572, 5, 102, 225, 15, 0, 3.25%, 0, 0, 1, 157.35
1495402587, 5, 103, 225, 15, 0, 3.25%, 0, 0, 1, 154.14
1495402593, 5, 106, 225, 15, 0, 3.25%, 0, 0, 1, 142.80
1495402598, 5, 107, 225, 15, 0, 3.25%, 0, 0, 1, 146.26
1495402603, 5, 108, 225, 15, 0, 3.25%, 0, 0, 1, 149.13
1495402613, 5, 110, 225, 15, 0, 3.25%, 0, 0, 1, 149.90
1495402618, 5, 111, 225, 15, 0, 3.25%, 0, 0, 1, 158.59
1495402634, 5, 112, 225, 15, 0, 3.25%, 0, 0, 1, 134.37
1495402639, 5, 113, 225, 15, 0, 3.25%, 0, 0, 1, 147.30
1495402649, 5, 114, 225, 15, 0, 3.25%, 0, 0, 1, 155.83
1495402654, 5, 115, 225, 15, 0, 3.25%, 0, 0, 1, 152.71
1495402659, 5, 117, 225, 15, 0, 3.25%, 0, 0, 1, 144.24
1495402665, 5, 119, 225, 15, 0, 3.25%, 0, 0, 1, 151.20
1495402680, 5, 121, 225, 15, 0, 3.25%, 0, 0, 1, 155.40
1495402696, 5, 124, 225, 15, 0, 3.25%, 0, 0, 1, 146.34
1495402721, 5, 127, 225, 15, 0, 3.25%, 0, 0, 1, 148.84
1495402737, 5, 129, 225, 15, 0, 3.25%, 0, 0, 1, 146.34
1495402762, 5, 132, 225, 15, 0, 3.25%, 0, 0, 1, 127.58
1495402767, 5, 133, 225, 15, 0, 3.25%, 0, 0, 1, 123.45
1495402793, 5, 134, 225, 15, 0, 3.25%, 0, 0, 1, 127.93
1495402798, 5, 135, 225, 15, 0, 3.25%, 0, 0, 1, 138.18
1495402808, 5, 136, 225, 15, 0, 3.25%, 0, 0, 1, 136.27
1495402813, 5, 137, 225, 15, 0, 3.25%, 0, 0, 1, 135.81
1495402818, 5, 138, 225, 15, 0, 3.25%, 0, 0, 1, 133.07
1495402833, 5, 139, 225, 15, 0, 3.25%, 0, 0, 1, 131.26
1495402838, 5, 140, 225, 15, 0, 3.25%, 0, 0, 1, 123.05
1495402854, 5, 142, 225, 15, 0, 3.25%, 0, 0, 1, 120.50
1495402879, 5, 144, 225, 15, 0, 3.25%, 0, 0, 1, 132.58
1495402884, 5, 147, 225, 15, 0, 3.25%, 0, 0, 1, 136.45
1495402889, 5, 148, 225, 15, 0, 3.25%, 0, 0, 1, 139.62
1495402899, 5, 149, 225, 15, 0, 3.25%, 0, 0, 1, 131.84
1495402904, 5, 150, 225, 15, 0, 3.25%, 0, 0, 1, 135.60
1495402909, 5, 151, 225, 15, 0, 3.25%, 0, 0, 1, 129.24
1495402925, 5, 152, 225, 15, 0, 3.25%, 0, 0, 1, 138.40
1495402930, 5, 153, 225, 15, 0, 3.25%, 0, 0, 1, 130.83
1495402945, 5, 154, 225, 15, 0, 3.25%, 0, 0, 1, 125.88
1495402951, 5, 155, 225, 15, 0, 3.25%, 0, 0, 1, 126.59
1495402961, 5, 157, 225, 15, 0, 3.25%, 0, 0, 1, 125.53
1495402977, 5, 158, 225, 15, 0, 3.25%, 0, 0, 1, 127.38
1495402982, 5, 160, 225, 15, 0, 3.25%, 0, 0, 1, 131.38
1495402997, 5, 161, 225, 15, 0, 3.25%, 0, 0, 1, 130.21
1495403002, 5, 162, 225, 15, 0, 3.25%, 0, 0, 1, 139.04
1495403017, 5, 164, 225, 15, 0, 3.25%, 0, 0, 1, 155.70
1495403033, 5, 165, 225, 15, 0, 3.25%, 0, 0, 1, 147.76
1495403038, 5, 166, 225, 15, 0, 3.25%, 0, 0, 1, 146.47
1495403048, 5, 167, 225, 15, 0, 3.25%, 0, 0, 1, 150.46
1495403053, 5, 168, 225, 15, 0, 3.25%, 0, 0, 1, 154.78
1495403074, 5, 169, 225, 15, 0, 3.25%, 0, 0, 1, 154.21
1495403079, 5, 171, 225, 15, 0, 3.25%, 0, 0, 1, 146.98
1495403100, 5, 172, 225, 15, 0, 3.25%, 0, 0, 1, 152.05
1495403105, 5, 174, 225, 15, 0, 3.25%, 0, 0, 1, 142.40
1495403125, 5, 176, 225, 15, 0, 3.25%, 0, 0, 1, 153.00
1495403141, 5, 178, 225, 15, 0, 3.25%, 0, 0, 1, 147.10
1495403156, 5, 179, 225, 15, 0, 3.25%, 0, 0, 1, 147.82
1495403161, 5, 180, 225, 15, 0, 3.25%, 0, 0, 1, 156.79
1495403177, 5, 182, 225, 15, 0, 3.25%, 0, 0, 1, 147.61
1495403187, 5, 183, 225, 15, 0, 3.25%, 0, 0, 1, 143.47
1495403192, 5, 184, 225, 15, 0, 3.25%, 0, 0, 1, 154.25
1495403207, 5, 186, 225, 15, 0, 3.25%, 0, 0, 1, 148.03
1495403222, 5, 188, 225, 15, 0, 3.25%, 0, 0, 1, 155.37
1495403233, 5, 189, 225, 15, 0, 3.25%, 0, 0, 1, 150.35
1495403238, 5, 190, 225, 15, 0, 3.25%, 0, 0, 1, 152.28
1495403248, 5, 193, 225, 15, 0, 3.25%, 0, 0, 1, 147.20
1495403263, 5, 195, 225, 15, 0, 3.25%, 0, 0, 1, 137.60
1495403268, 5, 196, 225, 15, 0, 3.25%, 0, 0, 1, 128.49
1495403283, 5, 197, 225, 15, 0, 3.25%, 0, 0, 1, 135.84
1495403289, 5, 198, 225, 15, 0, 3.25%, 0, 0, 1, 128.68
1495403304, 5, 199, 225, 15, 0, 3.25%, 0, 0, 1, 135.27
1495403309, 5, 200, 225, 15, 0, 3.25%, 0, 0, 1, 135.32
1495403324, 5, 201, 225, 15, 0, 3.25%, 0, 0, 1, 132.22
1495403329, 5, 202, 225, 15, 0, 3.25%, 0, 0, 1, 130.90
1495403345, 5, 203, 225, 15, 0, 3.25%, 0, 0, 1, 134.91
1495403350, 5, 204, 225, 15, 0, 3.25%, 0, 0, 1, 123.90
1495403365, 5, 205, 225, 15, 0, 3.25%, 0, 0, 1, 130.67
1495403370, 5, 207, 225, 15, 0, 3.25%, 0, 0, 1, 145.96
1495403375, 5, 211, 225, 15, 0, 3.25%, 0, 0, 1, 120.78
1495403381, 5, 212, 225, 15, 0, 3.25%, 0, 0, 1, 122.52
1495403396, 5, 213, 225, 15, 0, 3.25%, 0, 0, 1, 129.23
1495403401, 5, 214, 225, 15, 0, 3.25%, 0, 0, 1, 131.70
1495403421, 5, 215, 225, 15, 0, 3.25%, 0, 0, 1, 133.51
1495403426, 5, 217, 225, 15, 0, 3.25%, 0, 0, 1, 133.39
1495403447, 5, 222, 225, 15, 0, 3.25%, 0, 0, 1, 142.53
1495403452, 5, 224, 225, 15, 0, 3.25%, 0, 0, 1, 134.21
1495403457, 6, 0, 225, 14, 0, 3.25%, 0, 0, 1, 136.41
1495403462, 6, 1, 225, 14, 0, 3.25%, 0, 0, 1, 132.07
1495403467, 6, 2, 225, 14, 0, 3.25%, 0, 0, 1, 129.98
1495403472, 6, 3, 225, 14, 0, 3.25%, 0, 0, 1, 142.15
1495403477, 6, 4, 225, 14, 0, 3.25%, 0, 0, 1, 133.95
1495403482, 6, 5, 225, 14, 0, 3.25%, 0, 0, 1, 132.86
1495403487, 6, 6, 225, 14, 0, 3.25%, 0, 0, 1, 130.73
1495403493, 6, 8, 225, 14, 0, 3.25%, 0, 0, 1, 138.76
1495403498, 6, 9, 225, 14, 0, 3.25%, 0, 0, 1, 133.36
1495403503, 6, 10, 225, 14, 0, 3.25%, 0, 0, 1, 136.50
1495403513, 6, 12, 225, 14, 0, 3.25%, 0, 0, 1, 128.27
1495403523, 6, 13, 225, 14, 0, 3.25%, 0, 0, 1, 144.87
1495403529, 6, 15, 225, 14, 0, 3.25%, 0, 0, 1, 146.85
1495403534, 6, 16, 225, 14, 0, 3.25%, 0, 0, 1, 154.14
1495403539, 6, 18, 225, 14, 0, 3.25%, 0, 0, 1, 141.62
1495403544, 6, 20, 225, 14, 0, 3.25%, 0, 0, 1, 140.76
1495403549, 6, 22, 225, 14, 0, 3.25%, 0, 0, 1, 146.26
1495403554, 6, 23, 225, 14, 0, 3.25%, 0, 0, 1, 147.13
1495403559, 6, 25, 225, 14, 0, 3.25%, 0, 0, 1, 159.47
1495403564, 6, 28, 225, 14, 0, 3.25%, 0, 0, 1, 140.24
1495403570, 6, 29, 225, 14, 0, 3.25%, 0, 0, 1, 148.73
1495403575, 6, 30, 225, 14, 0, 3.25%, 0, 0, 1, 154.02
1495403585, 6, 32, 225, 14, 0, 3.25%, 0, 0, 1, 159.76
1495403600, 6, 35, 225, 14, 0, 3.25%, 0, 0, 1, 151.04
1495403611, 6, 37, 225, 14, 0, 3.25%, 0, 0, 1, 146.51
1495403616, 6, 38, 225, 14, 0, 3.25%, 0, 0, 1, 145.37
1495403621, 6, 40, 225, 14, 0, 3.25%, 0, 0, 1, 144.98
1495403636, 6, 41, 225, 14, 0, 3.25%, 0, 0, 1, 151.51
1495403641, 6, 42, 225, 14, 0, 3.25%, 0, 0, 1, 148.54
1495403646, 6, 44, 225, 14, 0, 3.25%, 0, 0, 1, 147.24
1495403657, 6, 45, 225, 14, 0, 3.25%, 0, 0, 1, 151.42
1495403662, 6, 46, 225, 14, 0, 3.25%, 0, 0, 1, 150.71
1495403677, 6, 48, 225, 14, 0, 3.25%, 0, 0, 1, 153.35
1495403692, 6, 50, 225, 14, 0, 3.25%, 0, 0, 1, 154.37
1495403708, 6, 52, 225, 14, 0, 3.25%, 0, 0, 1, 139.77
1495403723, 6, 53, 225, 14, 0, 3.25%, 0, 0, 1, 150.85
1495403728, 6, 54, 225, 14, 0, 3.25%, 0, 0, 1, 126.95
1495403754, 6, 56, 225, 14, 0, 3.25%, 0, 0, 1, 151.12
1495403769, 6, 59, 225, 14, 0, 3.25%, 0, 0, 1, 146.73
1495403775, 6, 60, 225, 14, 0, 3.25%, 0, 0, 1, 141.38
1495403790, 6, 65, 225, 14, 0, 3.25%, 0, 0, 1, 137.68
1495403810, 6, 68, 225, 14, 0, 3.25%, 0, 0, 1, 126.50
1495403826, 6, 70, 225, 14, 0, 3.25%, 0, 0, 1, 132.02
1495403836, 6, 71, 225, 14, 0, 3.25%, 0, 0, 1, 130.80
1495403841, 6, 72, 225, 14, 0, 3.25%, 0, 0, 1, 128.89
1495403856, 6, 74, 225, 14, 0, 3.25%, 0, 0, 1, 125.84
1495403877, 6, 75, 225, 14, 0, 3.25%, 0, 0, 1, 132.36
1495403892, 6, 76, 225, 14, 0, 3.25%, 0, 0, 1, 131.57
1495403908, 6, 78, 225, 14, 0, 3.25%, 0, 0, 1, 135.45
1495403913, 6, 80, 225, 14, 0, 3.25%, 0, 0, 1, 135.50
1495403928, 6, 82, 225, 14, 0, 3.25%, 0, 0, 1, 124.32
1495403943, 6, 83, 225, 14, 0, 3.25%, 0, 0, 1, 129.75
1495403948, 6, 85, 225, 14, 0, 3.25%, 0, 0, 1, 130.33
1495403964, 6, 86, 225, 14, 0, 3.25%, 0, 0, 1, 144.58
1495403969, 6, 88, 225, 14, 0, 3.25%, 0, 0, 1, 131.01
1495403995, 6, 90, 225, 14, 0, 3.25%, 0, 0, 1, 124.91
1495404010, 6, 91, 225, 14, 0, 3.25%, 0, 0, 1, 137.52
1495404015, 6, 92, 225, 13, 0, 3.25%, 0, 0, 1, 131.52
1495404030, 6, 93, 225, 13, 0, 3.25%, 0, 0, 1, 125.00
1495404036, 6, 94, 225, 13, 0, 3.25%, 0, 0, 1, 141.78
1495404041, 6, 96, 225, 13, 0, 3.25%, 0, 0, 1, 150.33
1495404051, 6, 97, 225, 13, 0, 3.25%, 0, 0, 1, 147.26
1495404056, 6, 98, 225, 13, 0, 3.25%, 0, 0, 1, 134.50
1495404071, 6, 100, 225, 13, 0, 3.25%, 0, 0, 1, 148.83
1495404087, 6, 101, 225, 13, 0, 3.25%, 0, 0, 1, 157.58
1495404092, 6, 102, 225, 13, 0, 3.25%, 0, 0, 1, 152.57
1495404107, 6, 104, 225, 13, 0, 3.25%, 0, 0, 1, 154.76
1495404112, 6, 106, 225, 13, 0, 3.25%, 0, 0, 1, 150.81
1495404118, 6, 108, 225, 13, 0, 3.25%, 0, 0, 1, 143.68
1495404133, 6, 110, 225, 13, 0, 3.25%, 0, 0, 1, 149.48
1495404138, 6, 111, 225, 13, 0, 3.25%, 0, 0, 1, 155.35
1495404153, 6, 112, 225, 13, 0, 3.25%, 0, 0, 1, 147.70
1495404158, 6, 113, 225, 13, 0, 3.25%, 0, 0, 1, 144.54
1495404173, 6, 115, 225, 13, 0, 3.25%, 0, 0, 1, 148.78
1495404179, 6, 116, 225, 13, 0, 3.25%, 0, 0, 1, 143.41
1495404184, 6, 118, 225, 13, 0, 3.25%, 0, 0, 1, 157.67
1495404189, 6, 119, 225, 13, 0, 3.25%, 0, 0, 1, 157.35
1495404199, 6, 121, 225, 13, 0, 3.25%, 0, 0, 1, 158.69
1495404214, 6, 124, 225, 13, 0, 3.25%, 0, 0, 1, 152.23
1495404235, 6, 127, 225, 13, 0, 3.25%, 0, 0, 1, 147.46
1495404250, 6, 128, 225, 13, 0, 3.25%, 0, 0, 1, 151.40
1495404255, 6, 129, 225, 13, 0, 3.25%, 0, 0, 1, 151.30
1495404275, 6, 130, 225, 13, 0, 3.25%, 0, 0, 1, 147.36
1495404280, 6, 133, 225, 13, 0, 3.25%, 0, 0, 1, 148.19
1495404306, 6, 135, 225, 13, 0, 3.25%, 0, 0, 1, 141.24
1495404327, 6, 137, 225, 13, 0, 3.25%, 0, 0, 1, 128.52
1495404332, 6, 138, 225, 13, 0, 3.25%, 0, 0, 1, 130.97
1495404347, 6, 139, 225, 13, 0, 3.25%, 0, 0, 1, 124.43
1495404352, 6, 140, 225, 13, 0, 3.25%, 0, 0, 1, 139.16
1495404368, 6, 142, 225, 13, 0, 3.25%, 0, 0, 1, 129.09
1495404393, 6, 144, 225, 13, 0, 3.25%, 0, 0, 1, 129.62
1495404398, 6, 147, 225, 13, 0, 3.25%, 0, 0, 1, 127.25
1495404404, 6, 148, 225, 13, 0, 3.25%, 0, 0, 1, 134.00
1495404419, 6, 149, 225, 13, 0, 3.25%, 0, 0, 1, 125.82
1495404424, 6, 150, 225, 13, 0, 3.25%, 0, 0, 1, 137.94
1495404429, 6, 151, 225, 13, 0, 3.25%, 0, 0, 1, 138.01
1495404445, 6, 152, 225, 13, 0, 3.25%, 0, 0, 1, 122.87
1495404450, 6, 153, 225, 13, 0, 3.25%, 0, 0, 1, 132.05
1495404465, 6, 155, 225, 13, 0, 3.25%, 0, 0, 1, 126.59
1495404485, 6, 156, 225, 13, 0, 3.25%, 0, 0, 1, 126.85
1495404491, 6, 157, 225, 12, 0, 3.25%, 0, 0, 1, 132.26
1495404506, 6, 158, 225, 12, 0, 3.25%, 0, 0, 1, 134.08
1495404511, 6, 160, 225, 12, 0, 3.25%, 0, 0, 1, 125.44
1495404527, 6, 161, 225, 12, 0, 3.25%, 0, 0, 1, 127.74
1495404532, 6, 162, 225, 12, 0, 3.25%, 0, 0, 1, 132.32
1495404547, 6, 163, 225, 12, 0, 3.25%, 0, 0, 1, 125.21
1495404552, 6, 164, 225, 12, 0, 3.25%, 0, 0, 1, 128.26
1495404567, 6, 166, 225, 12, 0, 3.25%, 0, 0, 1, 139.26
1495404583, 6, 168, 225, 12, 0, 3.25%, 0, 0, 1, 164.37
1495404608, 6, 169, 225, 12, 0, 3.25%, 0, 0, 1, 137.37
1495404614, 6, 171, 225, 12, 0, 3.25%, 0, 0, 1, 140.41
1495404634, 6, 172, 225, 12, 0, 3.25%, 0, 0, 1, 142.42
1495404639, 6, 174, 225, 12, 0, 3.25%, 0, 0, 1, 140.74
1495404665, 6, 176, 225, 11, 0, 3.25%, 0, 0, 1, 142.97
1495404680, 6, 177, 225, 11, 0, 3.25%, 0, 0, 1, 132.45
1495404685, 6, 178, 225, 11, 0, 3.25%, 0, 0, 1, 137.51
1495404701, 6, 179, 225, 11, 0, 3.25%, 0, 0, 1, 148.10
1495404706, 6, 180, 225, 11, 0, 3.25%, 0, 0, 1, 143.37
1495404716, 6, 182, 225, 11, 0, 3.25%, 0, 0, 1, 159.08
1495404731, 6, 183, 225, 11, 0, 3.25%, 0, 0, 1, 149.94
1495404736, 6, 184, 225, 11, 0, 3.25%, 0, 0, 1, 148.41
1495404747, 6, 186, 225, 11, 0, 3.25%, 0, 0, 1, 150.19
1495404762, 6, 189, 225, 11, 0, 3.25%, 0, 0, 1, 150.49
1495404767, 6, 190, 225, 11, 0, 3.25%, 0, 0, 1, 144.65
1495404772, 6, 192, 225, 11, 0, 3.25%, 0, 0, 1, 152.39
1495404778, 6, 193, 225, 11, 0, 3.25%, 0, 0, 1, 152.18
1495404793, 6, 196, 225, 11, 0, 3.25%, 0, 0, 1, 142.17
1495404808, 6, 197, 225, 11, 0, 3.25%, 0, 0, 1, 150.33
1495404813, 6, 198, 225, 11, 0, 3.25%, 0, 0, 1, 142.46
1495404829, 6, 200, 225, 11, 0, 3.25%, 0, 0, 1, 140.48
1495404845, 6, 201, 225, 11, 0, 3.25%, 0, 0, 1, 136.49
1495404850, 6, 202, 225, 11, 0, 3.25%, 0, 0, 1, 138.12
1495404870, 6, 203, 225, 11, 0, 3.25%, 0, 0, 1, 124.13
1495404875, 6, 204, 225, 11, 0, 3.25%, 0, 0, 1, 121.83
1495404890, 6, 207, 225, 11, 0, 3.25%, 0, 0, 1, 138.41
