# unix_time, cycles_done, cur_path, paths_total, pending_total, pending_favs, map_size, unique_crashes, unique_hangs, max_depth, execs_per_sec
1496889145, 0, 0, 240, 240, 188, 3.49%, 0, 0, 1, 1475.09
1496889150, 0, 0, 244, 243, 187, 3.49%, 0, 0, 1, 1004.78
1496889155, 0, 19, 244, 225, 169, 3.49%, 0, 0, 1, 1111.46
1496889160, 0, 44, 244, 203, 147, 3.49%, 0, 0, 1, 1162.61
1496889165, 0, 63, 244, 185, 129, 3.49%, 0, 0, 1, 1194.31
1496889170, 0, 82, 244, 166, 110, 3.49%, 0, 0, 1, 1187.21
1496889175, 0, 99, 244, 149, 93, 3.49%, 0, 0, 1, 1203.45
1496889180, 0, 115, 244, 133, 77, 3.49%, 0, 0, 1, 1188.76
1496889185, 0, 130, 244, 120, 64, 3.49%, 0, 0, 1, 1126.82
1496889190, 0, 143, 244, 108, 52, 3.49%, 0, 0, 1, 1105.42
1496889195, 0, 158, 244, 97, 41, 3.49%, 0, 0, 1, 1116.73
1496889201, 0, 169, 244, 87, 31, 3.49%, 0, 0, 1, 1137.80
1496889206, 0, 191, 244, 76, 20, 3.49%, 0, 0, 1, 1086.49
1496889211, 0, 205, 244, 66, 11, 3.49%, 0, 0, 1, 1048.69
1496889216, 0, 232, 244, 56, 2, 3.49%, 0, 0, 1, 1064.90
1496889221, 0, 234, 244, 55, 1, 3.49%, 0, 0, 1, 98.75
1496889226, 1, 9, 244, 54, 0, 3.49%, 0, 0, 1, 785.12
1496889231, 1, 34, 244, 52, 0, 3.49%, 0, 0, 1, 1074.45
1496889236, 1, 52, 244, 52, 0, 3.49%, 0, 0, 1, 1115.75
1496889241, 1, 69, 244, 52, 0, 3.49%, 0, 0, 1, 1146.64
1496889246, 1, 89, 244, 52, 0, 3.49%, 0, 0, 1, 1101.59
1496889252, 1, 105, 244, 52, 0, 3.49%, 0, 0, 1, 1138.64
1496889257, 1, 121, 244, 50, 0, 3.49%, 0, 0, 1, 1094.91
1496889262, 1, 133, 244, 50, 0, 3.49%, 0, 0, 1, 1079.04
1496889267, 1, 150, 244, 49, 0, 3.49%, 0, 0, 1, 1163.17
1496889272, 1, 160, 244, 49, 0, 3.49%, 0, 0, 1, 1128.45
1496889277, 1, 171, 244, 49, 0, 3.49%, 0, 0, 1, 1113.29
1496889282, 1, 193, 244, 47, 0, 3.49%, 0, 0, 1, 1127.62
1496889287, 1, 206, 244, 46, 0, 3.49%, 0, 0, 1, 1052.25
1496889292, 1, 230, 244, 41, 0, 3.49%, 0, 0, 1, 1074.46
1496889297, 1, 240, 244, 41, 0, 3.49%, 0, 0, 1, 704.83
1496889328, 1, 242, 244, 40, 0, 3.49%, 0, 0, 1, 901.09
1496889343, 2, 17, 244, 39, 0, 3.49%, 0, 0, 1, 1151.90
1496889348, 2, 34, 244, 39, 0, 3.49%, 0, 0, 1, 1099.62
1496889353, 2, 43, 244, 39, 0, 3.49%, 0, 0, 1, 1123.90
1496889358, 2, 51, 244, 39, 0, 3.49%, 0, 0, 1, 1081.80
1496889364, 2, 58, 244, 39, 0, 3.49%, 0, 0, 1, 1100.67
1496889369, 2, 65, 244, 39, 0, 3.49%, 0, 0, 1, 1095.94
1496889374, 2, 68, 244, 39, 0, 3.49%, 0, 0, 1, 1106.75
1496889379, 2, 76, 244, 39, 0, 3.49%, 0, 0, 1, 1122.76
1496889384, 2, 84, 244, 39, 0, 3.49%, 0, 0, 1, 1119.72
1496889389, 2, 90, 244, 39, 0, 3.49%, 0, 0, 1, 1157.88
1496889394, 2, 97, 244, 39, 0, 3.49%, 0, 0, 1, 1197.83
1496889399, 2, 102, 244, 39, 0, 3.49%, 0, 0, 1, 1148.09
1496889404, 2, 109, 244, 39, 0, 3.49%, 0, 0, 1, 1151.99
1496889409, 2, 114, 244, 39, 0, 3.49%, 0, 0, 1, 1177.11
1496889414, 2, 122, 244, 39, 0, 3.49%, 0, 0, 1, 1189.24
1496889419, 2, 128, 244, 39, 0, 3.49%, 0, 0, 1, 1173.76
1496889424, 2, 131, 244, 39, 0, 3.49%, 0, 0, 1, 1174.80
1496889429, 2, 136, 244, 39, 0, 3.49%, 0, 0, 1, 1178.37
1496889434, 2, 142, 244, 39, 0, 3.49%, 0, 0, 1, 1196.72
1496889439, 2, 150, 244, 39, 0, 3.49%, 0, 0, 1, 1167.07
1496889444, 2, 154, 244, 39, 0, 3.49%, 0, 0, 1, 1185.38
1496889449, 2, 159, 244, 39, 0, 3.49%, 0, 0, 1, 1207.06
1496889454, 2, 162, 244, 39, 0, 3.49%, 0, 0, 1, 1155.02
1496889459, 2, 165, 244, 39, 0, 3.49%, 0, 0, 1, 1166.26
1496889464, 2, 169, 244, 38, 0, 3.49%, 0, 0, 1, 1173.05
1496889469, 2, 177, 244, 38, 0, 3.49%, 0, 0, 1, 1181.46
1496889475, 2, 188, 244, 38, 0, 3.49%, 0, 0, 1, 1130.13
1496889480, 2, 192, 244, 37, 0, 3.49%, 0, 0, 1, 1165.32
1496889485, 2, 196, 244, 37, 0, 3.49%, 0, 0, 1, 1169.53
1496889490, 2, 203, 244, 36, 0, 3.49%, 0, 0, 1, 1084.21
1496889495, 2, 209, 244, 36, 0, 3.49%, 0, 0, 1, 1185.43
1496889500, 2, 219, 244, 34, 0, 3.49%, 0, 0, 1, 1150.54
1496889505, 2, 230, 244, 32, 0, 3.49%, 0, 0, 1, 1174.63
1496889510, 2, 243, 244, 30, 0, 3.49%, 0, 0, 1, 174.79
1496890608, 3, 14, 244, 29, 0, 3.49%, 0, 0, 1, 1149.49
1496890613, 3, 29, 244, 29, 0, 3.49%, 0, 0, 1, 1169.33
1496890619, 3, 39, 244, 29, 0, 3.49%, 0, 0, 1, 1136.30
1496890624, 3, 48, 244, 28, 0, 3.49%, 0, 0, 1, 1176.90
1496890629, 3, 55, 244, 28, 0, 3.49%, 0, 0, 1, 1182.30
1496890634, 3, 62, 244, 28, 0, 3.49%, 0, 0, 1, 1180.10
1496890639, 3, 67, 244, 28, 0, 3.49%, 0, 0, 1, 1153.97
1496890644, 3, 74, 244, 28, 0, 3.49%, 0, 0, 1, 1154.70
1496890649, 3, 83, 244, 28, 0, 3.49%, 0, 0, 1, 1139.21
1496890654, 3, 89, 244, 28, 0, 3.49%, 0, 0, 1, 1162.20
1496890659, 3, 97, 244, 28, 0, 3.49%, 0, 0, 1, 1156.76
1496890664, 3, 102, 244, 28, 0, 3.49%, 0, 0, 1, 1183.78
1496890669, 3, 108, 244, 28, 0, 3.49%, 1, 0, 1, 1168.66
1496890674, 3, 113, 244, 28, 0, 3.49%, 1, 0, 1, 1178.50
1496890680, 3, 122, 244, 28, 0, 3.49%, 1, 0, 1, 1158.68
1496890685, 3, 128, 244, 28, 0, 3.49%, 1, 0, 1, 1167.21
1496890690, 3, 131, 244, 28, 0, 3.49%, 1, 0, 1, 1174.98
1496890695, 3, 136, 244, 28, 0, 3.49%, 1, 0, 1, 1176.79
1496890700, 3, 142, 244, 28, 0, 3.49%, 1, 0, 1, 1158.81
1496890705, 3, 150, 244, 27, 0, 3.49%, 1, 0, 1, 1164.27
1496890710, 3, 154, 244, 27, 0, 3.49%, 1, 0, 1, 1189.01
1496890715, 3, 158, 244, 27, 0, 3.49%, 1, 0, 1, 1139.39
1496890721, 3, 162, 244, 27, 0, 3.49%, 1, 0, 1, 1194.54
1496890726, 3, 166, 244, 27, 0, 3.49%, 1, 0, 1, 1151.31
1496890731, 3, 170, 244, 27, 0, 3.49%, 1, 0, 1, 1155.38
1496890736, 3, 183, 244, 27, 0, 3.49%, 1, 0, 1, 1172.86
1496890741, 3, 188, 244, 25, 0, 3.49%, 2, 0, 1, 1151.23
1496890746, 3, 193, 244, 25, 0, 3.49%, 2, 0, 1, 1150.13
1496890751, 3, 202, 244, 25, 0, 3.49%, 2, 0, 1, 1178.63
1496890756, 3, 206, 244, 25, 0, 3.49%, 2, 0, 1, 1155.30
1496890761, 3, 219, 244, 25, 0, 3.49%, 2, 0, 1, 1144.95
1496890766, 3, 233, 244, 25, 0, 3.49%, 2, 0, 1, 1129.00
1496890771, 3, 239, 244, 23, 0, 3.49%, 2, 0, 1, 182.37
1496891869, 4, 4, 244, 22, 0, 3.49%, 2, 0, 1, 730.33
1496891874, 4, 21, 244, 22, 0, 3.49%, 2, 0, 1, 1071.40
1496891879, 4, 37, 244, 22, 0, 3.49%, 2, 0, 1, 1178.35
1496891884, 4, 47, 244, 22, 0, 3.49%, 2, 0, 1, 1201.50
1496891889, 4, 54, 244, 22, 0, 3.49%, 2, 0, 1, 1191.32
1496891894, 4, 60, 244, 22, 0, 3.49%, 2, 0, 1, 1185.92
1496891899, 4, 66, 244, 22, 0, 3.49%, 2, 0, 1, 1160.26
1496891904, 4, 72, 244, 22, 0, 3.49%, 2, 0, 1, 1156.64
1496891909, 4, 79, 244, 22, 0, 3.49%, 2, 0, 1, 1140.45
1496891915, 4, 88, 244, 22, 0, 3.49%, 2, 0, 1, 1166.26
1496891920, 4, 94, 244, 22, 0, 3.49%, 2, 0, 1, 1168.57
1496891925, 4, 100, 244, 22, 0, 3.49%, 2, 0, 1, 1174.59
1496891930, 4, 105, 244, 22, 0, 3.49%, 2, 0, 1, 1186.82
1496891935, 4, 111, 244, 22, 0, 3.49%, 2, 0, 1, 1166.26
1496891940, 4, 118, 244, 22, 0, 3.49%, 2, 0, 1, 1138.80
1496891945, 4, 125, 244, 22, 0, 3.49%, 2, 0, 1, 1177.95
1496891950, 4, 130, 244, 22, 0, 3.49%, 2, 0, 1, 1144.74
1496891955, 4, 134, 244, 22, 0, 3.49%, 2, 0, 1, 1173.17
1496891960, 4, 139, 244, 22, 0, 3.49%, 2, 0, 1, 1186.63
1496891965, 4, 148, 244, 21, 0, 3.49%, 2, 0, 1, 1190.11
1496891970, 4, 153, 244, 21, 0, 3.49%, 2, 0, 1, 1157.23
1496891975, 4, 156, 244, 21, 0, 3.49%, 2, 0, 1, 1142.59
1496891981, 4, 160, 244, 21, 0, 3.49%, 2, 0, 1, 1200.13
1496891986, 4, 163, 244, 21, 0, 3.49%, 2, 0, 1, 1181.10
1496891991, 4, 168, 244, 21, 0, 3.49%, 2, 0, 1, 1177.20
1496891996, 4, 175, 244, 21, 0, 3.49%, 2, 0, 1, 1177.81
1496892001, 4, 183, 244, 19, 0, 3.49%, 2, 0, 1, 1153.65
1496892006, 4, 189, 244, 19, 0, 3.49%, 2, 0, 1, 1170.30
1496892011, 4, 195, 244, 19, 0, 3.49%, 2, 0, 1, 1124.42
1496892016, 4, 202, 244, 19, 0, 3.49%, 2, 0, 1, 1178.26
1496892021, 4, 206, 244, 19, 0, 3.49%, 2, 0, 1, 1163.62
1496892026, 4, 219, 244, 19, 0, 3.49%, 2, 0, 1, 1175.80
1496892032, 5, 2, 244, 19, 0, 3.49%, 2, 0, 1, 1109.89
1496892037, 5, 20, 244, 19, 0, 3.49%, 2, 0, 1, 1133.76
1496892042, 5, 36, 244, 19, 0, 3.49%, 2, 0, 1, 1174.10
1496892047, 5, 45, 244, 19, 0, 3.49%, 2, 0, 1, 1164.96
1496892052, 5, 52, 244, 19, 0, 3.49%, 2, 0, 1, 1183.06
1496892057, 5, 58, 244, 19, 0, 3.49%, 2, 0, 1, 1157.59
1496892062, 5, 66, 244, 19, 0, 3.49%, 2, 0, 1, 1169.05
1496892067, 5, 72, 244, 19, 0, 3.49%, 2, 0, 1, 1178.99
1496892072, 5, 79, 244, 19, 0, 3.49%, 2, 0, 1, 1175.99
1496892077, 5, 87, 244, 19, 0, 3.49%, 2, 0, 1, 1184.55
1496892082, 5, 94, 244, 19, 0, 3.49%, 2, 0, 1, 1200.54
1496892087, 5, 100, 244, 19, 0, 3.49%, 2, 0, 1, 1186.86
1496892093, 5, 106, 244, 19, 0, 3.49%, 2, 0, 1, 1186.07
1496892098, 5, 112, 244, 19, 0, 3.49%, 2, 0, 1, 1158.69
1496892103, 5, 119, 244, 19, 0, 3.49%, 2, 0, 1, 1158.77
1496892108, 5, 125, 244, 19, 0, 3.49%, 2, 0, 1, 1172.02
1496892113, 5, 130, 244, 19, 0, 3.49%, 2, 0, 1, 1175.12
1496892118, 5, 134, 244, 19, 0, 3.49%, 2, 0, 1, 1140.77
1496892123, 5, 141, 244, 19, 0, 3.49%, 2, 0, 1, 1179.39
1496892128, 5, 149, 244, 19, 0, 3.49%, 2, 0, 1, 1157.39
1496892133, 5, 153, 244, 19, 0, 3.49%, 2, 0, 1, 1157.02
1496892138, 5, 157, 244, 19, 0, 3.49%, 2, 0, 1, 1188.53
1496892144, 5, 161, 244, 19, 0, 3.49%, 2, 0, 1, 1194.41
1496892149, 5, 166, 244, 19, 0, 3.49%, 2, 0, 1, 1191.03
1496892154, 5, 169, 244, 19, 0, 3.49%, 2, 0, 1, 1180.27
1496892159, 5, 179, 244, 19, 0, 3.49%, 2, 0, 1, 1155.69
1496892164, 5, 188, 244, 18, 0, 3.49%, 2, 0, 1, 1157.55
1496892169, 5, 193, 244, 18, 0, 3.49%, 2, 0, 1, 1186.20
1496892174, 5, 199, 244, 18, 0, 3.49%, 2, 0, 1, 1172.77
1496892179, 5, 205, 244, 18, 0, 3.49%, 2, 0, 1, 1128.10
1496892185, 5, 219, 244, 18, 0, 3.49%, 2, 0, 1, 1161.80
1496892190, 5, 230, 244, 17, 0, 3.49%, 2, 0, 1, 1148.46
1496892195, 5, 236, 244, 17, 0, 3.49%, 2, 0, 1, 997.98
1496892210, 6, 15, 244, 16, 0, 3.49%, 2, 0, 1, 1139.83
1496892215, 6, 30, 244, 16, 0, 3.49%, 2, 0, 1, 1175.92
1496892220, 6, 40, 244, 16, 0, 3.49%, 2, 0, 1, 1194.85
1496892225, 6, 50, 244, 16, 0, 3.49%, 2, 0, 1, 1171.31
1496892230, 6, 57, 244, 16, 0, 3.49%, 2, 0, 1, 1181.87
1496892235, 6, 63, 244, 15, 0, 3.49%, 2, 0, 1, 1184.28
1496892240, 6, 68, 244, 15, 0, 3.49%, 2, 0, 1, 1178.71
1496892245, 6, 75, 244, 15, 0, 3.49%, 2, 0, 1, 1181.64
1496892251, 6, 84, 244, 15, 0, 3.49%, 2, 0, 1, 1153.61
1496892256, 6, 90, 244, 15, 0, 3.49%, 2, 0, 1, 1151.81
1496892261, 6, 97, 244, 15, 0, 3.49%, 2, 0, 1, 1162.12
1496892266, 6, 103, 244, 15, 0, 3.49%, 2, 0, 1, 1176.80
1496892271, 6, 109, 244, 15, 0, 3.49%, 2, 0, 1, 1175.00
1496892276, 6, 115, 244, 15, 0, 3.49%, 2, 0, 1, 1198.06
1496892281, 6, 123, 244, 15, 0, 3.49%, 2, 0, 1, 1199.20
1496892286, 6, 129, 244, 15, 0, 3.49%, 2, 0, 1, 1180.80
1496892291, 6, 132, 244, 15, 0, 3.49%, 2, 0, 1, 1160.75
1496892296, 6, 137, 244, 15, 0, 3.49%, 2, 0, 1, 1179.57
1496892301, 6, 142, 244, 15, 0, 3.49%, 2, 0, 1, 1174.28
1496892306, 6, 151, 244, 15, 0, 3.49%, 2, 0, 1, 1154.92
1496892312, 6, 155, 244, 15, 0, 3.49%, 2, 0, 1, 1166.57
1496892317, 6, 159, 244, 15, 0, 3.49%, 2, 0, 1, 1173.67
1496892322, 6, 162, 244, 15, 0, 3.49%, 2, 0, 1, 1171.82
1496892327, 6, 168, 244, 15, 0, 3.49%, 2, 0, 1, 1186.20
1496892332, 6, 171, 244, 15, 0, 3.49%, 2, 0, 1, 1188.48
1496892337, 6, 183, 244, 15, 0, 3.49%, 2, 0, 1, 1151.65
1496892342, 6, 189, 244, 15, 0, 3.49%, 2, 0, 1, 1180.38
1496892347, 6, 194, 244, 15, 0, 3.49%, 2, 0, 1, 1163.43
1496892352, 6, 203, 244, 15, 0, 3.49%, 2, 0, 1, 1140.57
1496892357, 6, 207, 244, 15, 0, 3.49%, 2, 0, 1, 1154.17
1496892362, 6, 211, 244, 13, 0, 3.49%, 2, 0, 1, 1166.96
1496892367, 6, 222, 244, 12, 0, 3.49%, 2, 0, 1, 1164.26
1496892373, 6, 238, 244, 10, 0, 3.49%, 2, 0, 1, 1078.24
1496892378, 7, 17, 244, 10, 0, 3.49%, 2, 0, 1, 1132.79
1496892383, 7, 35, 244, 10, 0, 3.49%, 2, 0, 1, 1174.32
1496892388, 7, 44, 244, 10, 0, 3.49%, 2, 0, 1, 1166.49
1496892393, 7, 52, 244, 10, 0, 3.49%, 2, 0, 1, 1178.03
1496892398, 7, 58, 244, 10, 0, 3.49%, 2, 0, 1, 1188.54
1496892403, 7, 65, 244, 10, 0, 3.49%, 2, 0, 1, 1190.76
1496892408, 7, 70, 244, 10, 0, 3.49%, 2, 0, 1, 1163.55
1496892413, 7, 78, 244, 10, 0, 3.49%, 2, 0, 1, 1175.96
1496892418, 7, 86, 244, 10, 0, 3.49%, 2, 0, 1, 1142.62
1496892423, 7, 93, 244, 10, 0, 3.49%, 2, 0, 1, 1148.81
1496892428, 7, 98, 244, 10, 0, 3.49%, 2, 0, 1, 1160.39
1496892433, 7, 105, 244, 10, 0, 3.49%, 2, 0, 1, 1166.76
1496892439, 7, 110, 244, 10, 0, 3.49%, 2, 0, 1, 1164.14
1496892444, 7, 117, 244, 10, 0, 3.49%, 2, 0, 1, 1166.29
1496892449, 7, 124, 244, 10, 0, 3.49%, 2, 0, 1, 1176.15
1496892454, 7, 130, 244, 10, 0, 3.49%, 2, 0, 1, 1183.16
1496892459, 7, 134, 244, 10, 0, 3.49%, 2, 0, 1, 1182.14
1496892464, 7, 139, 244, 10, 0, 3.49%, 2, 0, 1, 1167.14
1496892469, 7, 144, 244, 9, 0, 3.49%, 2, 0, 1, 1176.27
1496892474, 7, 152, 244, 9, 0, 3.49%, 2, 0, 1, 1173.84
1496892479, 7, 155, 244, 9, 0, 3.49%, 2, 0, 1, 1170.90
1496892484, 7, 160, 244, 9, 0, 3.49%, 2, 0, 1, 1186.68
1496892489, 7, 163, 244, 9, 0, 3.49%, 2, 0, 1, 1182.61
1496892494, 7, 168, 244, 9, 0, 3.49%, 2, 0, 1, 1174.68
1496892499, 7, 171, 244, 9, 0, 3.49%, 2, 0, 1, 1174.53
1496892504, 7, 182, 244, 8, 0, 3.49%, 2, 0, 1, 1179.52
1496892510, 7, 188, 244, 8, 0, 3.49%, 2, 0, 1, 1177.50
1496892515, 7, 193, 244, 8, 0, 3.49%, 2, 0, 1, 1173.56
1496892520, 7, 199, 244, 8, 0, 3.49%, 2, 0, 1, 1185.13
1496892525, 7, 204, 244, 7, 0, 3.49%, 2, 0, 1, 1112.36
1496892530, 7, 217, 244, 7, 0, 3.49%, 2, 0, 1, 1197.47
1496892535, 7, 227, 244, 7, 0, 3.49%, 2, 0, 1, 1180.92
1496892540, 8, 10, 244, 7, 0, 3.49%, 2, 0, 1, 1124.46
1496892545, 8, 27, 244, 7, 0, 3.49%, 2, 0, 1, 1174.80
1496892550, 8, 39, 244, 7, 0, 3.49%, 2, 0, 1, 1177.29
1496892555, 8, 48, 244, 7, 0, 3.49%, 2, 0, 1, 1191.83
1496892560, 8, 55, 244, 7, 0, 3.49%, 2, 0, 1, 1171.89
1496892565, 8, 62, 244, 7, 0, 3.49%, 2, 0, 1, 1170.00
1496892570, 8, 67, 244, 7, 0, 3.49%, 2, 0, 1, 1159.51
1496892575, 8, 74, 244, 7, 0, 3.49%, 2, 0, 1, 1145.95
1496892580, 8, 83, 244, 7, 0, 3.49%, 2, 0, 1, 1165.21
1496892585, 8, 89, 244, 7, 0, 3.49%, 2, 0, 1, 1175.24
1496892591, 8, 97, 244, 7, 0, 3.49%, 2, 0, 1, 1162.25
1496892596, 8, 101, 244, 7, 0, 3.49%, 2, 0, 1, 1024.19
1496892601, 8, 107, 244, 7, 0, 3.49%, 2, 0, 1, 1137.91
1496892606, 8, 112, 244, 7, 0, 3.49%, 2, 0, 1, 1167.24
1496892611, 8, 121, 244, 7, 0, 3.49%, 2, 0, 1, 1175.47
1496892616, 8, 127, 244, 7, 0, 3.49%, 2, 0, 1, 1166.62
1496892621, 8, 131, 244, 7, 0, 3.49%, 2, 0, 1, 1167.48
1496892626, 8, 135, 244, 7, 0, 3.49%, 2, 0, 1, 1182.30
1496892631, 8, 141, 244, 7, 0, 3.49%, 2, 0, 1, 1152.92
1496892636, 8, 149, 244, 7, 0, 3.49%, 2, 0, 1, 1142.85
1496892641, 8, 153, 244, 7, 0, 3.49%, 2, 0, 1, 1172.96
1496892646, 8, 157, 244, 7, 0, 3.49%, 2, 0, 1, 1139.26
1496892651, 8, 161, 244, 7, 0, 3.49%, 2, 0, 1, 1159.18
1496892656, 8, 164, 244, 7, 0, 3.49%, 2, 0, 1, 1151.19
1496892662, 8, 169, 244, 7, 0, 3.49%, 2, 0, 1, 1152.35
1496892667, 8, 175, 244, 7, 0, 3.49%, 2, 0, 1, 1164.68
1496892672, 8, 185, 244, 6, 0, 3.49%, 2, 0, 1, 1188.49
1496892677, 8, 189, 244, 6, 0, 3.49%, 2, 0, 1, 1173.61
1496892682, 8, 195, 244, 6, 0, 3.49%, 2, 0, 1, 1193.58
1496892687, 8, 203, 244, 6, 0, 3.49%, 2, 0, 1, 1143.98
1496892692, 8, 208, 244, 6, 0, 3.49%, 2, 0, 1, 1171.63
1496892697, 8, 218, 244, 6, 0, 3.49%, 2, 0, 1, 1177.59
1496892702, 8, 232, 244, 6, 0, 3.49%, 2, 0, 1, 1110.49
1496892707, 8, 241, 244, 6, 0, 3.49%, 2, 0, 1, 167.05
