# unix_time, cycles_done, cur_path, paths_total, pending_total, pending_favs, map_size, unique_crashes, unique_hangs, max_depth, execs_per_sec
1494230076, 0, 0, 522, 522, 177, 4.19%, 0, 0, 2, 61.35
1494230087, 0, 0, 522, 521, 176, 4.19%, 0, 0, 2, 94.13
1494230117, 0, 0, 523, 522, 176, 4.19%, 0, 0, 2, 58.24
1494230292, 0, 1, 523, 522, 176, 4.19%, 0, 0, 2, 74.47
1494230297, 0, 2, 523, 521, 175, 4.19%, 0, 0, 2, 107.92
1494230303, 0, 3, 523, 520, 174, 4.19%, 0, 0, 2, 123.51
1494230308, 0, 4, 523, 519, 173, 4.19%, 0, 0, 2, 175.50
1494230313, 0, 8, 523, 516, 170, 4.19%, 0, 0, 2, 101.92
1494230318, 0, 11, 523, 515, 169, 4.19%, 0, 0, 2, 141.63
1494230323, 0, 14, 523, 513, 167, 4.19%, 0, 0, 2, 134.51
1494230333, 0, 15, 523, 512, 166, 4.19%, 0, 0, 2, 179.16
1494230338, 0, 20, 523, 510, 164, 4.19%, 0, 0, 2, 158.60
1494230343, 0, 22, 523, 509, 163, 4.19%, 0, 0, 2, 139.39
1494230349, 0, 25, 523, 507, 161, 4.19%, 0, 0, 2, 175.32
1494230354, 0, 28, 523, 506, 160, 4.19%, 0, 0, 2, 105.39
1494230359, 0, 29, 523, 505, 159, 4.19%, 0, 0, 2, 117.27
1494230364, 0, 31, 523, 504, 158, 4.19%, 0, 0, 2, 128.09
1494230369, 0, 37, 523, 502, 156, 4.19%, 0, 0, 2, 171.45
1494230374, 0, 38, 523, 501, 155, 4.19%, 0, 0, 2, 145.51
1494230379, 0, 40, 523, 500, 154, 4.19%, 0, 0, 2, 88.25
1494230384, 0, 41, 523, 499, 153, 4.19%, 0, 0, 2, 103.36
1494230389, 0, 42, 523, 498, 152, 4.19%, 0, 0, 2, 153.31
1494230395, 0, 43, 523, 497, 151, 4.19%, 0, 0, 2, 134.49
1494230400, 0, 46, 523, 495, 149, 4.19%, 0, 0, 2, 122.76
1494230410, 0, 47, 523, 494, 148, 4.19%, 0, 0, 2, 151.37
1494230415, 0, 49, 523, 493, 147, 4.19%, 0, 0, 2, 135.65
1494230420, 0, 55, 523, 492, 146, 4.19%, 0, 0, 2, 83.24
1494230425, 0, 57, 523, 491, 145, 4.19%, 0, 0, 2, 111.27
1494230435, 0, 58, 523, 490, 144, 4.19%, 0, 0, 2, 131.32
1494230440, 0, 61, 523, 488, 142, 4.19%, 0, 0, 2, 103.18
1494230451, 0, 64, 523, 486, 140, 4.19%, 0, 0, 2, 97.23
1494230456, 0, 66, 523, 485, 139, 4.19%, 0, 0, 2, 73.17
1494230466, 0, 69, 523, 483, 137, 4.19%, 0, 0, 2, 110.47
1494230476, 0, 72, 523, 481, 135, 4.19%, 0, 0, 2, 197.09
1494230481, 0, 74, 523, 480, 134, 4.19%, 0, 0, 2, 129.75
1494230486, 0, 75, 523, 479, 133, 4.19%, 0, 0, 2, 153.40
1494230491, 0, 76, 523, 478, 132, 4.19%, 0, 0, 2, 119.13
1494230496, 0, 78, 523, 477, 131, 4.19%, 0, 0, 2, 161.53
1494230502, 0, 79, 523, 476, 130, 4.19%, 0, 0, 2, 181.77
1494230507, 0, 80, 523, 475, 129, 4.19%, 0, 0, 2, 135.66
1494230512, 0, 82, 523, 474, 128, 4.19%, 0, 0, 2, 156.62
1494230517, 0, 83, 523, 473, 127, 4.19%, 0, 0, 2, 138.25
1494230522, 0, 84, 523, 472, 126, 4.19%, 0, 0, 2, 120.14
1494230527, 0, 87, 523, 470, 124, 4.19%, 0, 0, 2, 179.96
1494230532, 0, 91, 523, 469, 123, 4.19%, 0, 0, 2, 129.87
1494230537, 0, 92, 523, 468, 122, 4.19%, 0, 0, 2, 96.45
1494230542, 0, 93, 523, 467, 121, 4.19%, 0, 0, 2, 121.25
1494230547, 0, 94, 523, 466, 120, 4.19%, 0, 0, 2, 134.55
1494230553, 0, 98, 523, 464, 118, 4.19%, 0, 0, 2, 148.11
1494230563, 0, 99, 523, 463, 117, 4.19%, 0, 0, 2, 86.76
1494230573, 0, 100, 523, 462, 116, 4.19%, 0, 0, 2, 72.83
1494230578, 0, 101, 523, 461, 115, 4.19%, 0, 0, 2, 111.99
1494230583, 0, 105, 523, 460, 114, 4.19%, 0, 0, 2, 162.50
1494230588, 0, 108, 523, 459, 113, 4.19%, 0, 0, 2, 157.22
1494230593, 0, 110, 523, 458, 112, 4.19%, 0, 0, 2, 186.27
1494230599, 0, 114, 523, 457, 111, 4.19%, 0, 0, 2, 176.60
1494230604, 0, 115, 523, 456, 110, 4.19%, 0, 0, 2, 131.71
1494230614, 0, 118, 523, 455, 109, 4.19%, 0, 0, 2, 76.36
1494230619, 0, 126, 523, 454, 108, 4.19%, 0, 0, 2, 124.96
1494230624, 0, 127, 523, 453, 107, 4.19%, 0, 0, 2, 83.96
1494230629, 0, 129, 523, 452, 106, 4.19%, 0, 0, 2, 96.19
1494230634, 0, 131, 523, 451, 105, 4.19%, 0, 0, 2, 113.91
1494230639, 0, 133, 523, 450, 104, 4.19%, 0, 0, 2, 103.82
1494230650, 0, 134, 523, 449, 103, 4.19%, 0, 0, 2, 177.94
1494230655, 0, 138, 523, 448, 102, 4.19%, 0, 0, 2, 186.07
1494230660, 0, 140, 523, 447, 101, 4.19%, 0, 0, 2, 190.24
1494230665, 0, 153, 523, 446, 100, 4.19%, 0, 0, 2, 162.19
1494230675, 0, 157, 523, 445, 99, 4.19%, 0, 0, 2, 118.94
1494230686, 0, 166, 523, 443, 97, 4.19%, 0, 0, 2, 149.28
1494230691, 0, 167, 523, 442, 96, 4.19%, 0, 0, 2, 176.82
1494230696, 0, 169, 523, 441, 95, 4.19%, 0, 0, 2, 187.90
1494230701, 0, 174, 523, 440, 94, 4.19%, 0, 0, 2, 162.16
1494230711, 0, 176, 523, 439, 93, 4.19%, 0, 0, 2, 111.27
1494230716, 0, 178, 523, 438, 92, 4.19%, 0, 0, 2, 164.99
1494230721, 0, 179, 523, 437, 91, 4.19%, 0, 0, 2, 159.18
1494230727, 0, 180, 523, 436, 90, 4.19%, 0, 0, 2, 99.16
1494230732, 0, 184, 523, 435, 89, 4.19%, 0, 0, 2, 118.23
1494230742, 0, 185, 523, 434, 88, 4.19%, 0, 0, 2, 144.45
1494230747, 0, 195, 523, 433, 87, 4.19%, 0, 0, 2, 178.37
1494230757, 0, 198, 523, 432, 86, 4.19%, 0, 0, 2, 90.62
1494230762, 0, 200, 523, 431, 85, 4.19%, 0, 0, 2, 3.51
1494230768, 0, 201, 523, 430, 84, 4.19%, 0, 0, 2, 98.02
1494230804, 0, 205, 523, 429, 83, 4.19%, 0, 0, 2, 210.90
1494230809, 0, 213, 523, 428, 82, 4.19%, 0, 0, 2, 104.33
1494230814, 0, 214, 523, 427, 81, 4.19%, 0, 0, 2, 137.40
1494230819, 0, 218, 523, 426, 80, 4.19%, 0, 0, 2, 174.18
1494230829, 0, 224, 523, 425, 79, 4.19%, 0, 0, 2, 186.46
1494230834, 0, 226, 523, 424, 78, 4.19%, 0, 0, 2, 195.89
1494230839, 0, 235, 523, 423, 77, 4.19%, 0, 0, 2, 184.42
1494230845, 0, 238, 523, 422, 76, 4.19%, 0, 0, 2, 132.47
1494230850, 0, 241, 523, 421, 75, 4.19%, 0, 0, 2, 111.49
1494230855, 0, 247, 523, 420, 74, 4.19%, 0, 0, 2, 118.98
1494230860, 0, 249, 523, 419, 73, 4.19%, 0, 0, 2, 123.01
1494230865, 0, 256, 523, 418, 72, 4.19%, 0, 0, 2, 123.99
1494230881, 0, 257, 523, 417, 72, 4.19%, 0, 0, 2, 116.80
1494230886, 0, 261, 523, 416, 71, 4.19%, 0, 0, 2, 149.87
1494230891, 0, 264, 523, 415, 70, 4.19%, 0, 0, 2, 147.40
1494230906, 0, 266, 523, 414, 69, 4.19%, 0, 0, 2, 96.30
1494230912, 0, 271, 523, 413, 68, 4.19%, 0, 0, 2, 126.82
1494230917, 0, 273, 523, 412, 67, 4.19%, 0, 0, 2, 172.18
1494230927, 0, 293, 523, 411, 66, 4.19%, 0, 0, 2, 35.44
1494230958, 0, 295, 523, 410, 65, 4.19%, 0, 0, 2, 134.13
1494230963, 0, 309, 523, 409, 64, 4.19%, 0, 0, 2, 23.23
1494231050, 0, 311, 523, 408, 63, 4.19%, 0, 0, 2, 186.91
1494231055, 0, 312, 523, 407, 62, 4.19%, 0, 0, 2, 174.06
1494231066, 0, 319, 523, 406, 61, 4.19%, 0, 0, 2, 54.04
1494231096, 0, 321, 523, 405, 61, 4.19%, 0, 0, 2, 48.01
1494231127, 0, 328, 523, 404, 60, 4.19%, 0, 0, 2, 157.05
1494231132, 0, 334, 523, 403, 59, 4.19%, 0, 0, 2, 145.10
1494231142, 0, 335, 523, 402, 58, 4.19%, 0, 0, 2, 154.15
1494231147, 0, 338, 523, 401, 57, 4.19%, 0, 0, 2, 199.75
1494231152, 0, 344, 523, 399, 55, 4.19%, 0, 0, 2, 135.32
1494231163, 0, 345, 523, 398, 54, 4.19%, 0, 0, 2, 16.34
1494231235, 0, 350, 523, 397, 53, 4.19%, 0, 0, 2, 81.43
1494231240, 0, 359, 523, 396, 52, 4.19%, 0, 0, 2, 19.52
1494231311, 0, 364, 523, 395, 51, 4.19%, 0, 0, 2, 71.15
1494231316, 0, 365, 523, 394, 50, 4.19%, 0, 0, 2, 114.08
1494231327, 0, 371, 523, 393, 49, 4.19%, 0, 0, 2, 117.03
1494231332, 0, 375, 523, 392, 48, 4.19%, 0, 0, 2, 109.86
1494231342, 0, 378, 523, 391, 47, 4.19%, 0, 0, 2, 179.89
1494231347, 0, 380, 523, 390, 46, 4.19%, 0, 0, 2, 180.48
1494231352, 0, 384, 523, 388, 44, 4.19%, 0, 0, 2, 125.53
1494231362, 0, 389, 523, 387, 43, 4.19%, 0, 0, 2, 70.77
1494231368, 0, 390, 523, 386, 42, 4.19%, 0, 0, 2, 112.80
1494231373, 0, 391, 523, 385, 41, 4.19%, 0, 0, 2, 119.45
1494231378, 0, 393, 523, 384, 40, 4.19%, 0, 0, 2, 53.39
1494231383, 0, 395, 523, 383, 39, 4.19%, 0, 0, 2, 97.77
1494231388, 0, 399, 523, 382, 38, 4.19%, 0, 0, 2, 111.26
1494231393, 0, 400, 523, 381, 37, 4.19%, 0, 0, 2, 86.23
1494231460, 0, 408, 523, 379, 35, 4.19%, 0, 0, 2, 144.74
1494231470, 0, 411, 523, 378, 34, 4.19%, 0, 0, 2, 91.50
1494231475, 0, 415, 523, 377, 33, 4.19%, 0, 0, 2, 108.39
1494231486, 0, 416, 523, 376, 32, 4.19%, 0, 0, 2, 123.57
1494231491, 0, 417, 523, 375, 31, 4.19%, 0, 0, 2, 128.97
1494231496, 0, 418, 523, 374, 30, 4.19%, 0, 0, 2, 162.78
1494231501, 0, 420, 523, 373, 29, 4.19%, 0, 0, 2, 139.50
1494231506, 0, 427, 523, 372, 28, 4.19%, 0, 0, 2, 147.57
1494231511, 0, 428, 523, 371, 27, 4.19%, 0, 0, 2, 20.39
1494231598, 0, 433, 523, 370, 26, 4.19%, 0, 0, 2, 24.25
1494231604, 0, 435, 523, 369, 25, 4.19%, 0, 0, 2, 101.33
1494231614, 0, 438, 523, 368, 24, 4.19%, 0, 0, 2, 103.50
1494231619, 0, 444, 523, 367, 23, 4.19%, 0, 0, 2, 92.16
1494231624, 0, 449, 523, 366, 22, 4.19%, 0, 0, 2, 101.37
1494231634, 0, 450, 523, 365, 21, 4.19%, 0, 0, 2, 83.08
1494231639, 0, 464, 523, 364, 20, 4.19%, 0, 0, 2, 109.75
1494231644, 0, 465, 523, 363, 19, 4.19%, 0, 0, 2, 128.98
1494231655, 0, 469, 523, 361, 17, 4.19%, 0, 0, 2, 181.95
1494231660, 0, 471, 523, 360, 16, 4.19%, 0, 0, 2, 157.64
1494231665, 0, 472, 523, 359, 15, 4.19%, 0, 0, 2, 176.45
1494231670, 0, 481, 523, 358, 14, 4.19%, 0, 0, 2, 201.81
1494231675, 0, 482, 523, 357, 13, 4.19%, 0, 0, 2, 72.03
1494231680, 0, 493, 523, 356, 12, 4.19%, 0, 0, 2, 96.86
1494231685, 0, 495, 523, 355, 11, 4.19%, 0, 0, 2, 106.93
1494231696, 0, 499, 523, 354, 10, 4.19%, 0, 0, 2, 77.35
1494231701, 0, 501, 523, 353, 9, 4.19%, 0, 0, 2, 92.74
1494231711, 0, 502, 523, 352, 8, 4.19%, 0, 0, 2, 17.32
1494231778, 0, 510, 523, 351, 7, 4.19%, 0, 0, 2, 16.36
1494231860, 0, 512, 523, 350, 6, 4.19%, 0, 0, 2, 73.64
1494231870, 0, 513, 523, 349, 5, 4.19%, 0, 0, 2, 83.51
1494231880, 0, 514, 523, 348, 4, 4.19%, 0, 0, 2, 87.00
1494231885, 0, 516, 523, 347, 3, 4.19%, 0, 0, 2, 101.47
1494231896, 0, 517, 523, 346, 2, 4.19%, 0, 0, 2, 96.13
1494231901, 0, 518, 523, 345, 1, 4.19%, 0, 0, 2, 12.18
1494231983, 1, 1, 523, 344, 0, 4.19%, 0, 0, 2, 138.84
1494231988, 1, 2, 523, 344, 0, 4.19%, 0, 0, 2, 157.66
1494231993, 1, 4, 523, 344, 0, 4.19%, 0, 0, 2, 171.42
1494231998, 1, 8, 523, 344, 0, 4.19%, 0, 0, 2, 166.94
1494232004, 1, 11, 523, 343, 0, 4.19%, 0, 0, 2, 183.49
1494232009, 1, 14, 523, 343, 0, 4.19%, 0, 0, 2, 157.59
1494232014, 1, 15, 523, 343, 0, 4.19%, 0, 0, 2, 150.85
1494232019, 1, 20, 523, 343, 0, 4.19%, 0, 0, 2, 157.35
1494232024, 1, 22, 523, 343, 0, 4.19%, 0, 0, 2, 151.50
1494232029, 1, 28, 523, 343, 0, 4.19%, 0, 0, 2, 155.56
1494232034, 1, 29, 523, 343, 0, 4.19%, 0, 0, 2, 112.02
1494232039, 1, 31, 523, 342, 0, 4.19%, 0, 0, 2, 136.98
1494232044, 1, 32, 523, 342, 0, 4.19%, 0, 0, 2, 163.81
1494232049, 1, 38, 523, 342, 0, 4.19%, 0, 0, 2, 156.85
1494232055, 1, 41, 523, 342, 0, 4.19%, 0, 0, 2, 148.98
1494232060, 1, 43, 523, 342, 0, 4.19%, 0, 0, 2, 165.25
1494232065, 1, 46, 523, 342, 0, 4.19%, 0, 0, 2, 144.00
1494232070, 1, 47, 523, 342, 0, 4.19%, 0, 0, 2, 173.05
1494232075, 1, 50, 523, 342, 0, 4.19%, 0, 0, 2, 167.34
1494232080, 1, 55, 523, 341, 0, 4.19%, 0, 0, 2, 152.78
1494232085, 1, 58, 523, 341, 0, 4.19%, 0, 0, 2, 138.65
1494232091, 1, 61, 523, 341, 0, 4.19%, 0, 0, 2, 138.05
1494232096, 1, 63, 523, 341, 0, 4.19%, 0, 0, 2, 131.90
1494232101, 1, 66, 523, 341, 0, 4.19%, 0, 0, 2, 144.14
1494232106, 1, 69, 523, 341, 0, 4.19%, 0, 0, 2, 137.19
1494232111, 1, 70, 523, 341, 0, 4.19%, 0, 0, 2, 161.59
1494232116, 1, 72, 523, 340, 0, 4.19%, 0, 0, 2, 153.31
1494232121, 1, 73, 523, 340, 0, 4.19%, 0, 0, 2, 171.05
1494232126, 1, 75, 523, 339, 0, 4.19%, 0, 0, 2, 159.88
1494232131, 1, 76, 523, 339, 0, 4.19%, 0, 0, 2, 151.71
1494232136, 1, 78, 523, 339, 0, 4.19%, 0, 0, 2, 159.20
1494232141, 1, 79, 523, 339, 0, 4.19%, 0, 0, 2, 158.55
1494232147, 1, 81, 523, 339, 0, 4.19%, 0, 0, 2, 163.93
1494232157, 1, 82, 523, 338, 0, 4.19%, 0, 0, 2, 176.99
1494232162, 1, 84, 523, 338, 0, 4.19%, 0, 0, 2, 153.64
1494232167, 1, 87, 523, 338, 0, 4.19%, 0, 0, 2, 175.63
1494232172, 1, 89, 523, 338, 0, 4.19%, 0, 0, 2, 184.12
1494232177, 1, 91, 523, 337, 0, 4.19%, 0, 0, 2, 158.99
1494232182, 1, 93, 523, 337, 0, 4.19%, 0, 0, 2, 134.56
1494232187, 1, 94, 523, 337, 0, 4.19%, 0, 0, 2, 141.06
1494232192, 1, 99, 523, 337, 0, 4.19%, 0, 0, 2, 133.16
1494232197, 1, 101, 523, 337, 0, 4.19%, 0, 0, 2, 143.31
1494232203, 1, 105, 523, 336, 0, 4.19%, 0, 0, 2, 170.04
1494232213, 1, 109, 523, 336, 0, 4.19%, 0, 0, 2, 159.43
1494232218, 1, 114, 523, 335, 0, 4.19%, 0, 0, 2, 156.73
1494232228, 1, 118, 523, 335, 0, 4.19%, 0, 0, 2, 48.32
1494232233, 1, 127, 523, 335, 0, 4.19%, 0, 0, 2, 122.93
1494232238, 1, 128, 523, 335, 0, 4.19%, 0, 0, 2, 133.61
1494232243, 1, 131, 523, 334, 0, 4.19%, 0, 0, 2, 146.94
1494232248, 1, 133, 523, 334, 0, 4.19%, 0, 0, 2, 144.92
1494232254, 1, 134, 523, 334, 0, 4.19%, 0, 0, 2, 169.87
1494232259, 1, 138, 523, 334, 0, 4.19%, 0, 0, 2, 158.89
1494232264, 1, 140, 523, 334, 0, 4.19%, 0, 0, 2, 161.16
1494232274, 1, 146, 523, 334, 0, 4.19%, 0, 0, 2, 101.44
1494232279, 1, 147, 523, 333, 0, 4.19%, 0, 0, 2, 138.20
1494232284, 1, 154, 523, 332, 0, 4.19%, 0, 0, 2, 142.32
1494232290, 1, 157, 523, 331, 0, 4.19%, 0, 0, 2, 160.49
1494232295, 1, 158, 523, 331, 0, 4.19%, 0, 0, 2, 144.65
1494232300, 1, 163, 523, 331, 0, 4.19%, 0, 0, 2, 27.31
1494232382, 1, 167, 523, 330, 0, 4.19%, 0, 0, 2, 187.43
1494232387, 1, 169, 523, 330, 0, 4.19%, 0, 0, 2, 168.50
1494232392, 1, 171, 523, 330, 0, 4.19%, 0, 0, 2, 157.96
1494232397, 1, 172, 523, 329, 0, 4.19%, 0, 0, 2, 173.76
1494232402, 1, 176, 523, 327, 0, 4.19%, 0, 0, 2, 167.47
1494232407, 1, 178, 523, 327, 0, 4.19%, 0, 0, 2, 168.07
1494232412, 1, 179, 523, 327, 0, 4.19%, 0, 0, 2, 167.94
1494232417, 1, 181, 523, 327, 0, 4.19%, 0, 0, 2, 153.99
1494232423, 1, 183, 523, 326, 0, 4.19%, 0, 0, 2, 145.02
1494232428, 1, 184, 523, 325, 0, 4.19%, 0, 0, 2, 146.00
1494232433, 1, 185, 523, 325, 0, 4.19%, 0, 0, 2, 157.10
1494232438, 1, 195, 523, 325, 0, 4.19%, 0, 0, 2, 176.60
1494232443, 1, 197, 523, 325, 0, 4.19%, 0, 0, 2, 119.70
1494232453, 1, 200, 523, 324, 0, 4.19%, 0, 0, 2, 134.09
1494232458, 1, 202, 523, 324, 0, 4.19%, 0, 0, 2, 136.12
1494232463, 1, 208, 523, 323, 0, 4.19%, 0, 0, 2, 59.19
1494232473, 1, 209, 523, 322, 0, 4.19%, 0, 0, 2, 150.65
1494232478, 1, 213, 523, 320, 0, 4.19%, 0, 0, 2, 152.36
1494232483, 1, 214, 523, 320, 0, 4.19%, 0, 0, 2, 156.31
1494232489, 1, 217, 523, 319, 0, 4.19%, 0, 0, 2, 154.23
1494232494, 1, 218, 523, 318, 0, 4.19%, 0, 0, 2, 162.07
1494232499, 1, 223, 523, 318, 0, 4.19%, 0, 0, 2, 175.02
1494232504, 1, 226, 523, 317, 0, 4.19%, 0, 0, 2, 171.15
1494232514, 1, 228, 523, 316, 0, 4.19%, 0, 0, 2, 182.62
1494232519, 1, 234, 523, 314, 0, 4.19%, 0, 0, 2, 157.22
1494232524, 1, 235, 523, 313, 0, 4.19%, 0, 0, 2, 162.93
1494232529, 1, 236, 523, 313, 0, 4.19%, 0, 0, 2, 157.16
1494232535, 1, 239, 523, 312, 0, 4.19%, 0, 0, 2, 169.53
1494232540, 1, 247, 523, 310, 0, 4.19%, 0, 0, 2, 178.31
1494232545, 1, 252, 523, 310, 0, 4.19%, 0, 0, 2, 162.22
1494232555, 1, 254, 523, 309, 0, 4.19%, 0, 0, 2, 144.45
1494232560, 1, 257, 523, 308, 0, 4.19%, 0, 0, 2, 170.93
1494232565, 1, 258, 523, 308, 0, 4.19%, 0, 0, 2, 30.41
1494232597, 1, 259, 523, 307, 0, 4.19%, 0, 0, 2, 131.10
1494232602, 1, 261, 523, 306, 0, 4.19%, 0, 0, 2, 174.04
1494232607, 1, 262, 523, 306, 0, 4.19%, 0, 0, 2, 176.30
1494232612, 1, 263, 523, 305, 0, 4.19%, 0, 0, 2, 190.48
1494232617, 1, 264, 523, 304, 0, 4.19%, 0, 0, 2, 181.54
1494232622, 1, 267, 523, 304, 0, 4.19%, 0, 0, 2, 134.30
