# unix_time, cycles_done, cur_path, paths_total, pending_total, pending_favs, map_size, unique_crashes, unique_hangs, max_depth, execs_per_sec
1494146491, 0, 0, 512, 512, 174, 4.18%, 0, 0, 2, 65.16
1494146502, 0, 0, 512, 511, 173, 4.18%, 0, 0, 2, 69.04
1494146507, 0, 0, 514, 513, 173, 4.18%, 0, 0, 2, 69.11
1494146527, 0, 0, 515, 514, 173, 4.18%, 0, 0, 2, 63.52
1494146543, 0, 0, 516, 515, 173, 4.18%, 0, 0, 2, 68.13
1494146691, 0, 1, 516, 515, 173, 4.18%, 0, 0, 2, 73.82
1494146696, 0, 2, 516, 514, 172, 4.18%, 0, 0, 2, 103.17
1494146701, 0, 8, 516, 509, 167, 4.18%, 0, 0, 2, 132.04
1494146706, 0, 14, 516, 506, 164, 4.18%, 0, 0, 2, 125.50
1494146716, 0, 18, 516, 503, 161, 4.18%, 0, 0, 2, 130.02
1494146885, 0, 21, 516, 501, 160, 4.18%, 0, 0, 2, 174.36
1494146890, 0, 24, 516, 499, 158, 4.18%, 0, 0, 2, 142.65
1494146895, 0, 28, 516, 497, 156, 4.18%, 0, 0, 2, 138.24
1494147415, 0, 29, 516, 496, 155, 4.18%, 0, 0, 2, 141.88
1494147421, 0, 30, 516, 495, 154, 4.18%, 0, 0, 2, 106.35
1494147426, 0, 33, 516, 493, 152, 4.18%, 0, 0, 2, 137.93
1494147431, 0, 41, 516, 490, 149, 4.18%, 0, 0, 2, 124.02
1494147436, 0, 42, 516, 489, 148, 4.18%, 0, 0, 2, 103.28
1494147441, 0, 44, 516, 487, 146, 4.18%, 0, 0, 2, 107.98
1494147446, 0, 47, 516, 485, 144, 4.18%, 0, 0, 2, 98.84
1494147451, 0, 50, 516, 483, 142, 4.18%, 0, 0, 2, 131.39
1494147456, 0, 56, 516, 482, 141, 4.18%, 0, 0, 2, 97.57
1494147462, 0, 58, 516, 481, 140, 4.18%, 0, 0, 2, 93.92
1494147467, 0, 60, 516, 479, 138, 4.18%, 0, 0, 2, 5.90
1494147472, 0, 61, 516, 478, 137, 4.18%, 0, 0, 2, 99.25
1494147477, 0, 63, 516, 477, 136, 4.18%, 0, 0, 2, 90.85
1494147482, 0, 66, 516, 475, 134, 4.18%, 0, 0, 2, 103.62
1494147487, 0, 68, 516, 474, 133, 4.18%, 0, 0, 2, 133.33
1494147492, 0, 71, 516, 472, 131, 4.18%, 0, 0, 2, 88.24
1494147497, 0, 74, 516, 470, 129, 4.18%, 0, 0, 2, 127.70
1494147503, 0, 77, 516, 468, 127, 4.18%, 0, 0, 2, 126.49
1494147508, 0, 80, 516, 466, 125, 4.18%, 0, 0, 2, 136.25
1494147513, 0, 82, 516, 464, 123, 4.18%, 0, 0, 2, 71.42
1494147518, 0, 85, 516, 462, 121, 4.18%, 0, 0, 2, 77.06
1494147523, 0, 88, 516, 460, 119, 4.18%, 0, 0, 2, 92.50
1494147528, 0, 93, 516, 458, 117, 4.18%, 0, 0, 2, 79.42
1494147533, 0, 94, 516, 457, 116, 4.18%, 0, 0, 2, 67.04
1494147538, 0, 96, 516, 455, 114, 4.18%, 0, 0, 2, 73.73
1494147543, 0, 100, 516, 453, 112, 4.18%, 0, 0, 2, 34.58
1494147549, 0, 101, 516, 452, 111, 4.18%, 0, 0, 2, 68.14
1494147554, 0, 102, 516, 451, 110, 4.18%, 0, 0, 2, 78.08
1494147559, 0, 103, 516, 450, 109, 4.18%, 0, 0, 2, 79.19
1494147569, 0, 104, 516, 449, 108, 4.18%, 0, 0, 2, 96.22
1494148025, 0, 105, 516, 448, 107, 4.18%, 0, 0, 2, 161.99
1494148030, 0, 117, 516, 445, 104, 4.18%, 0, 0, 2, 175.00
1494149760, 0, 119, 516, 444, 103, 4.18%, 0, 0, 2, 156.69
1494149765, 0, 122, 516, 443, 102, 4.18%, 0, 0, 2, 98.70
1494149775, 0, 123, 516, 442, 101, 4.18%, 0, 0, 2, 127.52
1494149995, 0, 126, 516, 441, 100, 4.18%, 0, 0, 2, 159.22
1494150670, 0, 130, 516, 440, 99, 4.18%, 0, 0, 2, 191.22
1494150675, 0, 131, 516, 439, 98, 4.18%, 0, 0, 2, 73.66
1494150680, 0, 133, 516, 438, 97, 4.18%, 0, 0, 2, 91.12
1494150685, 0, 134, 516, 437, 96, 4.18%, 0, 0, 2, 139.77
1494150761, 0, 135, 516, 436, 95, 4.18%, 0, 0, 2, 180.56
1494150904, 0, 136, 516, 435, 94, 4.18%, 0, 0, 2, 177.03
1494150909, 0, 137, 516, 434, 93, 4.18%, 0, 0, 2, 120.68
1494150915, 0, 139, 516, 433, 92, 4.18%, 0, 0, 2, 146.61
1494151089, 0, 143, 516, 432, 91, 4.18%, 0, 0, 2, 175.70
1494151197, 0, 145, 516, 431, 90, 4.18%, 0, 0, 2, 172.52
1494151294, 0, 147, 516, 430, 89, 4.18%, 0, 0, 2, 172.29
1494151529, 0, 153, 516, 429, 88, 4.18%, 0, 0, 2, 182.60
1494151534, 0, 158, 516, 428, 87, 4.18%, 0, 0, 2, 102.19
1494151539, 0, 163, 516, 427, 86, 4.18%, 0, 0, 2, 102.39
