# unix_time, cycles_done, cur_path, paths_total, pending_total, pending_favs, map_size, unique_crashes, unique_hangs, max_depth, execs_per_sec
1494055088, 0, 0, 496, 496, 169, 4.13%, 0, 0, 2, 71.13
1494055099, 0, 0, 496, 495, 168, 4.13%, 0, 0, 2, 90.52
1494055237, 0, 1, 496, 495, 168, 4.13%, 0, 0, 2, 92.73
1494055242, 0, 2, 496, 494, 167, 4.13%, 0, 0, 2, 100.98
1494055247, 0, 4, 496, 492, 165, 4.13%, 0, 0, 2, 159.82
1494055253, 0, 6, 496, 490, 163, 4.13%, 0, 0, 2, 176.40
1494055263, 0, 9, 496, 489, 162, 4.13%, 0, 0, 2, 149.33
1494055268, 0, 13, 496, 487, 160, 4.13%, 0, 0, 2, 159.39
1494055273, 0, 14, 496, 486, 159, 4.13%, 0, 0, 2, 104.56
1494055278, 0, 16, 496, 485, 158, 4.13%, 0, 0, 2, 127.02
1494055283, 0, 17, 496, 484, 157, 4.13%, 0, 0, 2, 77.83
1494055288, 0, 18, 496, 483, 156, 4.13%, 0, 0, 2, 141.10
1494055293, 0, 26, 496, 481, 154, 4.13%, 0, 0, 2, 143.81
1494055299, 0, 29, 496, 479, 152, 4.13%, 0, 0, 2, 154.10
1494055304, 0, 31, 496, 478, 151, 4.13%, 0, 0, 2, 144.35
1494055314, 0, 34, 496, 477, 150, 4.13%, 0, 0, 2, 114.39
1494055319, 0, 35, 496, 476, 149, 4.13%, 0, 0, 2, 141.10
1494055324, 0, 41, 496, 475, 148, 4.13%, 0, 0, 2, 158.89
1494055329, 0, 46, 496, 473, 146, 4.13%, 0, 0, 2, 111.55
1494055334, 0, 47, 496, 472, 145, 4.13%, 0, 0, 2, 96.58
1494055340, 0, 48, 496, 471, 144, 4.13%, 0, 0, 2, 165.48
1494055345, 0, 50, 496, 469, 142, 4.13%, 0, 0, 2, 140.76
1494055350, 0, 52, 496, 468, 141, 4.13%, 0, 0, 2, 116.65
1494055360, 0, 53, 496, 467, 140, 4.13%, 0, 0, 2, 151.55
1494055365, 0, 57, 496, 466, 139, 4.13%, 0, 0, 2, 176.02
1494055370, 0, 59, 496, 465, 138, 4.13%, 0, 0, 2, 126.74
1494055376, 0, 62, 496, 464, 137, 4.13%, 0, 0, 2, 103.32
1494055386, 0, 64, 496, 463, 136, 4.13%, 0, 0, 2, 108.84
1494055391, 0, 65, 496, 462, 135, 4.13%, 0, 0, 2, 101.13
1494055396, 0, 66, 496, 461, 134, 4.13%, 0, 0, 2, 86.96
1494055401, 0, 67, 496, 460, 133, 4.13%, 0, 0, 2, 106.07
1494055407, 0, 72, 496, 458, 131, 4.13%, 0, 0, 2, 136.05
1494055412, 0, 74, 496, 457, 130, 4.13%, 0, 0, 2, 113.62
1494055422, 0, 75, 496, 456, 129, 4.13%, 0, 0, 2, 122.61
1494055427, 0, 77, 496, 455, 128, 4.13%, 0, 0, 2, 104.65
1494055432, 0, 78, 496, 454, 127, 4.13%, 0, 0, 2, 151.81
1494055437, 0, 81, 496, 453, 126, 4.13%, 0, 0, 2, 143.52
1494055442, 0, 82, 496, 452, 125, 4.13%, 0, 0, 2, 90.15
1494055447, 0, 83, 496, 451, 124, 4.13%, 0, 0, 2, 119.74
1494055452, 0, 85, 496, 450, 123, 4.13%, 0, 0, 2, 107.70
1494055458, 0, 86, 496, 449, 122, 4.13%, 0, 0, 2, 172.80
1494055463, 0, 87, 496, 448, 121, 4.13%, 0, 0, 2, 133.34
1494055468, 0, 90, 496, 447, 120, 4.13%, 0, 0, 2, 140.77
1494055473, 0, 91, 496, 446, 119, 4.13%, 0, 0, 2, 116.99
1494055478, 0, 93, 496, 445, 118, 4.13%, 0, 0, 2, 146.30
1494055483, 0, 94, 496, 444, 117, 4.13%, 0, 0, 2, 125.33
1494055488, 0, 95, 496, 443, 116, 4.13%, 0, 0, 2, 114.40
1494055494, 0, 98, 496, 441, 114, 4.13%, 0, 0, 2, 142.77
1494055499, 0, 103, 496, 440, 113, 4.13%, 0, 0, 2, 123.79
1494055504, 0, 104, 496, 439, 112, 4.13%, 0, 0, 2, 43.86
1494055509, 0, 105, 496, 438, 111, 4.13%, 0, 0, 2, 102.09
1494055514, 0, 107, 496, 436, 109, 4.13%, 0, 0, 2, 120.15
1494055519, 0, 111, 496, 434, 107, 4.13%, 0, 0, 2, 133.81
1494055524, 0, 114, 496, 433, 106, 4.13%, 0, 0, 2, 112.85
1494055535, 0, 115, 496, 432, 105, 4.13%, 0, 0, 2, 69.31
1494055540, 0, 116, 496, 431, 104, 4.13%, 0, 0, 2, 89.97
1494055550, 0, 117, 496, 430, 103, 4.13%, 0, 0, 2, 72.07
1494055556, 0, 118, 496, 429, 102, 4.13%, 0, 0, 2, 85.65
1494055566, 0, 128, 496, 427, 100, 4.13%, 0, 0, 2, 153.48
1494055571, 0, 129, 496, 426, 99, 4.13%, 0, 0, 2, 159.97
1494055581, 0, 131, 496, 424, 97, 4.13%, 0, 0, 2, 155.25
1494055586, 0, 133, 496, 423, 96, 4.13%, 0, 0, 2, 158.39
1494055591, 0, 136, 496, 422, 95, 4.13%, 0, 0, 2, 115.45
1494055602, 0, 140, 496, 421, 94, 4.13%, 0, 0, 2, 134.34
1494055617, 0, 141, 497, 421, 94, 4.13%, 0, 0, 2, 109.07
1494055622, 0, 146, 497, 420, 93, 4.13%, 0, 0, 2, 122.97
1494055627, 0, 150, 497, 419, 92, 4.13%, 0, 0, 2, 92.65
1494055632, 0, 153, 497, 418, 91, 4.13%, 0, 0, 2, 103.94
1494055642, 0, 156, 497, 417, 90, 4.13%, 0, 0, 2, 146.24
1494055648, 0, 157, 497, 416, 89, 4.13%, 0, 0, 2, 172.15
1494055653, 0, 158, 497, 415, 88, 4.13%, 0, 0, 2, 169.96
1494055658, 0, 159, 497, 414, 87, 4.13%, 0, 0, 2, 116.35
1494055663, 0, 165, 497, 413, 86, 4.13%, 0, 0, 2, 147.11
1494055668, 0, 171, 497, 412, 85, 4.13%, 0, 0, 2, 170.80
1494055673, 0, 176, 497, 411, 84, 4.13%, 0, 0, 2, 156.58
1494055684, 0, 180, 497, 409, 82, 4.13%, 0, 0, 2, 153.28
1494055694, 0, 186, 497, 407, 80, 4.13%, 0, 0, 2, 135.14
1494055704, 0, 191, 497, 406, 79, 4.13%, 0, 0, 2, 154.39
1494055709, 0, 192, 497, 405, 78, 4.13%, 0, 0, 2, 132.80
1494055714, 0, 200, 497, 403, 76, 4.13%, 0, 0, 2, 142.72
1494055725, 0, 206, 497, 402, 75, 4.13%, 0, 0, 2, 41.70
1494055730, 0, 209, 497, 401, 74, 4.13%, 0, 0, 2, 99.82
1494055735, 0, 214, 497, 399, 72, 4.13%, 0, 0, 2, 136.91
1494055745, 0, 216, 497, 398, 71, 4.13%, 0, 0, 2, 176.07
1494055750, 0, 220, 497, 397, 70, 4.13%, 0, 0, 2, 162.61
1494055761, 0, 222, 497, 396, 69, 4.13%, 0, 0, 2, 164.99
1494055771, 0, 227, 497, 394, 67, 4.13%, 0, 0, 2, 113.29
1494055782, 0, 231, 497, 393, 66, 4.13%, 0, 0, 2, 75.01
1494055787, 0, 233, 497, 392, 65, 4.13%, 0, 0, 2, 179.64
1494055797, 0, 237, 497, 391, 64, 4.13%, 0, 0, 2, 180.41
1494055802, 0, 244, 497, 390, 63, 4.13%, 0, 0, 2, 167.45
1494055807, 0, 247, 497, 389, 62, 4.13%, 0, 0, 2, 129.37
1494055818, 0, 249, 497, 388, 61, 4.13%, 0, 0, 2, 114.03
1494055823, 0, 254, 497, 386, 59, 4.13%, 0, 0, 2, 115.09
1494055828, 0, 263, 497, 385, 58, 4.13%, 0, 0, 2, 68.30
1494055838, 0, 265, 497, 384, 57, 4.13%, 0, 0, 2, 153.39
1494055843, 0, 268, 497, 383, 56, 4.13%, 0, 0, 2, 157.95
1494055848, 0, 273, 497, 382, 55, 4.13%, 0, 0, 2, 172.52
1494055859, 0, 277, 497, 381, 54, 4.13%, 0, 0, 2, 169.18
1494055864, 0, 279, 497, 380, 53, 4.13%, 0, 0, 2, 154.06
1494055869, 0, 283, 497, 379, 52, 4.13%, 0, 0, 2, 156.92
1494055889, 0, 287, 497, 378, 51, 4.13%, 0, 0, 2, 171.66
1494055895, 0, 289, 497, 377, 50, 4.13%, 0, 0, 2, 166.23
1494055900, 0, 293, 497, 376, 49, 4.13%, 0, 0, 2, 169.26
1494055910, 0, 294, 497, 375, 48, 4.13%, 0, 0, 2, 147.95
1494055915, 0, 302, 497, 373, 46, 4.13%, 0, 0, 2, 133.84
1494055920, 0, 305, 497, 372, 46, 4.13%, 0, 0, 2, 125.00
1494055925, 0, 307, 497, 371, 45, 4.13%, 0, 0, 2, 128.43
1494055931, 0, 310, 497, 370, 44, 4.13%, 0, 0, 2, 115.78
1494055936, 0, 319, 497, 369, 43, 4.13%, 0, 0, 2, 96.74
1494055941, 0, 324, 497, 368, 42, 4.13%, 0, 0, 2, 37.17
1494055946, 0, 327, 497, 367, 41, 4.13%, 0, 0, 2, 115.05
1494055956, 0, 329, 497, 366, 40, 4.13%, 0, 0, 2, 113.73
1494055967, 0, 331, 497, 365, 39, 4.13%, 0, 0, 2, 103.59
1494055987, 0, 333, 497, 364, 38, 4.13%, 0, 0, 2, 130.20
1494055992, 0, 334, 497, 363, 37, 4.13%, 0, 0, 2, 120.53
1494055997, 0, 337, 497, 362, 36, 4.13%, 0, 0, 2, 75.16
1494056017, 0, 359, 498, 362, 35, 4.13%, 0, 0, 2, 69.72
1494056023, 0, 366, 498, 361, 34, 4.13%, 0, 0, 2, 72.40
1494056053, 0, 372, 498, 360, 33, 4.13%, 0, 0, 2, 166.91
1494056059, 0, 374, 498, 359, 32, 4.13%, 0, 0, 2, 164.09
1494056069, 0, 382, 498, 358, 31, 4.13%, 0, 0, 2, 174.71
1494056074, 0, 387, 498, 357, 30, 4.13%, 0, 0, 2, 26.75
1494056161, 0, 402, 498, 356, 29, 4.13%, 0, 0, 2, 92.11
1494056186, 0, 416, 498, 355, 28, 4.13%, 0, 0, 2, 102.21
1494056197, 0, 417, 498, 354, 27, 4.13%, 0, 0, 2, 148.55
1494056202, 0, 425, 498, 353, 26, 4.13%, 0, 0, 2, 153.39
1494056207, 0, 427, 498, 352, 25, 4.13%, 0, 0, 2, 47.56
1494056212, 0, 430, 498, 351, 24, 4.13%, 0, 0, 2, 142.36
1494056217, 0, 432, 498, 350, 23, 4.13%, 0, 0, 2, 71.98
1494056228, 0, 436, 498, 349, 22, 4.13%, 0, 0, 2, 82.59
1494056233, 0, 439, 498, 348, 21, 4.13%, 0, 0, 2, 125.33
1494056243, 0, 442, 498, 347, 20, 4.13%, 0, 0, 2, 65.99
1494056315, 0, 444, 498, 346, 19, 4.13%, 0, 0, 2, 57.59
1494056320, 0, 449, 498, 345, 18, 4.13%, 0, 0, 2, 120.94
1494056330, 0, 451, 498, 344, 17, 4.13%, 0, 0, 2, 147.61
1494056340, 0, 455, 498, 343, 16, 4.13%, 0, 0, 2, 112.54
1494056345, 0, 458, 498, 342, 15, 4.13%, 0, 0, 2, 93.86
1494056355, 0, 462, 498, 341, 14, 4.13%, 0, 0, 2, 23.55
1494056427, 0, 463, 498, 340, 13, 4.13%, 0, 0, 2, 113.43
1494056432, 0, 466, 498, 339, 12, 4.13%, 0, 0, 2, 120.16
1494056443, 0, 473, 498, 338, 11, 4.13%, 0, 0, 2, 75.29
1494056448, 0, 474, 498, 337, 10, 4.13%, 0, 0, 2, 88.51
1494056463, 0, 479, 498, 336, 9, 4.13%, 0, 0, 2, 473.46
1494056468, 0, 482, 498, 335, 8, 4.13%, 0, 0, 2, 10.34
1494056535, 0, 485, 498, 334, 7, 4.13%, 0, 0, 2, 70.71
1494056546, 0, 486, 498, 333, 6, 4.13%, 0, 0, 2, 54.34
1494056551, 0, 487, 498, 332, 5, 4.13%, 0, 0, 2, 118.22
1494056556, 0, 488, 498, 331, 4, 4.13%, 0, 0, 2, 19.45
1494056644, 0, 490, 498, 330, 3, 4.13%, 0, 0, 2, 111.35
1494056654, 0, 494, 498, 329, 2, 4.13%, 0, 0, 2, 90.18
1494056664, 0, 496, 501, 330, 0, 4.13%, 0, 0, 2, 178.93
1494056669, 1, 1, 501, 330, 0, 4.13%, 0, 0, 2, 154.88
1494056675, 1, 2, 501, 330, 0, 4.13%, 0, 0, 2, 150.24
1494056680, 1, 4, 501, 330, 0, 4.13%, 0, 0, 2, 171.33
1494056685, 1, 6, 501, 330, 0, 4.13%, 0, 0, 2, 162.29
1494056690, 1, 7, 501, 330, 0, 4.13%, 0, 0, 2, 150.36
1494056700, 1, 11, 501, 329, 0, 4.13%, 0, 0, 2, 186.70
1494056705, 1, 14, 501, 329, 0, 4.13%, 0, 0, 2, 173.98
1494056711, 1, 17, 501, 329, 0, 4.13%, 0, 0, 2, 163.66
1494056716, 1, 21, 501, 329, 0, 4.13%, 0, 0, 2, 161.17
1494056721, 1, 23, 501, 328, 0, 4.13%, 0, 0, 2, 160.51
1494056726, 1, 26, 501, 327, 0, 4.13%, 0, 0, 2, 161.53
1494056731, 1, 27, 501, 327, 0, 4.13%, 0, 0, 2, 138.72
1494056736, 1, 29, 501, 326, 0, 4.13%, 0, 0, 2, 155.08
1494056741, 1, 34, 501, 326, 0, 4.13%, 0, 0, 2, 149.28
1494056746, 1, 37, 501, 326, 0, 4.13%, 0, 0, 2, 151.39
1494056752, 1, 41, 501, 324, 0, 4.13%, 0, 0, 2, 175.49
1494056757, 1, 45, 501, 324, 0, 4.13%, 0, 0, 2, 163.29
1494056762, 1, 48, 501, 324, 0, 4.13%, 0, 0, 2, 148.59
1494056767, 1, 50, 501, 324, 0, 4.13%, 0, 0, 2, 145.41
1494056772, 1, 52, 501, 324, 0, 4.13%, 0, 0, 2, 16.74
1494056777, 1, 53, 501, 324, 0, 4.13%, 0, 0, 2, 140.28
1494056782, 1, 57, 501, 323, 0, 4.13%, 0, 0, 2, 175.48
1494056788, 1, 59, 501, 323, 0, 4.13%, 0, 0, 2, 170.63
1494056793, 1, 62, 501, 323, 0, 4.13%, 0, 0, 2, 141.68
1494056798, 1, 65, 501, 323, 0, 4.13%, 0, 0, 2, 143.56
1494056803, 1, 67, 501, 323, 0, 4.13%, 0, 0, 2, 146.78
1494056808, 1, 72, 501, 323, 0, 4.13%, 0, 0, 2, 144.04
1494056813, 1, 75, 501, 323, 0, 4.13%, 0, 0, 2, 144.66
1494056818, 1, 78, 501, 323, 0, 4.13%, 0, 0, 2, 166.16
1494056823, 1, 81, 501, 323, 0, 4.13%, 0, 0, 2, 157.76
1494056828, 1, 82, 501, 323, 0, 4.13%, 0, 0, 2, 147.02
1494056834, 1, 86, 501, 323, 0, 4.13%, 0, 0, 2, 159.31
1494056839, 1, 87, 501, 323, 0, 4.13%, 0, 0, 2, 156.90
1494056844, 1, 91, 501, 323, 0, 4.13%, 0, 0, 2, 162.62
1494056849, 1, 93, 501, 322, 0, 4.13%, 0, 0, 2, 160.71
1494056854, 1, 94, 501, 322, 0, 4.13%, 0, 0, 2, 169.62
1494056859, 1, 97, 501, 322, 0, 4.13%, 0, 0, 2, 164.43
1494056864, 1, 100, 501, 322, 0, 4.13%, 0, 0, 2, 166.28
1494056869, 1, 105, 501, 321, 0, 4.13%, 0, 0, 2, 147.59
1494056875, 1, 107, 501, 321, 0, 4.13%, 0, 0, 2, 156.85
1494056880, 1, 111, 501, 321, 0, 4.13%, 0, 0, 2, 152.14
1494056885, 1, 115, 501, 321, 0, 4.13%, 0, 0, 2, 133.60
1494056890, 1, 117, 501, 321, 0, 4.13%, 0, 0, 2, 137.67
1494056895, 1, 124, 501, 321, 0, 4.13%, 0, 0, 2, 157.79
1494056900, 1, 125, 501, 320, 0, 4.13%, 0, 0, 2, 166.17
1494056905, 1, 128, 501, 319, 0, 4.13%, 0, 0, 2, 158.49
1494056910, 1, 129, 501, 319, 0, 4.13%, 0, 0, 2, 175.22
1494056916, 1, 130, 501, 319, 0, 4.13%, 0, 0, 2, 176.09
1494056921, 1, 133, 501, 319, 0, 4.13%, 0, 0, 2, 166.58
1494056926, 1, 137, 501, 319, 0, 4.13%, 0, 0, 2, 143.29
1494056936, 1, 143, 501, 318, 0, 4.13%, 0, 0, 2, 165.88
1494056941, 1, 145, 501, 317, 0, 4.13%, 0, 0, 2, 162.26
1494056951, 1, 148, 501, 316, 0, 4.13%, 0, 0, 2, 168.43
1494056956, 1, 150, 501, 315, 0, 4.13%, 0, 0, 2, 167.43
1494056962, 1, 153, 501, 314, 0, 4.13%, 0, 0, 2, 154.24
1494056967, 1, 156, 501, 313, 0, 4.13%, 0, 0, 2, 167.15
1494056977, 1, 158, 501, 313, 0, 4.13%, 0, 0, 2, 169.93
1494056982, 1, 164, 501, 313, 0, 4.13%, 0, 0, 2, 141.75
1494056987, 1, 165, 501, 312, 0, 4.13%, 0, 0, 2, 171.99
1494056992, 1, 166, 501, 312, 0, 4.13%, 0, 0, 2, 171.92
1494056997, 1, 171, 501, 311, 0, 4.13%, 0, 0, 2, 175.85
1494057003, 1, 176, 501, 311, 0, 4.13%, 0, 0, 2, 168.02
1494057008, 1, 180, 501, 311, 0, 4.13%, 0, 0, 2, 161.86
1494057018, 1, 184, 501, 310, 0, 4.13%, 0, 0, 2, 173.88
1494057023, 1, 191, 501, 310, 0, 4.13%, 0, 0, 2, 165.88
1494057028, 1, 192, 501, 310, 0, 4.13%, 0, 0, 2, 184.42
1494057033, 1, 196, 501, 310, 0, 4.13%, 0, 0, 2, 173.74
1494057038, 1, 197, 501, 309, 0, 4.13%, 0, 0, 2, 160.69
1494057044, 1, 200, 501, 308, 0, 4.13%, 0, 0, 2, 177.35
1494057049, 1, 204, 501, 308, 0, 4.13%, 0, 0, 2, 156.40
1494057054, 1, 205, 501, 307, 0, 4.13%, 0, 0, 2, 25.57
1494057132, 1, 206, 501, 306, 0, 4.13%, 0, 0, 2, 6.58
1494057137, 1, 212, 501, 305, 0, 4.13%, 0, 0, 2, 152.38
1494057168, 1, 214, 501, 304, 0, 4.13%, 0, 0, 2, 181.63
1494057173, 1, 216, 501, 304, 0, 4.13%, 0, 0, 2, 190.06
1494057178, 1, 217, 501, 304, 0, 4.13%, 0, 0, 2, 175.57
1494057183, 1, 220, 501, 303, 0, 4.13%, 0, 0, 2, 163.48
1494057188, 1, 222, 501, 303, 0, 4.13%, 0, 0, 2, 173.94
1494057193, 1, 226, 501, 302, 0, 4.13%, 0, 0, 2, 39.19
1494057199, 1, 231, 501, 302, 0, 4.13%, 0, 0, 2, 111.47
1494057204, 1, 233, 501, 302, 0, 4.13%, 0, 0, 2, 157.46
1494057209, 1, 237, 501, 302, 0, 4.13%, 0, 0, 2, 178.54
1494057214, 1, 243, 501, 302, 0, 4.13%, 0, 0, 2, 166.47
1494057219, 1, 244, 501, 301, 0, 4.13%, 0, 0, 2, 181.00
1494057224, 1, 245, 501, 301, 0, 4.13%, 0, 0, 2, 116.89
1494057230, 1, 246, 501, 300, 0, 4.13%, 0, 0, 2, 124.29
1494057235, 1, 247, 501, 299, 0, 4.13%, 0, 0, 2, 154.37
1494057240, 1, 252, 501, 299, 0, 4.13%, 0, 0, 2, 189.63
1494057245, 1, 255, 501, 299, 0, 4.13%, 0, 0, 2, 130.51
1494057255, 1, 263, 501, 297, 0, 4.13%, 0, 0, 2, 142.35
1494057260, 1, 265, 501, 297, 0, 4.13%, 0, 0, 2, 153.58
1494057266, 1, 268, 501, 297, 0, 4.13%, 0, 0, 2, 164.63
1494057276, 1, 271, 501, 297, 0, 4.13%, 0, 0, 2, 132.90
1494057286, 1, 273, 501, 296, 0, 4.13%, 0, 0, 2, 166.51
1494057291, 1, 277, 501, 296, 0, 4.13%, 0, 0, 2, 183.33
1494057296, 1, 279, 501, 296, 0, 4.13%, 0, 0, 2, 180.02
1494057301, 1, 280, 501, 296, 0, 4.13%, 0, 0, 2, 156.86
1494057307, 1, 283, 501, 295, 0, 4.13%, 0, 0, 2, 178.56
1494057312, 1, 287, 501, 295, 0, 4.13%, 0, 0, 2, 181.91
1494057317, 1, 288, 501, 295, 0, 4.13%, 0, 0, 2, 146.18
1494057322, 1, 289, 501, 294, 0, 4.13%, 0, 0, 2, 140.14
1494057332, 1, 293, 501, 293, 0, 4.13%, 0, 0, 2, 150.67
1494057342, 1, 299, 501, 293, 0, 4.13%, 0, 0, 2, 164.33
1494057347, 1, 300, 501, 293, 0, 4.13%, 0, 0, 2, 175.55
1494057353, 1, 306, 501, 292, 0, 4.13%, 0, 0, 2, 167.04
1494057358, 1, 310, 501, 291, 0, 4.13%, 0, 0, 2, 160.25
1494057363, 1, 315, 501, 291, 0, 4.13%, 0, 0, 2, 148.96
1494057368, 1, 318, 501, 289, 0, 4.13%, 0, 0, 2, 149.93
1494057388, 1, 327, 501, 288, 0, 4.13%, 0, 0, 2, 165.84
1494057393, 1, 329, 501, 288, 0, 4.13%, 0, 0, 2, 150.08
1494057398, 1, 333, 501, 288, 0, 4.13%, 0, 0, 2, 135.51
1494057404, 1, 335, 501, 288, 0, 4.13%, 0, 0, 2, 135.84
1494057414, 1, 337, 501, 286, 0, 4.13%, 0, 0, 2, 168.69
1494057419, 1, 338, 501, 286, 0, 4.13%, 0, 0, 2, 139.87
1494057424, 1, 350, 501, 284, 0, 4.13%, 0, 0, 2, 149.26
1494057440, 1, 351, 501, 283, 0, 4.13%, 0, 0, 2, 23.35
1494057522, 1, 355, 501, 282, 0, 4.13%, 0, 0, 2, 61.60
1494057558, 1, 357, 501, 281, 0, 4.13%, 0, 0, 2, 125.34
1494057568, 1, 358, 501, 280, 0, 4.13%, 0, 0, 2, 17.96
1494057630, 1, 359, 501, 279, 0, 4.13%, 0, 0, 2, 154.22
1494057635, 1, 364, 501, 278, 0, 4.13%, 0, 0, 2, 176.95
1494057645, 1, 367, 501, 277, 0, 4.13%, 0, 0, 2, 141.50
1494057650, 1, 369, 501, 276, 0, 4.13%, 0, 0, 2, 124.75
1494057655, 1, 372, 501, 275, 0, 4.13%, 0, 0, 2, 111.34
1494057661, 1, 373, 501, 275, 0, 4.13%, 0, 0, 2, 145.68
1494057681, 1, 374, 501, 274, 0, 4.13%, 0, 0, 2, 159.62
1494057686, 1, 375, 501, 274, 0, 4.13%, 0, 0, 2, 142.64
1494057707, 1, 376, 501, 273, 0, 4.13%, 0, 0, 2, 21.41
1494057764, 1, 377, 501, 272, 0, 4.13%, 0, 0, 2, 156.59
1494057784, 1, 382, 501, 271, 0, 4.13%, 0, 0, 2, 167.96
1494057789, 1, 385, 501, 271, 0, 4.13%, 0, 0, 2, 148.60
1494057810, 1, 386, 501, 270, 0, 4.13%, 0, 0, 2, 88.60
1494057815, 1, 387, 501, 269, 0, 4.13%, 0, 0, 2, 111.96
1494057820, 1, 390, 501, 269, 0, 4.13%, 0, 0, 2, 154.14
1494057825, 1, 402, 501, 268, 0, 4.13%, 0, 0, 2, 125.50
1494057830, 1, 404, 501, 268, 0, 4.13%, 0, 0, 2, 116.01
1494057856, 1, 405, 501, 267, 0, 4.13%, 0, 0, 2, 127.35
1494057871, 1, 407, 501, 266, 0, 4.13%, 0, 0, 2, 131.27
1494057876, 1, 411, 501, 265, 0, 4.13%, 0, 0, 2, 99.24
1494057881, 1, 412, 501, 264, 0, 4.13%, 0, 0, 2, 27.43
1494057948, 1, 414, 501, 263, 0, 4.13%, 0, 0, 2, 103.04
1494057963, 1, 416, 501, 262, 0, 4.13%, 0, 0, 2, 142.31
1494057968, 1, 417, 501, 262, 0, 4.13%, 0, 0, 2, 177.11
1494057974, 1, 418, 501, 262, 0, 4.13%, 0, 0, 2, 138.59
1494057989, 1, 419, 501, 261, 0, 4.13%, 0, 0, 2, 104.42
1494057994, 1, 423, 501, 260, 0, 4.13%, 0, 0, 2, 12.05
1494058108, 1, 425, 501, 259, 0, 4.13%, 0, 1, 2, 185.43
1494058113, 1, 426, 501, 259, 0, 4.13%, 0, 1, 2, 103.96
1494058139, 1, 430, 501, 258, 0, 4.13%, 0, 1, 2, 156.54
1494058144, 1, 432, 501, 258, 0, 4.13%, 0, 1, 2, 151.24
1494058149, 1, 435, 501, 258, 0, 4.13%, 0, 1, 2, 165.77
1494058154, 1, 436, 501, 257, 0, 4.13%, 0, 1, 2, 143.08
1494058159, 1, 437, 501, 257, 0, 4.13%, 0, 1, 2, 96.44
1494058185, 1, 442, 501, 256, 0, 4.13%, 0, 1, 2, 122.02
1494058190, 1, 443, 501, 256, 0, 4.13%, 0, 1, 2, 116.23
1494058201, 1, 448, 501, 255, 0, 4.13%, 0, 1, 2, 70.40
1494058211, 1, 449, 501, 254, 0, 4.13%, 0, 1, 2, 178.89
1494058221, 1, 451, 501, 253, 0, 4.13%, 0, 1, 2, 147.71
1494058231, 1, 456, 501, 253, 0, 4.13%, 0, 1, 2, 26.46
1494058313, 1, 458, 501, 252, 0, 4.13%, 0, 2, 2, 63.49
1494058319, 1, 462, 501, 252, 0, 4.13%, 0, 2, 2, 92.05
1494058324, 1, 463, 501, 252, 0, 4.13%, 0, 2, 2, 118.65
1494058329, 1, 464, 501, 252, 0, 4.13%, 0, 2, 2, 91.77
1494058334, 1, 465, 501, 251, 0, 4.13%, 0, 2, 2, 98.29
1494058344, 1, 472, 501, 250, 0, 4.13%, 0, 2, 2, 126.54
1494058375, 1, 475, 501, 249, 0, 4.13%, 0, 2, 2, 130.73
1494058385, 1, 482, 501, 248, 0, 4.13%, 0, 2, 2, 138.67
1494058390, 1, 485, 501, 248, 0, 4.13%, 0, 2, 2, 133.77
1494058395, 1, 487, 501, 248, 0, 4.13%, 0, 2, 2, 153.64
1494058400, 1, 490, 501, 248, 0, 4.13%, 0, 2, 2, 122.74
1494058405, 1, 492, 501, 248, 0, 4.13%, 0, 2, 2, 90.76
1494058426, 1, 494, 501, 247, 0, 4.13%, 0, 2, 2, 91.57
1494058431, 1, 496, 501, 247, 0, 4.13%, 0, 2, 2, 165.01
1494058436, 1, 500, 501, 246, 0, 4.13%, 0, 2, 2, 180.52
1494058441, 2, 1, 501, 245, 0, 4.13%, 0, 2, 2, 166.32
1494058446, 2, 2, 501, 245, 0, 4.13%, 0, 2, 2, 100.95
1494058452, 2, 4, 501, 245, 0, 4.13%, 0, 2, 2, 154.70
1494058457, 2, 6, 501, 245, 0, 4.13%, 0, 2, 2, 167.01
1494058462, 2, 9, 501, 245, 0, 4.13%, 0, 2, 2, 160.30
1494058467, 2, 13, 501, 245, 0, 4.13%, 0, 2, 2, 181.78
1494058472, 2, 14, 501, 245, 0, 4.13%, 0, 2, 2, 154.97
1494058477, 2, 17, 501, 245, 0, 4.13%, 0, 2, 2, 148.86
1494058482, 2, 24, 501, 245, 0, 4.13%, 0, 2, 2, 154.41
1494058487, 2, 29, 501, 245, 0, 4.13%, 0, 2, 2, 161.91
1494058492, 2, 31, 501, 245, 0, 4.13%, 0, 2, 2, 157.03
1494058497, 2, 35, 501, 245, 0, 4.13%, 0, 2, 2, 171.18
1494058503, 2, 41, 501, 244, 0, 4.13%, 0, 2, 2, 185.25
1494058508, 2, 43, 501, 244, 0, 4.13%, 0, 2, 2, 148.13
1494058513, 2, 46, 501, 243, 0, 4.13%, 0, 2, 2, 147.83
1494058518, 2, 48, 501, 243, 0, 4.13%, 0, 2, 2, 156.55
1494058523, 2, 52, 501, 243, 0, 4.13%, 0, 2, 2, 147.35
1494058528, 2, 53, 501, 243, 0, 4.13%, 0, 2, 2, 167.32
1494058534, 2, 57, 501, 242, 0, 4.13%, 0, 2, 2, 180.73
1494058539, 2, 59, 501, 242, 0, 4.13%, 0, 2, 2, 183.87
1494058544, 2, 62, 501, 242, 0, 4.13%, 0, 2, 2, 160.95
1494058549, 2, 65, 501, 242, 0, 4.13%, 0, 2, 2, 150.54
1494058554, 2, 67, 501, 242, 0, 4.13%, 0, 2, 2, 157.51
1494058559, 2, 72, 501, 241, 0, 4.13%, 0, 2, 2, 165.35
1494058564, 2, 75, 501, 241, 0, 4.13%, 0, 2, 2, 154.76
1494058569, 2, 78, 501, 241, 0, 4.13%, 0, 2, 2, 158.18
1494058575, 2, 81, 501, 241, 0, 4.13%, 0, 2, 2, 163.29
1494058580, 2, 82, 501, 241, 0, 4.13%, 0, 2, 2, 153.25
1494058585, 2, 86, 501, 241, 0, 4.13%, 0, 2, 2, 172.39
1494058590, 2, 87, 501, 241, 0, 4.13%, 0, 2, 2, 161.38
1494058595, 2, 90, 501, 240, 0, 4.13%, 0, 2, 2, 172.03
1494058600, 2, 93, 501, 240, 0, 4.13%, 0, 2, 2, 179.05
1494058605, 2, 94, 501, 240, 0, 4.13%, 0, 2, 2, 170.72
1494058611, 2, 97, 501, 240, 0, 4.13%, 0, 2, 2, 158.28
1494058616, 2, 104, 501, 240, 0, 4.13%, 0, 2, 2, 155.98
1494058621, 2, 106, 501, 240, 0, 4.13%, 0, 2, 2, 168.27
1494058626, 2, 111, 501, 240, 0, 4.13%, 0, 2, 2, 165.66
1494058631, 2, 115, 501, 240, 0, 4.13%, 0, 2, 2, 169.00
1494058636, 2, 117, 501, 240, 0, 4.13%, 0, 2, 2, 138.51
1494058641, 2, 118, 501, 240, 0, 4.13%, 0, 2, 2, 144.10
1494058646, 2, 123, 501, 239, 0, 4.13%, 0, 2, 2, 156.80
1494058651, 2, 128, 501, 238, 0, 4.13%, 0, 2, 2, 181.06
1494058657, 2, 129, 501, 238, 0, 4.13%, 0, 2, 2, 196.10
1494058662, 2, 131, 501, 238, 0, 4.13%, 0, 2, 2, 181.07
1494058667, 2, 133, 501, 238, 0, 4.13%, 0, 2, 2, 172.26
1494058672, 2, 138, 501, 238, 0, 4.13%, 0, 2, 2, 164.99
1494058677, 2, 142, 501, 237, 0, 4.13%, 0, 2, 2, 153.09
1494058682, 2, 150, 501, 235, 0, 4.13%, 0, 2, 2, 184.76
1494058687, 2, 152, 501, 235, 0, 4.13%, 0, 2, 2, 148.25
1494058697, 2, 154, 501, 234, 0, 4.13%, 0, 2, 2, 134.94
1494058702, 2, 156, 501, 233, 0, 4.13%, 0, 2, 2, 189.74
1494058708, 2, 158, 501, 233, 0, 4.13%, 0, 2, 2, 18.87
1494058713, 2, 159, 501, 233, 0, 4.13%, 0, 2, 2, 181.33
1494058718, 2, 165, 501, 233, 0, 4.13%, 0, 2, 2, 177.01
1494058723, 2, 169, 501, 233, 0, 4.13%, 0, 2, 2, 154.64
1494058728, 2, 171, 501, 231, 0, 4.13%, 0, 2, 2, 159.93
1494058738, 2, 177, 501, 231, 0, 4.13%, 0, 2, 2, 161.07
1494058743, 2, 180, 501, 230, 0, 4.13%, 0, 2, 2, 155.43
1494058754, 2, 184, 501, 229, 0, 4.13%, 0, 2, 2, 179.54
1494058759, 2, 188, 501, 229, 0, 4.13%, 0, 2, 2, 145.67
1494058764, 2, 191, 501, 228, 0, 4.13%, 0, 2, 2, 158.25
1494058769, 2, 192, 501, 228, 0, 4.13%, 0, 2, 2, 161.97
1494058774, 2, 194, 501, 228, 0, 4.13%, 0, 2, 2, 149.02
1494058784, 2, 200, 501, 227, 0, 4.13%, 0, 2, 2, 163.54
1494058789, 2, 201, 501, 227, 0, 4.13%, 0, 2, 2, 148.95
1494058805, 2, 202, 501, 226, 0, 4.13%, 0, 2, 2, 120.28
1494058825, 2, 208, 501, 225, 0, 4.13%, 0, 2, 2, 157.63
1494058830, 2, 209, 501, 224, 0, 4.13%, 0, 2, 2, 166.03
1494058835, 2, 214, 501, 224, 0, 4.13%, 0, 2, 2, 149.83
1494058840, 2, 216, 501, 224, 0, 4.13%, 0, 2, 2, 166.84
1494058845, 2, 218, 501, 224, 0, 4.13%, 0, 2, 2, 166.63
1494058851, 2, 220, 501, 223, 0, 4.13%, 0, 2, 2, 169.50
1494058856, 2, 222, 501, 223, 0, 4.13%, 0, 2, 2, 170.53
1494058861, 2, 224, 501, 223, 0, 4.13%, 0, 2, 2, 163.47
1494058866, 2, 226, 501, 222, 0, 4.13%, 0, 2, 2, 122.81
1494058871, 2, 231, 501, 222, 0, 4.13%, 0, 2, 2, 140.65
1494058876, 2, 233, 501, 222, 0, 4.13%, 0, 2, 2, 155.53
1494058881, 2, 237, 501, 222, 0, 4.13%, 0, 2, 2, 175.68
1494058886, 2, 244, 501, 222, 0, 4.13%, 0, 2, 2, 172.16
1494058897, 2, 249, 501, 222, 0, 4.13%, 0, 2, 2, 155.40
1494058902, 2, 254, 501, 222, 0, 4.13%, 0, 2, 2, 145.30
1494058907, 2, 257, 501, 221, 0, 4.13%, 0, 2, 2, 146.61
1494058917, 2, 263, 501, 220, 0, 4.13%, 0, 2, 2, 113.58
1494058922, 2, 265, 501, 219, 0, 4.13%, 0, 2, 2, 157.35
1494058927, 2, 266, 501, 219, 0, 4.13%, 0, 2, 2, 173.46
1494058932, 2, 268, 501, 218, 0, 4.13%, 0, 2, 2, 177.77
1494058937, 2, 273, 501, 218, 0, 4.13%, 0, 2, 2, 179.11
1494058943, 2, 274, 501, 218, 0, 4.13%, 0, 2, 2, 173.28
1494058948, 2, 277, 501, 217, 0, 4.13%, 0, 2, 2, 185.83
1494058953, 2, 279, 501, 217, 0, 4.13%, 0, 2, 2, 170.92
1494058958, 2, 283, 501, 217, 0, 4.13%, 0, 2, 2, 157.46
1494058963, 2, 285, 501, 217, 0, 4.13%, 0, 2, 2, 179.68
1494058968, 2, 287, 501, 216, 0, 4.13%, 0, 2, 2, 162.70
1494058973, 2, 289, 501, 216, 0, 4.13%, 0, 2, 2, 178.75
1494058978, 2, 291, 501, 216, 0, 4.13%, 0, 2, 2, 181.06
1494058984, 2, 293, 501, 215, 0, 4.13%, 0, 2, 2, 185.84
1494058994, 2, 297, 501, 215, 0, 4.13%, 0, 2, 2, 150.77
1494058999, 2, 301, 501, 214, 0, 4.13%, 0, 2, 2, 156.10
1494059004, 2, 307, 501, 213, 0, 4.13%, 0, 2, 2, 164.16
1494059009, 2, 319, 501, 213, 0, 4.13%, 0, 2, 2, 157.24
1494059015, 2, 321, 501, 213, 0, 4.13%, 0, 2, 2, 19.42
1494059045, 2, 327, 501, 212, 0, 4.13%, 0, 2, 2, 128.40
1494059050, 2, 328, 501, 212, 0, 4.13%, 0, 2, 2, 142.42
1494059056, 2, 329, 501, 211, 0, 4.13%, 0, 2, 2, 154.50
1494059061, 2, 330, 501, 211, 0, 4.13%, 0, 2, 2, 37.79
1494059091, 2, 333, 501, 210, 0, 4.13%, 0, 2, 2, 115.07
1494059096, 2, 337, 501, 210, 0, 4.13%, 0, 2, 2, 130.50
1494059101, 2, 341, 501, 209, 0, 4.13%, 0, 2, 2, 164.22
1494059112, 2, 342, 501, 208, 0, 4.13%, 0, 2, 2, 113.12
1494059127, 2, 346, 501, 207, 0, 4.13%, 0, 2, 2, 112.22
1494059142, 2, 348, 501, 206, 0, 4.13%, 0, 2, 2, 129.04
1494059157, 2, 359, 501, 205, 0, 4.13%, 0, 2, 2, 146.12
1494059163, 2, 372, 501, 205, 0, 4.13%, 0, 2, 2, 147.53
1494059168, 2, 374, 501, 205, 0, 4.13%, 0, 2, 2, 165.14
1494059178, 2, 379, 501, 205, 0, 4.13%, 0, 2, 2, 29.51
1494059229, 2, 381, 501, 204, 0, 4.13%, 0, 2, 2, 89.66
1494059244, 2, 382, 501, 203, 0, 4.13%, 0, 2, 2, 150.75
1494059249, 2, 387, 501, 203, 0, 4.13%, 0, 2, 2, 149.30
1494059254, 2, 389, 503, 205, 0, 4.13%, 0, 2, 2, 91.97
1494059260, 2, 395, 503, 204, 0, 4.13%, 0, 2, 2, 76.91
1494059290, 2, 403, 503, 203, 0, 4.13%, 0, 2, 2, 7.97
1494059321, 2, 413, 503, 202, 0, 4.13%, 0, 2, 2, 112.28
1494059336, 2, 413, 503, 201, 0, 4.13%, 0, 2, 2, 138.68
1494059341, 2, 417, 503, 201, 0, 4.13%, 0, 2, 2, 157.99
1494059346, 2, 425, 503, 201, 0, 4.13%, 0, 2, 2, 171.10
1494059351, 2, 430, 503, 201, 0, 4.13%, 0, 2, 2, 139.13
1494059362, 2, 431, 503, 201, 0, 4.13%, 0, 2, 2, 137.92
1494059372, 2, 432, 503, 200, 0, 4.13%, 0, 2, 2, 145.00
1494059377, 2, 436, 503, 200, 0, 4.13%, 0, 2, 2, 141.98
1494059382, 2, 442, 503, 200, 0, 4.13%, 0, 2, 2, 126.81
1494059387, 2, 444, 503, 200, 0, 4.13%, 0, 2, 2, 129.52
1494059392, 2, 449, 503, 200, 0, 4.13%, 0, 2, 2, 147.32
1494059397, 2, 451, 503, 200, 0, 4.13%, 0, 2, 2, 178.12
1494059403, 2, 455, 503, 200, 0, 4.13%, 0, 2, 2, 166.19
1494059408, 2, 458, 503, 199, 0, 4.13%, 0, 2, 2, 157.75
1494059413, 2, 462, 503, 199, 0, 4.13%, 0, 2, 2, 114.52
1494059418, 2, 466, 503, 199, 0, 4.13%, 0, 2, 2, 140.42
1494059423, 2, 470, 503, 199, 0, 4.13%, 0, 2, 2, 107.06
1494059428, 2, 473, 503, 198, 0, 4.13%, 0, 2, 2, 119.24
1494059433, 2, 476, 503, 198, 0, 4.13%, 0, 2, 2, 78.34
1494059444, 2, 479, 503, 197, 0, 4.13%, 0, 2, 2, 122.32
1494059449, 2, 480, 503, 197, 0, 4.13%, 0, 2, 2, 75.25
1494059454, 2, 481, 503, 196, 0, 4.13%, 0, 2, 2, 92.40
1494059464, 2, 484, 503, 195, 0, 4.13%, 0, 2, 2, 159.70
1494059475, 2, 485, 503, 194, 0, 4.13%, 0, 2, 2, 142.99
1494059480, 2, 488, 503, 194, 0, 4.13%, 0, 2, 2, 143.36
1494059485, 2, 490, 503, 194, 0, 4.13%, 0, 2, 2, 124.40
1494059490, 2, 495, 503, 194, 0, 4.13%, 0, 2, 2, 130.75
1494059516, 2, 496, 503, 193, 0, 4.13%, 0, 2, 2, 151.98
1494059521, 3, 0, 503, 193, 0, 4.13%, 0, 2, 2, 137.88
1494059526, 3, 2, 503, 193, 0, 4.13%, 0, 2, 2, 155.77
1494059531, 3, 4, 503, 193, 0, 4.13%, 0, 2, 2, 175.12
1494059536, 3, 6, 503, 193, 0, 4.13%, 0, 2, 2, 177.26
1494059546, 3, 11, 503, 193, 0, 4.13%, 0, 2, 2, 140.42
1494059552, 3, 12, 503, 193, 0, 4.13%, 0, 2, 2, 166.01
1494059557, 3, 14, 503, 192, 0, 4.13%, 0, 2, 2, 148.67
1494059562, 3, 17, 503, 192, 0, 4.13%, 0, 2, 2, 146.41
1494059567, 3, 18, 503, 192, 0, 4.13%, 0, 2, 2, 145.54
1494059572, 3, 28, 503, 192, 0, 4.13%, 0, 2, 2, 158.34
1494059577, 3, 31, 503, 192, 0, 4.13%, 0, 2, 2, 157.39
1494059582, 3, 34, 503, 192, 0, 4.13%, 0, 2, 2, 148.61
1494059587, 3, 36, 503, 192, 0, 4.13%, 0, 2, 2, 156.03
1494059592, 3, 41, 503, 191, 0, 4.13%, 0, 2, 2, 164.79
1494059597, 3, 46, 503, 191, 0, 4.13%, 0, 2, 2, 159.52
1494059602, 3, 48, 503, 191, 0, 4.13%, 0, 2, 2, 165.22
1494059608, 3, 50, 503, 191, 0, 4.13%, 0, 2, 2, 146.70
1494059613, 3, 53, 503, 191, 0, 4.13%, 0, 2, 2, 147.32
1494059618, 3, 57, 503, 191, 0, 4.13%, 0, 2, 2, 178.76
1494059623, 3, 59, 503, 191, 0, 4.13%, 0, 2, 2, 184.81
1494059628, 3, 60, 503, 191, 0, 4.13%, 0, 2, 2, 164.35
1494059633, 3, 64, 503, 190, 0, 4.13%, 0, 2, 2, 151.56
1494059639, 3, 65, 503, 190, 0, 4.13%, 0, 2, 2, 151.25
1494059644, 3, 67, 503, 190, 0, 4.13%, 0, 2, 2, 151.68
1494059649, 3, 73, 503, 190, 0, 4.13%, 0, 2, 2, 159.24
1494059654, 3, 74, 503, 189, 0, 4.13%, 0, 2, 2, 165.01
1494059659, 3, 77, 503, 189, 0, 4.13%, 0, 2, 2, 142.49
1494059664, 3, 78, 503, 189, 0, 4.13%, 0, 2, 2, 155.07
1494059669, 3, 80, 503, 188, 0, 4.13%, 0, 2, 2, 148.41
1494059675, 3, 81, 503, 187, 0, 4.13%, 0, 2, 2, 152.84
1494059680, 3, 82, 503, 187, 0, 4.13%, 0, 2, 2, 138.61
1494059685, 3, 84, 503, 187, 0, 4.13%, 0, 2, 2, 149.34
1494059690, 3, 85, 503, 186, 0, 4.13%, 0, 2, 2, 147.94
1494059695, 3, 86, 503, 186, 0, 4.13%, 0, 2, 2, 125.58
1494059700, 3, 90, 503, 186, 0, 4.13%, 0, 2, 2, 142.93
1494059705, 3, 91, 503, 186, 0, 4.13%, 0, 2, 2, 149.18
1494059710, 3, 93, 503, 186, 0, 4.13%, 0, 2, 2, 192.16
1494059715, 3, 95, 503, 186, 0, 4.13%, 0, 2, 2, 170.90
1494059721, 3, 102, 503, 186, 0, 4.13%, 0, 2, 2, 162.88
1494059731, 3, 104, 503, 185, 0, 4.13%, 0, 2, 2, 163.54
1494059736, 3, 106, 503, 185, 0, 4.13%, 0, 2, 2, 149.27
1494059741, 3, 111, 503, 185, 0, 4.13%, 0, 2, 2, 165.21
1494059746, 3, 115, 503, 185, 0, 4.13%, 0, 2, 2, 143.66
1494059751, 3, 117, 503, 185, 0, 4.13%, 0, 2, 2, 131.65
1494059756, 3, 118, 503, 185, 0, 4.13%, 0, 2, 2, 137.86
1494059762, 3, 128, 503, 184, 0, 4.13%, 0, 2, 2, 169.72
1494059767, 3, 129, 503, 184, 0, 4.13%, 0, 2, 2, 173.61
1494059777, 3, 131, 503, 184, 0, 4.13%, 0, 2, 2, 172.85
1494059782, 3, 132, 503, 184, 0, 4.13%, 0, 2, 2, 160.64
1494059787, 3, 134, 503, 183, 0, 4.13%, 0, 2, 2, 142.74
1494059792, 3, 135, 503, 182, 0, 4.13%, 0, 2, 2, 145.29
1494059797, 3, 140, 503, 181, 0, 4.13%, 0, 2, 2, 161.14
1494059803, 3, 141, 503, 181, 0, 4.13%, 0, 2, 2, 161.51
1494059808, 3, 149, 503, 181, 0, 4.13%, 0, 2, 2, 167.14
1494059813, 3, 153, 503, 180, 0, 4.13%, 0, 2, 2, 146.26
1494059818, 3, 156, 503, 180, 0, 4.13%, 0, 2, 2, 172.57
1494059823, 3, 158, 503, 180, 0, 4.13%, 0, 2, 2, 180.95
1494059828, 3, 159, 503, 180, 0, 4.13%, 0, 2, 2, 169.25
1494059833, 3, 165, 503, 179, 0, 4.13%, 0, 2, 2, 210.80
1494059844, 3, 171, 503, 178, 0, 4.13%, 0, 2, 2, 175.18
1494059849, 3, 176, 503, 178, 0, 4.13%, 0, 2, 2, 155.89
1494059854, 3, 178, 503, 178, 0, 4.13%, 0, 2, 2, 169.74
1494059859, 3, 180, 503, 178, 0, 4.13%, 0, 2, 2, 185.78
1494059864, 3, 182, 503, 178, 0, 4.13%, 0, 2, 2, 171.55
1494059869, 3, 190, 503, 177, 0, 4.13%, 0, 2, 2, 161.87
1494059879, 3, 191, 503, 176, 0, 4.13%, 0, 2, 2, 150.66
1494059885, 3, 192, 503, 176, 0, 4.13%, 0, 2, 2, 151.69
1494059890, 3, 200, 503, 176, 0, 4.13%, 0, 2, 2, 161.90
1494059900, 3, 203, 503, 176, 0, 4.13%, 0, 2, 2, 112.85
1494059910, 3, 209, 503, 175, 0, 4.13%, 0, 2, 2, 142.85
1494059915, 3, 214, 503, 175, 0, 4.13%, 0, 2, 2, 166.50
1494059920, 3, 216, 503, 175, 0, 4.13%, 0, 2, 2, 187.08
1494059931, 3, 222, 503, 175, 0, 4.13%, 0, 2, 2, 176.51
1494059936, 3, 227, 503, 175, 0, 4.13%, 0, 2, 2, 161.97
1494059941, 3, 229, 503, 175, 0, 4.13%, 0, 2, 2, 149.95
1494059946, 3, 231, 503, 174, 0, 4.13%, 0, 2, 2, 164.09
1494059951, 3, 233, 503, 174, 0, 4.13%, 0, 2, 2, 169.48
1494059957, 3, 237, 503, 174, 0, 4.13%, 0, 2, 2, 173.36
1494059967, 3, 238, 503, 174, 0, 4.13%, 0, 2, 2, 159.51
1494059977, 3, 244, 503, 171, 0, 4.13%, 0, 2, 2, 169.20
1494059987, 3, 249, 503, 171, 0, 4.13%, 0, 2, 2, 163.49
1494059993, 3, 252, 503, 170, 0, 4.13%, 0, 2, 2, 157.01
1494059998, 3, 260, 503, 170, 0, 4.13%, 0, 2, 2, 151.71
1494060003, 3, 265, 503, 169, 0, 4.13%, 0, 2, 2, 148.89
1494060013, 3, 268, 503, 169, 0, 4.13%, 0, 2, 2, 165.59
1494060018, 3, 273, 503, 169, 0, 4.13%, 0, 2, 2, 168.28
1494060023, 3, 277, 503, 169, 0, 4.13%, 0, 2, 2, 128.44
1494060028, 3, 279, 503, 169, 0, 4.13%, 0, 2, 2, 160.62
1494060038, 3, 282, 503, 168, 0, 4.13%, 0, 2, 2, 173.07
1494060044, 3, 283, 503, 167, 0, 4.13%, 0, 2, 2, 184.31
1494060049, 3, 287, 503, 167, 0, 4.13%, 0, 2, 2, 178.02
1494060054, 3, 289, 503, 167, 0, 4.13%, 0, 2, 2, 175.65
1494060059, 3, 292, 503, 167, 0, 4.13%, 0, 2, 2, 173.24
1494060069, 3, 293, 503, 166, 0, 4.13%, 0, 2, 2, 136.89
1494060074, 3, 294, 503, 166, 0, 4.13%, 0, 2, 2, 159.72
1494060079, 3, 302, 503, 166, 0, 4.13%, 0, 2, 2, 169.07
1494060085, 3, 303, 503, 166, 0, 4.13%, 0, 2, 2, 196.43
1494060090, 3, 307, 503, 165, 0, 4.13%, 0, 2, 2, 172.11
1494060095, 3, 314, 503, 164, 0, 4.13%, 0, 2, 2, 168.56
1494060100, 3, 318, 503, 163, 0, 4.13%, 0, 2, 2, 168.87
1494060105, 3, 319, 503, 163, 0, 4.13%, 0, 2, 2, 198.91
1494060110, 3, 323, 503, 162, 0, 4.13%, 0, 2, 2, 169.28
1494060115, 3, 327, 503, 161, 0, 4.13%, 0, 2, 2, 161.61
1494060120, 3, 331, 503, 161, 0, 4.13%, 0, 2, 2, 127.29
1494060125, 3, 334, 503, 161, 0, 4.13%, 0, 2, 2, 148.14
1494060130, 3, 345, 503, 161, 0, 4.13%, 0, 2, 2, 122.84
1494060151, 3, 347, 503, 160, 0, 4.13%, 0, 2, 2, 121.07
1494060156, 3, 357, 503, 159, 0, 4.13%, 0, 2, 2, 170.87
1494060161, 3, 359, 503, 159, 0, 4.13%, 0, 2, 2, 142.62
1494060166, 3, 368, 503, 159, 0, 4.13%, 0, 2, 2, 156.69
1494060171, 3, 370, 503, 158, 0, 4.13%, 0, 2, 2, 163.96
1494060176, 3, 374, 504, 158, 0, 4.13%, 0, 2, 2, 175.42
1494060186, 3, 382, 504, 158, 0, 4.13%, 0, 2, 2, 186.49
1494060191, 3, 384, 504, 158, 0, 4.13%, 0, 2, 2, 23.67
1494060254, 3, 388, 504, 157, 0, 4.13%, 0, 2, 2, 11.05
1494060279, 3, 393, 504, 156, 0, 4.13%, 0, 2, 2, 57.50
1494060340, 3, 399, 504, 155, 0, 4.13%, 0, 2, 2, 65.91
1494060371, 3, 402, 504, 154, 0, 4.13%, 0, 2, 2, 53.67
1494060376, 3, 403, 504, 154, 0, 4.13%, 0, 2, 2, 106.33
1494060382, 3, 408, 504, 154, 0, 4.13%, 0, 2, 2, 149.75
1494060392, 3, 413, 504, 153, 0, 4.13%, 0, 2, 2, 198.48
1494060397, 3, 417, 504, 153, 0, 4.13%, 0, 2, 2, 185.18
1494060402, 3, 422, 504, 153, 0, 4.13%, 0, 2, 2, 130.21
1494060418, 3, 425, 504, 152, 0, 4.13%, 0, 2, 2, 88.19
1494060423, 3, 430, 504, 152, 0, 4.13%, 0, 2, 2, 130.73
1494060433, 3, 436, 504, 152, 0, 4.13%, 0, 2, 2, 149.68
1494060443, 3, 442, 504, 152, 0, 4.13%, 0, 2, 2, 100.12
1494060448, 3, 449, 504, 152, 0, 4.13%, 0, 2, 2, 141.19
1494060458, 3, 451, 504, 152, 0, 4.13%, 0, 2, 2, 182.75
1494060464, 3, 453, 504, 152, 0, 4.13%, 0, 2, 2, 104.22
1494060484, 3, 458, 504, 151, 0, 4.13%, 0, 2, 2, 142.31
1494060489, 3, 463, 504, 151, 0, 4.13%, 0, 2, 2, 186.70
1494060494, 3, 464, 504, 151, 0, 4.13%, 0, 2, 2, 161.41
1494060500, 3, 468, 504, 151, 0, 4.13%, 0, 2, 2, 141.05
1494060520, 3, 474, 504, 150, 0, 4.13%, 0, 2, 2, 132.47
1494060525, 3, 482, 504, 149, 0, 4.13%, 0, 2, 2, 145.24
1494060530, 3, 483, 504, 149, 0, 4.13%, 0, 2, 2, 89.06
1494060571, 3, 485, 504, 148, 0, 4.13%, 0, 2, 2, 123.88
1494060576, 3, 488, 504, 148, 0, 4.13%, 0, 2, 2, 191.30
1494060581, 3, 489, 504, 148, 0, 4.13%, 0, 2, 2, 118.37
1494060592, 3, 494, 504, 147, 0, 4.13%, 0, 2, 2, 149.86
1494060597, 3, 496, 504, 147, 0, 4.13%, 0, 2, 2, 169.14
1494060602, 3, 499, 504, 147, 0, 4.13%, 0, 2, 2, 181.49
1494060607, 3, 501, 504, 146, 0, 4.13%, 0, 2, 2, 29.29
1494060649, 3, 503, 504, 145, 0, 4.13%, 0, 2, 2, 193.15
1494060664, 4, 0, 504, 144, 0, 4.13%, 0, 2, 2, 139.50
1494060669, 4, 2, 504, 144, 0, 4.13%, 0, 2, 2, 158.48
1494060674, 4, 4, 504, 144, 0, 4.13%, 0, 2, 2, 187.63
1494060680, 4, 6, 504, 144, 0, 4.13%, 0, 2, 2, 174.72
1494060690, 4, 11, 504, 144, 0, 4.13%, 0, 2, 2, 170.88
1494060695, 4, 14, 504, 144, 0, 4.13%, 0, 2, 2, 176.20
1494060700, 4, 16, 504, 143, 0, 4.13%, 0, 2, 2, 153.94
1494060705, 4, 18, 504, 143, 0, 4.13%, 0, 2, 2, 157.23
1494060710, 4, 22, 504, 143, 0, 4.13%, 0, 2, 2, 132.81
1494060715, 4, 26, 504, 142, 0, 4.13%, 0, 2, 2, 147.91
1494060720, 4, 29, 504, 142, 0, 4.13%, 0, 2, 2, 150.07
1494060725, 4, 31, 504, 142, 0, 4.13%, 0, 2, 2, 129.60
1494060731, 4, 35, 504, 142, 0, 4.13%, 0, 2, 2, 150.75
1494060736, 4, 41, 504, 142, 0, 4.13%, 0, 2, 2, 163.33
1494060741, 4, 46, 504, 142, 0, 4.13%, 0, 2, 2, 164.15
1494060746, 4, 49, 504, 142, 0, 4.13%, 0, 2, 2, 157.66
1494060751, 4, 51, 504, 142, 0, 4.13%, 0, 2, 2, 146.99
1494060756, 4, 52, 504, 141, 0, 4.13%, 0, 2, 2, 143.44
1494060761, 4, 57, 504, 141, 0, 4.13%, 0, 2, 2, 182.37
1494060771, 4, 62, 504, 141, 0, 4.13%, 0, 2, 2, 144.14
1494060776, 4, 65, 504, 141, 0, 4.13%, 0, 2, 2, 147.85
1494060782, 4, 66, 504, 141, 0, 4.13%, 0, 2, 2, 142.00
1494060787, 4, 72, 504, 141, 0, 4.13%, 0, 2, 2, 194.09
1494060792, 4, 75, 504, 141, 0, 4.13%, 0, 2, 2, 112.90
1494060797, 4, 78, 504, 141, 0, 4.13%, 0, 2, 2, 147.51
1494060802, 4, 81, 504, 141, 0, 4.13%, 0, 2, 2, 163.36
1494060807, 4, 82, 504, 141, 0, 4.13%, 0, 2, 2, 132.90
1494060812, 4, 85, 504, 141, 0, 4.13%, 0, 2, 2, 157.01
1494060817, 4, 86, 504, 141, 0, 4.13%, 0, 2, 2, 143.38
1494060822, 4, 90, 504, 141, 0, 4.13%, 0, 2, 2, 162.85
1494060828, 4, 93, 504, 141, 0, 4.13%, 0, 2, 2, 167.52
1494060833, 4, 94, 504, 141, 0, 4.13%, 0, 2, 2, 162.67
1494060838, 4, 97, 504, 141, 0, 4.13%, 0, 2, 2, 164.85
1494060843, 4, 104, 504, 141, 0, 4.13%, 0, 2, 2, 153.56
1494060848, 4, 106, 504, 141, 0, 4.13%, 0, 2, 2, 155.17
1494060853, 4, 110, 504, 141, 0, 4.13%, 0, 2, 2, 168.90
1494060858, 4, 114, 504, 140, 0, 4.13%, 0, 2, 2, 149.49
1494060863, 4, 116, 504, 140, 0, 4.13%, 0, 2, 2, 142.68
1494060869, 4, 118, 504, 140, 0, 4.13%, 0, 2, 2, 142.98
1494060874, 4, 119, 504, 140, 0, 4.13%, 0, 2, 2, 136.79
1494060879, 4, 128, 504, 139, 0, 4.13%, 0, 2, 2, 173.14
1494060884, 4, 129, 504, 139, 0, 4.13%, 0, 2, 2, 175.67
1494060889, 4, 131, 504, 139, 0, 4.13%, 0, 2, 2, 175.40
1494060894, 4, 133, 504, 139, 0, 4.13%, 0, 2, 2, 174.84
1494060900, 4, 136, 504, 139, 0, 4.13%, 0, 2, 2, 169.06
1494060905, 4, 150, 504, 139, 0, 4.13%, 0, 2, 2, 165.88
1494060910, 4, 156, 504, 139, 0, 4.13%, 0, 2, 2, 159.16
1494060920, 4, 158, 504, 139, 0, 4.13%, 0, 2, 2, 180.02
1494060925, 4, 159, 504, 139, 0, 4.13%, 0, 2, 2, 167.13
1494060930, 4, 163, 504, 139, 0, 4.13%, 0, 2, 2, 171.83
1494060935, 4, 165, 504, 138, 0, 4.13%, 0, 2, 2, 178.11
1494060940, 4, 171, 504, 138, 0, 4.13%, 0, 2, 2, 180.30
1494060945, 4, 176, 504, 138, 0, 4.13%, 0, 2, 2, 164.24
1494060951, 4, 180, 504, 138, 0, 4.13%, 0, 2, 2, 163.82
1494060961, 4, 186, 505, 139, 0, 4.13%, 0, 2, 2, 160.91
1494060966, 4, 187, 505, 139, 0, 4.13%, 0, 2, 2, 123.13
1494060971, 4, 191, 505, 138, 0, 4.13%, 0, 2, 2, 157.87
1494060976, 4, 192, 505, 138, 0, 4.13%, 0, 2, 2, 153.38
1494060981, 4, 197, 505, 138, 0, 4.13%, 0, 2, 2, 161.62
1494060986, 4, 200, 505, 138, 0, 4.13%, 0, 2, 2, 173.88
1494060991, 4, 206, 505, 138, 0, 4.13%, 0, 2, 2, 152.45
1494060996, 4, 213, 505, 138, 0, 4.13%, 0, 2, 2, 163.51
1494061002, 4, 214, 505, 138, 0, 4.13%, 0, 2, 2, 177.32
1494061007, 4, 216, 505, 137, 0, 4.13%, 0, 2, 2, 179.18
1494061017, 4, 220, 505, 137, 0, 4.13%, 0, 2, 2, 166.37
1494061022, 4, 223, 505, 137, 0, 4.13%, 0, 2, 2, 157.85
1494061027, 4, 228, 505, 137, 0, 4.13%, 0, 2, 2, 158.52
1494061032, 4, 231, 505, 136, 0, 4.13%, 0, 2, 2, 134.72
1494061037, 4, 232, 505, 136, 0, 4.13%, 0, 2, 2, 147.79
1494061042, 4, 233, 505, 135, 0, 4.13%, 0, 2, 2, 174.84
1494061048, 4, 234, 505, 135, 0, 4.13%, 0, 2, 2, 121.59
1494061053, 4, 237, 505, 134, 0, 4.13%, 0, 2, 2, 152.11
1494061058, 4, 244, 505, 134, 0, 4.13%, 0, 2, 2, 169.63
1494061068, 4, 249, 505, 134, 0, 4.13%, 0, 2, 2, 164.98
1494061073, 4, 253, 505, 134, 0, 4.13%, 0, 2, 2, 163.77
1494061084, 4, 254, 505, 133, 0, 4.13%, 0, 2, 2, 14.62
1494061089, 4, 262, 505, 133, 0, 4.13%, 0, 2, 2, 158.67
1494061094, 4, 265, 505, 132, 0, 4.13%, 0, 2, 2, 156.16
1494061099, 4, 267, 505, 132, 0, 4.13%, 0, 2, 2, 168.66
1494061104, 4, 268, 505, 131, 0, 4.13%, 0, 2, 2, 174.26
1494061109, 4, 270, 505, 131, 0, 4.13%, 0, 2, 2, 16.19
1494061114, 4, 273, 505, 130, 0, 4.13%, 0, 2, 2, 147.35
1494061120, 4, 277, 505, 130, 0, 4.13%, 0, 2, 2, 169.57
1494061125, 4, 279, 505, 130, 0, 4.13%, 0, 2, 2, 166.27
1494061130, 4, 283, 505, 130, 0, 4.13%, 0, 2, 2, 151.35
1494061140, 4, 287, 505, 129, 0, 4.13%, 0, 2, 2, 179.93
1494061150, 4, 289, 505, 129, 0, 4.13%, 0, 2, 2, 149.40
1494061155, 4, 293, 505, 129, 0, 4.13%, 0, 2, 2, 160.22
1494061160, 4, 294, 505, 129, 0, 4.13%, 0, 2, 2, 155.55
1494061166, 4, 299, 505, 128, 0, 4.13%, 0, 2, 2, 167.87
1494061171, 4, 307, 505, 128, 0, 4.13%, 0, 2, 2, 156.78
1494061176, 4, 319, 505, 128, 0, 4.13%, 0, 2, 2, 158.68
1494061181, 4, 327, 505, 127, 0, 4.13%, 0, 2, 2, 162.89
1494061186, 4, 329, 505, 127, 0, 4.13%, 0, 2, 2, 159.17
1494061191, 4, 333, 505, 127, 0, 4.13%, 0, 2, 2, 161.38
1494061196, 4, 337, 505, 127, 0, 4.13%, 0, 2, 2, 125.96
1494061201, 4, 339, 505, 127, 0, 4.13%, 0, 2, 2, 138.90
1494061207, 4, 356, 505, 126, 0, 4.13%, 0, 2, 2, 177.49
1494061232, 4, 363, 505, 125, 0, 4.13%, 0, 2, 2, 123.42
1494061242, 4, 368, 505, 124, 0, 4.13%, 0, 2, 2, 147.62
1494061247, 4, 372, 505, 124, 0, 4.13%, 0, 2, 2, 168.37
1494061252, 4, 374, 505, 124, 0, 4.13%, 0, 2, 2, 174.55
1494061258, 4, 382, 505, 124, 0, 4.13%, 0, 2, 2, 183.35
1494061263, 4, 387, 505, 124, 0, 4.13%, 0, 2, 2, 143.64
1494061268, 4, 402, 505, 124, 0, 4.13%, 0, 2, 2, 139.70
1494061273, 4, 417, 505, 124, 0, 4.13%, 0, 2, 2, 164.66
1494061278, 4, 421, 505, 124, 0, 4.13%, 0, 2, 2, 156.54
1494061293, 4, 427, 505, 123, 0, 4.13%, 0, 2, 2, 156.74
1494061298, 4, 430, 505, 123, 0, 4.13%, 0, 2, 2, 171.68
1494061303, 4, 432, 505, 123, 0, 4.13%, 0, 2, 2, 163.27
1494061309, 4, 436, 505, 123, 0, 4.13%, 0, 2, 2, 153.78
1494061314, 4, 442, 505, 123, 0, 4.13%, 0, 2, 2, 110.90
1494061319, 4, 445, 505, 123, 0, 4.13%, 0, 2, 2, 145.28
1494061329, 4, 449, 505, 122, 0, 4.13%, 0, 2, 2, 177.67
1494061335, 4, 451, 505, 122, 0, 4.13%, 0, 2, 2, 169.53
1494061340, 4, 452, 505, 122, 0, 4.13%, 0, 2, 2, 111.80
1494061355, 4, 455, 505, 121, 0, 4.13%, 0, 2, 2, 101.34
1494061360, 4, 458, 505, 121, 0, 4.13%, 0, 2, 2, 100.81
1494061365, 4, 460, 505, 121, 0, 4.13%, 0, 2, 2, 89.27
1494061371, 4, 462, 505, 120, 0, 4.13%, 0, 2, 2, 106.31
1494061376, 4, 463, 505, 120, 0, 4.13%, 0, 2, 2, 126.43
1494061381, 4, 466, 505, 120, 0, 4.13%, 0, 2, 2, 142.89
1494061386, 4, 471, 505, 120, 0, 4.13%, 0, 2, 2, 106.31
1494061391, 4, 473, 505, 119, 0, 4.13%, 0, 2, 2, 133.95
1494061396, 4, 479, 505, 119, 0, 4.13%, 0, 2, 2, 134.81
1494061401, 4, 483, 505, 119, 0, 4.13%, 0, 2, 2, 177.51
1494061407, 4, 486, 505, 119, 0, 4.13%, 0, 2, 2, 156.86
1494061412, 4, 488, 505, 119, 0, 4.13%, 0, 2, 2, 107.11
1494061417, 4, 494, 505, 119, 0, 4.13%, 0, 2, 2, 140.08
1494061422, 4, 496, 505, 119, 0, 4.13%, 0, 2, 2, 165.66
1494061427, 4, 497, 505, 119, 0, 4.13%, 0, 2, 2, 72.34
1494061432, 5, 0, 505, 118, 0, 4.13%, 0, 2, 2, 128.72
1494061437, 5, 2, 505, 118, 0, 4.13%, 0, 2, 2, 172.33
1494061443, 5, 4, 505, 118, 0, 4.13%, 0, 2, 2, 173.96
1494061448, 5, 5, 505, 118, 0, 4.13%, 0, 2, 2, 175.76
1494061453, 5, 6, 505, 118, 0, 4.13%, 0, 2, 2, 172.85
1494061458, 5, 11, 505, 118, 0, 4.13%, 0, 2, 2, 147.15
1494061463, 5, 12, 505, 118, 0, 4.13%, 0, 2, 2, 168.93
1494061468, 5, 14, 505, 118, 0, 4.13%, 0, 2, 2, 171.79
1494061473, 5, 17, 505, 118, 0, 4.13%, 0, 2, 2, 161.92
1494061478, 5, 19, 505, 118, 0, 4.13%, 0, 2, 2, 170.50
1494061483, 5, 24, 505, 117, 0, 4.13%, 0, 2, 2, 171.26
1494061489, 5, 25, 505, 117, 0, 4.13%, 0, 2, 2, 160.63
1494061494, 5, 28, 505, 116, 0, 4.13%, 0, 2, 2, 164.42
1494061499, 5, 31, 505, 116, 0, 4.13%, 0, 2, 2, 157.24
1494061504, 5, 34, 505, 116, 0, 4.13%, 0, 2, 2, 145.15
1494061509, 5, 38, 505, 116, 0, 4.13%, 0, 2, 2, 205.38
1494061514, 5, 41, 505, 115, 0, 4.13%, 0, 2, 2, 179.76
1494061519, 5, 46, 505, 115, 0, 4.13%, 0, 2, 2, 145.61
1494061524, 5, 48, 505, 115, 0, 4.13%, 0, 2, 2, 152.95
1494061530, 5, 50, 505, 115, 0, 4.13%, 0, 2, 2, 155.91
1494061535, 5, 53, 505, 115, 0, 4.13%, 0, 2, 2, 154.97
1494061540, 5, 57, 505, 115, 0, 4.13%, 0, 2, 2, 188.00
1494061550, 5, 59, 505, 114, 0, 4.13%, 0, 2, 2, 141.55
1494061555, 5, 64, 505, 114, 0, 4.13%, 0, 2, 2, 155.01
1494061560, 5, 66, 505, 114, 0, 4.13%, 0, 2, 2, 157.84
1494061565, 5, 69, 505, 114, 0, 4.13%, 0, 2, 2, 125.99
1494061570, 5, 71, 505, 113, 0, 4.13%, 0, 2, 2, 156.41
1494061575, 5, 72, 505, 112, 0, 4.13%, 0, 2, 2, 172.09
1494061580, 5, 75, 505, 112, 0, 4.13%, 0, 2, 2, 154.05
1494061585, 5, 78, 505, 112, 0, 4.13%, 0, 2, 2, 171.36
1494061591, 5, 81, 505, 112, 0, 4.13%, 0, 2, 2, 162.77
1494061596, 5, 83, 505, 112, 0, 4.13%, 0, 2, 2, 147.02
1494061601, 5, 86, 505, 112, 0, 4.13%, 0, 2, 2, 158.37
1494061606, 5, 87, 505, 112, 0, 4.13%, 0, 2, 2, 162.69
1494061611, 5, 90, 505, 112, 0, 4.13%, 0, 2, 2, 166.85
1494061616, 5, 93, 505, 112, 0, 4.13%, 0, 2, 2, 180.98
1494061621, 5, 95, 505, 112, 0, 4.13%, 0, 2, 2, 163.29
1494061626, 5, 98, 505, 112, 0, 4.13%, 0, 2, 2, 160.15
1494061632, 5, 105, 505, 112, 0, 4.13%, 0, 2, 2, 157.22
1494061637, 5, 107, 505, 112, 0, 4.13%, 0, 2, 2, 159.46
1494061642, 5, 108, 505, 112, 0, 4.13%, 0, 2, 2, 135.76
1494061647, 5, 114, 505, 111, 0, 4.13%, 0, 2, 2, 152.42
1494061652, 5, 116, 505, 111, 0, 4.13%, 0, 2, 2, 149.21
1494061657, 5, 118, 505, 111, 0, 4.13%, 0, 2, 2, 146.55
1494061662, 5, 128, 505, 111, 0, 4.13%, 0, 2, 2, 174.82
1494061668, 5, 129, 505, 111, 0, 4.13%, 0, 2, 2, 182.69
1494061673, 5, 130, 505, 111, 0, 4.13%, 0, 2, 2, 183.76
1494061678, 5, 131, 505, 111, 0, 4.13%, 0, 2, 2, 164.24
1494061683, 5, 136, 505, 111, 0, 4.13%, 0, 2, 2, 156.47
1494061688, 5, 146, 505, 111, 0, 4.13%, 0, 2, 2, 168.09
1494061693, 5, 148, 505, 111, 0, 4.13%, 0, 2, 2, 181.91
1494061698, 5, 153, 505, 111, 0, 4.13%, 0, 2, 2, 156.30
1494061703, 5, 156, 505, 111, 0, 4.13%, 0, 2, 2, 25.26
1494061708, 5, 157, 505, 111, 0, 4.13%, 0, 2, 2, 173.89
1494061714, 5, 159, 505, 111, 0, 4.13%, 0, 2, 2, 180.63
1494061719, 5, 165, 505, 111, 0, 4.13%, 0, 2, 2, 182.48
1494061724, 5, 171, 505, 111, 0, 4.13%, 0, 2, 2, 172.99
1494061729, 5, 176, 505, 111, 0, 4.13%, 0, 2, 2, 177.11
1494061734, 5, 177, 505, 111, 0, 4.13%, 0, 2, 2, 113.81
1494061739, 5, 180, 505, 111, 0, 4.13%, 0, 2, 2, 169.05
1494061745, 5, 185, 505, 111, 0, 4.13%, 0, 2, 2, 160.41
1494061750, 5, 186, 505, 110, 0, 4.13%, 0, 2, 2, 178.31
1494061755, 5, 189, 505, 110, 0, 4.13%, 0, 2, 2, 148.94
1494061760, 5, 191, 505, 109, 0, 4.13%, 0, 2, 2, 163.44
1494061765, 5, 195, 505, 109, 0, 4.13%, 0, 2, 2, 168.83
1494061770, 5, 200, 505, 109, 0, 4.13%, 0, 2, 2, 168.94
1494061775, 5, 206, 505, 109, 0, 4.13%, 0, 2, 2, 144.43
1494061781, 5, 211, 505, 109, 0, 4.13%, 0, 2, 2, 131.28
1494061786, 5, 213, 505, 108, 0, 4.13%, 0, 2, 2, 139.32
1494061791, 5, 214, 505, 108, 0, 4.13%, 0, 2, 2, 156.74
1494061796, 5, 216, 505, 108, 0, 4.13%, 0, 2, 2, 178.13
1494061801, 5, 220, 505, 107, 0, 4.13%, 0, 2, 2, 179.02
1494061806, 5, 222, 505, 107, 0, 4.13%, 0, 2, 2, 173.44
1494061811, 5, 226, 505, 106, 0, 4.13%, 0, 2, 2, 158.10
1494061816, 5, 230, 505, 106, 0, 4.13%, 0, 2, 2, 141.35
1494061827, 5, 233, 505, 105, 0, 4.13%, 0, 2, 2, 128.34
1494061837, 5, 235, 506, 106, 0, 4.13%, 0, 2, 2, 122.87
1494061842, 5, 237, 506, 105, 0, 4.13%, 0, 2, 2, 168.93
1494061847, 5, 244, 506, 105, 0, 4.13%, 0, 2, 2, 177.41
1494061857, 5, 248, 506, 105, 0, 4.13%, 0, 2, 2, 162.81
1494061862, 5, 251, 506, 104, 0, 4.13%, 0, 2, 2, 168.40
1494061867, 5, 263, 506, 104, 0, 4.13%, 0, 2, 2, 169.79
1494061872, 5, 265, 506, 104, 0, 4.13%, 0, 2, 2, 170.09
1494061877, 5, 268, 506, 104, 0, 4.13%, 0, 2, 2, 172.82
1494061888, 5, 273, 506, 104, 0, 4.13%, 0, 2, 2, 176.26
1494061893, 5, 277, 506, 104, 0, 4.13%, 0, 2, 2, 186.21
1494061898, 5, 278, 506, 104, 0, 4.13%, 0, 2, 2, 174.76
1494061903, 5, 279, 506, 103, 0, 4.13%, 0, 2, 2, 173.48
1494061908, 5, 283, 506, 103, 0, 4.13%, 0, 2, 2, 177.38
1494061913, 5, 285, 506, 103, 0, 4.13%, 0, 2, 2, 137.50
1494061918, 5, 287, 506, 103, 0, 4.13%, 0, 2, 2, 155.94
1494061924, 5, 289, 506, 103, 0, 4.13%, 0, 2, 2, 212.97
1494061929, 5, 293, 506, 103, 0, 4.13%, 0, 2, 2, 178.68
1494061934, 5, 294, 506, 103, 0, 4.13%, 0, 2, 2, 186.47
1494061939, 5, 305, 506, 103, 0, 4.13%, 0, 2, 2, 170.23
1494061944, 5, 310, 506, 103, 0, 4.13%, 0, 2, 2, 163.86
1494061949, 5, 313, 506, 103, 0, 4.13%, 0, 2, 2, 160.52
1494061954, 5, 317, 506, 102, 0, 4.13%, 0, 2, 2, 162.54
1494061960, 5, 321, 506, 101, 0, 4.13%, 0, 2, 2, 143.66
1494061965, 5, 327, 506, 101, 0, 4.13%, 0, 2, 2, 154.76
1494061970, 5, 331, 506, 101, 0, 4.13%, 0, 2, 2, 147.39
1494061975, 5, 332, 506, 101, 0, 4.13%, 0, 2, 2, 76.19
1494061990, 5, 333, 506, 100, 0, 4.13%, 0, 2, 2, 144.67
1494061995, 5, 334, 506, 100, 0, 4.13%, 0, 2, 2, 152.28
1494062000, 5, 344, 506, 100, 0, 4.13%, 0, 2, 2, 136.27
1494062005, 5, 359, 506, 99, 0, 4.13%, 0, 2, 2, 146.30
1494062011, 5, 361, 506, 99, 0, 4.13%, 0, 2, 2, 148.18
1494062016, 5, 362, 506, 98, 0, 4.13%, 0, 2, 2, 143.81
1494062026, 5, 365, 506, 97, 0, 4.13%, 0, 2, 2, 165.88
1494062031, 5, 370, 506, 96, 0, 4.13%, 0, 2, 2, 152.03
1494062036, 5, 372, 506, 96, 0, 4.13%, 0, 2, 2, 168.34
1494062042, 5, 374, 506, 96, 0, 4.13%, 0, 2, 2, 169.22
1494062047, 5, 380, 506, 96, 0, 4.13%, 0, 2, 2, 158.55
1494062057, 5, 382, 506, 95, 0, 4.13%, 0, 2, 2, 164.91
1494062062, 5, 383, 506, 95, 0, 4.13%, 0, 2, 2, 136.70
1494062098, 5, 387, 506, 94, 0, 4.13%, 0, 2, 2, 94.95
1494062103, 5, 396, 506, 94, 0, 4.13%, 0, 2, 2, 146.92
1494062108, 5, 397, 506, 93, 0, 4.13%, 0, 2, 2, 80.06
1494062129, 5, 402, 506, 92, 0, 4.13%, 0, 2, 2, 100.35
1494062134, 5, 407, 506, 92, 0, 4.13%, 0, 2, 2, 132.36
1494062139, 5, 409, 506, 92, 0, 4.13%, 0, 2, 2, 87.51
1494062160, 5, 410, 506, 91, 0, 4.13%, 0, 2, 2, 108.58
1494062165, 5, 417, 506, 90, 0, 4.13%, 0, 2, 2, 148.90
1494062175, 5, 427, 506, 90, 0, 4.13%, 0, 2, 2, 163.09
1494062180, 5, 429, 506, 90, 0, 4.13%, 0, 2, 2, 108.27
1494062185, 5, 430, 506, 89, 0, 4.13%, 0, 2, 2, 162.40
1494062190, 5, 432, 507, 90, 0, 4.13%, 0, 2, 2, 140.71
1494062195, 5, 436, 507, 90, 0, 4.13%, 0, 2, 2, 159.37
1494062200, 5, 439, 507, 90, 0, 4.13%, 0, 2, 2, 143.71
1494062205, 5, 440, 507, 90, 0, 4.13%, 0, 2, 2, 105.82
1494062226, 5, 441, 507, 89, 0, 4.13%, 0, 2, 2, 95.85
1494062241, 5, 442, 507, 88, 0, 4.13%, 0, 2, 2, 97.56
1494062246, 5, 447, 507, 88, 0, 4.13%, 0, 2, 2, 113.57
1494062267, 5, 449, 507, 87, 0, 4.13%, 0, 2, 2, 120.09
1494062277, 5, 451, 507, 87, 0, 4.13%, 0, 2, 2, 182.84
1494062282, 5, 455, 507, 87, 0, 4.13%, 0, 2, 2, 152.15
1494062287, 5, 458, 507, 87, 0, 4.13%, 0, 2, 2, 25.78
1494062292, 5, 459, 507, 87, 0, 4.13%, 0, 2, 2, 130.08
1494062308, 5, 463, 507, 86, 0, 4.13%, 0, 2, 2, 112.70
1494062313, 5, 466, 507, 86, 0, 4.13%, 0, 2, 2, 141.48
1494062318, 5, 474, 507, 86, 0, 4.13%, 0, 2, 2, 137.42
1494062323, 5, 479, 507, 86, 0, 4.13%, 0, 2, 2, 156.93
1494062328, 5, 485, 507, 86, 0, 4.13%, 0, 2, 2, 82.64
1494062333, 5, 486, 507, 86, 0, 4.13%, 0, 2, 2, 127.07
1494062339, 5, 488, 507, 86, 0, 4.13%, 0, 2, 2, 106.48
1494062344, 5, 491, 507, 86, 0, 4.13%, 0, 2, 2, 18.17
1494062390, 5, 494, 507, 85, 0, 4.13%, 0, 2, 2, 100.88
1494062395, 5, 496, 507, 85, 0, 4.13%, 0, 2, 2, 182.20
1494062400, 6, 1, 507, 85, 0, 4.13%, 0, 2, 2, 150.09
1494062405, 6, 2, 507, 85, 0, 4.13%, 0, 2, 2, 176.75
1494062410, 6, 4, 507, 85, 0, 4.13%, 0, 2, 2, 177.02
1494062415, 6, 6, 507, 85, 0, 4.13%, 0, 2, 2, 177.29
1494062420, 6, 9, 507, 85, 0, 4.13%, 0, 2, 2, 157.80
1494062425, 6, 11, 507, 85, 0, 4.13%, 0, 2, 2, 161.77
1494062431, 6, 14, 507, 85, 0, 4.13%, 0, 2, 2, 165.49
1494062436, 6, 17, 507, 85, 0, 4.13%, 0, 2, 2, 140.29
1494062441, 6, 24, 507, 85, 0, 4.13%, 0, 2, 2, 164.96
1494062446, 6, 28, 507, 85, 0, 4.13%, 0, 2, 2, 156.38
1494062451, 6, 31, 507, 85, 0, 4.13%, 0, 2, 2, 156.48
1494062456, 6, 32, 507, 85, 0, 4.13%, 0, 2, 2, 124.62
1494062461, 6, 35, 507, 84, 0, 4.13%, 0, 2, 2, 163.57
1494062466, 6, 41, 507, 84, 0, 4.13%, 0, 2, 2, 177.42
1494062472, 6, 46, 507, 84, 0, 4.13%, 0, 2, 2, 171.89
1494062477, 6, 49, 507, 84, 0, 4.13%, 0, 2, 2, 164.12
1494062482, 6, 52, 507, 84, 0, 4.13%, 0, 2, 2, 156.61
1494062487, 6, 53, 507, 84, 0, 4.13%, 0, 2, 2, 171.72
1494062492, 6, 55, 507, 84, 0, 4.13%, 0, 2, 2, 154.28
1494062497, 6, 57, 507, 83, 0, 4.13%, 0, 2, 2, 185.74
1494062502, 6, 62, 507, 83, 0, 4.13%, 0, 2, 2, 149.70
1494062508, 6, 64, 507, 82, 0, 4.13%, 0, 2, 2, 158.06
1494062513, 6, 65, 507, 82, 0, 4.13%, 0, 2, 2, 148.00
1494062518, 6, 67, 507, 82, 0, 4.13%, 0, 2, 2, 157.13
1494062523, 6, 74, 507, 82, 0, 4.13%, 0, 2, 2, 155.93
1494062528, 6, 76, 507, 82, 0, 4.13%, 0, 2, 2, 156.58
1494062533, 6, 77, 507, 81, 0, 4.13%, 0, 2, 2, 152.21
1494062538, 6, 81, 507, 81, 0, 4.13%, 0, 2, 2, 160.85
1494062543, 6, 82, 507, 81, 0, 4.13%, 0, 2, 2, 153.28
1494062548, 6, 85, 507, 81, 0, 4.13%, 0, 2, 2, 158.05
1494062554, 6, 86, 507, 81, 0, 4.13%, 0, 2, 2, 153.28
1494062559, 6, 88, 507, 81, 0, 4.13%, 0, 2, 2, 167.81
1494062564, 6, 90, 507, 80, 0, 4.13%, 0, 2, 2, 167.05
1494062569, 6, 93, 507, 80, 0, 4.13%, 0, 2, 2, 176.90
1494062574, 6, 94, 507, 80, 0, 4.13%, 0, 2, 2, 166.78
1494062579, 6, 97, 507, 80, 0, 4.13%, 0, 2, 2, 151.48
1494062584, 6, 104, 507, 80, 0, 4.13%, 0, 2, 2, 160.22
1494062590, 6, 107, 507, 80, 0, 4.13%, 0, 2, 2, 165.38
1494062595, 6, 108, 507, 80, 0, 4.13%, 0, 2, 2, 152.45
1494062600, 6, 114, 507, 80, 0, 4.13%, 0, 2, 2, 147.68
1494062605, 6, 116, 507, 80, 0, 4.13%, 0, 2, 2, 151.03
1494062610, 6, 118, 507, 80, 0, 4.13%, 0, 2, 2, 135.01
1494062615, 6, 121, 507, 80, 0, 4.13%, 0, 2, 2, 154.51
1494062620, 6, 128, 507, 79, 0, 4.13%, 0, 2, 2, 170.31
1494062625, 6, 129, 507, 79, 0, 4.13%, 0, 2, 2, 169.95
1494062636, 6, 131, 507, 79, 0, 4.13%, 0, 2, 2, 179.02
1494062641, 6, 136, 507, 79, 0, 4.13%, 0, 2, 2, 162.98
1494062646, 6, 146, 507, 79, 0, 4.13%, 0, 2, 2, 163.88
1494062651, 6, 153, 507, 79, 0, 4.13%, 0, 2, 2, 152.54
1494062656, 6, 156, 507, 79, 0, 4.13%, 0, 2, 2, 166.03
1494062661, 6, 158, 507, 79, 0, 4.13%, 0, 2, 2, 178.28
1494062666, 6, 159, 507, 79, 0, 4.13%, 0, 2, 2, 172.62
1494062672, 6, 165, 507, 79, 0, 4.13%, 0, 2, 2, 179.13
1494062677, 6, 171, 507, 79, 0, 4.13%, 0, 2, 2, 175.46
1494062682, 6, 176, 507, 79, 0, 4.13%, 0, 2, 2, 170.33
1494062687, 6, 180, 507, 79, 0, 4.13%, 0, 2, 2, 170.79
1494062697, 6, 191, 507, 79, 0, 4.13%, 0, 2, 2, 169.51
1494062708, 6, 195, 507, 79, 0, 4.13%, 0, 2, 2, 95.18
1494062713, 6, 200, 507, 79, 0, 4.13%, 0, 2, 2, 143.69
1494062718, 6, 206, 507, 79, 0, 4.13%, 0, 2, 2, 144.10
1494062723, 6, 210, 507, 79, 0, 4.13%, 0, 2, 2, 165.86
1494062728, 6, 212, 507, 78, 0, 4.13%, 0, 2, 2, 156.97
1494062733, 6, 214, 507, 78, 0, 4.13%, 0, 2, 2, 172.14
1494062738, 6, 216, 507, 78, 0, 4.13%, 0, 2, 2, 162.45
1494062744, 6, 220, 507, 78, 0, 4.13%, 0, 2, 2, 178.22
1494062749, 6, 221, 507, 78, 0, 4.13%, 0, 2, 2, 182.07
1494062754, 6, 223, 507, 77, 0, 4.13%, 0, 2, 2, 153.74
1494062759, 6, 227, 507, 77, 0, 4.13%, 0, 2, 2, 160.78
1494062764, 6, 233, 507, 77, 0, 4.13%, 0, 2, 2, 161.08
1494062774, 6, 237, 507, 76, 0, 4.13%, 0, 2, 2, 173.27
1494062780, 6, 244, 507, 76, 0, 4.13%, 0, 2, 2, 183.86
1494062790, 6, 249, 507, 76, 0, 4.13%, 0, 2, 2, 154.08
1494062795, 6, 263, 507, 76, 0, 4.13%, 0, 2, 2, 157.66
1494062800, 6, 265, 507, 76, 0, 4.13%, 0, 2, 2, 160.01
1494062805, 6, 268, 507, 76, 0, 4.13%, 0, 2, 2, 169.17
1494062810, 6, 273, 507, 76, 0, 4.13%, 0, 2, 2, 173.82
1494062821, 6, 277, 507, 76, 0, 4.13%, 0, 2, 2, 182.63
1494062826, 6, 279, 507, 76, 0, 4.13%, 0, 2, 2, 178.72
1494062831, 6, 283, 507, 76, 0, 4.13%, 0, 2, 2, 173.64
1494062836, 6, 287, 507, 76, 0, 4.13%, 0, 2, 2, 180.51
1494062841, 6, 289, 507, 76, 0, 4.13%, 0, 2, 2, 175.35
1494062851, 6, 293, 507, 76, 0, 4.13%, 0, 2, 2, 177.98
1494062856, 6, 299, 507, 76, 0, 4.13%, 0, 2, 2, 167.77
1494062861, 6, 307, 507, 76, 0, 4.13%, 0, 2, 2, 160.71
1494062866, 6, 319, 507, 75, 0, 4.13%, 0, 2, 2, 161.13
1494062872, 6, 327, 507, 75, 0, 4.13%, 0, 2, 2, 163.19
1494062877, 6, 329, 507, 75, 0, 4.13%, 0, 2, 2, 154.60
1494062882, 6, 333, 507, 75, 0, 4.13%, 0, 2, 2, 154.36
1494062887, 6, 337, 507, 75, 0, 4.13%, 0, 2, 2, 135.48
1494062892, 6, 349, 507, 75, 0, 4.13%, 0, 2, 2, 28.90
1494062974, 6, 353, 507, 74, 0, 4.13%, 0, 2, 2, 23.06
1494063010, 6, 359, 508, 74, 0, 4.13%, 0, 2, 2, 108.75
1494063015, 6, 372, 508, 74, 0, 4.13%, 0, 2, 2, 145.95
1494063020, 6, 373, 508, 74, 0, 4.13%, 0, 2, 2, 159.73
1494063025, 6, 374, 508, 74, 0, 4.13%, 0, 2, 2, 169.37
1494063031, 6, 382, 508, 74, 0, 4.13%, 0, 2, 2, 176.31
1494063036, 6, 387, 508, 74, 0, 4.13%, 0, 2, 2, 16.39
1494063041, 6, 398, 508, 74, 0, 4.13%, 0, 2, 2, 139.48
1494063051, 6, 415, 508, 73, 0, 4.13%, 0, 2, 2, 21.43
1494063097, 6, 417, 508, 72, 0, 4.13%, 0, 2, 2, 164.44
1494063102, 6, 420, 508, 72, 0, 4.13%, 0, 2, 2, 152.99
1494063113, 6, 425, 508, 71, 0, 4.13%, 0, 2, 2, 168.10
1494063118, 6, 430, 508, 71, 0, 4.13%, 0, 2, 2, 150.04
1494063128, 6, 433, 508, 71, 0, 4.13%, 0, 2, 2, 141.09
1494063138, 6, 436, 508, 70, 0, 4.13%, 0, 2, 2, 139.34
1494063143, 6, 442, 508, 70, 0, 4.13%, 0, 2, 2, 113.94
1494063148, 6, 449, 508, 70, 0, 4.13%, 0, 2, 2, 134.73
1494063158, 6, 451, 508, 70, 0, 4.13%, 0, 2, 2, 175.59
1494063163, 6, 456, 508, 70, 0, 4.13%, 0, 2, 2, 155.20
1494063169, 6, 458, 508, 70, 0, 4.13%, 0, 2, 2, 133.28
1494063174, 6, 461, 508, 70, 0, 4.13%, 0, 2, 2, 83.22
1494063179, 6, 462, 508, 69, 0, 4.13%, 0, 2, 2, 103.89
1494063184, 6, 466, 509, 70, 0, 4.13%, 0, 2, 2, 127.58
1494063189, 6, 472, 509, 70, 0, 4.13%, 0, 2, 2, 129.61
1494063194, 6, 474, 509, 70, 0, 4.13%, 0, 2, 2, 140.93
1494063199, 6, 479, 509, 70, 0, 4.13%, 0, 2, 2, 136.75
1494063205, 6, 485, 509, 70, 0, 4.13%, 0, 2, 2, 77.86
1494063210, 6, 486, 509, 70, 0, 4.13%, 0, 2, 2, 131.48
1494063215, 6, 488, 509, 70, 0, 4.13%, 0, 2, 2, 98.39
1494063220, 6, 490, 509, 70, 0, 4.13%, 0, 2, 2, 106.78
1494063225, 6, 496, 509, 70, 0, 4.13%, 0, 2, 2, 144.22
1494063230, 6, 506, 509, 70, 0, 4.13%, 0, 2, 2, 145.46
1494063251, 6, 507, 509, 69, 0, 4.13%, 0, 2, 2, 24.45
1494063312, 7, 0, 509, 68, 0, 4.13%, 0, 2, 2, 122.42
1494063317, 7, 1, 509, 68, 0, 4.13%, 0, 2, 2, 148.42
1494063322, 7, 3, 509, 68, 0, 4.13%, 0, 2, 2, 151.53
1494063327, 7, 4, 509, 68, 0, 4.13%, 0, 2, 2, 170.00
1494063332, 7, 6, 509, 68, 0, 4.13%, 0, 2, 2, 158.60
1494063337, 7, 8, 509, 68, 0, 4.13%, 0, 2, 2, 152.62
1494063343, 7, 9, 509, 67, 0, 4.13%, 0, 2, 2, 170.29
1494063348, 7, 13, 509, 67, 0, 4.13%, 0, 2, 2, 178.34
1494063353, 7, 16, 509, 67, 0, 4.13%, 0, 2, 2, 164.05
1494063358, 7, 18, 509, 67, 0, 4.13%, 0, 2, 2, 153.24
1494063363, 7, 24, 509, 67, 0, 4.13%, 0, 2, 2, 150.70
1494063368, 7, 29, 509, 67, 0, 4.13%, 0, 2, 2, 162.05
1494063373, 7, 31, 509, 67, 0, 4.13%, 0, 2, 2, 147.69
1494063378, 7, 34, 509, 67, 0, 4.13%, 0, 2, 2, 146.49
1494063384, 7, 41, 509, 67, 0, 4.13%, 0, 2, 2, 165.80
1494063389, 7, 46, 509, 67, 0, 4.13%, 0, 2, 2, 174.58
1494063394, 7, 48, 509, 67, 0, 4.13%, 0, 2, 2, 171.13
1494063399, 7, 50, 509, 67, 0, 4.13%, 0, 2, 2, 151.85
1494063404, 7, 53, 509, 67, 0, 4.13%, 0, 2, 2, 143.04
1494063409, 7, 57, 509, 67, 0, 4.13%, 0, 2, 2, 180.42
1494063420, 7, 62, 509, 67, 0, 4.13%, 0, 2, 2, 140.46
1494063425, 7, 65, 509, 67, 0, 4.13%, 0, 2, 2, 139.86
1494063430, 7, 66, 509, 67, 0, 4.13%, 0, 2, 2, 147.66
1494063435, 7, 72, 509, 67, 0, 4.13%, 0, 2, 2, 151.79
1494063440, 7, 74, 509, 67, 0, 4.13%, 0, 2, 2, 135.59
1494063445, 7, 77, 509, 67, 0, 4.13%, 0, 2, 2, 146.60
1494063450, 7, 81, 509, 67, 0, 4.13%, 0, 2, 2, 171.78
1494063455, 7, 82, 509, 67, 0, 4.13%, 0, 2, 2, 157.62
1494063461, 7, 85, 509, 67, 0, 4.13%, 0, 2, 2, 141.54
1494063466, 7, 86, 509, 67, 0, 4.13%, 0, 2, 2, 153.36
1494063471, 7, 90, 509, 67, 0, 4.13%, 0, 2, 2, 165.43
1494063476, 7, 93, 509, 67, 0, 4.13%, 0, 2, 2, 167.44
1494063481, 7, 94, 509, 67, 0, 4.13%, 0, 2, 2, 173.92
1494063486, 7, 96, 509, 67, 0, 4.13%, 0, 2, 2, 168.38
1494063492, 7, 99, 509, 66, 0, 4.13%, 0, 2, 2, 180.32
1494063502, 7, 103, 509, 64, 0, 4.13%, 0, 2, 2, 166.13
1494063507, 7, 105, 509, 64, 0, 4.13%, 0, 2, 2, 68.19
1494063512, 7, 109, 509, 64, 0, 4.13%, 0, 2, 2, 153.42
1494063517, 7, 113, 509, 64, 0, 4.13%, 0, 2, 2, 166.98
1494063522, 7, 114, 509, 63, 0, 4.13%, 0, 2, 2, 157.42
1494063528, 7, 115, 509, 63, 0, 4.13%, 0, 2, 2, 139.00
1494063533, 7, 117, 509, 63, 0, 4.13%, 0, 2, 2, 164.52
1494063538, 7, 126, 509, 63, 0, 4.13%, 0, 2, 2, 157.45
1494063543, 7, 128, 509, 63, 0, 4.13%, 0, 2, 2, 160.81
1494063553, 7, 129, 509, 63, 0, 4.13%, 0, 2, 2, 186.12
1494063559, 7, 130, 509, 63, 0, 4.13%, 0, 2, 2, 168.65
1494063564, 7, 131, 509, 63, 0, 4.13%, 0, 2, 2, 171.73
1494063569, 7, 137, 509, 63, 0, 4.13%, 0, 2, 2, 158.40
1494063574, 7, 143, 509, 63, 0, 4.13%, 0, 2, 2, 162.59
1494063579, 7, 146, 509, 63, 0, 4.13%, 0, 2, 2, 178.88
1494063584, 7, 153, 509, 63, 0, 4.13%, 0, 2, 2, 158.15
1494063589, 7, 156, 509, 63, 0, 4.13%, 0, 2, 2, 176.79
1494063594, 7, 158, 509, 63, 0, 4.13%, 0, 2, 2, 188.38
1494063600, 7, 159, 509, 63, 0, 4.13%, 0, 2, 2, 156.90
1494063605, 7, 165, 509, 63, 0, 4.13%, 0, 2, 2, 173.48
1494063610, 7, 171, 509, 63, 0, 4.13%, 0, 2, 2, 172.65
1494063620, 7, 174, 509, 63, 0, 4.13%, 0, 2, 2, 120.87
1494063625, 7, 176, 509, 62, 0, 4.13%, 0, 2, 2, 138.60
1494063630, 7, 179, 509, 62, 0, 4.13%, 0, 2, 2, 161.03
1494063636, 7, 180, 509, 61, 0, 4.13%, 0, 2, 2, 174.76
1494063641, 7, 186, 509, 61, 0, 4.13%, 0, 2, 2, 165.34
1494063646, 7, 191, 509, 61, 0, 4.13%, 0, 2, 2, 164.19
1494063651, 7, 195, 509, 61, 0, 4.13%, 0, 2, 2, 163.15
1494063656, 7, 200, 509, 61, 0, 4.13%, 0, 2, 2, 156.93
1494063661, 7, 206, 509, 61, 0, 4.13%, 0, 2, 2, 152.36
1494063667, 7, 214, 509, 61, 0, 4.13%, 0, 2, 2, 159.85
1494063677, 7, 216, 509, 61, 0, 4.13%, 0, 2, 2, 173.95
1494063682, 7, 220, 509, 61, 0, 4.13%, 0, 2, 2, 179.25
1494063687, 7, 226, 509, 61, 0, 4.13%, 0, 2, 2, 158.21
1494063692, 7, 231, 509, 61, 0, 4.13%, 0, 2, 2, 142.26
1494063697, 7, 233, 509, 61, 0, 4.13%, 0, 2, 2, 172.08
1494063703, 7, 237, 509, 61, 0, 4.13%, 0, 2, 2, 185.77
1494063708, 7, 243, 509, 61, 0, 4.13%, 0, 2, 2, 163.73
1494063713, 7, 244, 509, 61, 0, 4.13%, 0, 2, 2, 180.76
1494063718, 7, 247, 509, 61, 0, 4.13%, 0, 2, 2, 157.41
1494063723, 7, 254, 510, 62, 0, 4.13%, 0, 2, 2, 156.33
1494063729, 7, 265, 510, 62, 0, 4.13%, 0, 2, 2, 153.47
1494063739, 7, 268, 510, 62, 0, 4.13%, 0, 2, 2, 173.10
1494063744, 7, 273, 510, 62, 0, 4.13%, 0, 2, 2, 165.00
1494063749, 7, 277, 510, 62, 0, 4.13%, 0, 2, 2, 159.65
1494063754, 7, 279, 510, 62, 0, 4.13%, 0, 2, 2, 170.37
1494063765, 7, 283, 510, 62, 0, 4.13%, 0, 2, 2, 166.08
1494063770, 7, 286, 510, 62, 0, 4.13%, 0, 2, 2, 32.54
1494063801, 7, 287, 510, 61, 0, 4.13%, 0, 2, 2, 136.04
1494063806, 7, 289, 510, 61, 0, 4.13%, 0, 2, 2, 167.29
1494063811, 7, 293, 510, 61, 0, 4.13%, 0, 2, 2, 179.16
1494063816, 7, 294, 510, 61, 0, 4.13%, 0, 2, 2, 177.67
1494063821, 7, 296, 510, 61, 0, 4.13%, 0, 2, 2, 173.23
1494063826, 7, 299, 510, 60, 0, 4.13%, 0, 2, 2, 174.32
1494063832, 7, 307, 510, 60, 0, 4.13%, 0, 2, 2, 157.47
1494063837, 7, 309, 510, 60, 0, 4.13%, 0, 2, 2, 100.32
1494063878, 7, 319, 510, 59, 0, 4.13%, 0, 2, 2, 132.56
1494063883, 7, 327, 510, 59, 0, 4.13%, 0, 2, 2, 161.17
1494063888, 7, 331, 510, 59, 0, 4.13%, 0, 2, 2, 156.25
1494063893, 7, 334, 510, 59, 0, 4.13%, 0, 2, 2, 150.68
1494063898, 7, 337, 510, 59, 0, 4.13%, 0, 2, 2, 141.24
1494063903, 7, 366, 510, 59, 0, 4.13%, 0, 2, 2, 128.91
1494063908, 7, 371, 510, 59, 0, 4.13%, 0, 2, 2, 120.05
1494063924, 7, 372, 510, 58, 0, 4.13%, 0, 2, 2, 170.06
1494063929, 7, 374, 510, 58, 0, 4.13%, 0, 2, 2, 179.36
1494063934, 7, 382, 510, 58, 0, 4.13%, 0, 2, 2, 173.64
1494063944, 7, 392, 510, 58, 0, 4.13%, 0, 2, 2, 131.86
1494063954, 7, 401, 510, 57, 0, 4.13%, 0, 2, 2, 91.07
1494063975, 7, 402, 510, 56, 0, 4.13%, 0, 2, 2, 71.13
1494063980, 7, 406, 510, 56, 0, 4.13%, 0, 2, 2, 87.37
1494064006, 7, 407, 510, 55, 0, 4.13%, 0, 2, 2, 124.60
1494064011, 7, 417, 510, 55, 0, 4.13%, 0, 2, 2, 138.84
1494064016, 7, 424, 510, 55, 0, 4.13%, 0, 2, 2, 165.83
1494064031, 7, 425, 510, 54, 0, 4.13%, 0, 2, 2, 112.31
1494064036, 7, 430, 510, 54, 0, 4.13%, 0, 2, 2, 159.12
1494064042, 7, 432, 510, 54, 0, 4.13%, 0, 2, 2, 156.03
1494064047, 7, 436, 510, 54, 0, 4.13%, 0, 2, 2, 128.13
1494064052, 7, 439, 510, 54, 0, 4.13%, 0, 2, 2, 126.90
1494064057, 7, 442, 510, 54, 0, 4.13%, 0, 2, 2, 99.69
1494064062, 7, 449, 510, 54, 0, 4.13%, 0, 2, 2, 149.92
1494064072, 7, 451, 510, 54, 0, 4.13%, 0, 2, 2, 184.88
1494064078, 7, 458, 510, 54, 0, 4.13%, 0, 2, 2, 160.21
1494064083, 7, 462, 510, 54, 0, 4.13%, 0, 2, 2, 112.97
1494064088, 7, 463, 510, 54, 0, 4.13%, 0, 2, 2, 134.99
1494064093, 7, 473, 510, 54, 0, 4.13%, 0, 2, 2, 149.79
1494064098, 7, 479, 510, 54, 0, 4.13%, 0, 2, 2, 152.62
1494064103, 7, 485, 510, 54, 0, 4.13%, 0, 2, 2, 130.62
1494064108, 7, 487, 510, 54, 0, 4.13%, 0, 2, 2, 137.25
1494064113, 7, 488, 510, 54, 0, 4.13%, 0, 2, 2, 116.91
1494064118, 7, 494, 510, 54, 0, 4.13%, 0, 2, 2, 133.21
1494064123, 7, 496, 510, 54, 0, 4.13%, 0, 2, 2, 170.75
1494064129, 7, 504, 510, 54, 0, 4.13%, 0, 2, 2, 160.85
1494064144, 7, 505, 510, 53, 0, 4.13%, 0, 2, 2, 134.54
1494064175, 7, 507, 510, 52, 0, 4.13%, 0, 2, 2, 183.97
1494064180, 7, 509, 510, 52, 0, 4.13%, 0, 2, 2, 129.95
1494064205, 8, 0, 510, 51, 0, 4.13%, 0, 2, 2, 154.97
1494064210, 8, 1, 510, 51, 0, 4.13%, 0, 2, 2, 139.69
1494064216, 8, 4, 510, 51, 0, 4.13%, 0, 2, 2, 170.90
1494064221, 8, 5, 510, 51, 0, 4.13%, 0, 2, 2, 177.52
1494064226, 8, 6, 510, 51, 0, 4.13%, 0, 2, 2, 171.86
1494064231, 8, 7, 510, 51, 0, 4.13%, 0, 2, 2, 170.63
1494064236, 8, 9, 510, 51, 0, 4.13%, 0, 2, 2, 163.50
1494064241, 8, 13, 510, 51, 0, 4.13%, 0, 2, 2, 192.27
1494064246, 8, 16, 510, 51, 0, 4.13%, 0, 2, 2, 167.11
1494064251, 8, 18, 510, 51, 0, 4.13%, 0, 2, 2, 164.33
1494064257, 8, 26, 510, 51, 0, 4.13%, 0, 2, 2, 142.28
1494064262, 8, 29, 510, 51, 0, 4.13%, 0, 2, 2, 150.13
1494064267, 8, 34, 510, 51, 0, 4.13%, 0, 2, 2, 147.62
1494064272, 8, 35, 510, 51, 0, 4.13%, 0, 2, 2, 167.32
1494064277, 8, 45, 510, 51, 0, 4.13%, 0, 2, 2, 186.29
1494064282, 8, 47, 510, 51, 0, 4.13%, 0, 2, 2, 165.61
1494064288, 8, 50, 510, 51, 0, 4.13%, 0, 2, 2, 181.09
1494064293, 8, 52, 510, 51, 0, 4.13%, 0, 2, 2, 148.36
1494064298, 8, 57, 510, 51, 0, 4.13%, 0, 2, 2, 179.21
1494064308, 8, 62, 510, 51, 0, 4.13%, 0, 2, 2, 156.12
1494064313, 8, 64, 510, 51, 0, 4.13%, 0, 2, 2, 137.20
1494064318, 8, 66, 510, 51, 0, 4.13%, 0, 2, 2, 146.38
1494064324, 8, 72, 510, 51, 0, 4.13%, 0, 2, 2, 151.85
1494064329, 8, 75, 510, 51, 0, 4.13%, 0, 2, 2, 151.39
1494064334, 8, 78, 510, 51, 0, 4.13%, 0, 2, 2, 143.71
1494064339, 8, 81, 510, 51, 0, 4.13%, 0, 2, 2, 164.78
1494064344, 8, 82, 510, 51, 0, 4.13%, 0, 2, 2, 140.34
1494064349, 8, 85, 510, 51, 0, 4.13%, 0, 2, 2, 158.06
1494064354, 8, 86, 510, 51, 0, 4.13%, 0, 2, 2, 164.74
1494064359, 8, 90, 510, 51, 0, 4.13%, 0, 2, 2, 173.05
1494064364, 8, 93, 510, 51, 0, 4.13%, 0, 2, 2, 171.00
1494064369, 8, 94, 510, 51, 0, 4.13%, 0, 2, 2, 174.35
1494064374, 8, 98, 510, 51, 0, 4.13%, 0, 2, 2, 170.34
1494064380, 8, 104, 510, 51, 0, 4.13%, 0, 2, 2, 169.43
1494064385, 8, 107, 510, 51, 0, 4.13%, 0, 2, 2, 162.20
1494064390, 8, 111, 510, 51, 0, 4.13%, 0, 2, 2, 171.22
1494064395, 8, 115, 510, 50, 0, 4.13%, 0, 2, 2, 151.55
1494064400, 8, 116, 510, 50, 0, 4.13%, 0, 2, 2, 113.31
1494064405, 8, 118, 510, 50, 0, 4.13%, 0, 2, 2, 121.83
1494064410, 8, 128, 510, 50, 0, 4.13%, 0, 2, 2, 157.60
1494064416, 8, 129, 510, 50, 0, 4.13%, 0, 2, 2, 150.98
1494064421, 8, 130, 510, 50, 0, 4.13%, 0, 2, 2, 181.27
1494064426, 8, 131, 510, 50, 0, 4.13%, 0, 2, 2, 158.50
1494064431, 8, 136, 510, 50, 0, 4.13%, 0, 2, 2, 163.50
1494064436, 8, 144, 510, 50, 0, 4.13%, 0, 2, 2, 154.50
1494064441, 8, 148, 510, 49, 0, 4.13%, 0, 2, 2, 179.35
1494064446, 8, 150, 510, 49, 0, 4.13%, 0, 2, 2, 29.88
1494064451, 8, 156, 510, 49, 0, 4.13%, 0, 2, 2, 162.29
1494064457, 8, 157, 510, 49, 0, 4.13%, 0, 2, 2, 184.33
1494064462, 8, 158, 510, 49, 0, 4.13%, 0, 2, 2, 184.99
1494064467, 8, 162, 510, 49, 0, 4.13%, 0, 2, 2, 181.43
1494064472, 8, 165, 510, 48, 0, 4.13%, 0, 2, 2, 160.92
1494064477, 8, 171, 510, 48, 0, 4.13%, 0, 2, 2, 173.33
1494064482, 8, 173, 510, 48, 0, 4.13%, 0, 2, 2, 145.35
1494064487, 8, 176, 510, 47, 0, 4.13%, 0, 2, 2, 139.44
1494064493, 8, 180, 510, 47, 0, 4.13%, 0, 2, 2, 156.74
1494064503, 8, 186, 510, 47, 0, 4.13%, 0, 2, 2, 155.04
1494064508, 8, 191, 510, 47, 0, 4.13%, 0, 2, 2, 151.28
1494064513, 8, 195, 510, 47, 0, 4.13%, 0, 2, 2, 163.38
1494064518, 8, 200, 510, 47, 0, 4.13%, 0, 2, 2, 158.43
1494064523, 8, 209, 510, 47, 0, 4.13%, 0, 2, 2, 157.75
1494064528, 8, 214, 510, 47, 0, 4.13%, 0, 2, 2, 165.57
1494064538, 8, 216, 510, 47, 0, 4.13%, 0, 2, 2, 179.45
1494064544, 8, 220, 510, 47, 0, 4.13%, 0, 2, 2, 177.43
1494064549, 8, 226, 510, 47, 0, 4.13%, 0, 2, 2, 160.18
1494064554, 8, 231, 510, 47, 0, 4.13%, 0, 2, 2, 152.17
1494064559, 8, 233, 510, 47, 0, 4.13%, 0, 2, 2, 169.58
1494064564, 8, 237, 510, 47, 0, 4.13%, 0, 2, 2, 181.81
1494064569, 8, 244, 510, 47, 0, 4.13%, 0, 2, 2, 177.32
1494064579, 8, 249, 510, 47, 0, 4.13%, 0, 2, 2, 159.60
1494064584, 8, 253, 510, 47, 0, 4.13%, 0, 2, 2, 175.11
1494064590, 8, 254, 510, 47, 0, 4.13%, 0, 2, 2, 154.10
1494064595, 8, 264, 510, 47, 0, 4.13%, 0, 2, 2, 162.60
1494064600, 8, 265, 510, 47, 0, 4.13%, 0, 2, 2, 178.11
1494064605, 8, 268, 510, 47, 0, 4.13%, 0, 2, 2, 175.83
1494064610, 8, 272, 510, 47, 0, 4.13%, 0, 2, 2, 172.98
1494064615, 8, 273, 510, 46, 0, 4.13%, 0, 2, 2, 173.43
1494064620, 8, 277, 510, 45, 0, 4.13%, 0, 2, 2, 178.68
1494064625, 8, 279, 510, 45, 0, 4.13%, 0, 2, 2, 184.44
1494064631, 8, 283, 510, 45, 0, 4.13%, 0, 2, 2, 164.92
1494064636, 8, 287, 510, 45, 0, 4.13%, 0, 2, 2, 177.11
1494064646, 8, 289, 510, 45, 0, 4.13%, 0, 2, 2, 147.60
1494064656, 8, 293, 510, 45, 0, 4.13%, 0, 2, 2, 172.48
1494064661, 8, 294, 510, 45, 0, 4.13%, 0, 2, 2, 157.89
1494064666, 8, 307, 510, 45, 0, 4.13%, 0, 2, 2, 165.56
1494064671, 8, 310, 510, 45, 0, 4.13%, 0, 2, 2, 133.38
1494064676, 8, 311, 510, 45, 0, 4.13%, 0, 2, 2, 102.21
1494064697, 8, 327, 510, 44, 0, 4.13%, 0, 2, 2, 161.30
1494064702, 8, 329, 510, 44, 0, 4.13%, 0, 2, 2, 151.53
1494064707, 8, 333, 510, 44, 0, 4.13%, 0, 2, 2, 149.19
1494064712, 8, 337, 510, 44, 0, 4.13%, 0, 2, 2, 139.04
1494064717, 8, 347, 510, 44, 0, 4.13%, 0, 2, 2, 170.32
1494064723, 8, 360, 510, 44, 0, 4.13%, 0, 2, 2, 165.53
1494064728, 8, 372, 510, 44, 0, 4.13%, 0, 2, 2, 156.62
1494064733, 8, 374, 510, 44, 0, 4.13%, 0, 2, 2, 178.04
1494064738, 8, 382, 510, 44, 0, 4.13%, 0, 2, 2, 173.06
1494064748, 8, 400, 510, 44, 0, 4.13%, 0, 2, 2, 153.15
1494064764, 8, 402, 510, 43, 0, 4.13%, 0, 2, 2, 117.62
1494064769, 8, 417, 510, 43, 0, 4.13%, 0, 2, 2, 150.28
1494064774, 8, 418, 510, 43, 0, 4.13%, 0, 2, 2, 179.82
1494064779, 8, 427, 510, 43, 0, 4.13%, 0, 2, 2, 160.76
1494064785, 8, 430, 510, 43, 0, 4.13%, 0, 2, 2, 176.92
1494064790, 8, 432, 510, 43, 0, 4.13%, 0, 2, 2, 166.79
1494064795, 8, 436, 510, 43, 0, 4.13%, 0, 2, 2, 143.89
1494064800, 8, 442, 510, 43, 0, 4.13%, 0, 2, 2, 117.38
1494064805, 8, 444, 510, 43, 0, 4.13%, 0, 2, 2, 121.48
1494064810, 8, 449, 510, 43, 0, 4.13%, 0, 2, 2, 164.49
1494064815, 8, 451, 510, 43, 0, 4.13%, 0, 2, 2, 181.01
1494064820, 8, 454, 510, 43, 0, 4.13%, 0, 2, 2, 156.58
1494064825, 8, 458, 510, 42, 0, 4.13%, 0, 2, 2, 151.12
1494064830, 8, 462, 510, 42, 0, 4.13%, 0, 2, 2, 117.43
1494064836, 8, 463, 510, 42, 0, 4.13%, 0, 2, 2, 135.68
1494064841, 8, 470, 510, 42, 0, 4.13%, 0, 2, 2, 135.96
1494064846, 8, 473, 510, 42, 0, 4.13%, 0, 2, 2, 124.14
1494064851, 8, 482, 510, 42, 0, 4.13%, 0, 2, 2, 136.54
1494064856, 8, 485, 510, 42, 0, 4.13%, 0, 2, 2, 130.25
1494064861, 8, 487, 510, 42, 0, 4.13%, 0, 2, 2, 133.92
1494064867, 8, 488, 510, 42, 0, 4.13%, 0, 2, 2, 112.38
1494064872, 8, 493, 510, 42, 0, 4.13%, 0, 2, 2, 146.15
1494064887, 8, 494, 510, 41, 0, 4.13%, 0, 2, 2, 147.06
1494064892, 8, 496, 510, 41, 0, 4.13%, 0, 2, 2, 167.47
1494064897, 8, 507, 510, 41, 0, 4.13%, 0, 2, 2, 207.91
1494064902, 8, 508, 510, 41, 0, 4.13%, 0, 2, 2, 80.78
1494064918, 9, 0, 510, 40, 0, 4.13%, 0, 2, 2, 159.70
1494064923, 9, 2, 510, 40, 0, 4.13%, 0, 2, 2, 163.21
1494064928, 9, 4, 510, 40, 0, 4.13%, 0, 2, 2, 183.88
1494064933, 9, 6, 510, 40, 0, 4.13%, 0, 2, 2, 179.11
1494064944, 9, 11, 510, 40, 0, 4.13%, 0, 2, 2, 159.74
1494064949, 9, 12, 510, 40, 0, 4.13%, 0, 2, 2, 172.09
1494064954, 9, 14, 510, 40, 0, 4.13%, 0, 2, 2, 168.38
1494064959, 9, 17, 510, 40, 0, 4.13%, 0, 2, 2, 146.76
1494064964, 9, 20, 510, 40, 0, 4.13%, 0, 2, 2, 188.04
1494064969, 9, 24, 510, 39, 0, 4.13%, 0, 2, 2, 158.84
1494064974, 9, 29, 510, 39, 0, 4.13%, 0, 2, 2, 164.34
1494064979, 9, 31, 510, 39, 0, 4.13%, 0, 2, 2, 148.37
1494064984, 9, 35, 510, 39, 0, 4.13%, 0, 2, 2, 159.83
1494064989, 9, 41, 510, 39, 0, 4.13%, 0, 2, 2, 186.09
1494064994, 9, 47, 510, 39, 0, 4.13%, 0, 2, 2, 161.40
1494065000, 9, 49, 510, 39, 0, 4.13%, 0, 2, 2, 158.38
1494065005, 9, 52, 510, 39, 0, 4.13%, 0, 2, 2, 147.71
1494065010, 9, 53, 510, 39, 0, 4.13%, 0, 2, 2, 172.67
1494065015, 9, 57, 510, 39, 0, 4.13%, 0, 2, 2, 174.73
1494065020, 9, 59, 510, 39, 0, 4.13%, 0, 2, 2, 164.23
1494065025, 9, 64, 510, 39, 0, 4.13%, 0, 2, 2, 149.23
1494065030, 9, 66, 510, 39, 0, 4.13%, 0, 2, 2, 143.92
1494065035, 9, 70, 510, 39, 0, 4.13%, 0, 2, 2, 156.48
1494065040, 9, 74, 510, 39, 0, 4.13%, 0, 2, 2, 149.80
1494065046, 9, 77, 510, 39, 0, 4.13%, 0, 2, 2, 134.18
1494065051, 9, 81, 510, 39, 0, 4.13%, 0, 2, 2, 166.71
1494065056, 9, 82, 510, 39, 0, 4.13%, 0, 2, 2, 159.60
1494065061, 9, 85, 510, 39, 0, 4.13%, 0, 2, 2, 157.01
1494065066, 9, 86, 510, 39, 0, 4.13%, 0, 2, 2, 163.96
1494065071, 9, 90, 510, 39, 0, 4.13%, 0, 2, 2, 161.96
1494065077, 9, 93, 510, 39, 0, 4.13%, 0, 2, 2, 165.71
1494065082, 9, 94, 510, 39, 0, 4.13%, 0, 2, 2, 163.32
1494065087, 9, 97, 510, 39, 0, 4.13%, 0, 2, 2, 166.85
1494065092, 9, 103, 510, 39, 0, 4.13%, 0, 2, 2, 162.34
1494065097, 9, 105, 510, 39, 0, 4.13%, 0, 2, 2, 158.90
1494065102, 9, 107, 510, 39, 0, 4.13%, 0, 2, 2, 126.87
1494065107, 9, 114, 510, 39, 0, 4.13%, 0, 2, 2, 151.71
1494065112, 9, 116, 510, 39, 0, 4.13%, 0, 2, 2, 155.51
1494065117, 9, 118, 510, 39, 0, 4.13%, 0, 2, 2, 150.35
1494065122, 9, 128, 510, 39, 0, 4.13%, 0, 2, 2, 155.39
1494065127, 9, 129, 510, 39, 0, 4.13%, 0, 2, 2, 171.61
1494065132, 9, 130, 510, 39, 0, 4.13%, 0, 2, 2, 183.99
1494065138, 9, 131, 510, 39, 0, 4.13%, 0, 2, 2, 183.25
1494065143, 9, 136, 510, 39, 0, 4.13%, 0, 2, 2, 165.53
1494065148, 9, 150, 510, 39, 0, 4.13%, 0, 2, 2, 161.27
1494065153, 9, 154, 510, 39, 0, 4.13%, 0, 2, 2, 157.55
1494065158, 9, 156, 510, 39, 0, 4.13%, 0, 2, 2, 189.36
1494065163, 9, 158, 510, 39, 0, 4.13%, 0, 2, 2, 194.90
1494065168, 9, 159, 510, 39, 0, 4.13%, 0, 2, 2, 181.48
1494065174, 9, 165, 510, 39, 0, 4.13%, 0, 2, 2, 187.89
1494065179, 9, 171, 510, 39, 0, 4.13%, 0, 2, 2, 165.88
1494065184, 9, 176, 510, 39, 0, 4.13%, 0, 2, 2, 166.57
1494065189, 9, 180, 510, 39, 0, 4.13%, 0, 2, 2, 175.64
1494065199, 9, 191, 510, 39, 0, 4.13%, 0, 2, 2, 162.80
1494065210, 9, 200, 510, 39, 0, 4.13%, 0, 2, 2, 157.83
1494065220, 9, 213, 510, 39, 0, 4.13%, 0, 2, 2, 170.87
1494065225, 9, 214, 510, 39, 0, 4.13%, 0, 2, 2, 180.38
1494065230, 9, 216, 510, 39, 0, 4.13%, 0, 2, 2, 174.43
1494065235, 9, 220, 510, 39, 0, 4.13%, 0, 2, 2, 182.17
1494065240, 9, 222, 510, 39, 0, 4.13%, 0, 2, 2, 176.10
1494065245, 9, 227, 510, 39, 0, 4.13%, 0, 2, 2, 159.52
1494065250, 9, 233, 510, 39, 0, 4.13%, 0, 2, 2, 163.74
1494065255, 9, 237, 510, 39, 0, 4.13%, 0, 2, 2, 170.92
1494065266, 9, 240, 510, 39, 0, 4.13%, 0, 2, 2, 121.73
1494065271, 9, 242, 510, 38, 0, 4.13%, 0, 2, 2, 173.12
1494065276, 9, 244, 510, 37, 0, 4.13%, 0, 2, 2, 191.83
1494065281, 9, 247, 510, 37, 0, 4.13%, 0, 2, 2, 160.07
1494065286, 9, 254, 510, 37, 0, 4.13%, 0, 2, 2, 158.82
1494065291, 9, 263, 510, 37, 0, 4.13%, 0, 2, 2, 157.12
1494065297, 9, 265, 510, 37, 0, 4.13%, 0, 2, 2, 172.01
1494065302, 9, 268, 510, 37, 0, 4.13%, 0, 2, 2, 185.81
1494065307, 9, 273, 510, 37, 0, 4.13%, 0, 2, 2, 177.27
1494065312, 9, 277, 510, 37, 0, 4.13%, 0, 2, 2, 191.43
1494065317, 9, 279, 510, 37, 0, 4.13%, 0, 2, 2, 197.73
1494065322, 9, 283, 510, 37, 0, 4.13%, 0, 2, 2, 177.84
1494065327, 9, 287, 510, 37, 0, 4.13%, 0, 2, 2, 195.68
1494065338, 9, 289, 510, 37, 0, 4.13%, 0, 2, 2, 145.48
1494065343, 9, 293, 510, 37, 0, 4.13%, 0, 2, 2, 172.77
1494065348, 9, 299, 510, 37, 0, 4.13%, 0, 2, 2, 183.67
1494065353, 9, 307, 510, 37, 0, 4.13%, 0, 2, 2, 170.88
1494065358, 9, 319, 510, 37, 0, 4.13%, 0, 2, 2, 48.49
1494065363, 9, 324, 510, 36, 0, 4.13%, 0, 2, 2, 144.09
1494065368, 9, 329, 510, 36, 0, 4.13%, 0, 2, 2, 146.75
1494065373, 9, 333, 510, 36, 0, 4.13%, 0, 2, 2, 138.75
1494065378, 9, 334, 510, 36, 0, 4.13%, 0, 2, 2, 158.54
1494065384, 9, 341, 511, 37, 0, 4.13%, 0, 2, 2, 168.50
1494065389, 9, 343, 511, 37, 0, 4.13%, 0, 2, 2, 181.70
1494065394, 9, 352, 511, 37, 0, 4.13%, 0, 2, 2, 153.11
1494065399, 9, 356, 511, 36, 0, 4.13%, 0, 2, 2, 161.87
1494065404, 9, 366, 511, 36, 0, 4.13%, 0, 2, 2, 182.73
1494065409, 9, 372, 511, 36, 0, 4.13%, 0, 2, 2, 180.91
1494065414, 9, 374, 511, 36, 0, 4.13%, 0, 2, 2, 176.92
1494065419, 9, 382, 511, 36, 0, 4.13%, 0, 2, 2, 265.70
1494065424, 9, 387, 511, 36, 0, 4.13%, 0, 2, 2, 42.59
1494065429, 9, 394, 511, 36, 0, 4.13%, 0, 2, 2, 102.18
1494065435, 9, 402, 511, 35, 0, 4.13%, 0, 2, 2, 170.10
1494065440, 9, 416, 511, 35, 0, 4.13%, 0, 2, 2, 169.09
1494065445, 9, 417, 511, 35, 0, 4.13%, 0, 2, 2, 174.66
1494065450, 9, 425, 511, 35, 0, 4.13%, 0, 2, 2, 182.27
1494065455, 9, 430, 511, 35, 0, 4.13%, 0, 2, 2, 183.79
1494065465, 9, 434, 511, 35, 0, 4.13%, 0, 2, 2, 151.77
1494065470, 9, 436, 511, 34, 0, 4.13%, 0, 2, 2, 174.84
1494065476, 9, 442, 511, 34, 0, 4.13%, 0, 2, 2, 134.29
1494065481, 9, 444, 511, 34, 0, 4.13%, 0, 2, 2, 131.96
1494065486, 9, 449, 511, 34, 0, 4.13%, 0, 2, 2, 179.88
1494065491, 9, 451, 511, 34, 0, 4.13%, 0, 2, 2, 194.09
1494065496, 9, 458, 511, 34, 0, 4.13%, 0, 2, 2, 158.04
1494065501, 9, 497, 512, 35, 1, 4.14%, 0, 2, 2, 123.07
1494065506, 9, 511, 512, 35, 1, 4.14%, 0, 2, 2, 82.81
1494065527, 10, 1, 512, 34, 0, 4.14%, 0, 2, 2, 152.72
1494065532, 10, 2, 512, 34, 0, 4.14%, 0, 2, 2, 160.34
1494065537, 10, 4, 512, 34, 0, 4.14%, 0, 2, 2, 196.64
1494065543, 10, 6, 512, 34, 0, 4.14%, 0, 2, 2, 182.35
1494065548, 10, 9, 512, 34, 0, 4.14%, 0, 2, 2, 168.35
1494065553, 10, 10, 512, 34, 0, 4.14%, 0, 2, 2, 175.05
1494065558, 10, 13, 512, 33, 0, 4.14%, 0, 2, 2, 186.67
1494065563, 10, 16, 512, 33, 0, 4.14%, 0, 2, 2, 171.49
1494065568, 10, 18, 512, 33, 0, 4.14%, 0, 2, 2, 168.17
1494065573, 10, 24, 512, 33, 0, 4.14%, 0, 2, 2, 156.88
1494065578, 10, 28, 512, 33, 0, 4.14%, 0, 2, 2, 163.60
1494065583, 10, 31, 512, 33, 0, 4.14%, 0, 2, 2, 154.49
1494065588, 10, 34, 512, 33, 0, 4.14%, 0, 2, 2, 173.78
1494065594, 10, 38, 512, 33, 0, 4.14%, 0, 2, 2, 183.92
1494065599, 10, 41, 512, 33, 0, 4.14%, 0, 2, 2, 190.37
1494065604, 10, 47, 512, 33, 0, 4.14%, 0, 2, 2, 185.90
1494065609, 10, 49, 512, 33, 0, 4.14%, 0, 2, 2, 170.43
1494065614, 10, 52, 512, 33, 0, 4.14%, 0, 2, 2, 153.32
1494065619, 10, 53, 512, 33, 0, 4.14%, 0, 2, 2, 183.34
1494065624, 10, 57, 512, 33, 0, 4.14%, 0, 2, 2, 194.18
1494065629, 10, 62, 512, 33, 0, 4.14%, 0, 2, 2, 164.07
1494065634, 10, 65, 512, 33, 0, 4.14%, 0, 2, 2, 162.69
1494065640, 10, 67, 512, 33, 0, 4.14%, 0, 2, 2, 155.27
1494065645, 10, 72, 512, 33, 0, 4.14%, 0, 2, 2, 167.54
1494065650, 10, 74, 512, 33, 0, 4.14%, 0, 2, 2, 174.64
1494065655, 10, 77, 512, 33, 0, 4.14%, 0, 2, 2, 160.93
1494065660, 10, 78, 512, 33, 0, 4.14%, 0, 2, 2, 152.63
1494065665, 10, 81, 512, 33, 0, 4.14%, 0, 2, 2, 157.52
1494065670, 10, 83, 512, 33, 0, 4.14%, 0, 2, 2, 154.91
1494065675, 10, 86, 512, 33, 0, 4.14%, 0, 2, 2, 170.18
1494065680, 10, 90, 512, 33, 0, 4.14%, 0, 2, 2, 176.08
1494065685, 10, 91, 512, 33, 0, 4.14%, 0, 2, 2, 167.98
1494065690, 10, 94, 512, 33, 0, 4.14%, 0, 2, 2, 181.36
1494065696, 10, 97, 512, 33, 0, 4.14%, 0, 2, 2, 169.08
1494065701, 10, 104, 512, 33, 0, 4.14%, 0, 2, 2, 166.52
1494065706, 10, 106, 512, 33, 0, 4.14%, 0, 2, 2, 156.55
1494065711, 10, 111, 512, 33, 0, 4.14%, 0, 2, 2, 174.35
