# unix_time, cycles_done, cur_path, paths_total, pending_total, pending_favs, map_size, unique_crashes, unique_hangs, max_depth, execs_per_sec
1493998178, 0, 0, 201, 201, 117, 3.56%, 0, 0, 1, 104.76
1493998183, 0, 0, 204, 204, 117, 3.56%, 0, 0, 2, 210.22
1493998188, 0, 0, 205, 205, 117, 3.56%, 0, 0, 2, 173.06
1493998198, 0, 0, 206, 206, 117, 3.56%, 0, 0, 2, 152.47
1493998224, 0, 0, 211, 210, 116, 3.57%, 0, 0, 2, 161.87
1493998229, 0, 0, 248, 247, 116, 3.69%, 0, 0, 2, 96.82
1493998234, 0, 0, 288, 287, 116, 3.81%, 0, 0, 2, 83.69
1493998239, 0, 0, 330, 329, 116, 3.85%, 0, 0, 2, 81.22
1493998245, 0, 0, 359, 358, 116, 3.90%, 0, 0, 2, 85.72
