# unix_time, cycles_done, cur_path, paths_total, pending_total, pending_favs, map_size, unique_crashes, unique_hangs, max_depth, execs_per_sec
1495296501, 0, 0, 223, 223, 175, 3.25%, 0, 0, 1, 315.30
1495296511, 0, 0, 225, 224, 174, 3.25%, 0, 0, 1, 172.78
1495296573, 0, 2, 225, 223, 173, 3.25%, 0, 0, 1, 118.47
1495296578, 0, 3, 225, 222, 172, 3.25%, 0, 0, 1, 124.00
1495296583, 0, 4, 225, 221, 171, 3.25%, 0, 0, 1, 126.41
1495296594, 0, 5, 225, 220, 170, 3.25%, 0, 0, 1, 127.93
1495296604, 0, 8, 225, 218, 168, 3.25%, 0, 0, 1, 130.74
1495296609, 0, 10, 225, 216, 166, 3.25%, 0, 0, 1, 137.84
1495296625, 0, 12, 225, 215, 165, 3.25%, 0, 0, 1, 120.33
1495296635, 0, 13, 225, 214, 164, 3.25%, 0, 0, 1, 132.62
1495296640, 0, 14, 225, 213, 163, 3.25%, 0, 0, 1, 125.80
1495296645, 0, 15, 225, 212, 162, 3.25%, 0, 0, 1, 139.07
1495296650, 0, 16, 225, 211, 161, 3.25%, 0, 0, 1, 127.96
1495296655, 0, 18, 225, 209, 159, 3.25%, 0, 0, 1, 131.57
1495296661, 0, 19, 225, 208, 158, 3.25%, 0, 0, 1, 131.30
1495296666, 0, 21, 225, 206, 156, 3.25%, 0, 0, 1, 128.22
1495296671, 0, 22, 225, 205, 155, 3.25%, 0, 0, 1, 123.72
1495296676, 0, 23, 225, 204, 154, 3.25%, 0, 0, 1, 123.27
1495296686, 0, 24, 225, 203, 153, 3.25%, 0, 0, 1, 121.64
1495296691, 0, 25, 225, 202, 152, 3.25%, 0, 0, 1, 130.41
1495296696, 0, 26, 225, 201, 151, 3.25%, 0, 0, 1, 124.48
1495296701, 0, 27, 225, 200, 150, 3.25%, 0, 0, 1, 119.18
1495296707, 0, 28, 225, 199, 149, 3.25%, 0, 0, 1, 126.41
1495296712, 0, 30, 225, 197, 147, 3.25%, 0, 0, 1, 128.29
1495296727, 0, 32, 225, 195, 145, 3.25%, 0, 0, 1, 132.12
1495296732, 0, 33, 225, 194, 144, 3.25%, 0, 0, 1, 142.87
1495296742, 0, 36, 225, 193, 143, 3.25%, 0, 0, 1, 133.74
1495296753, 0, 37, 225, 192, 142, 3.25%, 0, 0, 1, 137.47
1495296758, 0, 38, 225, 191, 141, 3.25%, 0, 0, 1, 140.05
1495296768, 0, 40, 225, 190, 140, 3.25%, 0, 0, 1, 144.98
1495296784, 0, 41, 225, 189, 139, 3.25%, 0, 0, 1, 140.60
1495296794, 0, 42, 225, 188, 138, 3.25%, 0, 0, 1, 142.90
1495296799, 0, 44, 225, 187, 137, 3.25%, 0, 0, 1, 145.30
1495296809, 0, 45, 225, 186, 136, 3.25%, 0, 0, 1, 140.75
1495296814, 0, 46, 225, 185, 135, 3.25%, 0, 0, 1, 140.94
1495296830, 0, 47, 225, 184, 134, 3.25%, 0, 0, 1, 150.05
1495296845, 0, 48, 225, 183, 133, 3.25%, 0, 0, 1, 143.79
1495296850, 0, 49, 225, 182, 132, 3.25%, 0, 0, 1, 140.60
1495296855, 0, 50, 225, 181, 131, 3.25%, 0, 0, 1, 145.05
1495296870, 0, 51, 225, 180, 130, 3.25%, 0, 0, 1, 140.10
1495296875, 0, 52, 225, 179, 129, 3.25%, 0, 0, 1, 135.36
1495296891, 0, 53, 225, 178, 128, 3.25%, 0, 0, 1, 150.37
1495296906, 0, 54, 225, 177, 127, 3.25%, 0, 0, 1, 105.99
1495296917, 0, 55, 225, 176, 126, 3.25%, 0, 0, 1, 137.96
1495296927, 0, 56, 225, 175, 125, 3.25%, 0, 0, 1, 142.17
1495296942, 0, 59, 225, 174, 124, 3.25%, 0, 0, 1, 135.24
1495296958, 0, 60, 225, 173, 123, 3.25%, 0, 0, 1, 143.28
1495296963, 0, 62, 225, 172, 122, 3.25%, 0, 0, 1, 138.46
1495296968, 0, 63, 225, 171, 121, 3.25%, 0, 0, 1, 139.87
1495296973, 0, 65, 225, 170, 120, 3.25%, 0, 0, 1, 130.07
1495296989, 0, 66, 225, 169, 119, 3.25%, 0, 0, 1, 122.95
1495296999, 0, 67, 225, 168, 118, 3.25%, 0, 0, 1, 134.53
1495297014, 0, 70, 225, 167, 117, 3.25%, 0, 0, 1, 136.34
1495297020, 0, 71, 225, 166, 116, 3.25%, 0, 0, 1, 137.76
1495297025, 0, 72, 225, 165, 115, 3.25%, 0, 0, 1, 133.08
1495297040, 0, 73, 225, 164, 114, 3.25%, 0, 0, 1, 134.23
1495297061, 0, 74, 225, 163, 113, 3.25%, 0, 0, 1, 125.51
1495297066, 0, 75, 225, 162, 112, 3.25%, 0, 0, 1, 138.00
1495297076, 0, 76, 225, 161, 111, 3.25%, 0, 0, 1, 123.81
1495297086, 0, 79, 225, 159, 109, 3.25%, 0, 0, 1, 128.70
1495297102, 0, 82, 225, 158, 108, 3.25%, 0, 0, 1, 129.74
1495297107, 0, 83, 225, 157, 107, 3.25%, 0, 0, 1, 127.76
1495297122, 0, 85, 225, 156, 106, 3.25%, 0, 0, 1, 139.50
1495297143, 0, 86, 225, 155, 105, 3.25%, 0, 0, 1, 133.26
1495297148, 0, 87, 225, 154, 104, 3.25%, 0, 0, 1, 130.94
1495297168, 0, 88, 225, 153, 103, 3.25%, 0, 0, 1, 129.35
1495297173, 0, 90, 225, 152, 102, 3.25%, 0, 0, 1, 136.84
1495297189, 0, 92, 225, 150, 100, 3.25%, 0, 0, 1, 127.87
1495297199, 0, 93, 225, 149, 99, 3.25%, 0, 0, 1, 134.07
1495297214, 0, 94, 225, 148, 98, 3.25%, 0, 0, 1, 143.26
1495297230, 0, 95, 225, 147, 97, 3.25%, 0, 0, 1, 148.27
1495297245, 0, 96, 225, 146, 96, 3.25%, 0, 0, 1, 142.05
1495297256, 0, 97, 225, 145, 95, 3.25%, 0, 0, 1, 144.41
1495297261, 0, 98, 225, 144, 94, 3.25%, 0, 0, 1, 150.98
1495297276, 0, 99, 225, 143, 93, 3.25%, 0, 0, 1, 143.65
1495297281, 0, 100, 225, 142, 92, 3.25%, 0, 0, 1, 137.08
1495297297, 0, 101, 225, 141, 91, 3.25%, 0, 0, 1, 143.16
1495297302, 0, 102, 225, 140, 90, 3.25%, 0, 0, 1, 143.83
1495297307, 0, 103, 225, 139, 89, 3.25%, 0, 0, 1, 139.20
1495297322, 0, 104, 225, 138, 88, 3.25%, 0, 0, 1, 148.95
1495297327, 0, 106, 225, 137, 87, 3.25%, 0, 0, 1, 147.72
1495297332, 0, 107, 225, 136, 86, 3.25%, 0, 0, 1, 142.08
1495297342, 0, 108, 225, 135, 85, 3.25%, 0, 0, 1, 144.40
1495297348, 0, 109, 225, 134, 84, 3.25%, 0, 0, 1, 132.03
1495297363, 0, 110, 225, 133, 83, 3.25%, 0, 0, 1, 139.96
1495297368, 0, 111, 225, 132, 82, 3.25%, 0, 0, 1, 142.92
1495297378, 0, 112, 225, 131, 81, 3.25%, 0, 0, 1, 153.32
1495297384, 0, 113, 225, 130, 80, 3.25%, 0, 0, 1, 141.90
1495297399, 0, 114, 225, 129, 79, 3.25%, 0, 0, 1, 144.21
1495297404, 0, 115, 225, 128, 78, 3.25%, 0, 0, 1, 146.22
1495297420, 0, 117, 225, 126, 76, 3.25%, 0, 0, 1, 140.28
1495297425, 0, 118, 225, 125, 75, 3.25%, 0, 0, 1, 149.55
1495297430, 0, 120, 225, 123, 73, 3.25%, 0, 0, 1, 155.37
1495297445, 0, 122, 225, 122, 72, 3.25%, 0, 0, 1, 135.88
1495297460, 0, 124, 225, 121, 71, 3.25%, 0, 0, 1, 135.92
1495297466, 0, 125, 225, 120, 70, 3.25%, 0, 0, 1, 138.20
1495297481, 0, 128, 225, 119, 69, 3.25%, 0, 0, 1, 142.22
1495297496, 0, 129, 225, 118, 68, 3.25%, 0, 0, 1, 129.84
1495297501, 0, 130, 225, 117, 67, 3.25%, 0, 0, 1, 128.16
1495297507, 0, 133, 225, 115, 65, 3.25%, 0, 0, 1, 131.21
1495297532, 0, 134, 225, 114, 64, 3.25%, 0, 0, 1, 125.25
1495297537, 0, 135, 225, 113, 63, 3.25%, 0, 0, 1, 135.42
1495297543, 0, 136, 225, 112, 62, 3.25%, 0, 0, 1, 125.76
1495297558, 0, 137, 225, 111, 61, 3.25%, 0, 0, 1, 135.64
1495297563, 0, 138, 225, 110, 60, 3.25%, 0, 0, 1, 140.76
1495297579, 0, 140, 225, 108, 58, 3.25%, 0, 0, 1, 139.43
1495297594, 0, 143, 225, 107, 57, 3.25%, 0, 0, 1, 129.25
1495297620, 0, 145, 225, 105, 55, 3.25%, 0, 0, 1, 137.48
1495297630, 0, 147, 225, 104, 54, 3.25%, 0, 0, 1, 124.40
1495297645, 0, 148, 225, 103, 53, 3.25%, 0, 0, 1, 134.16
1495297651, 0, 149, 225, 102, 52, 3.25%, 0, 0, 1, 134.41
1495297656, 0, 151, 225, 100, 50, 3.25%, 0, 0, 1, 128.61
1495297671, 0, 152, 225, 99, 49, 3.25%, 0, 0, 1, 121.74
1495297676, 0, 153, 225, 98, 48, 3.25%, 0, 0, 1, 122.95
1495297691, 0, 157, 225, 97, 47, 3.25%, 0, 0, 1, 132.06
1495297707, 0, 158, 225, 96, 46, 3.25%, 0, 0, 1, 141.92
1495297712, 0, 160, 225, 95, 45, 3.25%, 0, 0, 1, 137.59
1495297727, 0, 161, 225, 94, 44, 3.25%, 0, 0, 1, 144.48
1495297732, 0, 162, 225, 93, 43, 3.25%, 0, 0, 1, 145.40
1495297742, 0, 163, 225, 92, 42, 3.25%, 0, 0, 1, 148.59
1495297748, 0, 164, 225, 91, 41, 3.25%, 0, 0, 1, 152.86
1495297763, 0, 166, 225, 89, 39, 3.25%, 0, 0, 1, 153.28
1495297778, 0, 167, 225, 88, 38, 3.25%, 0, 0, 1, 137.09
1495297783, 0, 168, 225, 87, 37, 3.25%, 0, 0, 1, 140.08
1495297804, 0, 169, 225, 86, 36, 3.25%, 0, 0, 1, 149.82
1495297809, 0, 171, 225, 85, 35, 3.25%, 0, 0, 1, 136.87
1495297829, 0, 172, 225, 84, 34, 3.25%, 0, 0, 1, 143.75
1495297835, 0, 173, 225, 83, 33, 3.25%, 0, 0, 1, 148.25
1495297845, 0, 174, 225, 82, 32, 3.25%, 0, 0, 1, 140.35
1495297865, 0, 177, 225, 81, 31, 3.25%, 0, 0, 1, 155.89
1495297880, 0, 178, 225, 80, 30, 3.25%, 0, 0, 1, 138.60
1495297885, 0, 180, 225, 78, 28, 3.25%, 0, 0, 1, 152.72
1495297901, 0, 181, 225, 77, 27, 3.25%, 0, 0, 1, 140.22
1495297911, 0, 182, 225, 76, 26, 3.25%, 0, 0, 1, 154.29
1495297916, 0, 183, 225, 75, 25, 3.25%, 0, 0, 1, 141.44
1495297927, 0, 184, 225, 74, 24, 3.25%, 0, 0, 1, 143.77
1495297942, 0, 187, 225, 72, 22, 3.25%, 0, 0, 1, 133.71
1495297962, 0, 190, 225, 70, 20, 3.25%, 0, 0, 1, 119.66
1495297988, 0, 192, 225, 69, 19, 3.25%, 0, 0, 1, 129.79
1495297993, 0, 193, 225, 68, 18, 3.25%, 0, 0, 1, 125.36
1495298008, 0, 195, 225, 67, 17, 3.25%, 0, 0, 1, 127.53
1495298024, 0, 196, 225, 66, 16, 3.25%, 0, 0, 1, 126.68
1495298029, 0, 197, 225, 65, 15, 3.25%, 0, 0, 1, 125.42
1495298044, 0, 198, 225, 64, 14, 3.25%, 0, 0, 1, 117.29
1495298049, 0, 200, 225, 62, 12, 3.25%, 0, 0, 1, 127.89
1495298065, 0, 201, 225, 61, 11, 3.25%, 0, 0, 1, 126.19
1495298070, 0, 202, 225, 60, 10, 3.25%, 0, 0, 1, 128.63
1495298085, 0, 204, 225, 58, 8, 3.25%, 0, 0, 1, 121.64
1495298090, 0, 205, 225, 57, 7, 3.25%, 0, 0, 1, 124.86
1495298106, 0, 207, 225, 56, 6, 3.25%, 0, 0, 1, 122.60
1495298126, 0, 211, 225, 55, 5, 3.25%, 0, 0, 1, 125.07
1495298147, 0, 213, 225, 54, 4, 3.25%, 0, 0, 1, 122.55
1495298167, 0, 216, 225, 53, 3, 3.25%, 0, 0, 1, 123.95
1495298192, 0, 217, 225, 52, 2, 3.25%, 0, 0, 1, 136.06
1495298198, 1, 0, 225, 50, 0, 3.25%, 0, 0, 1, 133.21
1495298213, 1, 2, 225, 50, 0, 3.25%, 0, 0, 1, 148.36
1495298218, 1, 3, 225, 50, 0, 3.25%, 0, 0, 1, 140.59
1495298223, 1, 4, 225, 50, 0, 3.25%, 0, 0, 1, 145.41
1495298233, 1, 5, 225, 50, 0, 3.25%, 0, 0, 1, 143.32
1495298239, 1, 8, 225, 50, 0, 3.25%, 0, 0, 1, 149.88
1495298244, 1, 9, 225, 50, 0, 3.25%, 0, 0, 1, 139.17
1495298249, 1, 10, 225, 50, 0, 3.25%, 0, 0, 1, 149.81
1495298259, 1, 12, 225, 50, 0, 3.25%, 0, 0, 1, 147.15
1495298269, 1, 13, 225, 50, 0, 3.25%, 0, 0, 1, 151.59
1495298275, 1, 15, 225, 50, 0, 3.25%, 0, 0, 1, 137.77
1495298280, 1, 16, 225, 50, 0, 3.25%, 0, 0, 1, 140.69
1495298285, 1, 17, 225, 50, 0, 3.25%, 0, 0, 1, 152.37
1495298290, 1, 19, 225, 50, 0, 3.25%, 0, 0, 1, 149.24
1495298295, 1, 21, 225, 50, 0, 3.25%, 0, 0, 1, 155.62
1495298300, 1, 22, 225, 50, 0, 3.25%, 0, 0, 1, 153.14
1495298305, 1, 23, 225, 50, 0, 3.25%, 0, 0, 1, 142.10
1495298315, 1, 24, 225, 50, 0, 3.25%, 0, 0, 1, 145.04
1495298320, 1, 26, 225, 50, 0, 3.25%, 0, 0, 1, 150.14
1495298325, 1, 27, 225, 50, 0, 3.25%, 0, 0, 1, 138.13
1495298331, 1, 28, 225, 50, 0, 3.25%, 0, 0, 1, 137.34
1495298336, 1, 30, 225, 50, 0, 3.25%, 0, 0, 1, 143.49
1495298351, 1, 32, 225, 50, 0, 3.25%, 0, 0, 1, 140.60
1495298356, 1, 33, 225, 50, 0, 3.25%, 0, 0, 1, 142.94
1495298366, 1, 36, 225, 50, 0, 3.25%, 0, 0, 1, 141.15
1495298377, 1, 37, 225, 50, 0, 3.25%, 0, 0, 1, 135.68
1495298382, 1, 38, 225, 50, 0, 3.25%, 0, 0, 1, 137.81
1495298392, 1, 40, 225, 50, 0, 3.25%, 0, 0, 1, 143.58
1495298408, 1, 41, 225, 50, 0, 3.25%, 0, 0, 1, 140.80
1495298418, 1, 42, 225, 50, 0, 3.25%, 0, 0, 1, 150.33
1495298423, 1, 44, 225, 50, 0, 3.25%, 0, 0, 1, 147.97
1495298433, 1, 45, 225, 50, 0, 3.25%, 0, 0, 1, 151.92
1495298438, 1, 46, 225, 50, 0, 3.25%, 0, 0, 1, 142.01
1495298454, 1, 47, 225, 50, 0, 3.25%, 0, 0, 1, 125.20
1495298470, 1, 48, 225, 50, 0, 3.25%, 0, 0, 1, 134.61
1495298475, 1, 49, 225, 50, 0, 3.25%, 0, 0, 1, 135.13
1495298480, 1, 50, 225, 50, 0, 3.25%, 0, 0, 1, 134.87
1495298495, 1, 51, 225, 50, 0, 3.25%, 0, 0, 1, 132.63
1495298500, 1, 52, 225, 50, 0, 3.25%, 0, 0, 1, 118.26
1495298516, 1, 53, 225, 50, 0, 3.25%, 0, 0, 1, 138.79
1495298536, 1, 54, 225, 50, 0, 3.25%, 0, 0, 1, 92.41
1495298547, 1, 55, 225, 50, 0, 3.25%, 0, 0, 1, 127.16
1495298562, 1, 56, 225, 50, 0, 3.25%, 0, 0, 1, 121.85
1495298577, 1, 59, 225, 50, 0, 3.25%, 0, 0, 1, 133.35
1495298593, 1, 60, 225, 50, 0, 3.25%, 0, 0, 1, 138.51
1495298598, 1, 62, 225, 50, 0, 3.25%, 0, 0, 1, 123.68
1495298603, 1, 63, 225, 50, 0, 3.25%, 0, 0, 1, 127.15
1495298614, 1, 65, 225, 50, 0, 3.25%, 0, 0, 1, 127.13
1495298629, 1, 66, 225, 50, 0, 3.25%, 0, 0, 1, 120.80
1495298640, 1, 67, 225, 50, 0, 3.25%, 0, 0, 1, 127.27
1495298655, 1, 70, 225, 50, 0, 3.25%, 0, 0, 1, 128.47
1495298665, 1, 71, 225, 50, 0, 3.25%, 0, 0, 1, 120.29
1495298670, 1, 72, 225, 50, 0, 3.25%, 0, 0, 1, 122.31
1495298686, 1, 73, 225, 50, 0, 3.25%, 0, 0, 1, 136.17
1495298701, 1, 74, 225, 50, 0, 3.25%, 0, 0, 1, 146.63
1495298706, 1, 75, 225, 50, 0, 3.25%, 0, 0, 1, 150.18
1495298722, 1, 76, 225, 50, 0, 3.25%, 0, 0, 1, 138.84
1495298727, 1, 79, 225, 50, 0, 3.25%, 0, 0, 1, 138.23
1495298742, 1, 82, 225, 50, 0, 3.25%, 0, 0, 1, 139.68
1495298747, 1, 83, 225, 50, 0, 3.25%, 0, 0, 1, 134.34
1495298763, 1, 85, 225, 50, 0, 3.25%, 0, 0, 1, 150.67
1495298778, 1, 86, 225, 50, 0, 3.25%, 0, 0, 1, 145.47
1495298783, 1, 87, 225, 50, 0, 3.25%, 0, 0, 1, 156.69
1495298798, 1, 88, 225, 50, 0, 3.25%, 0, 0, 1, 129.13
1495298803, 1, 89, 225, 50, 0, 3.25%, 0, 0, 1, 140.01
1495298814, 1, 90, 225, 49, 0, 3.25%, 0, 0, 1, 144.02
1495298829, 1, 92, 225, 49, 0, 3.25%, 0, 0, 1, 147.14
1495298839, 1, 93, 225, 49, 0, 3.25%, 0, 0, 1, 143.13
1495298850, 1, 94, 225, 49, 0, 3.25%, 0, 0, 1, 140.43
1495298870, 1, 95, 225, 49, 0, 3.25%, 0, 0, 1, 137.20
1495298880, 1, 96, 225, 49, 0, 3.25%, 0, 0, 1, 138.94
1495298896, 1, 97, 225, 49, 0, 3.25%, 0, 0, 1, 143.04
1495298901, 1, 98, 225, 49, 0, 3.25%, 0, 0, 1, 140.21
1495298917, 1, 100, 225, 49, 0, 3.25%, 0, 0, 1, 133.61
1495298937, 1, 102, 225, 49, 0, 3.25%, 0, 0, 1, 119.53
1495298942, 1, 103, 225, 49, 0, 3.25%, 0, 0, 1, 131.73
1495298962, 1, 104, 225, 49, 0, 3.25%, 0, 0, 1, 125.38
1495298968, 1, 106, 225, 49, 0, 3.25%, 0, 0, 1, 132.96
1495298973, 1, 107, 225, 49, 0, 3.25%, 0, 0, 1, 137.09
1495298988, 1, 108, 225, 49, 0, 3.25%, 0, 0, 1, 128.08
1495298993, 1, 109, 225, 49, 0, 3.25%, 0, 0, 1, 123.33
1495299013, 1, 111, 225, 49, 0, 3.25%, 0, 0, 1, 136.34
1495299024, 1, 112, 225, 49, 0, 3.25%, 0, 0, 1, 137.91
1495299029, 1, 113, 225, 49, 0, 3.25%, 0, 0, 1, 133.86
1495299049, 1, 115, 225, 49, 0, 3.25%, 0, 0, 1, 130.72
1495299070, 1, 117, 225, 49, 0, 3.25%, 0, 0, 1, 123.30
1495299075, 1, 118, 225, 49, 0, 3.25%, 0, 0, 1, 118.31
1495299080, 1, 119, 225, 49, 0, 3.25%, 0, 0, 1, 124.12
1495299086, 1, 120, 225, 49, 0, 3.25%, 0, 0, 1, 129.96
1495299101, 1, 121, 225, 49, 0, 3.25%, 0, 0, 1, 126.46
1495299106, 1, 122, 225, 48, 0, 3.25%, 0, 0, 1, 127.51
1495299121, 1, 124, 225, 48, 0, 3.25%, 0, 0, 1, 129.61
1495299127, 1, 125, 225, 48, 0, 3.25%, 0, 0, 1, 129.63
1495299142, 1, 126, 225, 48, 0, 3.25%, 0, 0, 1, 129.33
1495299147, 1, 128, 225, 47, 0, 3.25%, 0, 0, 1, 127.67
1495299167, 1, 129, 225, 47, 0, 3.25%, 0, 0, 1, 130.28
1495299172, 1, 130, 225, 47, 0, 3.25%, 0, 0, 1, 137.63
1495299178, 1, 133, 225, 47, 0, 3.25%, 0, 0, 1, 145.78
1495299203, 1, 135, 225, 47, 0, 3.25%, 0, 0, 1, 136.84
1495299208, 1, 136, 225, 47, 0, 3.25%, 0, 0, 1, 143.48
1495299223, 1, 137, 225, 47, 0, 3.25%, 0, 0, 1, 163.08
1495299229, 1, 138, 225, 47, 0, 3.25%, 0, 0, 1, 148.54
1495299239, 1, 139, 225, 47, 0, 3.25%, 0, 0, 1, 147.35
1495299244, 1, 140, 225, 47, 0, 3.25%, 0, 0, 1, 135.59
1495299259, 1, 143, 225, 47, 0, 3.25%, 0, 0, 1, 143.61
1495299280, 1, 144, 225, 47, 0, 3.25%, 0, 0, 1, 142.57
1495299285, 1, 145, 225, 47, 0, 3.25%, 0, 0, 1, 157.97
1495299290, 1, 147, 225, 47, 0, 3.25%, 0, 0, 1, 150.26
1495299305, 1, 149, 225, 47, 0, 3.25%, 0, 0, 1, 147.14
1495299310, 1, 150, 225, 47, 0, 3.25%, 0, 0, 1, 150.11
1495299315, 1, 151, 225, 47, 0, 3.25%, 0, 0, 1, 148.57
1495299326, 1, 152, 225, 47, 0, 3.25%, 0, 0, 1, 150.39
1495299331, 1, 153, 225, 47, 0, 3.25%, 0, 0, 1, 137.71
1495299346, 1, 157, 225, 47, 0, 3.25%, 0, 0, 1, 139.49
1495299361, 1, 158, 225, 47, 0, 3.25%, 0, 0, 1, 137.88
1495299367, 1, 160, 225, 47, 0, 3.25%, 0, 0, 1, 145.20
1495299382, 1, 162, 225, 47, 0, 3.25%, 0, 0, 1, 134.39
1495299397, 1, 163, 225, 47, 0, 3.25%, 0, 0, 1, 131.15
1495299402, 1, 164, 225, 47, 0, 3.25%, 0, 0, 1, 143.37
1495299418, 1, 165, 225, 47, 0, 3.25%, 0, 0, 1, 146.49
1495299423, 1, 166, 225, 47, 0, 3.25%, 0, 0, 1, 146.79
1495299438, 1, 168, 225, 47, 0, 3.25%, 0, 0, 1, 125.83
1495299463, 1, 169, 225, 47, 0, 3.25%, 0, 0, 1, 127.73
1495299468, 1, 171, 225, 47, 0, 3.25%, 0, 0, 1, 121.43
1495299494, 1, 172, 225, 47, 0, 3.25%, 0, 0, 1, 143.32
1495299499, 1, 173, 225, 47, 0, 3.25%, 0, 0, 1, 143.23
1495299514, 1, 174, 225, 47, 0, 3.25%, 0, 0, 1, 139.31
1495299535, 1, 175, 225, 47, 0, 3.25%, 0, 0, 1, 134.93
1495299540, 1, 177, 225, 46, 0, 3.25%, 0, 0, 1, 128.53
1495299550, 1, 178, 225, 46, 0, 3.25%, 0, 0, 1, 124.04
1495299555, 1, 179, 225, 46, 0, 3.25%, 0, 0, 1, 120.91
1495299561, 1, 180, 225, 46, 0, 3.25%, 0, 0, 1, 130.36
1495299576, 1, 181, 225, 46, 0, 3.25%, 0, 0, 1, 115.16
1495299591, 1, 182, 225, 46, 0, 3.25%, 0, 0, 1, 126.86
1495299596, 1, 183, 225, 46, 0, 3.25%, 0, 0, 1, 130.65
1495299612, 1, 184, 225, 46, 0, 3.25%, 0, 0, 1, 130.02
1495299627, 1, 186, 225, 46, 0, 3.25%, 0, 0, 1, 117.46
1495299632, 1, 187, 225, 46, 0, 3.25%, 0, 0, 1, 130.31
1495299647, 1, 189, 225, 46, 0, 3.25%, 0, 0, 1, 128.33
1495299652, 1, 190, 225, 46, 0, 3.25%, 0, 0, 1, 127.05
1495299678, 1, 192, 225, 45, 0, 3.25%, 0, 0, 1, 134.06
1495299683, 1, 193, 225, 45, 0, 3.25%, 0, 0, 1, 136.44
1495299698, 1, 195, 225, 44, 0, 3.25%, 0, 0, 1, 137.75
1495299713, 1, 196, 225, 44, 0, 3.25%, 0, 0, 1, 139.07
1495299719, 1, 197, 225, 44, 0, 3.25%, 0, 0, 1, 143.58
1495299729, 1, 198, 225, 44, 0, 3.25%, 0, 0, 1, 149.57
1495299734, 1, 200, 225, 44, 0, 3.25%, 0, 0, 1, 150.21
1495299749, 1, 201, 225, 44, 0, 3.25%, 0, 0, 1, 136.23
1495299754, 1, 202, 225, 44, 0, 3.25%, 0, 0, 1, 138.00
1495299765, 1, 203, 225, 44, 0, 3.25%, 0, 0, 1, 148.86
1495299770, 1, 204, 225, 44, 0, 3.25%, 0, 0, 1, 136.60
1495299775, 1, 205, 225, 44, 0, 3.25%, 0, 0, 1, 139.92
1495299785, 1, 207, 225, 44, 0, 3.25%, 0, 0, 1, 134.66
1495299800, 1, 208, 225, 44, 0, 3.25%, 0, 0, 1, 144.31
1495299805, 1, 210, 225, 43, 0, 3.25%, 0, 0, 1, 149.05
1495299831, 1, 211, 225, 42, 0, 3.25%, 0, 0, 1, 114.34
1495299836, 1, 213, 225, 42, 0, 3.25%, 0, 0, 1, 130.48
1495299857, 1, 215, 225, 42, 0, 3.25%, 0, 0, 1, 131.26
1495299862, 1, 216, 225, 41, 0, 3.25%, 0, 0, 1, 130.96
1495299883, 1, 217, 225, 41, 0, 3.25%, 0, 0, 1, 136.96
1495299888, 2, 0, 225, 41, 0, 3.25%, 0, 0, 1, 143.53
1495299898, 2, 1, 225, 41, 0, 3.25%, 0, 0, 1, 141.07
1495299903, 2, 2, 225, 41, 0, 3.25%, 0, 0, 1, 143.00
1495299908, 2, 4, 225, 41, 0, 3.25%, 0, 0, 1, 147.24
1495299919, 2, 5, 225, 41, 0, 3.25%, 0, 0, 1, 150.82
1495299929, 2, 8, 225, 41, 0, 3.25%, 0, 0, 1, 119.87
1495299934, 2, 9, 225, 41, 0, 3.25%, 0, 0, 1, 126.54
1495299939, 2, 10, 225, 41, 0, 3.25%, 0, 0, 1, 127.99
1495299949, 2, 12, 225, 40, 0, 3.25%, 0, 0, 1, 133.64
1495299965, 2, 13, 225, 40, 0, 3.25%, 0, 0, 1, 132.61
1495299970, 2, 15, 225, 40, 0, 3.25%, 0, 0, 1, 130.12
1495299975, 2, 16, 225, 40, 0, 3.25%, 0, 0, 1, 144.09
1495299980, 2, 17, 225, 40, 0, 3.25%, 0, 0, 1, 130.61
1495299985, 2, 19, 225, 40, 0, 3.25%, 0, 0, 1, 126.80
1495299990, 2, 20, 225, 40, 0, 3.25%, 0, 0, 1, 125.59
1495299996, 2, 21, 225, 40, 0, 3.25%, 0, 0, 1, 128.08
1495300001, 2, 23, 225, 40, 0, 3.25%, 0, 0, 1, 133.59
1495300011, 2, 24, 225, 40, 0, 3.25%, 0, 0, 1, 133.66
1495300016, 2, 25, 225, 40, 0, 3.25%, 0, 0, 1, 128.91
1495300021, 2, 26, 225, 40, 0, 3.25%, 0, 0, 1, 127.08
1495300026, 2, 27, 225, 40, 0, 3.25%, 0, 0, 1, 125.30
1495300031, 2, 29, 225, 40, 0, 3.25%, 0, 0, 1, 135.85
1495300037, 2, 30, 225, 40, 0, 3.25%, 0, 0, 1, 130.91
1495300052, 2, 32, 225, 40, 0, 3.25%, 0, 0, 1, 131.21
1495300057, 2, 33, 225, 40, 0, 3.25%, 0, 0, 1, 135.25
1495300072, 2, 34, 225, 40, 0, 3.25%, 0, 0, 1, 132.68
1495300087, 2, 36, 225, 39, 0, 3.25%, 0, 0, 1, 123.00
1495300097, 2, 37, 225, 39, 0, 3.25%, 0, 0, 1, 121.22
1495300102, 2, 38, 225, 39, 0, 3.25%, 0, 0, 1, 130.75
1495300113, 2, 39, 225, 39, 0, 3.25%, 0, 0, 1, 133.95
1495300118, 2, 40, 225, 38, 0, 3.25%, 0, 0, 1, 131.05
1495300133, 2, 41, 225, 38, 0, 3.25%, 0, 0, 1, 130.28
1495300148, 2, 42, 225, 38, 0, 3.25%, 0, 0, 1, 120.14
1495300153, 2, 43, 225, 38, 0, 3.25%, 0, 0, 1, 116.94
1495300174, 2, 44, 225, 37, 0, 3.25%, 0, 0, 1, 135.83
1495300190, 2, 45, 225, 37, 0, 3.25%, 0, 0, 1, 137.06
1495300195, 2, 46, 225, 37, 0, 3.25%, 0, 0, 1, 147.32
1495300210, 2, 47, 225, 37, 0, 3.25%, 0, 0, 1, 139.74
1495300225, 2, 48, 225, 37, 0, 3.25%, 0, 0, 1, 143.72
1495300230, 2, 49, 225, 37, 0, 3.25%, 0, 0, 1, 147.49
1495300236, 2, 50, 225, 37, 0, 3.25%, 0, 0, 1, 144.73
1495300251, 2, 51, 225, 37, 0, 3.25%, 0, 0, 1, 138.61
1495300256, 2, 52, 225, 37, 0, 3.25%, 0, 0, 1, 144.63
1495300271, 2, 53, 225, 37, 0, 3.25%, 0, 0, 1, 142.07
1495300286, 2, 54, 225, 37, 0, 3.25%, 0, 0, 1, 114.53
1495300297, 2, 55, 225, 37, 0, 3.25%, 0, 0, 1, 140.25
1495300312, 2, 56, 225, 37, 0, 3.25%, 0, 0, 1, 139.51
1495300327, 2, 59, 225, 37, 0, 3.25%, 0, 0, 1, 139.09
1495300342, 2, 60, 225, 37, 0, 3.25%, 0, 0, 1, 152.97
1495300347, 2, 62, 225, 37, 0, 3.25%, 0, 0, 1, 140.75
1495300352, 2, 63, 225, 37, 0, 3.25%, 0, 0, 1, 148.05
1495300358, 2, 65, 225, 37, 0, 3.25%, 0, 0, 1, 143.09
1495300373, 2, 66, 225, 37, 0, 3.25%, 0, 0, 1, 135.78
1495300378, 2, 67, 225, 37, 0, 3.25%, 0, 0, 1, 142.01
1495300394, 2, 68, 225, 37, 0, 3.25%, 0, 0, 1, 137.01
1495300399, 2, 69, 225, 36, 0, 3.25%, 0, 0, 1, 132.91
1495300409, 2, 70, 225, 35, 0, 3.25%, 0, 0, 1, 151.25
1495300414, 2, 71, 225, 35, 0, 3.25%, 0, 0, 1, 134.12
1495300419, 2, 72, 225, 35, 0, 3.25%, 0, 0, 1, 125.28
1495300435, 2, 73, 225, 35, 0, 3.25%, 0, 0, 1, 129.41
1495300450, 2, 74, 225, 35, 0, 3.25%, 0, 0, 1, 134.53
1495300455, 2, 75, 225, 35, 0, 3.25%, 0, 0, 1, 130.39
1495300476, 2, 76, 225, 35, 0, 3.25%, 0, 0, 1, 130.59
1495300481, 2, 77, 225, 35, 0, 3.25%, 0, 0, 1, 129.10
1495300486, 2, 79, 225, 34, 0, 3.25%, 0, 0, 1, 133.62
1495300507, 2, 82, 225, 34, 0, 3.25%, 0, 0, 1, 125.95
1495300512, 2, 83, 225, 34, 0, 3.25%, 0, 0, 1, 125.16
1495300527, 2, 84, 225, 34, 0, 3.25%, 0, 0, 1, 120.87
1495300537, 2, 85, 225, 33, 0, 3.25%, 0, 0, 1, 119.24
1495300553, 2, 86, 225, 33, 0, 3.25%, 0, 0, 1, 137.23
1495300558, 2, 87, 225, 33, 0, 3.25%, 0, 0, 1, 121.00
1495300573, 2, 88, 225, 33, 0, 3.25%, 0, 0, 1, 129.56
1495300584, 2, 90, 225, 33, 0, 3.25%, 0, 0, 1, 117.64
1495300594, 2, 91, 225, 33, 0, 3.25%, 0, 0, 1, 127.07
1495300599, 2, 92, 225, 33, 0, 3.25%, 0, 0, 1, 131.07
1495300609, 2, 93, 225, 33, 0, 3.25%, 0, 0, 1, 126.88
1495300625, 2, 94, 225, 33, 0, 3.25%, 0, 0, 1, 128.31
1495300640, 2, 95, 225, 33, 0, 3.25%, 0, 0, 1, 117.52
1495300661, 2, 96, 225, 33, 0, 3.25%, 0, 0, 1, 148.35
1495300671, 2, 97, 225, 33, 0, 3.25%, 0, 0, 1, 143.49
1495300676, 2, 98, 225, 33, 0, 3.25%, 0, 0, 1, 139.63
1495300692, 2, 99, 225, 33, 0, 3.25%, 0, 0, 1, 142.52
1495300697, 2, 100, 225, 33, 0, 3.25%, 0, 0, 1, 138.50
1495300707, 2, 101, 225, 33, 0, 3.25%, 0, 0, 1, 141.15
1495300712, 2, 102, 225, 33, 0, 3.25%, 0, 0, 1, 151.50
1495300717, 2, 103, 225, 33, 0, 3.25%, 0, 0, 1, 150.22
1495300733, 2, 104, 225, 33, 0, 3.25%, 0, 0, 1, 148.33
1495300738, 2, 106, 225, 33, 0, 3.25%, 0, 0, 1, 135.55
1495300743, 2, 107, 225, 33, 0, 3.25%, 0, 0, 1, 142.16
1495300759, 2, 108, 225, 33, 0, 3.25%, 0, 0, 1, 133.90
1495300764, 2, 109, 225, 33, 0, 3.25%, 0, 0, 1, 139.13
1495300779, 2, 111, 225, 33, 0, 3.25%, 0, 0, 1, 138.68
1495300795, 2, 112, 225, 33, 0, 3.25%, 0, 0, 1, 137.68
1495300800, 2, 113, 225, 33, 0, 3.25%, 0, 0, 1, 136.80
1495300810, 2, 114, 225, 33, 0, 3.25%, 0, 0, 1, 148.59
1495300815, 2, 115, 225, 33, 0, 3.25%, 0, 0, 1, 146.94
1495300831, 2, 117, 225, 33, 0, 3.25%, 0, 0, 1, 154.22
1495300836, 2, 118, 225, 33, 0, 3.25%, 0, 0, 1, 143.51
1495300841, 2, 120, 225, 33, 0, 3.25%, 0, 0, 1, 145.47
1495300856, 2, 122, 225, 33, 0, 3.25%, 0, 0, 1, 147.12
1495300872, 2, 124, 225, 33, 0, 3.25%, 0, 0, 1, 130.84
1495300877, 2, 125, 225, 33, 0, 3.25%, 0, 0, 1, 133.71
1495300892, 2, 128, 225, 33, 0, 3.25%, 0, 0, 1, 134.01
1495300908, 2, 129, 225, 33, 0, 3.25%, 0, 0, 1, 124.93
1495300913, 2, 130, 225, 33, 0, 3.25%, 0, 0, 1, 129.70
1495300918, 2, 132, 225, 33, 0, 3.25%, 0, 0, 1, 124.85
1495300923, 2, 133, 225, 33, 0, 3.25%, 0, 0, 1, 123.66
1495300949, 2, 134, 225, 33, 0, 3.25%, 0, 0, 1, 119.55
1495300954, 2, 135, 225, 33, 0, 3.25%, 0, 0, 1, 120.25
1495300959, 2, 136, 225, 33, 0, 3.25%, 0, 0, 1, 119.15
1495300974, 2, 137, 225, 33, 0, 3.25%, 0, 0, 1, 133.56
1495300979, 2, 138, 225, 33, 0, 3.25%, 0, 0, 1, 132.73
1495300995, 2, 139, 225, 33, 0, 3.25%, 0, 0, 1, 133.47
1495301000, 2, 140, 225, 33, 0, 3.25%, 0, 0, 1, 131.16
1495301015, 2, 143, 225, 33, 0, 3.25%, 0, 0, 1, 130.90
1495301041, 2, 144, 225, 33, 0, 3.25%, 0, 0, 1, 121.38
1495301046, 2, 145, 225, 33, 0, 3.25%, 0, 0, 1, 126.45
1495301056, 2, 147, 225, 33, 0, 3.25%, 0, 0, 1, 126.23
1495301072, 2, 148, 225, 33, 0, 3.25%, 0, 0, 1, 121.95
1495301077, 2, 149, 225, 33, 0, 3.25%, 0, 0, 1, 123.45
1495301082, 2, 151, 225, 33, 0, 3.25%, 0, 0, 1, 124.85
1495301103, 2, 153, 225, 33, 0, 3.25%, 0, 0, 1, 121.59
1495301123, 2, 157, 225, 33, 0, 3.25%, 0, 0, 1, 139.87
1495301138, 2, 158, 225, 33, 0, 3.25%, 0, 0, 1, 123.18
1495301143, 2, 160, 225, 33, 0, 3.25%, 0, 0, 1, 123.77
1495301159, 2, 161, 225, 33, 0, 3.25%, 0, 0, 1, 146.29
1495301164, 2, 162, 225, 33, 0, 3.25%, 0, 0, 1, 150.26
1495301179, 2, 164, 225, 33, 0, 3.25%, 0, 0, 1, 146.07
1495301195, 2, 165, 225, 33, 0, 3.25%, 0, 0, 1, 140.25
1495301200, 2, 166, 225, 33, 0, 3.25%, 0, 0, 1, 141.24
1495301210, 2, 167, 225, 33, 0, 3.25%, 0, 0, 1, 140.58
1495301215, 2, 168, 225, 33, 0, 3.25%, 0, 0, 1, 139.76
1495301235, 2, 169, 225, 33, 0, 3.25%, 0, 0, 1, 140.88
1495301241, 2, 171, 225, 33, 0, 3.25%, 0, 0, 1, 135.76
1495301261, 2, 172, 225, 33, 0, 3.25%, 0, 0, 1, 142.29
1495301266, 2, 173, 225, 33, 0, 3.25%, 0, 0, 1, 142.42
1495301281, 2, 174, 225, 33, 0, 3.25%, 0, 0, 1, 152.43
1495301307, 2, 177, 225, 33, 0, 3.25%, 0, 0, 1, 137.55
1495301322, 2, 179, 225, 33, 0, 3.25%, 0, 0, 1, 145.18
1495301327, 2, 180, 225, 33, 0, 3.25%, 0, 0, 1, 142.91
1495301338, 2, 181, 225, 33, 0, 3.25%, 0, 0, 1, 143.64
1495301353, 2, 182, 225, 33, 0, 3.25%, 0, 0, 1, 144.67
1495301358, 2, 183, 225, 33, 0, 3.25%, 0, 0, 1, 146.80
1495301374, 2, 184, 225, 33, 0, 3.25%, 0, 0, 1, 146.52
1495301384, 2, 186, 225, 33, 0, 3.25%, 0, 0, 1, 141.53
1495301389, 2, 187, 225, 33, 0, 3.25%, 0, 0, 1, 138.95
1495301404, 2, 189, 225, 33, 0, 3.25%, 0, 0, 1, 130.28
1495301409, 2, 190, 225, 33, 0, 3.25%, 0, 0, 1, 123.47
1495301434, 2, 193, 225, 33, 0, 3.25%, 0, 0, 1, 131.87
1495301450, 2, 195, 225, 33, 0, 3.25%, 0, 0, 1, 124.24
1495301465, 2, 196, 225, 33, 0, 3.25%, 0, 0, 1, 124.54
1495301470, 2, 197, 225, 33, 0, 3.25%, 0, 0, 1, 129.95
1495301485, 2, 198, 225, 33, 0, 3.25%, 0, 0, 1, 121.64
1495301490, 2, 199, 225, 33, 0, 3.25%, 0, 0, 1, 126.00
1495301495, 2, 200, 225, 33, 0, 3.25%, 0, 0, 1, 125.02
1495301511, 2, 202, 225, 33, 0, 3.25%, 0, 0, 1, 123.01
1495301531, 2, 204, 225, 33, 0, 3.25%, 0, 0, 1, 123.77
1495301536, 2, 205, 225, 33, 0, 3.25%, 0, 0, 1, 115.33
1495301552, 2, 206, 225, 33, 0, 3.25%, 0, 0, 1, 121.57
1495301557, 2, 207, 225, 32, 0, 3.25%, 0, 0, 1, 128.31
1495301572, 2, 211, 225, 32, 0, 3.25%, 0, 0, 1, 92.30
1495301578, 2, 213, 225, 31, 0, 3.25%, 0, 0, 1, 110.85
1495301603, 2, 214, 225, 31, 0, 3.25%, 0, 0, 1, 128.50
1495301608, 2, 216, 225, 30, 0, 3.25%, 0, 0, 1, 128.40
1495301634, 2, 218, 225, 30, 0, 3.25%, 0, 0, 1, 120.77
1495301639, 3, 0, 225, 29, 0, 3.25%, 0, 0, 1, 134.24
1495301649, 3, 1, 225, 29, 0, 3.25%, 0, 0, 1, 139.75
1495301655, 3, 2, 225, 29, 0, 3.25%, 0, 0, 1, 144.25
1495301660, 3, 3, 225, 29, 0, 3.25%, 0, 0, 1, 138.16
1495301665, 3, 4, 225, 29, 0, 3.25%, 0, 0, 1, 146.64
1495301675, 3, 5, 225, 29, 0, 3.25%, 0, 0, 1, 142.69
1495301680, 3, 8, 225, 29, 0, 3.25%, 0, 0, 1, 145.25
1495301685, 3, 9, 225, 29, 0, 3.25%, 0, 0, 1, 138.09
1495301691, 3, 10, 225, 29, 0, 3.25%, 0, 0, 1, 154.38
1495301701, 3, 12, 225, 29, 0, 3.25%, 0, 0, 1, 155.14
1495301711, 3, 13, 225, 29, 0, 3.25%, 0, 0, 1, 141.85
1495301716, 3, 15, 225, 29, 0, 3.25%, 0, 0, 1, 138.33
1495301721, 3, 16, 225, 29, 0, 3.25%, 0, 0, 1, 132.77
1495301727, 3, 17, 225, 29, 0, 3.25%, 0, 0, 1, 137.62
1495301732, 3, 19, 225, 29, 0, 3.25%, 0, 0, 1, 144.75
1495301737, 3, 21, 225, 29, 0, 3.25%, 0, 0, 1, 144.38
1495301742, 3, 22, 225, 29, 0, 3.25%, 0, 0, 1, 131.61
1495301747, 3, 23, 225, 29, 0, 3.25%, 0, 0, 1, 147.10
1495301757, 3, 24, 225, 29, 0, 3.25%, 0, 0, 1, 152.08
1495301762, 3, 26, 225, 29, 0, 3.25%, 0, 0, 1, 148.57
1495301767, 3, 27, 225, 29, 0, 3.25%, 0, 0, 1, 137.17
1495301772, 3, 28, 225, 29, 0, 3.25%, 0, 0, 1, 137.58
1495301777, 3, 30, 225, 29, 0, 3.25%, 0, 0, 1, 141.72
1495301793, 3, 32, 225, 29, 0, 3.25%, 0, 0, 1, 144.73
1495301798, 3, 33, 225, 29, 0, 3.25%, 0, 0, 1, 148.40
1495301808, 3, 36, 225, 29, 0, 3.25%, 0, 0, 1, 143.53
1495301814, 3, 37, 225, 29, 0, 3.25%, 0, 0, 1, 138.86
1495301819, 3, 38, 225, 29, 0, 3.25%, 0, 0, 1, 141.33
1495301829, 3, 40, 225, 29, 0, 3.25%, 0, 0, 1, 143.83
1495301844, 3, 41, 225, 29, 0, 3.25%, 0, 0, 1, 146.96
1495301860, 3, 44, 225, 29, 0, 3.25%, 0, 0, 1, 145.96
1495301875, 3, 46, 225, 29, 0, 3.25%, 0, 0, 1, 146.89
1495301895, 3, 47, 225, 29, 0, 3.25%, 0, 0, 1, 129.87
1495301911, 3, 48, 225, 29, 0, 3.25%, 0, 0, 1, 122.47
1495301916, 3, 49, 225, 29, 0, 3.25%, 0, 0, 1, 127.01
1495301921, 3, 50, 225, 29, 0, 3.25%, 0, 0, 1, 127.46
1495301937, 3, 51, 225, 29, 0, 3.25%, 0, 0, 1, 122.59
1495301942, 3, 52, 225, 29, 0, 3.25%, 0, 0, 1, 125.26
1495301957, 3, 53, 225, 29, 0, 3.25%, 0, 0, 1, 135.81
1495301978, 3, 54, 225, 29, 0, 3.25%, 0, 0, 1, 91.46
1495301983, 3, 55, 225, 29, 0, 3.25%, 0, 0, 1, 126.80
1495301998, 3, 56, 225, 29, 0, 3.25%, 0, 0, 1, 127.61
1495302019, 3, 57, 225, 29, 0, 3.25%, 0, 0, 1, 129.01
1495302024, 3, 59, 225, 28, 0, 3.25%, 0, 0, 1, 121.38
1495302039, 3, 60, 225, 28, 0, 3.25%, 0, 0, 1, 123.52
1495302044, 3, 62, 225, 28, 0, 3.25%, 0, 0, 1, 125.68
1495302049, 3, 63, 225, 28, 0, 3.25%, 0, 0, 1, 130.65
1495302059, 3, 64, 225, 28, 0, 3.25%, 0, 0, 1, 122.95
1495302064, 3, 65, 225, 27, 0, 3.25%, 0, 0, 1, 132.69
1495302080, 3, 66, 225, 27, 0, 3.25%, 0, 0, 1, 123.39
1495302090, 3, 67, 225, 27, 0, 3.25%, 0, 0, 1, 132.10
1495302105, 3, 70, 225, 27, 0, 3.25%, 0, 0, 1, 125.52
1495302110, 3, 71, 225, 27, 0, 3.25%, 0, 0, 1, 128.63
1495302116, 3, 72, 225, 27, 0, 3.25%, 0, 0, 1, 119.36
1495302131, 3, 73, 225, 27, 0, 3.25%, 0, 0, 1, 142.16
1495302146, 3, 74, 225, 27, 0, 3.25%, 0, 0, 1, 132.76
1495302151, 3, 75, 225, 27, 0, 3.25%, 0, 0, 1, 126.33
1495302167, 3, 76, 225, 27, 0, 3.25%, 0, 0, 1, 140.22
1495302172, 3, 78, 225, 27, 0, 3.25%, 0, 0, 1, 143.56
1495302177, 3, 79, 225, 27, 0, 3.25%, 0, 0, 1, 154.49
1495302187, 3, 81, 225, 27, 0, 3.25%, 0, 0, 1, 150.08
1495302192, 3, 82, 225, 26, 0, 3.25%, 0, 0, 1, 135.99
1495302197, 3, 83, 225, 26, 0, 3.25%, 0, 0, 1, 141.16
1495302213, 3, 85, 225, 26, 0, 3.25%, 0, 0, 1, 151.37
1495302223, 3, 86, 225, 26, 0, 3.25%, 0, 0, 1, 155.21
1495302234, 3, 87, 225, 26, 0, 3.25%, 0, 0, 1, 142.95
1495302244, 3, 88, 225, 26, 0, 3.25%, 0, 0, 1, 151.07
1495302249, 3, 90, 225, 26, 0, 3.25%, 0, 0, 1, 156.55
1495302264, 3, 92, 225, 26, 0, 3.25%, 0, 0, 1, 134.60
1495302274, 3, 93, 225, 26, 0, 3.25%, 0, 0, 1, 142.96
1495302290, 3, 94, 225, 26, 0, 3.25%, 0, 0, 1, 136.13
1495302305, 3, 95, 225, 26, 0, 3.25%, 0, 0, 1, 140.33
1495302320, 3, 96, 225, 26, 0, 3.25%, 0, 0, 1, 133.57
1495302336, 3, 97, 225, 26, 0, 3.25%, 0, 0, 1, 136.37
1495302341, 3, 98, 225, 26, 0, 3.25%, 0, 0, 1, 142.47
1495302357, 3, 100, 225, 26, 0, 3.25%, 0, 0, 1, 139.68
1495302372, 3, 101, 225, 26, 0, 3.25%, 0, 0, 1, 151.76
1495302377, 3, 102, 225, 26, 0, 3.25%, 0, 0, 1, 136.00
1495302382, 3, 103, 225, 26, 0, 3.25%, 0, 0, 1, 130.77
1495302398, 3, 104, 225, 26, 0, 3.25%, 0, 0, 1, 127.25
1495302403, 3, 106, 225, 26, 0, 3.25%, 0, 0, 1, 128.29
1495302408, 3, 107, 225, 26, 0, 3.25%, 0, 0, 1, 133.61
1495302423, 3, 108, 225, 26, 0, 3.25%, 0, 0, 1, 132.60
1495302429, 3, 109, 225, 26, 0, 3.25%, 0, 0, 1, 125.02
1495302444, 3, 110, 225, 26, 0, 3.25%, 0, 0, 1, 133.78
1495302449, 3, 111, 225, 26, 0, 3.25%, 0, 0, 1, 125.44
1495302464, 3, 112, 225, 26, 0, 3.25%, 0, 0, 1, 128.85
1495302469, 3, 113, 225, 26, 0, 3.25%, 0, 0, 1, 129.69
1495302484, 3, 114, 225, 26, 0, 3.25%, 0, 0, 1, 128.47
1495302490, 3, 115, 225, 26, 0, 3.25%, 0, 0, 1, 139.75
1495302505, 3, 116, 225, 26, 0, 3.25%, 0, 0, 1, 127.43
1495302510, 3, 118, 225, 26, 0, 3.25%, 0, 0, 1, 129.23
1495302515, 3, 119, 225, 26, 0, 3.25%, 0, 0, 1, 130.08
1495302520, 3, 120, 225, 26, 0, 3.25%, 0, 0, 1, 122.75
1495302536, 3, 122, 225, 26, 0, 3.25%, 0, 0, 1, 126.14
1495302556, 3, 124, 225, 26, 0, 3.25%, 0, 0, 1, 119.55
1495302561, 3, 125, 225, 26, 0, 3.25%, 0, 0, 1, 139.67
1495302572, 3, 127, 225, 26, 0, 3.25%, 0, 0, 1, 127.23
1495302577, 3, 128, 225, 25, 0, 3.25%, 0, 0, 1, 123.44
1495302597, 3, 130, 225, 25, 0, 3.25%, 0, 0, 1, 127.33
1495302603, 3, 131, 225, 25, 0, 3.25%, 0, 0, 1, 121.63
1495302613, 3, 132, 225, 24, 0, 3.25%, 0, 0, 1, 126.88
1495302618, 3, 133, 225, 24, 0, 3.25%, 0, 0, 1, 131.16
1495302638, 3, 134, 225, 24, 0, 3.25%, 0, 0, 1, 147.94
1495302644, 3, 135, 225, 24, 0, 3.25%, 0, 0, 1, 159.68
1495302649, 3, 136, 225, 24, 0, 3.25%, 0, 0, 1, 156.32
1495302665, 3, 138, 225, 24, 0, 3.25%, 0, 0, 1, 137.50
1495302680, 3, 139, 225, 24, 0, 3.25%, 0, 0, 1, 144.16
1495302685, 3, 140, 225, 24, 0, 3.25%, 0, 0, 1, 142.44
1495302700, 3, 143, 225, 23, 0, 3.25%, 0, 0, 1, 138.47
1495302726, 3, 144, 225, 23, 0, 3.25%, 0, 0, 1, 130.21
1495302731, 3, 145, 225, 23, 0, 3.25%, 0, 0, 1, 139.62
1495302736, 3, 147, 225, 23, 0, 3.25%, 0, 0, 1, 143.07
1495302746, 3, 148, 225, 23, 0, 3.25%, 0, 0, 1, 150.91
1495302751, 3, 149, 225, 23, 0, 3.25%, 0, 0, 1, 150.13
1495302756, 3, 151, 225, 23, 0, 3.25%, 0, 0, 1, 145.37
1495302772, 3, 152, 225, 23, 0, 3.25%, 0, 0, 1, 146.43
1495302777, 3, 153, 225, 23, 0, 3.25%, 0, 0, 1, 140.80
1495302787, 3, 157, 225, 23, 0, 3.25%, 0, 0, 1, 132.64
1495302803, 3, 158, 225, 23, 0, 3.25%, 0, 0, 1, 130.66
1495302808, 3, 159, 225, 23, 0, 3.25%, 0, 0, 1, 134.27
1495302813, 3, 160, 225, 22, 0, 3.25%, 0, 0, 1, 154.55
1495302823, 3, 161, 225, 22, 0, 3.25%, 0, 0, 1, 150.59
1495302828, 3, 162, 225, 22, 0, 3.25%, 0, 0, 1, 158.31
1495302844, 3, 164, 225, 22, 0, 3.25%, 0, 0, 1, 135.09
1495302864, 3, 166, 225, 22, 0, 3.25%, 0, 0, 1, 146.72
1495302879, 3, 168, 225, 22, 0, 3.25%, 0, 0, 1, 124.20
1495302910, 3, 171, 225, 22, 0, 3.25%, 0, 0, 1, 122.27
1495302936, 3, 172, 225, 22, 0, 3.25%, 0, 0, 1, 132.06
1495302941, 3, 173, 225, 22, 0, 3.25%, 0, 0, 1, 126.19
1495302956, 3, 174, 225, 22, 0, 3.25%, 0, 0, 1, 131.19
1495302982, 3, 177, 225, 22, 0, 3.25%, 0, 0, 1, 123.19
1495302997, 3, 178, 225, 22, 0, 3.25%, 0, 0, 1, 117.18
1495303002, 3, 180, 225, 22, 0, 3.25%, 0, 0, 1, 123.74
1495303023, 3, 181, 225, 22, 0, 3.25%, 0, 0, 1, 119.47
1495303039, 3, 182, 225, 22, 0, 3.25%, 0, 0, 1, 119.93
1495303044, 3, 183, 225, 22, 0, 3.25%, 0, 0, 1, 125.21
1495303059, 3, 184, 225, 22, 0, 3.25%, 0, 0, 1, 120.38
1495303075, 3, 186, 225, 22, 0, 3.25%, 0, 0, 1, 133.82
1495303080, 3, 187, 225, 22, 0, 3.25%, 0, 0, 1, 128.86
1495303095, 3, 189, 225, 22, 0, 3.25%, 0, 0, 1, 132.31
1495303100, 3, 190, 225, 22, 0, 3.25%, 0, 0, 1, 136.42
1495303121, 3, 192, 225, 22, 0, 3.25%, 0, 0, 1, 136.13
1495303126, 3, 193, 225, 22, 0, 3.25%, 0, 0, 1, 143.21
1495303136, 3, 195, 225, 22, 0, 3.25%, 0, 0, 1, 151.77
1495303152, 3, 196, 225, 22, 0, 3.25%, 0, 0, 1, 150.05
1495303157, 3, 197, 225, 22, 0, 3.25%, 0, 0, 1, 149.89
1495303172, 3, 199, 225, 22, 0, 3.25%, 0, 0, 1, 137.67
1495303177, 3, 200, 225, 22, 0, 3.25%, 0, 0, 1, 139.88
1495303188, 3, 201, 225, 22, 0, 3.25%, 0, 0, 1, 147.10
1495303193, 3, 202, 225, 22, 0, 3.25%, 0, 0, 1, 141.69
1495303208, 3, 204, 225, 22, 0, 3.25%, 0, 0, 1, 144.91
1495303213, 3, 205, 225, 22, 0, 3.25%, 0, 0, 1, 157.01
1495303223, 3, 207, 225, 22, 0, 3.25%, 0, 0, 1, 130.55
1495303239, 3, 211, 225, 22, 0, 3.25%, 0, 0, 1, 115.33
1495303244, 3, 213, 225, 22, 0, 3.25%, 0, 0, 1, 135.75
1495303269, 3, 216, 225, 22, 0, 3.25%, 0, 0, 1, 130.40
1495303290, 3, 218, 225, 22, 0, 3.25%, 0, 0, 1, 147.12
1495303295, 3, 221, 225, 22, 0, 3.25%, 0, 0, 1, 133.31
1495303300, 4, 0, 225, 21, 0, 3.25%, 0, 0, 1, 143.75
1495303310, 4, 2, 225, 21, 0, 3.25%, 0, 0, 1, 138.08
1495303316, 4, 3, 225, 21, 0, 3.25%, 0, 0, 1, 147.16
1495303321, 4, 4, 225, 21, 0, 3.25%, 0, 0, 1, 149.85
1495303331, 4, 5, 225, 21, 0, 3.25%, 0, 0, 1, 131.66
1495303336, 4, 8, 225, 21, 0, 3.25%, 0, 0, 1, 141.81
1495303346, 4, 10, 225, 21, 0, 3.25%, 0, 0, 1, 133.81
1495303356, 4, 12, 225, 21, 0, 3.25%, 0, 0, 1, 141.52
1495303372, 4, 13, 225, 21, 0, 3.25%, 0, 0, 1, 129.58
1495303377, 4, 15, 225, 21, 0, 3.25%, 0, 0, 1, 120.32
1495303382, 4, 16, 225, 21, 0, 3.25%, 0, 0, 1, 113.41
1495303392, 4, 18, 225, 21, 0, 3.25%, 0, 0, 1, 122.17
1495303397, 4, 19, 225, 21, 0, 3.25%, 0, 0, 1, 129.02
1495303403, 4, 21, 225, 21, 0, 3.25%, 0, 0, 1, 128.67
1495303408, 4, 22, 225, 21, 0, 3.25%, 0, 0, 1, 128.33
1495303413, 4, 23, 225, 21, 0, 3.25%, 0, 0, 1, 120.98
1495303423, 4, 24, 225, 21, 0, 3.25%, 0, 0, 1, 126.12
1495303428, 4, 25, 225, 21, 0, 3.25%, 0, 0, 1, 120.16
1495303433, 4, 26, 225, 21, 0, 3.25%, 0, 0, 1, 121.49
1495303438, 4, 27, 225, 21, 0, 3.25%, 0, 0, 1, 121.45
1495303444, 4, 29, 225, 21, 0, 3.25%, 0, 0, 1, 126.48
1495303449, 4, 30, 225, 21, 0, 3.25%, 0, 0, 1, 123.44
1495303464, 4, 32, 225, 21, 0, 3.25%, 0, 0, 1, 126.78
1495303469, 4, 33, 225, 21, 0, 3.25%, 0, 0, 1, 124.55
1495303484, 4, 35, 225, 21, 0, 3.25%, 0, 0, 1, 136.58
1495303489, 4, 36, 225, 20, 0, 3.25%, 0, 0, 1, 115.72
1495303495, 4, 37, 225, 20, 0, 3.25%, 0, 0, 1, 125.41
1495303500, 4, 38, 225, 20, 0, 3.25%, 0, 0, 1, 128.92
1495303515, 4, 40, 225, 20, 0, 3.25%, 0, 0, 1, 140.85
1495303525, 4, 41, 225, 20, 0, 3.25%, 0, 0, 1, 135.28
1495303541, 4, 42, 225, 20, 0, 3.25%, 0, 0, 1, 132.27
1495303546, 4, 44, 225, 20, 0, 3.25%, 0, 0, 1, 142.09
1495303561, 4, 45, 225, 20, 0, 3.25%, 0, 0, 1, 127.02
1495303566, 4, 46, 225, 20, 0, 3.25%, 0, 0, 1, 128.55
1495303582, 4, 47, 225, 20, 0, 3.25%, 0, 0, 1, 122.92
1495303597, 4, 48, 225, 20, 0, 3.25%, 0, 0, 1, 128.46
1495303607, 4, 49, 225, 20, 0, 3.25%, 0, 0, 1, 139.24
1495303613, 4, 50, 225, 20, 0, 3.25%, 0, 0, 1, 134.26
1495303628, 4, 51, 225, 20, 0, 3.25%, 0, 0, 1, 139.12
1495303633, 4, 52, 225, 20, 0, 3.25%, 0, 0, 1, 127.43
1495303643, 4, 53, 225, 20, 0, 3.25%, 0, 0, 1, 151.18
1495303659, 4, 54, 225, 20, 0, 3.25%, 0, 0, 1, 121.90
1495303669, 4, 55, 225, 20, 0, 3.25%, 0, 0, 1, 141.30
1495303679, 4, 56, 225, 20, 0, 3.25%, 0, 0, 1, 148.81
1495303695, 4, 58, 225, 20, 0, 3.25%, 0, 0, 1, 144.61
1495303710, 4, 59, 225, 19, 0, 3.25%, 0, 0, 1, 137.61
1495303725, 4, 60, 225, 19, 0, 3.25%, 0, 0, 1, 135.69
1495303731, 4, 62, 225, 19, 0, 3.25%, 0, 0, 1, 142.37
1495303736, 4, 63, 225, 19, 0, 3.25%, 0, 0, 1, 140.11
1495303746, 4, 65, 225, 19, 0, 3.25%, 0, 0, 1, 142.82
1495303756, 4, 66, 225, 19, 0, 3.25%, 0, 0, 1, 147.75
1495303766, 4, 67, 225, 19, 0, 3.25%, 0, 0, 1, 147.65
1495303782, 4, 70, 225, 19, 0, 3.25%, 0, 0, 1, 132.76
1495303787, 4, 71, 225, 19, 0, 3.25%, 0, 0, 1, 144.82
1495303792, 4, 72, 225, 19, 0, 3.25%, 0, 0, 1, 133.52
1495303808, 4, 73, 225, 19, 0, 3.25%, 0, 0, 1, 138.98
1495303823, 4, 74, 225, 19, 0, 3.25%, 0, 0, 1, 144.37
1495303828, 4, 75, 225, 19, 0, 3.25%, 0, 0, 1, 140.55
1495303844, 4, 78, 225, 19, 0, 3.25%, 0, 0, 1, 141.15
1495303849, 4, 79, 225, 19, 0, 3.25%, 0, 0, 1, 148.57
1495303864, 4, 82, 225, 19, 0, 3.25%, 0, 0, 1, 125.93
1495303869, 4, 83, 225, 19, 0, 3.25%, 0, 0, 1, 121.98
1495303889, 4, 84, 225, 19, 0, 3.25%, 0, 0, 1, 120.85
1495303894, 4, 85, 225, 19, 0, 3.25%, 0, 0, 1, 125.61
1495303915, 4, 86, 225, 19, 0, 3.25%, 0, 0, 1, 132.47
1495303920, 4, 87, 225, 19, 0, 3.25%, 0, 0, 1, 130.91
1495303935, 4, 88, 225, 19, 0, 3.25%, 0, 0, 1, 124.40
1495303946, 4, 90, 225, 19, 0, 3.25%, 0, 0, 1, 118.24
1495303961, 4, 92, 225, 19, 0, 3.25%, 0, 0, 1, 111.87
1495303971, 4, 93, 225, 19, 0, 3.25%, 0, 0, 1, 128.51
1495303992, 4, 94, 225, 19, 0, 3.25%, 0, 0, 1, 129.00
1495304007, 4, 95, 225, 19, 0, 3.25%, 0, 0, 1, 119.87
1495304023, 4, 96, 225, 19, 0, 3.25%, 0, 0, 1, 124.95
1495304043, 4, 97, 225, 19, 0, 3.25%, 0, 0, 1, 131.73
1495304048, 4, 98, 225, 19, 0, 3.25%, 0, 0, 1, 121.10
1495304064, 4, 99, 225, 19, 0, 3.25%, 0, 0, 1, 127.18
1495304069, 4, 100, 225, 19, 0, 3.25%, 0, 0, 1, 131.21
1495304084, 4, 101, 225, 19, 0, 3.25%, 0, 0, 1, 127.01
1495304089, 4, 102, 225, 19, 0, 3.25%, 0, 0, 1, 131.62
1495304094, 4, 103, 225, 19, 0, 3.25%, 0, 0, 1, 126.64
1495304110, 4, 104, 225, 19, 0, 3.25%, 0, 0, 1, 136.19
1495304115, 4, 106, 225, 19, 0, 3.25%, 0, 0, 1, 143.18
1495304120, 4, 107, 225, 19, 0, 3.25%, 0, 0, 1, 143.63
1495304135, 4, 109, 225, 19, 0, 3.25%, 0, 0, 1, 146.03
1495304151, 4, 111, 225, 19, 0, 3.25%, 0, 0, 1, 140.94
1495304166, 4, 112, 225, 19, 0, 3.25%, 0, 0, 1, 155.28
1495304171, 4, 113, 225, 19, 0, 3.25%, 0, 0, 1, 137.26
1495304187, 4, 115, 225, 19, 0, 3.25%, 0, 0, 1, 133.68
1495304202, 4, 116, 225, 19, 0, 3.25%, 0, 0, 1, 129.09
1495304208, 4, 118, 225, 19, 0, 3.25%, 0, 0, 1, 139.46
1495304213, 4, 119, 225, 19, 0, 3.25%, 0, 0, 1, 132.50
1495304218, 4, 120, 225, 19, 0, 3.25%, 0, 0, 1, 145.37
1495304233, 4, 122, 225, 19, 0, 3.25%, 0, 0, 1, 140.82
1495304248, 4, 125, 225, 19, 0, 3.25%, 0, 0, 1, 144.37
1495304264, 4, 126, 225, 19, 0, 3.25%, 0, 0, 1, 142.17
1495304269, 4, 128, 225, 19, 0, 3.25%, 0, 0, 1, 145.72
1495304284, 4, 129, 225, 19, 0, 3.25%, 0, 0, 1, 146.82
1495304289, 4, 130, 225, 19, 0, 3.25%, 0, 0, 1, 139.28
1495304295, 4, 132, 225, 19, 0, 3.25%, 0, 0, 1, 139.65
1495304300, 4, 133, 225, 19, 0, 3.25%, 0, 0, 1, 130.00
1495304315, 4, 134, 225, 19, 0, 3.25%, 0, 0, 1, 142.30
1495304320, 4, 135, 225, 19, 0, 3.25%, 0, 0, 1, 141.34
1495304325, 4, 136, 225, 19, 0, 3.25%, 0, 0, 1, 141.04
1495304341, 4, 137, 225, 19, 0, 3.25%, 0, 0, 1, 140.77
1495304346, 4, 138, 225, 19, 0, 3.25%, 0, 0, 1, 133.51
1495304361, 4, 139, 225, 19, 0, 3.25%, 0, 0, 1, 121.17
1495304367, 4, 140, 225, 19, 0, 3.25%, 0, 0, 1, 126.81
1495304382, 4, 143, 225, 19, 0, 3.25%, 0, 0, 1, 125.00
1495304413, 4, 145, 225, 19, 0, 3.25%, 0, 0, 1, 127.70
1495304423, 4, 147, 225, 19, 0, 3.25%, 0, 0, 1, 127.23
1495304434, 4, 148, 225, 19, 0, 3.25%, 0, 0, 1, 126.77
1495304439, 4, 149, 225, 19, 0, 3.25%, 0, 0, 1, 116.90
1495304444, 4, 150, 225, 19, 0, 3.25%, 0, 0, 1, 114.62
1495304449, 4, 151, 225, 19, 0, 3.25%, 0, 0, 1, 127.78
1495304465, 4, 152, 225, 19, 0, 3.25%, 0, 0, 1, 128.13
1495304470, 4, 153, 225, 19, 0, 3.25%, 0, 0, 1, 128.14
1495304485, 4, 156, 225, 19, 0, 3.25%, 0, 0, 1, 128.67
1495304490, 4, 157, 225, 18, 0, 3.25%, 0, 0, 1, 138.57
1495304505, 4, 158, 225, 18, 0, 3.25%, 0, 0, 1, 123.28
1495304510, 4, 160, 225, 18, 0, 3.25%, 0, 0, 1, 119.11
1495304526, 4, 161, 225, 18, 0, 3.25%, 0, 0, 1, 124.41
1495304531, 4, 162, 225, 18, 0, 3.25%, 0, 0, 1, 126.04
1495304546, 4, 163, 225, 18, 0, 3.25%, 0, 0, 1, 126.07
1495304552, 4, 164, 225, 18, 0, 3.25%, 0, 0, 1, 136.68
1495304567, 4, 166, 225, 18, 0, 3.25%, 0, 0, 1, 122.66
1495304588, 4, 168, 225, 18, 0, 3.25%, 0, 0, 1, 124.43
1495304614, 4, 171, 225, 18, 0, 3.25%, 0, 0, 1, 133.66
1495304640, 4, 172, 225, 18, 0, 3.25%, 0, 0, 1, 140.19
1495304645, 4, 173, 225, 18, 0, 3.25%, 0, 0, 1, 145.74
1495304660, 4, 174, 225, 18, 0, 3.25%, 0, 0, 1, 140.57
1495304680, 4, 177, 225, 18, 0, 3.25%, 0, 0, 1, 128.98
1495304696, 4, 180, 225, 18, 0, 3.25%, 0, 0, 1, 144.24
1495304711, 4, 181, 225, 18, 0, 3.25%, 0, 0, 1, 150.87
1495304726, 4, 183, 225, 18, 0, 3.25%, 0, 0, 1, 141.24
1495304742, 4, 184, 225, 18, 0, 3.25%, 0, 0, 1, 149.69
1495304757, 4, 185, 225, 18, 0, 3.25%, 0, 0, 1, 135.29
1495304762, 4, 187, 225, 17, 0, 3.25%, 0, 0, 1, 143.69
1495304777, 4, 188, 225, 17, 0, 3.25%, 0, 0, 1, 139.53
1495304783, 4, 190, 225, 16, 0, 3.25%, 0, 0, 1, 189.34
1495304808, 4, 193, 225, 16, 0, 3.25%, 0, 0, 1, 150.09
1495304823, 4, 195, 225, 16, 0, 3.25%, 0, 0, 1, 154.72
1495304839, 4, 197, 225, 16, 0, 3.25%, 0, 0, 1, 139.95
1495304854, 4, 199, 225, 16, 0, 3.25%, 0, 0, 1, 137.72
1495304859, 4, 200, 225, 16, 0, 3.25%, 0, 0, 1, 131.05
1495304875, 4, 202, 225, 16, 0, 3.25%, 0, 0, 1, 131.96
1495304890, 4, 203, 225, 16, 0, 3.25%, 0, 0, 1, 136.62
1495304895, 4, 205, 225, 16, 0, 3.25%, 0, 0, 1, 130.62
1495304910, 4, 207, 225, 16, 0, 3.25%, 0, 0, 1, 121.31
1495304926, 4, 211, 225, 16, 0, 3.25%, 0, 0, 1, 110.12
1495304931, 4, 213, 225, 16, 0, 3.25%, 0, 0, 1, 118.30
1495304956, 4, 216, 225, 16, 0, 3.25%, 0, 0, 1, 127.87
1495304982, 4, 217, 225, 16, 0, 3.25%, 0, 0, 1, 125.82
1495304987, 4, 220, 225, 16, 0, 3.25%, 0, 0, 1, 124.19
1495304992, 4, 222, 225, 15, 0, 3.25%, 0, 0, 1, 116.86
1495304997, 5, 0, 225, 14, 0, 3.25%, 0, 0, 1, 120.32
1495305007, 5, 1, 225, 14, 0, 3.25%, 0, 0, 1, 122.22
1495305013, 5, 2, 225, 14, 0, 3.25%, 0, 0, 1, 126.62
1495305018, 5, 3, 225, 14, 0, 3.25%, 0, 0, 1, 127.27
1495305023, 5, 4, 225, 14, 0, 3.25%, 0, 0, 1, 116.97
1495305033, 5, 5, 225, 14, 0, 3.25%, 0, 0, 1, 119.64
1495305038, 5, 6, 225, 14, 0, 3.25%, 0, 0, 1, 121.15
1495305043, 5, 8, 225, 14, 0, 3.25%, 0, 0, 1, 124.11
1495305049, 5, 10, 225, 14, 0, 3.25%, 0, 0, 1, 122.79
1495305064, 5, 12, 225, 14, 0, 3.25%, 0, 0, 1, 128.49
1495305074, 5, 13, 225, 14, 0, 3.25%, 0, 0, 1, 119.23
1495305079, 5, 14, 225, 14, 0, 3.25%, 0, 0, 1, 127.17
1495305084, 5, 15, 225, 14, 0, 3.25%, 0, 0, 1, 126.40
1495305090, 5, 16, 225, 14, 0, 3.25%, 0, 0, 1, 142.82
1495305095, 5, 18, 225, 14, 0, 3.25%, 0, 0, 1, 148.12
1495305100, 5, 19, 225, 14, 0, 3.25%, 0, 0, 1, 148.98
1495305105, 5, 21, 225, 14, 0, 3.25%, 0, 0, 1, 134.10
1495305110, 5, 22, 225, 14, 0, 3.25%, 0, 0, 1, 140.03
1495305115, 5, 23, 225, 14, 0, 3.25%, 0, 0, 1, 150.46
1495305125, 5, 25, 225, 14, 0, 3.25%, 0, 0, 1, 151.22
1495305131, 5, 26, 225, 14, 0, 3.25%, 0, 0, 1, 148.29
1495305136, 5, 27, 225, 14, 0, 3.25%, 0, 0, 1, 141.39
1495305141, 5, 28, 225, 14, 0, 3.25%, 0, 0, 1, 137.75
1495305146, 5, 30, 225, 14, 0, 3.25%, 0, 0, 1, 131.97
1495305156, 5, 31, 225, 14, 0, 3.25%, 0, 0, 1, 144.59
1495305161, 5, 32, 225, 14, 0, 3.25%, 0, 0, 1, 139.71
1495305166, 5, 33, 225, 14, 0, 3.25%, 0, 0, 1, 140.01
1495305177, 5, 36, 225, 14, 0, 3.25%, 0, 0, 1, 130.57
1495305187, 5, 38, 225, 14, 0, 3.25%, 0, 0, 1, 146.28
1495305197, 5, 40, 225, 14, 0, 3.25%, 0, 0, 1, 145.32
1495305213, 5, 41, 225, 14, 0, 3.25%, 0, 0, 1, 147.99
1495305228, 5, 42, 225, 14, 0, 3.25%, 0, 0, 1, 148.49
1495305233, 5, 44, 225, 14, 0, 3.25%, 0, 0, 1, 137.97
1495305243, 5, 45, 225, 14, 0, 3.25%, 0, 0, 1, 150.23
1495305248, 5, 46, 225, 14, 0, 3.25%, 0, 0, 1, 138.09
1495305264, 5, 47, 225, 14, 0, 3.25%, 0, 0, 1, 138.04
1495305279, 5, 48, 225, 14, 0, 3.25%, 0, 0, 1, 145.01
1495305284, 5, 49, 225, 14, 0, 3.25%, 0, 0, 1, 143.98
1495305290, 5, 50, 225, 14, 0, 3.25%, 0, 0, 1, 137.09
1495305305, 5, 51, 225, 14, 0, 3.25%, 0, 0, 1, 140.15
1495305310, 5, 52, 225, 14, 0, 3.25%, 0, 0, 1, 138.99
1495305326, 5, 53, 225, 14, 0, 3.25%, 0, 0, 1, 135.50
1495305341, 5, 54, 225, 14, 0, 3.25%, 0, 0, 1, 118.18
1495305351, 5, 55, 225, 14, 0, 3.25%, 0, 0, 1, 120.49
1495305372, 5, 56, 225, 14, 0, 3.25%, 0, 0, 1, 116.38
1495305387, 5, 59, 225, 14, 0, 3.25%, 0, 0, 1, 122.23
1495305402, 5, 60, 225, 14, 0, 3.25%, 0, 0, 1, 119.04
1495305408, 5, 61, 225, 14, 0, 3.25%, 0, 0, 1, 126.46
1495305418, 5, 62, 225, 13, 0, 3.25%, 0, 0, 1, 123.86
1495305423, 5, 63, 225, 13, 0, 3.25%, 0, 0, 1, 123.75
1495305433, 5, 65, 225, 13, 0, 3.25%, 0, 0, 1, 122.88
1495305454, 5, 66, 225, 13, 0, 3.25%, 0, 0, 1, 115.16
1495305459, 5, 67, 225, 13, 0, 3.25%, 0, 0, 1, 112.55
1495305474, 5, 70, 225, 13, 0, 3.25%, 0, 0, 1, 128.93
1495305485, 5, 71, 225, 13, 0, 3.25%, 0, 0, 1, 124.72
1495305490, 5, 72, 225, 13, 0, 3.25%, 0, 0, 1, 124.48
1495305506, 5, 73, 225, 13, 0, 3.25%, 0, 0, 1, 129.32
1495305526, 5, 74, 225, 13, 0, 3.25%, 0, 0, 1, 130.06
1495305531, 5, 75, 225, 13, 0, 3.25%, 0, 0, 1, 130.46
1495305547, 5, 76, 225, 13, 0, 3.25%, 0, 0, 1, 124.53
1495305552, 5, 79, 225, 13, 0, 3.25%, 0, 0, 1, 133.62
1495305572, 5, 82, 225, 13, 0, 3.25%, 0, 0, 1, 126.46
1495305577, 5, 83, 225, 13, 0, 3.25%, 0, 0, 1, 124.56
1495305592, 5, 85, 225, 13, 0, 3.25%, 0, 0, 1, 135.51
1495305608, 5, 86, 225, 13, 0, 3.25%, 0, 0, 1, 132.66
1495305613, 5, 87, 225, 13, 0, 3.25%, 0, 0, 1, 138.37
1495305628, 5, 88, 225, 13, 0, 3.25%, 0, 0, 1, 133.04
1495305633, 5, 89, 225, 13, 0, 3.25%, 0, 0, 1, 137.36
1495305643, 5, 90, 225, 13, 0, 3.25%, 0, 0, 1, 132.18
1495305659, 5, 92, 225, 13, 0, 3.25%, 0, 0, 1, 134.30
1495305669, 5, 93, 225, 13, 0, 3.25%, 0, 0, 1, 140.17
1495305684, 5, 94, 225, 13, 0, 3.25%, 0, 0, 1, 138.53
1495305699, 5, 95, 225, 13, 0, 3.25%, 0, 0, 1, 145.78
1495305715, 5, 96, 225, 13, 0, 3.25%, 0, 0, 1, 144.43
1495305725, 5, 97, 225, 13, 0, 3.25%, 0, 0, 1, 141.42
1495305735, 5, 98, 225, 13, 0, 3.25%, 0, 0, 1, 144.91
1495305745, 5, 99, 225, 13, 0, 3.25%, 0, 0, 1, 138.31
1495305751, 5, 100, 225, 13, 0, 3.25%, 0, 0, 1, 147.86
1495305766, 5, 101, 225, 13, 0, 3.25%, 0, 0, 1, 146.25
1495305771, 5, 102, 225, 13, 0, 3.25%, 0, 0, 1, 145.46
1495305776, 5, 103, 225, 13, 0, 3.25%, 0, 0, 1, 144.88
1495305791, 5, 106, 225, 13, 0, 3.25%, 0, 0, 1, 137.97
1495305797, 5, 107, 225, 13, 0, 3.25%, 0, 0, 1, 151.26
1495305812, 5, 108, 225, 13, 0, 3.25%, 0, 0, 1, 146.05
1495305817, 5, 109, 225, 13, 0, 3.25%, 0, 0, 1, 136.40
1495305833, 5, 111, 225, 13, 0, 3.25%, 0, 0, 1, 129.52
1495305853, 5, 112, 225, 13, 0, 3.25%, 0, 0, 1, 124.32
1495305858, 5, 113, 225, 13, 0, 3.25%, 0, 0, 1, 123.89
1495305873, 5, 114, 225, 13, 0, 3.25%, 0, 0, 1, 126.29
1495305878, 5, 115, 225, 13, 0, 3.25%, 0, 0, 1, 123.38
1495305894, 5, 116, 225, 13, 0, 3.25%, 0, 0, 1, 121.54
1495305899, 5, 118, 225, 13, 0, 3.25%, 0, 0, 1, 129.52
1495305909, 5, 120, 225, 13, 0, 3.25%, 0, 0, 1, 118.60
1495305925, 5, 122, 225, 13, 0, 3.25%, 0, 0, 1, 117.92
1495305945, 5, 124, 225, 13, 0, 3.25%, 0, 0, 1, 122.18
1495305950, 5, 125, 225, 13, 0, 3.25%, 0, 0, 1, 128.47
1495305966, 5, 128, 225, 13, 0, 3.25%, 0, 0, 1, 132.06
1495305981, 5, 129, 225, 13, 0, 3.25%, 0, 0, 1, 124.23
1495305986, 5, 130, 225, 13, 0, 3.25%, 0, 0, 1, 117.89
1495305991, 5, 132, 225, 13, 0, 3.25%, 0, 0, 1, 117.58
1495305996, 5, 133, 225, 13, 0, 3.25%, 0, 0, 1, 118.80
1495306022, 5, 134, 225, 13, 0, 3.25%, 0, 0, 1, 119.01
1495306027, 5, 135, 225, 13, 0, 3.25%, 0, 0, 1, 122.30
1495306032, 5, 136, 225, 13, 0, 3.25%, 0, 0, 1, 127.10
1495306048, 5, 137, 225, 13, 0, 3.25%, 0, 0, 1, 137.90
1495306053, 5, 138, 225, 13, 0, 3.25%, 0, 0, 1, 127.62
1495306068, 5, 139, 225, 13, 0, 3.25%, 0, 0, 1, 130.86
1495306074, 5, 140, 225, 13, 0, 3.25%, 0, 0, 1, 139.44
1495306089, 5, 143, 225, 13, 0, 3.25%, 0, 0, 1, 153.50
1495306104, 5, 144, 225, 13, 0, 3.25%, 0, 0, 1, 137.56
1495306109, 5, 145, 225, 13, 0, 3.25%, 0, 0, 1, 128.09
1495306120, 5, 147, 225, 13, 0, 3.25%, 0, 0, 1, 144.37
1495306130, 5, 148, 225, 13, 0, 3.25%, 0, 0, 1, 155.06
1495306135, 5, 149, 225, 13, 0, 3.25%, 0, 0, 1, 142.89
1495306140, 5, 151, 225, 13, 0, 3.25%, 0, 0, 1, 144.35
1495306155, 5, 152, 225, 13, 0, 3.25%, 0, 0, 1, 145.10
1495306160, 5, 153, 225, 13, 0, 3.25%, 0, 0, 1, 155.82
1495306176, 5, 157, 225, 13, 0, 3.25%, 0, 0, 1, 150.04
1495306191, 5, 160, 225, 13, 0, 3.25%, 0, 0, 1, 149.52
1495306206, 5, 161, 225, 13, 0, 3.25%, 0, 0, 1, 144.38
1495306211, 5, 162, 225, 13, 0, 3.25%, 0, 0, 1, 146.60
1495306227, 5, 164, 225, 13, 0, 3.25%, 0, 0, 1, 133.48
1495306242, 5, 165, 225, 13, 0, 3.25%, 0, 0, 1, 154.65
1495306247, 5, 166, 225, 13, 0, 3.25%, 0, 0, 1, 135.28
1495306262, 5, 168, 225, 13, 0, 3.25%, 0, 0, 1, 138.61
1495306288, 5, 171, 225, 13, 0, 3.25%, 0, 0, 1, 150.57
1495306314, 5, 173, 225, 13, 0, 3.25%, 0, 0, 1, 146.20
1495306334, 5, 174, 225, 13, 0, 3.25%, 0, 0, 1, 128.95
1495306354, 5, 177, 225, 13, 0, 3.25%, 0, 0, 1, 116.45
1495306375, 5, 179, 225, 13, 0, 3.25%, 0, 0, 1, 124.44
1495306380, 5, 180, 225, 13, 0, 3.25%, 0, 0, 1, 130.35
1495306395, 5, 181, 225, 13, 0, 3.25%, 0, 0, 1, 128.87
1495306411, 5, 182, 225, 13, 0, 3.25%, 0, 0, 1, 123.86
1495306416, 5, 183, 225, 13, 0, 3.25%, 0, 0, 1, 138.26
1495306426, 5, 184, 225, 13, 0, 3.25%, 0, 0, 1, 120.11
1495306447, 5, 187, 225, 13, 0, 3.25%, 0, 0, 1, 129.97
1495306467, 5, 190, 225, 13, 0, 3.25%, 0, 0, 1, 118.99
1495306493, 5, 192, 225, 13, 0, 3.25%, 0, 0, 1, 113.95
1495306498, 5, 193, 225, 13, 0, 3.25%, 0, 0, 1, 127.03
1495306513, 5, 195, 225, 13, 0, 3.25%, 0, 0, 1, 128.41
1495306529, 5, 196, 225, 13, 0, 3.25%, 0, 0, 1, 117.84
1495306534, 5, 197, 225, 13, 0, 3.25%, 0, 0, 1, 128.17
1495306549, 5, 199, 225, 13, 0, 3.25%, 0, 0, 1, 134.85
1495306554, 5, 200, 225, 13, 0, 3.25%, 0, 0, 1, 121.59
1495306569, 5, 201, 225, 13, 0, 3.25%, 0, 0, 1, 134.73
1495306574, 5, 202, 225, 13, 0, 3.25%, 0, 0, 1, 139.83
1495306590, 5, 204, 225, 13, 0, 3.25%, 0, 0, 1, 136.19
1495306595, 5, 205, 225, 13, 0, 3.25%, 0, 0, 1, 145.33
1495306605, 5, 207, 225, 13, 0, 3.25%, 0, 0, 1, 145.92
1495306621, 5, 211, 225, 13, 0, 3.25%, 0, 0, 1, 128.33
1495306626, 5, 213, 225, 13, 0, 3.25%, 0, 0, 1, 128.25
1495306651, 5, 216, 225, 13, 0, 3.25%, 0, 0, 1, 134.52
1495306672, 5, 217, 225, 13, 0, 3.25%, 0, 0, 1, 140.06
1495306677, 6, 0, 225, 13, 0, 3.25%, 0, 0, 1, 151.68
1495306687, 6, 1, 225, 13, 0, 3.25%, 0, 0, 1, 139.93
1495306692, 6, 2, 225, 13, 0, 3.25%, 0, 0, 1, 138.21
1495306697, 6, 4, 225, 13, 0, 3.25%, 0, 0, 1, 147.97
1495306707, 6, 5, 225, 13, 0, 3.25%, 0, 0, 1, 147.06
1495306712, 6, 6, 225, 13, 0, 3.25%, 0, 0, 1, 147.76
1495306718, 6, 8, 225, 13, 0, 3.25%, 0, 0, 1, 142.75
1495306723, 6, 10, 225, 13, 0, 3.25%, 0, 0, 1, 140.32
1495306733, 6, 12, 225, 13, 0, 3.25%, 0, 0, 1, 152.04
1495306743, 6, 13, 225, 13, 0, 3.25%, 0, 0, 1, 139.79
1495306749, 6, 14, 225, 13, 0, 3.25%, 0, 0, 1, 156.41
1495306754, 6, 15, 225, 13, 0, 3.25%, 0, 0, 1, 160.04
1495306759, 6, 16, 225, 13, 0, 3.25%, 0, 0, 1, 154.17
1495306764, 6, 18, 225, 13, 0, 3.25%, 0, 0, 1, 164.59
1495306769, 6, 20, 225, 13, 0, 3.25%, 0, 0, 1, 155.63
1495306774, 6, 22, 225, 13, 0, 3.25%, 0, 0, 1, 151.06
1495306779, 6, 23, 225, 13, 0, 3.25%, 0, 0, 1, 147.50
1495306789, 6, 24, 225, 13, 0, 3.25%, 0, 0, 1, 155.25
1495306795, 6, 26, 225, 13, 0, 3.25%, 0, 0, 1, 148.47
1495306800, 6, 27, 225, 13, 0, 3.25%, 0, 0, 1, 146.93
1495306805, 6, 29, 225, 13, 0, 3.25%, 0, 0, 1, 143.07
1495306810, 6, 30, 225, 13, 0, 3.25%, 0, 0, 1, 150.54
1495306820, 6, 31, 225, 13, 0, 3.25%, 0, 0, 1, 156.11
1495306826, 6, 33, 225, 13, 0, 3.25%, 0, 0, 1, 157.37
1495306841, 6, 36, 225, 13, 0, 3.25%, 0, 0, 1, 119.70
1495306851, 6, 37, 225, 13, 0, 3.25%, 0, 0, 1, 126.85
1495306856, 6, 38, 225, 13, 0, 3.25%, 0, 0, 1, 126.37
1495306867, 6, 40, 225, 13, 0, 3.25%, 0, 0, 1, 137.49
1495306882, 6, 41, 225, 13, 0, 3.25%, 0, 0, 1, 126.47
1495306897, 6, 44, 225, 13, 0, 3.25%, 0, 0, 1, 114.14
1495306913, 6, 45, 225, 13, 0, 3.25%, 0, 0, 1, 121.87
1495306918, 6, 46, 225, 13, 0, 3.25%, 0, 0, 1, 115.09
1495306933, 6, 47, 225, 13, 0, 3.25%, 0, 0, 1, 126.27
1495306948, 6, 48, 225, 13, 0, 3.25%, 0, 0, 1, 126.58
1495306959, 6, 49, 225, 13, 0, 3.25%, 0, 0, 1, 119.45
1495306964, 6, 50, 225, 13, 0, 3.25%, 0, 0, 1, 123.08
1495306979, 6, 51, 225, 13, 0, 3.25%, 0, 0, 1, 122.33
1495306984, 6, 52, 225, 13, 0, 3.25%, 0, 0, 1, 128.32
1495307000, 6, 53, 225, 13, 0, 3.25%, 0, 0, 1, 116.02
1495307015, 6, 54, 225, 13, 0, 3.25%, 0, 0, 1, 121.24
1495307031, 6, 55, 225, 13, 0, 3.25%, 0, 0, 1, 123.18
1495307046, 6, 56, 225, 13, 0, 3.25%, 0, 0, 1, 129.50
1495307056, 6, 59, 225, 13, 0, 3.25%, 0, 0, 1, 123.00
1495307076, 6, 60, 225, 13, 0, 3.25%, 0, 0, 1, 135.54
1495307082, 6, 62, 225, 13, 0, 3.25%, 0, 0, 1, 136.31
1495307087, 6, 63, 225, 13, 0, 3.25%, 0, 0, 1, 146.15
1495307092, 6, 65, 225, 13, 0, 3.25%, 0, 0, 1, 143.51
1495307107, 6, 66, 225, 13, 0, 3.25%, 0, 0, 1, 134.71
1495307117, 6, 67, 225, 13, 0, 3.25%, 0, 0, 1, 140.41
1495307133, 6, 70, 225, 13, 0, 3.25%, 0, 0, 1, 143.75
1495307138, 6, 71, 225, 13, 0, 3.25%, 0, 0, 1, 140.50
1495307143, 6, 72, 225, 13, 0, 3.25%, 0, 0, 1, 135.16
1495307158, 6, 73, 225, 13, 0, 3.25%, 0, 0, 1, 141.61
1495307173, 6, 74, 225, 13, 0, 3.25%, 0, 0, 1, 146.79
1495307178, 6, 75, 225, 13, 0, 3.25%, 0, 0, 1, 144.80
1495307189, 6, 76, 225, 13, 0, 3.25%, 0, 0, 1, 148.24
1495307194, 6, 78, 225, 13, 0, 3.25%, 0, 0, 1, 143.74
1495307199, 6, 79, 225, 13, 0, 3.25%, 0, 0, 1, 140.15
1495307215, 6, 82, 225, 13, 0, 3.25%, 0, 0, 1, 138.01
1495307220, 6, 83, 225, 13, 0, 3.25%, 0, 0, 1, 148.20
1495307236, 6, 85, 225, 13, 0, 3.25%, 0, 0, 1, 147.97
1495307246, 6, 86, 225, 13, 0, 3.25%, 0, 0, 1, 139.38
1495307256, 6, 87, 225, 13, 0, 3.25%, 0, 0, 1, 138.36
1495307272, 6, 88, 225, 13, 0, 3.25%, 0, 0, 1, 133.43
1495307277, 6, 90, 225, 13, 0, 3.25%, 0, 0, 1, 141.17
1495307292, 6, 91, 225, 13, 0, 3.25%, 0, 0, 1, 142.94
1495307297, 6, 92, 225, 13, 0, 3.25%, 0, 0, 1, 155.01
1495307302, 6, 93, 225, 13, 0, 3.25%, 0, 0, 1, 138.16
1495307318, 6, 94, 225, 13, 0, 3.25%, 0, 0, 1, 141.72
1495307333, 6, 95, 225, 13, 0, 3.25%, 0, 0, 1, 125.06
1495307349, 6, 96, 225, 13, 0, 3.25%, 0, 0, 1, 123.94
1495307364, 6, 97, 225, 13, 0, 3.25%, 0, 0, 1, 126.41
1495307369, 6, 98, 225, 13, 0, 3.25%, 0, 0, 1, 127.61
