# unix_time, cycles_done, cur_path, paths_total, pending_total, pending_favs, map_size, unique_crashes, unique_hangs, max_depth, execs_per_sec
1495491210, 0, 0, 223, 223, 173, 3.25%, 0, 0, 1, 235.86
1495491216, 0, 0, 225, 224, 172, 3.25%, 0, 0, 1, 205.24
1495491262, 0, 1, 225, 224, 172, 3.25%, 0, 0, 1, 114.40
1495491267, 0, 2, 225, 223, 171, 3.25%, 0, 0, 1, 124.72
1495491272, 0, 3, 225, 222, 170, 3.25%, 0, 0, 1, 118.53
1495491282, 0, 4, 225, 221, 169, 3.25%, 0, 0, 1, 125.83
1495491287, 0, 5, 225, 220, 168, 3.25%, 0, 0, 1, 134.12
1495491292, 0, 8, 225, 218, 166, 3.25%, 0, 0, 1, 127.33
1495491303, 0, 10, 225, 216, 164, 3.25%, 0, 0, 1, 133.58
1495491313, 0, 12, 225, 215, 163, 3.25%, 0, 0, 1, 132.20
1495491328, 0, 13, 225, 214, 162, 3.25%, 0, 0, 1, 128.22
1495491333, 0, 15, 225, 212, 160, 3.25%, 0, 0, 1, 138.25
1495491338, 0, 16, 225, 211, 159, 3.25%, 0, 0, 1, 126.46
1495491343, 0, 17, 225, 210, 158, 3.25%, 0, 0, 1, 124.08
1495491348, 0, 19, 225, 208, 156, 3.25%, 0, 0, 1, 140.79
1495491354, 0, 21, 225, 206, 154, 3.25%, 0, 0, 1, 140.43
1495491359, 0, 23, 225, 204, 152, 3.25%, 0, 0, 1, 137.75
1495491369, 0, 24, 225, 203, 151, 3.25%, 0, 0, 1, 136.84
1495491374, 0, 25, 225, 202, 150, 3.25%, 0, 0, 1, 138.18
1495491379, 0, 27, 225, 200, 148, 3.25%, 0, 0, 1, 133.76
1495491384, 0, 29, 225, 198, 146, 3.25%, 0, 0, 1, 121.35
1495491390, 0, 30, 225, 197, 145, 3.25%, 0, 0, 1, 120.68
1495491395, 0, 32, 225, 195, 143, 3.25%, 0, 0, 1, 133.17
1495491410, 0, 33, 225, 194, 142, 3.25%, 0, 0, 1, 130.63
1495491415, 0, 35, 225, 193, 141, 3.25%, 0, 0, 1, 141.93
1495491430, 0, 37, 225, 192, 140, 3.25%, 0, 0, 1, 127.91
1495491435, 0, 38, 225, 191, 139, 3.25%, 0, 0, 1, 128.98
1495491451, 0, 40, 225, 190, 138, 3.25%, 0, 0, 1, 130.86
1495491456, 0, 41, 225, 189, 137, 3.25%, 0, 0, 1, 135.11
1495491471, 0, 44, 225, 187, 135, 3.25%, 0, 0, 1, 143.00
1495491481, 0, 45, 225, 186, 134, 3.25%, 0, 0, 1, 148.88
1495491497, 0, 46, 225, 185, 133, 3.25%, 0, 0, 1, 150.22
1495491502, 0, 47, 225, 184, 132, 3.25%, 0, 0, 1, 148.20
1495491507, 0, 48, 225, 183, 131, 3.25%, 0, 0, 1, 148.55
1495491523, 0, 50, 225, 181, 129, 3.25%, 0, 0, 1, 147.99
1495491538, 0, 51, 225, 180, 128, 3.25%, 0, 0, 1, 151.99
1495491543, 0, 52, 225, 179, 127, 3.25%, 0, 0, 1, 148.32
1495491549, 0, 53, 225, 178, 126, 3.25%, 0, 0, 1, 144.12
1495491559, 0, 54, 225, 177, 125, 3.25%, 0, 0, 1, 143.28
1495491569, 0, 56, 225, 175, 123, 3.25%, 0, 0, 1, 146.44
1495491584, 0, 57, 225, 174, 122, 3.25%, 0, 0, 1, 141.37
1495491594, 0, 59, 225, 173, 121, 3.25%, 0, 0, 1, 136.51
1495491599, 0, 60, 225, 172, 120, 3.25%, 0, 0, 1, 146.59
1495491615, 0, 62, 225, 171, 119, 3.25%, 0, 0, 1, 152.71
1495491630, 0, 64, 225, 170, 118, 3.25%, 0, 0, 1, 156.66
1495491640, 0, 65, 225, 169, 117, 3.25%, 0, 0, 1, 149.42
1495491645, 0, 67, 225, 168, 116, 3.25%, 0, 0, 1, 148.20
1495491650, 0, 68, 225, 167, 115, 3.25%, 0, 0, 1, 153.13
1495491666, 0, 70, 225, 166, 114, 3.25%, 0, 0, 1, 140.82
1495491671, 0, 71, 225, 165, 113, 3.25%, 0, 0, 1, 160.65
1495491676, 0, 72, 225, 164, 112, 3.25%, 0, 0, 1, 145.58
1495491691, 0, 73, 225, 163, 111, 3.25%, 0, 0, 1, 153.30
1495491697, 0, 74, 225, 162, 110, 3.25%, 0, 0, 1, 150.27
1495491707, 0, 75, 225, 161, 109, 3.25%, 0, 0, 1, 148.52
1495491722, 0, 76, 225, 160, 108, 3.25%, 0, 0, 1, 127.91
1495491727, 0, 77, 225, 159, 107, 3.25%, 0, 0, 1, 135.20
1495491743, 0, 79, 225, 157, 105, 3.25%, 0, 0, 1, 125.93
1495491763, 0, 83, 225, 155, 103, 3.25%, 0, 0, 1, 126.24
1495491769, 0, 85, 225, 154, 102, 3.25%, 0, 0, 1, 136.61
1495491784, 0, 86, 225, 153, 101, 3.25%, 0, 0, 1, 137.77
1495491789, 0, 87, 225, 152, 100, 3.25%, 0, 0, 1, 141.91
1495491805, 0, 88, 225, 151, 99, 3.25%, 0, 0, 1, 124.74
1495491810, 0, 89, 225, 150, 98, 3.25%, 0, 0, 1, 131.97
1495491830, 0, 90, 225, 149, 97, 3.25%, 0, 0, 1, 137.66
1495491835, 0, 91, 225, 148, 96, 3.25%, 0, 0, 1, 136.05
1495491841, 0, 92, 225, 147, 95, 3.25%, 0, 0, 1, 142.36
1495491846, 0, 93, 225, 146, 94, 3.25%, 0, 0, 1, 137.71
1495491861, 0, 94, 225, 145, 93, 3.25%, 0, 0, 1, 131.50
1495491866, 0, 97, 225, 143, 91, 3.25%, 0, 0, 1, 138.34
1495491882, 0, 98, 225, 142, 90, 3.25%, 0, 0, 1, 135.96
1495491887, 0, 99, 225, 141, 89, 3.25%, 0, 0, 1, 132.54
1495491892, 0, 100, 225, 140, 88, 3.25%, 0, 0, 1, 131.52
1495491907, 0, 101, 225, 139, 87, 3.25%, 0, 0, 1, 131.65
1495491912, 0, 102, 225, 138, 86, 3.25%, 0, 0, 1, 133.87
1495491928, 0, 104, 225, 136, 84, 3.25%, 0, 0, 1, 133.88
1495491943, 0, 106, 225, 135, 83, 3.25%, 0, 0, 1, 132.19
1495491964, 0, 108, 225, 133, 81, 3.25%, 0, 0, 1, 123.72
1495491979, 0, 110, 225, 132, 80, 3.25%, 0, 0, 1, 154.72
1495491984, 0, 112, 225, 130, 78, 3.25%, 0, 0, 1, 164.92
1495491989, 0, 113, 225, 129, 77, 3.25%, 0, 0, 1, 147.25
1495492005, 0, 115, 225, 127, 75, 3.25%, 0, 0, 1, 144.09
1495492020, 0, 116, 225, 126, 74, 3.25%, 0, 0, 1, 145.24
1495492025, 0, 117, 225, 125, 73, 3.25%, 0, 0, 1, 136.72
1495492030, 0, 118, 225, 124, 72, 3.25%, 0, 0, 1, 150.02
1495492041, 0, 119, 225, 123, 71, 3.25%, 0, 0, 1, 155.97
1495492046, 0, 122, 225, 122, 70, 3.25%, 0, 0, 1, 154.26
1495492061, 0, 124, 225, 121, 69, 3.25%, 0, 0, 1, 140.98
1495492066, 0, 127, 225, 120, 68, 3.25%, 0, 0, 1, 151.04
1495492077, 0, 128, 225, 119, 67, 3.25%, 0, 0, 1, 142.24
1495492092, 0, 129, 225, 118, 66, 3.25%, 0, 0, 1, 151.06
1495492097, 0, 130, 225, 117, 65, 3.25%, 0, 0, 1, 154.29
1495492107, 0, 132, 225, 116, 64, 3.25%, 0, 0, 1, 151.21
1495492123, 0, 134, 225, 115, 63, 3.25%, 0, 0, 1, 145.30
1495492138, 0, 136, 225, 113, 61, 3.25%, 0, 0, 1, 140.05
1495492153, 0, 137, 225, 112, 60, 3.25%, 0, 0, 1, 149.43
1495492158, 0, 138, 225, 111, 59, 3.25%, 0, 0, 1, 145.11
1495492163, 0, 139, 225, 110, 58, 3.25%, 0, 0, 1, 144.65
1495492168, 0, 140, 225, 109, 57, 3.25%, 0, 0, 1, 141.04
1495492184, 0, 144, 225, 108, 56, 3.25%, 0, 0, 1, 151.81
1495492199, 0, 147, 225, 107, 55, 3.25%, 0, 0, 1, 141.01
1495492205, 0, 148, 225, 106, 54, 3.25%, 0, 0, 1, 143.76
1495492215, 0, 149, 225, 105, 53, 3.25%, 0, 0, 1, 151.79
1495492220, 0, 150, 225, 104, 52, 3.25%, 0, 0, 1, 141.29
1495492225, 0, 151, 225, 103, 51, 3.25%, 0, 0, 1, 134.48
1495492230, 0, 152, 225, 102, 50, 3.25%, 0, 0, 1, 132.67
1495492246, 0, 154, 225, 100, 48, 3.25%, 0, 0, 1, 139.31
1495492261, 0, 156, 225, 99, 47, 3.25%, 0, 0, 1, 121.46
1495492271, 0, 157, 225, 98, 46, 3.25%, 0, 0, 1, 130.47
1495492276, 0, 158, 225, 97, 45, 3.25%, 0, 0, 1, 124.81
1495492292, 0, 160, 225, 96, 44, 3.25%, 0, 0, 1, 130.29
1495492307, 0, 161, 225, 95, 43, 3.25%, 0, 0, 1, 127.34
1495492312, 0, 162, 225, 94, 42, 3.25%, 0, 0, 1, 126.06
1495492328, 0, 164, 225, 92, 40, 3.25%, 0, 0, 1, 134.01
1495492348, 0, 165, 225, 91, 39, 3.25%, 0, 0, 1, 122.62
1495492353, 0, 166, 225, 90, 38, 3.25%, 0, 0, 1, 122.22
1495492369, 0, 168, 225, 88, 36, 3.25%, 0, 0, 1, 131.71
1495492379, 0, 169, 225, 87, 35, 3.25%, 0, 0, 1, 139.32
1495492394, 0, 171, 225, 86, 34, 3.25%, 0, 0, 1, 128.28
1495492399, 0, 172, 225, 85, 33, 3.25%, 0, 0, 1, 121.44
1495492415, 0, 174, 225, 84, 32, 3.25%, 0, 0, 1, 130.61
1495492420, 0, 176, 225, 83, 31, 3.25%, 0, 0, 1, 126.20
1495492435, 0, 177, 225, 82, 30, 3.25%, 0, 0, 1, 144.79
1495492440, 0, 178, 225, 81, 29, 3.25%, 0, 0, 1, 128.08
1495492456, 0, 180, 225, 79, 27, 3.25%, 0, 0, 1, 119.70
1495492477, 0, 182, 225, 78, 26, 3.25%, 0, 0, 1, 122.88
1495492487, 0, 183, 225, 77, 25, 3.25%, 0, 0, 1, 136.67
1495492492, 0, 184, 225, 76, 24, 3.25%, 0, 0, 1, 130.72
1495492507, 0, 186, 225, 75, 23, 3.25%, 0, 0, 1, 140.84
1495492523, 0, 189, 225, 74, 22, 3.25%, 0, 0, 1, 148.60
1495492528, 0, 190, 225, 73, 21, 3.25%, 0, 0, 1, 139.55
1495492533, 0, 192, 225, 72, 20, 3.25%, 0, 0, 1, 145.77
1495492538, 0, 193, 225, 71, 19, 3.25%, 0, 0, 1, 135.96
1495492553, 0, 195, 225, 70, 18, 3.25%, 0, 0, 1, 138.97
1495492569, 0, 197, 225, 68, 16, 3.25%, 0, 0, 1, 134.83
1495492584, 0, 198, 225, 67, 15, 3.25%, 0, 0, 1, 139.08
1495492589, 0, 199, 225, 66, 14, 3.25%, 0, 0, 1, 132.33
1495492605, 0, 201, 225, 64, 12, 3.25%, 0, 0, 1, 148.88
1495492620, 0, 202, 225, 63, 11, 3.25%, 0, 0, 1, 146.40
1495492636, 0, 203, 225, 62, 10, 3.25%, 0, 0, 1, 144.86
1495492651, 0, 204, 225, 61, 9, 3.25%, 0, 0, 1, 148.52
1495492662, 0, 205, 225, 60, 8, 3.25%, 0, 0, 1, 144.77
1495492677, 0, 207, 225, 59, 7, 3.25%, 0, 0, 1, 154.16
1495492682, 0, 209, 225, 58, 6, 3.25%, 0, 0, 1, 149.42
1495492697, 0, 211, 225, 57, 5, 3.25%, 0, 0, 1, 149.59
1495492718, 0, 214, 225, 56, 4, 3.25%, 0, 0, 1, 138.39
1495492738, 0, 215, 225, 55, 3, 3.25%, 0, 0, 1, 134.59
1495492743, 0, 217, 225, 54, 2, 3.25%, 0, 0, 1, 127.84
1495492754, 0, 221, 225, 53, 1, 3.25%, 0, 0, 1, 123.28
1495492759, 1, 1, 225, 52, 0, 3.25%, 0, 0, 1, 122.86
1495492769, 1, 3, 225, 52, 0, 3.25%, 0, 0, 1, 130.07
1495492779, 1, 4, 225, 52, 0, 3.25%, 0, 0, 1, 125.22
1495492784, 1, 5, 225, 52, 0, 3.25%, 0, 0, 1, 130.47
1495492789, 1, 6, 225, 52, 0, 3.25%, 0, 0, 1, 129.60
1495492795, 1, 8, 225, 52, 0, 3.25%, 0, 0, 1, 127.12
1495492800, 1, 10, 225, 52, 0, 3.25%, 0, 0, 1, 121.49
1495492810, 1, 12, 225, 52, 0, 3.25%, 0, 0, 1, 126.68
1495492826, 1, 13, 225, 52, 0, 3.25%, 0, 0, 1, 136.82
1495492831, 1, 15, 225, 52, 0, 3.25%, 0, 0, 1, 136.25
1495492836, 1, 16, 225, 52, 0, 3.25%, 0, 0, 1, 139.22
1495492841, 1, 17, 225, 52, 0, 3.25%, 0, 0, 1, 134.65
1495492846, 1, 19, 225, 52, 0, 3.25%, 0, 0, 1, 140.93
1495492851, 1, 21, 225, 52, 0, 3.25%, 0, 0, 1, 139.46
1495492856, 1, 23, 225, 52, 0, 3.25%, 0, 0, 1, 138.16
1495492872, 1, 25, 225, 52, 0, 3.25%, 0, 0, 1, 131.69
1495492877, 1, 26, 225, 52, 0, 3.25%, 0, 0, 1, 123.14
1495492882, 1, 29, 225, 52, 0, 3.25%, 0, 0, 1, 135.90
1495492887, 1, 30, 225, 52, 0, 3.25%, 0, 0, 1, 132.14
1495492892, 1, 31, 225, 52, 0, 3.25%, 0, 0, 1, 128.74
1495492898, 1, 32, 225, 52, 0, 3.25%, 0, 0, 1, 122.55
1495492913, 1, 33, 225, 52, 0, 3.25%, 0, 0, 1, 122.64
1495492918, 1, 35, 225, 52, 0, 3.25%, 0, 0, 1, 128.63
1495492933, 1, 36, 225, 52, 0, 3.25%, 0, 0, 1, 122.07
1495492943, 1, 37, 225, 51, 0, 3.25%, 0, 0, 1, 137.41
1495492948, 1, 38, 225, 51, 0, 3.25%, 0, 0, 1, 133.42
1495492964, 1, 41, 225, 51, 0, 3.25%, 0, 0, 1, 131.98
1495492985, 1, 43, 225, 51, 0, 3.25%, 0, 0, 1, 135.39
1495492990, 1, 44, 225, 50, 0, 3.25%, 0, 0, 1, 136.23
1495493005, 1, 45, 225, 50, 0, 3.25%, 0, 0, 1, 139.49
1495493016, 1, 46, 225, 50, 0, 3.25%, 0, 0, 1, 146.72
1495493021, 1, 47, 225, 50, 0, 3.25%, 0, 0, 1, 155.84
1495493026, 1, 48, 225, 50, 0, 3.25%, 0, 0, 1, 148.33
1495493041, 1, 50, 225, 50, 0, 3.25%, 0, 0, 1, 152.27
1495493057, 1, 51, 225, 50, 0, 3.25%, 0, 0, 1, 160.20
1495493062, 1, 52, 225, 50, 0, 3.25%, 0, 0, 1, 154.60
1495493067, 1, 53, 225, 50, 0, 3.25%, 0, 0, 1, 145.31
1495493083, 1, 54, 225, 50, 0, 3.25%, 0, 0, 1, 118.73
1495493088, 1, 55, 225, 50, 0, 3.25%, 0, 0, 1, 143.48
1495493093, 1, 56, 225, 50, 0, 3.25%, 0, 0, 1, 151.23
1495493103, 1, 57, 225, 50, 0, 3.25%, 0, 0, 1, 137.25
1495493113, 1, 59, 225, 50, 0, 3.25%, 0, 0, 1, 138.40
1495493118, 1, 60, 225, 50, 0, 3.25%, 0, 0, 1, 138.61
1495493134, 1, 62, 225, 50, 0, 3.25%, 0, 0, 1, 144.97
1495493144, 1, 63, 225, 50, 0, 3.25%, 0, 0, 1, 144.59
1495493149, 1, 64, 225, 49, 0, 3.25%, 0, 0, 1, 150.85
1495493159, 1, 65, 225, 49, 0, 3.25%, 0, 0, 1, 149.92
1495493164, 1, 67, 225, 49, 0, 3.25%, 0, 0, 1, 161.34
1495493170, 1, 68, 225, 49, 0, 3.25%, 0, 0, 1, 155.22
1495493185, 1, 69, 225, 49, 0, 3.25%, 0, 0, 1, 142.66
1495493190, 1, 70, 225, 48, 0, 3.25%, 0, 0, 1, 143.05
1495493195, 1, 71, 225, 48, 0, 3.25%, 0, 0, 1, 148.50
1495493200, 1, 72, 225, 48, 0, 3.25%, 0, 0, 1, 139.63
1495493215, 1, 73, 225, 48, 0, 3.25%, 0, 0, 1, 146.64
1495493220, 1, 74, 225, 48, 0, 3.25%, 0, 0, 1, 137.66
1495493236, 1, 75, 225, 48, 0, 3.25%, 0, 0, 1, 135.59
1495493251, 1, 77, 225, 48, 0, 3.25%, 0, 0, 1, 137.48
1495493271, 1, 79, 225, 48, 0, 3.25%, 0, 0, 1, 127.29
1495493287, 1, 82, 225, 48, 0, 3.25%, 0, 0, 1, 120.08
1495493292, 1, 83, 225, 48, 0, 3.25%, 0, 0, 1, 134.88
1495493297, 1, 85, 225, 48, 0, 3.25%, 0, 0, 1, 137.47
1495493312, 1, 86, 225, 48, 0, 3.25%, 0, 0, 1, 129.18
1495493317, 1, 87, 225, 48, 0, 3.25%, 0, 0, 1, 137.91
1495493333, 1, 88, 225, 48, 0, 3.25%, 0, 0, 1, 129.64
1495493338, 1, 89, 225, 48, 0, 3.25%, 0, 0, 1, 132.47
1495493358, 1, 90, 225, 48, 0, 3.25%, 0, 0, 1, 124.54
1495493364, 1, 91, 225, 48, 0, 3.25%, 0, 0, 1, 125.07
1495493369, 1, 92, 225, 48, 0, 3.25%, 0, 0, 1, 133.18
1495493374, 1, 93, 225, 48, 0, 3.25%, 0, 0, 1, 130.67
1495493389, 1, 94, 225, 48, 0, 3.25%, 0, 0, 1, 132.12
1495493394, 1, 96, 225, 48, 0, 3.25%, 0, 0, 1, 131.13
1495493399, 1, 97, 225, 48, 0, 3.25%, 0, 0, 1, 121.34
1495493415, 1, 98, 225, 48, 0, 3.25%, 0, 0, 1, 134.66
1495493420, 1, 99, 225, 48, 0, 3.25%, 0, 0, 1, 142.19
1495493425, 1, 100, 225, 48, 0, 3.25%, 0, 0, 1, 129.17
1495493440, 1, 102, 225, 48, 0, 3.25%, 0, 0, 1, 119.57
1495493461, 1, 104, 225, 48, 0, 3.25%, 0, 0, 1, 133.11
1495493476, 1, 106, 225, 48, 0, 3.25%, 0, 0, 1, 134.90
1495493492, 1, 107, 225, 48, 0, 3.25%, 0, 0, 1, 132.21
1495493497, 1, 108, 225, 48, 0, 3.25%, 0, 0, 1, 153.61
1495493512, 1, 110, 225, 48, 0, 3.25%, 0, 0, 1, 148.81
1495493517, 1, 112, 225, 48, 0, 3.25%, 0, 0, 1, 146.06
1495493522, 1, 113, 225, 48, 0, 3.25%, 0, 0, 1, 147.90
1495493538, 1, 114, 225, 48, 0, 3.25%, 0, 0, 1, 151.35
1495493543, 1, 115, 225, 48, 0, 3.25%, 0, 0, 1, 147.84
1495493558, 1, 117, 225, 48, 0, 3.25%, 0, 0, 1, 153.73
1495493563, 1, 118, 225, 48, 0, 3.25%, 0, 0, 1, 151.72
1495493579, 1, 122, 225, 48, 0, 3.25%, 0, 0, 1, 154.44
1495493594, 1, 124, 225, 48, 0, 3.25%, 0, 0, 1, 149.73
1495493599, 1, 125, 225, 48, 0, 3.25%, 0, 0, 1, 152.60
1495493604, 1, 127, 225, 47, 0, 3.25%, 0, 0, 1, 139.06
1495493620, 1, 128, 225, 47, 0, 3.25%, 0, 0, 1, 131.58
1495493635, 1, 130, 225, 47, 0, 3.25%, 0, 0, 1, 143.77
1495493650, 1, 131, 225, 47, 0, 3.25%, 0, 0, 1, 140.50
1495493655, 1, 132, 225, 46, 0, 3.25%, 0, 0, 1, 138.76
1495493671, 1, 134, 225, 46, 0, 3.25%, 0, 0, 1, 158.64
1495493681, 1, 135, 225, 46, 0, 3.25%, 0, 0, 1, 151.94
1495493686, 1, 136, 225, 46, 0, 3.25%, 0, 0, 1, 139.39
1495493702, 1, 138, 225, 46, 0, 3.25%, 0, 0, 1, 149.59
1495493707, 1, 139, 225, 46, 0, 3.25%, 0, 0, 1, 146.55
1495493712, 1, 140, 225, 46, 0, 3.25%, 0, 0, 1, 147.31
1495493727, 1, 144, 225, 46, 0, 3.25%, 0, 0, 1, 140.28
1495493748, 1, 145, 225, 46, 0, 3.25%, 0, 0, 1, 124.75
1495493764, 1, 146, 225, 45, 0, 3.25%, 0, 0, 1, 137.59
1495493769, 1, 148, 225, 44, 0, 3.25%, 0, 0, 1, 131.63
1495493789, 1, 149, 225, 44, 0, 3.25%, 0, 0, 1, 129.62
1495493794, 1, 150, 225, 44, 0, 3.25%, 0, 0, 1, 128.59
1495493799, 1, 151, 225, 44, 0, 3.25%, 0, 0, 1, 127.12
1495493805, 1, 152, 225, 44, 0, 3.25%, 0, 0, 1, 121.85
1495493815, 1, 153, 225, 44, 0, 3.25%, 0, 0, 1, 137.95
1495493820, 1, 154, 225, 44, 0, 3.25%, 0, 0, 1, 132.38
1495493836, 1, 156, 225, 44, 0, 3.25%, 0, 0, 1, 136.58
1495493846, 1, 158, 225, 44, 0, 3.25%, 0, 0, 1, 128.80
1495493866, 1, 160, 225, 44, 0, 3.25%, 0, 0, 1, 130.04
1495493882, 1, 162, 225, 44, 0, 3.25%, 0, 0, 1, 144.76
1495493897, 1, 163, 225, 44, 0, 3.25%, 0, 0, 1, 128.77
1495493902, 1, 164, 225, 44, 0, 3.25%, 0, 0, 1, 123.33
1495493917, 1, 165, 225, 44, 0, 3.25%, 0, 0, 1, 125.41
1495493922, 1, 166, 225, 44, 0, 3.25%, 0, 0, 1, 125.82
1495493938, 1, 167, 225, 44, 0, 3.25%, 0, 0, 1, 132.40
1495493943, 1, 168, 225, 44, 0, 3.25%, 0, 0, 1, 122.76
1495493953, 1, 169, 225, 44, 0, 3.25%, 0, 0, 1, 127.97
1495493969, 1, 171, 225, 44, 0, 3.25%, 0, 0, 1, 122.38
1495493974, 1, 172, 225, 44, 0, 3.25%, 0, 0, 1, 120.71
1495493989, 1, 174, 225, 44, 0, 3.25%, 0, 0, 1, 129.98
1495494000, 1, 176, 225, 43, 0, 3.25%, 0, 0, 1, 145.88
1495494015, 1, 178, 225, 43, 0, 3.25%, 0, 0, 1, 147.39
1495494030, 1, 179, 225, 43, 0, 3.25%, 0, 0, 1, 146.25
1495494035, 1, 180, 225, 43, 0, 3.25%, 0, 0, 1, 145.78
1495494051, 1, 182, 225, 42, 0, 3.25%, 0, 0, 1, 154.26
1495494066, 1, 183, 225, 42, 0, 3.25%, 0, 0, 1, 154.60
1495494071, 1, 184, 225, 42, 0, 3.25%, 0, 0, 1, 152.66
1495494086, 1, 186, 225, 42, 0, 3.25%, 0, 0, 1, 154.85
1495494097, 1, 189, 225, 42, 0, 3.25%, 0, 0, 1, 143.70
1495494102, 1, 190, 225, 42, 0, 3.25%, 0, 0, 1, 148.67
1495494107, 1, 192, 225, 42, 0, 3.25%, 0, 0, 1, 143.90
1495494112, 1, 193, 225, 42, 0, 3.25%, 0, 0, 1, 148.19
1495494127, 1, 195, 225, 42, 0, 3.25%, 0, 0, 1, 156.35
1495494137, 1, 196, 225, 42, 0, 3.25%, 0, 0, 1, 150.65
1495494142, 1, 197, 225, 42, 0, 3.25%, 0, 0, 1, 154.02
1495494158, 1, 198, 225, 42, 0, 3.25%, 0, 0, 1, 141.87
1495494163, 1, 199, 225, 42, 0, 3.25%, 0, 0, 1, 150.24
1495494178, 1, 201, 225, 42, 0, 3.25%, 0, 0, 1, 153.09
1495494194, 1, 202, 225, 42, 0, 3.25%, 0, 0, 1, 147.82
1495494209, 1, 203, 225, 42, 0, 3.25%, 0, 0, 1, 151.87
1495494224, 1, 204, 225, 42, 0, 3.25%, 0, 0, 1, 148.25
1495494235, 1, 205, 225, 42, 0, 3.25%, 0, 0, 1, 152.29
1495494250, 1, 207, 225, 42, 0, 3.25%, 0, 0, 1, 120.75
1495494261, 1, 209, 225, 42, 0, 3.25%, 0, 0, 1, 117.53
1495494276, 1, 211, 225, 42, 0, 3.25%, 0, 0, 1, 123.63
1495494281, 1, 214, 225, 42, 0, 3.25%, 0, 0, 1, 119.02
1495494307, 1, 215, 225, 42, 0, 3.25%, 0, 0, 1, 135.41
1495494312, 1, 217, 225, 42, 0, 3.25%, 0, 0, 1, 140.37
1495494317, 1, 221, 225, 42, 0, 3.25%, 0, 0, 1, 125.89
1495494322, 2, 0, 225, 42, 0, 3.25%, 0, 0, 1, 129.07
1495494327, 2, 1, 225, 42, 0, 3.25%, 0, 0, 1, 136.59
1495494332, 2, 3, 225, 42, 0, 3.25%, 0, 0, 1, 127.60
1495494348, 2, 4, 225, 42, 0, 3.25%, 0, 0, 1, 129.99
1495494353, 2, 5, 225, 42, 0, 3.25%, 0, 0, 1, 125.07
1495494358, 2, 8, 225, 42, 0, 3.25%, 0, 0, 1, 125.82
1495494363, 2, 9, 225, 42, 0, 3.25%, 0, 0, 1, 120.68
1495494368, 2, 10, 225, 42, 0, 3.25%, 0, 0, 1, 130.83
1495494378, 2, 11, 225, 42, 0, 3.25%, 0, 0, 1, 133.72
1495494384, 2, 12, 225, 41, 0, 3.25%, 0, 0, 1, 139.88
1495494394, 2, 13, 225, 41, 0, 3.25%, 0, 0, 1, 131.62
1495494399, 2, 14, 225, 41, 0, 3.25%, 0, 0, 1, 129.30
1495494404, 2, 15, 225, 41, 0, 3.25%, 0, 0, 1, 129.48
1495494409, 2, 17, 225, 41, 0, 3.25%, 0, 0, 1, 127.89
1495494414, 2, 18, 225, 41, 0, 3.25%, 0, 0, 1, 132.57
1495494419, 2, 20, 225, 41, 0, 3.25%, 0, 0, 1, 132.81
1495494425, 2, 21, 225, 41, 0, 3.25%, 0, 0, 1, 135.33
1495494430, 2, 23, 225, 41, 0, 3.25%, 0, 0, 1, 128.96
1495494440, 2, 24, 225, 41, 0, 3.25%, 0, 0, 1, 137.17
1495494445, 2, 25, 225, 41, 0, 3.25%, 0, 0, 1, 122.70
1495494450, 2, 27, 225, 41, 0, 3.25%, 0, 0, 1, 138.96
1495494455, 2, 29, 225, 41, 0, 3.25%, 0, 0, 1, 127.31
1495494460, 2, 30, 225, 41, 0, 3.25%, 0, 0, 1, 127.19
1495494466, 2, 32, 225, 41, 0, 3.25%, 0, 0, 1, 136.85
1495494481, 2, 33, 225, 41, 0, 3.25%, 0, 0, 1, 136.97
1495494486, 2, 34, 225, 41, 0, 3.25%, 0, 0, 1, 134.88
1495494491, 2, 35, 225, 40, 0, 3.25%, 0, 0, 1, 114.92
1495494506, 2, 37, 225, 40, 0, 3.25%, 0, 0, 1, 131.84
1495494512, 2, 38, 225, 40, 0, 3.25%, 0, 0, 1, 133.68
1495494527, 2, 40, 225, 40, 0, 3.25%, 0, 0, 1, 156.05
1495494532, 2, 41, 225, 40, 0, 3.25%, 0, 0, 1, 141.04
1495494543, 2, 42, 225, 40, 0, 3.25%, 0, 0, 1, 144.05
1495494548, 2, 44, 225, 40, 0, 3.25%, 0, 0, 1, 145.43
1495494558, 2, 45, 225, 40, 0, 3.25%, 0, 0, 1, 151.35
1495494574, 2, 46, 225, 40, 0, 3.25%, 0, 0, 1, 141.20
1495494579, 2, 47, 225, 40, 0, 3.25%, 0, 0, 1, 151.73
1495494584, 2, 48, 225, 40, 0, 3.25%, 0, 0, 1, 140.92
1495494599, 2, 50, 225, 40, 0, 3.25%, 0, 0, 1, 143.18
1495494614, 2, 51, 225, 40, 0, 3.25%, 0, 0, 1, 157.39
1495494620, 2, 52, 225, 40, 0, 3.25%, 0, 0, 1, 148.19
1495494625, 2, 53, 225, 40, 0, 3.25%, 0, 0, 1, 154.40
1495494635, 2, 54, 225, 40, 0, 3.25%, 0, 0, 1, 140.31
1495494645, 2, 55, 225, 40, 0, 3.25%, 0, 0, 1, 148.39
1495494651, 2, 56, 225, 40, 0, 3.25%, 0, 0, 1, 144.45
1495494666, 2, 57, 225, 40, 0, 3.25%, 0, 0, 1, 137.16
1495494671, 2, 59, 225, 40, 0, 3.25%, 0, 0, 1, 157.34
1495494676, 2, 60, 225, 40, 0, 3.25%, 0, 0, 1, 141.58
1495494692, 2, 61, 225, 40, 0, 3.25%, 0, 0, 1, 147.31
1495494697, 2, 62, 225, 39, 0, 3.25%, 0, 0, 1, 147.10
1495494712, 2, 64, 225, 39, 0, 3.25%, 0, 0, 1, 159.00
1495494722, 2, 65, 225, 39, 0, 3.25%, 0, 0, 1, 158.76
1495494728, 2, 67, 225, 39, 0, 3.25%, 0, 0, 1, 161.45
1495494733, 2, 68, 225, 39, 0, 3.25%, 0, 0, 1, 154.02
1495494743, 2, 70, 225, 39, 0, 3.25%, 0, 0, 1, 150.28
1495494753, 2, 71, 225, 39, 0, 3.25%, 0, 0, 1, 145.32
1495494758, 2, 72, 225, 39, 0, 3.25%, 0, 0, 1, 125.86
1495494774, 2, 74, 225, 39, 0, 3.25%, 0, 0, 1, 133.75
1495494794, 2, 75, 225, 39, 0, 3.25%, 0, 0, 1, 130.03
1495494810, 2, 76, 225, 39, 0, 3.25%, 0, 0, 1, 116.13
1495494815, 2, 77, 225, 39, 0, 3.25%, 0, 0, 1, 114.14
1495494830, 2, 78, 225, 39, 0, 3.25%, 0, 0, 1, 117.68
1495494835, 2, 79, 225, 39, 0, 3.25%, 0, 0, 1, 123.28
1495494851, 2, 82, 225, 39, 0, 3.25%, 0, 0, 1, 127.32
1495494856, 2, 83, 225, 39, 0, 3.25%, 0, 0, 1, 123.75
1495494861, 2, 85, 225, 39, 0, 3.25%, 0, 0, 1, 125.39
1495494876, 2, 86, 225, 39, 0, 3.25%, 0, 0, 1, 138.73
1495494881, 2, 87, 225, 39, 0, 3.25%, 0, 0, 1, 132.28
1495494897, 2, 88, 225, 39, 0, 3.25%, 0, 0, 1, 121.87
1495494902, 2, 89, 225, 39, 0, 3.25%, 0, 0, 1, 124.23
1495494922, 2, 90, 225, 39, 0, 3.25%, 0, 0, 1, 128.39
1495494927, 2, 91, 225, 39, 0, 3.25%, 0, 0, 1, 132.57
1495494932, 2, 92, 225, 39, 0, 3.25%, 0, 0, 1, 122.34
1495494938, 2, 93, 225, 39, 0, 3.25%, 0, 0, 1, 137.38
1495494953, 2, 94, 225, 39, 0, 3.25%, 0, 0, 1, 123.00
1495494958, 2, 97, 225, 39, 0, 3.25%, 0, 0, 1, 119.71
1495494979, 2, 99, 225, 39, 0, 3.25%, 0, 0, 1, 135.74
1495494984, 2, 100, 225, 39, 0, 3.25%, 0, 0, 1, 123.20
1495494999, 2, 101, 225, 39, 0, 3.25%, 0, 0, 1, 128.42
1495495004, 2, 102, 225, 39, 0, 3.25%, 0, 0, 1, 127.17
1495495019, 2, 104, 225, 39, 0, 3.25%, 0, 0, 1, 146.00
1495495035, 2, 106, 225, 39, 0, 3.25%, 0, 0, 1, 140.34
1495495050, 2, 108, 225, 39, 0, 3.25%, 0, 0, 1, 146.76
1495495065, 2, 109, 225, 39, 0, 3.25%, 0, 0, 1, 139.36
1495495071, 2, 110, 225, 38, 0, 3.25%, 0, 0, 1, 138.29
1495495076, 2, 111, 225, 38, 0, 3.25%, 0, 0, 1, 138.64
1495495081, 2, 112, 225, 38, 0, 3.25%, 0, 0, 1, 148.64
1495495086, 2, 113, 225, 38, 0, 3.25%, 0, 0, 1, 148.97
1495495096, 2, 114, 225, 38, 0, 3.25%, 0, 0, 1, 142.89
1495495101, 2, 115, 225, 38, 0, 3.25%, 0, 0, 1, 136.35
1495495116, 2, 117, 225, 38, 0, 3.25%, 0, 0, 1, 140.82
1495495121, 2, 118, 225, 38, 0, 3.25%, 0, 0, 1, 140.96
1495495137, 2, 122, 225, 38, 0, 3.25%, 0, 0, 1, 143.54
1495495152, 2, 124, 225, 38, 0, 3.25%, 0, 0, 1, 144.86
1495495157, 2, 127, 225, 38, 0, 3.25%, 0, 0, 1, 135.93
1495495173, 2, 128, 225, 38, 0, 3.25%, 0, 0, 1, 145.55
1495495183, 2, 129, 225, 38, 0, 3.25%, 0, 0, 1, 142.12
1495495188, 2, 130, 225, 38, 0, 3.25%, 0, 0, 1, 142.53
1495495203, 2, 132, 225, 38, 0, 3.25%, 0, 0, 1, 149.46
1495495219, 2, 134, 225, 38, 0, 3.25%, 0, 0, 1, 137.75
1495495234, 2, 136, 225, 38, 0, 3.25%, 0, 0, 1, 143.43
1495495250, 2, 138, 225, 38, 0, 3.25%, 0, 0, 1, 147.21
1495495260, 2, 140, 225, 38, 0, 3.25%, 0, 0, 1, 148.56
1495495280, 2, 144, 225, 38, 0, 3.25%, 0, 0, 1, 130.20
1495495306, 2, 147, 225, 38, 0, 3.25%, 0, 0, 1, 130.16
1495495311, 2, 148, 225, 38, 0, 3.25%, 0, 0, 1, 126.14
1495495326, 2, 149, 225, 38, 0, 3.25%, 0, 0, 1, 124.69
1495495332, 2, 150, 225, 38, 0, 3.25%, 0, 0, 1, 119.31
1495495337, 2, 151, 225, 38, 0, 3.25%, 0, 0, 1, 125.00
1495495342, 2, 152, 225, 38, 0, 3.25%, 0, 0, 1, 136.68
1495495357, 2, 153, 225, 38, 0, 3.25%, 0, 0, 1, 129.53
1495495363, 2, 154, 225, 38, 0, 3.25%, 0, 0, 1, 125.97
1495495378, 2, 156, 225, 38, 0, 3.25%, 0, 0, 1, 129.95
1495495383, 2, 157, 225, 38, 0, 3.25%, 0, 0, 1, 135.49
1495495388, 2, 158, 225, 38, 0, 3.25%, 0, 0, 1, 128.16
1495495404, 2, 160, 225, 38, 0, 3.25%, 0, 0, 1, 131.06
1495495419, 2, 162, 225, 38, 0, 3.25%, 0, 0, 1, 132.47
1495495439, 2, 164, 225, 38, 0, 3.25%, 0, 0, 1, 128.65
1495495460, 2, 166, 225, 38, 0, 3.25%, 0, 0, 1, 127.64
1495495480, 2, 167, 225, 38, 0, 3.25%, 0, 0, 1, 126.93
1495495486, 2, 168, 225, 38, 0, 3.25%, 0, 0, 1, 136.60
1495495491, 2, 169, 225, 38, 0, 3.25%, 0, 0, 1, 134.26
1495495506, 2, 170, 225, 38, 0, 3.25%, 0, 0, 1, 132.57
1495495511, 2, 172, 225, 37, 0, 3.25%, 0, 0, 1, 135.51
1495495527, 2, 173, 225, 37, 0, 3.25%, 0, 0, 1, 148.05
1495495532, 2, 174, 225, 36, 0, 3.25%, 0, 0, 1, 151.00
1495495537, 2, 176, 225, 36, 0, 3.25%, 0, 0, 1, 138.17
1495495552, 2, 177, 225, 36, 0, 3.25%, 0, 0, 1, 146.30
1495495557, 2, 178, 225, 36, 0, 3.25%, 0, 0, 1, 136.28
1495495573, 2, 180, 225, 36, 0, 3.25%, 0, 0, 1, 143.43
1495495588, 2, 182, 225, 36, 0, 3.25%, 0, 0, 1, 146.04
1495495603, 2, 183, 225, 36, 0, 3.25%, 0, 0, 1, 147.25
1495495609, 2, 184, 225, 36, 0, 3.25%, 0, 0, 1, 146.65
1495495624, 2, 185, 225, 36, 0, 3.25%, 0, 0, 1, 159.69
1495495629, 2, 186, 225, 35, 0, 3.25%, 0, 0, 1, 147.08
1495495644, 2, 189, 225, 35, 0, 3.25%, 0, 0, 1, 137.89
1495495650, 2, 190, 225, 35, 0, 3.25%, 0, 0, 1, 133.55
1495495655, 2, 191, 225, 35, 0, 3.25%, 0, 0, 1, 143.29
1495495665, 2, 192, 225, 34, 0, 3.25%, 0, 0, 1, 156.23
1495495670, 2, 193, 225, 34, 0, 3.25%, 0, 0, 1, 155.80
1495495686, 2, 195, 225, 33, 0, 3.25%, 0, 0, 1, 145.70
1495495701, 2, 196, 225, 33, 0, 3.25%, 0, 0, 1, 147.17
1495495706, 2, 197, 225, 33, 0, 3.25%, 0, 0, 1, 138.22
1495495716, 2, 198, 225, 33, 0, 3.25%, 0, 0, 1, 143.81
1495495721, 2, 199, 225, 33, 0, 3.25%, 0, 0, 1, 136.27
1495495737, 2, 200, 225, 33, 0, 3.25%, 0, 0, 1, 137.41
1495495742, 2, 201, 225, 33, 0, 3.25%, 0, 0, 1, 140.49
1495495758, 2, 202, 225, 33, 0, 3.25%, 0, 0, 1, 149.94
1495495768, 2, 203, 225, 33, 0, 3.25%, 0, 0, 1, 151.60
1495495788, 2, 204, 225, 33, 0, 3.25%, 0, 0, 1, 124.14
1495495804, 2, 205, 225, 33, 0, 3.25%, 0, 0, 1, 123.81
1495495819, 2, 207, 225, 33, 0, 3.25%, 0, 0, 1, 130.27
1495495829, 2, 209, 225, 33, 0, 3.25%, 0, 0, 1, 129.87
1495495845, 2, 213, 225, 33, 0, 3.25%, 0, 0, 1, 120.11
1495495850, 2, 214, 225, 32, 0, 3.25%, 0, 0, 1, 137.53
1495495875, 2, 215, 225, 32, 0, 3.25%, 0, 0, 1, 137.61
1495495880, 2, 217, 225, 32, 0, 3.25%, 0, 0, 1, 136.78
1495495886, 2, 221, 225, 32, 0, 3.25%, 0, 0, 1, 123.84
1495495891, 3, 0, 225, 32, 0, 3.25%, 0, 0, 1, 126.80
1495495896, 3, 1, 225, 32, 0, 3.25%, 0, 0, 1, 125.16
1495495901, 3, 3, 225, 32, 0, 3.25%, 0, 0, 1, 122.53
1495495916, 3, 4, 225, 32, 0, 3.25%, 0, 0, 1, 132.32
1495495921, 3, 5, 225, 32, 0, 3.25%, 0, 0, 1, 129.93
1495495926, 3, 8, 225, 32, 0, 3.25%, 0, 0, 1, 127.26
1495495931, 3, 10, 225, 32, 0, 3.25%, 0, 0, 1, 133.09
1495495947, 3, 11, 225, 32, 0, 3.25%, 0, 0, 1, 137.37
1495495952, 3, 12, 225, 32, 0, 3.25%, 0, 0, 1, 136.88
1495495962, 3, 13, 225, 32, 0, 3.25%, 0, 0, 1, 123.97
1495495967, 3, 14, 225, 32, 0, 3.25%, 0, 0, 1, 137.01
1495495973, 3, 15, 225, 32, 0, 3.25%, 0, 0, 1, 129.66
1495495978, 3, 17, 225, 32, 0, 3.25%, 0, 0, 1, 128.37
1495495983, 3, 19, 225, 32, 0, 3.25%, 0, 0, 1, 127.47
1495495988, 3, 20, 225, 32, 0, 3.25%, 0, 0, 1, 133.39
1495495993, 3, 22, 225, 32, 0, 3.25%, 0, 0, 1, 140.11
1495495998, 3, 23, 225, 32, 0, 3.25%, 0, 0, 1, 136.15
1495496009, 3, 24, 225, 32, 0, 3.25%, 0, 0, 1, 129.93
1495496014, 3, 25, 225, 32, 0, 3.25%, 0, 0, 1, 125.14
1495496019, 3, 27, 225, 32, 0, 3.25%, 0, 0, 1, 130.66
1495496024, 3, 29, 225, 32, 0, 3.25%, 0, 0, 1, 128.34
1495496029, 3, 30, 225, 32, 0, 3.25%, 0, 0, 1, 139.34
1495496034, 3, 32, 225, 32, 0, 3.25%, 0, 0, 1, 143.86
1495496049, 3, 34, 225, 32, 0, 3.25%, 0, 0, 1, 152.40
1495496055, 3, 35, 225, 32, 0, 3.25%, 0, 0, 1, 148.18
1495496070, 3, 37, 225, 32, 0, 3.25%, 0, 0, 1, 144.11
1495496075, 3, 38, 225, 32, 0, 3.25%, 0, 0, 1, 151.58
1495496091, 3, 39, 225, 32, 0, 3.25%, 0, 0, 1, 142.83
1495496106, 3, 41, 225, 31, 0, 3.25%, 0, 0, 1, 150.55
1495496122, 3, 44, 225, 31, 0, 3.25%, 0, 0, 1, 144.25
1495496137, 3, 45, 225, 31, 0, 3.25%, 0, 0, 1, 142.82
1495496152, 3, 47, 225, 31, 0, 3.25%, 0, 0, 1, 155.53
1495496157, 3, 48, 225, 31, 0, 3.25%, 0, 0, 1, 146.74
1495496173, 3, 50, 225, 31, 0, 3.25%, 0, 0, 1, 155.93
1495496188, 3, 51, 225, 31, 0, 3.25%, 0, 0, 1, 145.04
1495496194, 3, 52, 225, 31, 0, 3.25%, 0, 0, 1, 143.15
1495496199, 3, 53, 225, 31, 0, 3.25%, 0, 0, 1, 147.07
1495496214, 3, 54, 225, 31, 0, 3.25%, 0, 0, 1, 126.58
1495496219, 3, 55, 225, 31, 0, 3.25%, 0, 0, 1, 138.61
1495496224, 3, 56, 225, 31, 0, 3.25%, 0, 0, 1, 133.59
1495496235, 3, 57, 225, 31, 0, 3.25%, 0, 0, 1, 140.43
1495496245, 3, 59, 225, 31, 0, 3.25%, 0, 0, 1, 140.25
1495496250, 3, 60, 225, 31, 0, 3.25%, 0, 0, 1, 141.33
1495496265, 3, 62, 225, 31, 0, 3.25%, 0, 0, 1, 147.46
1495496276, 3, 64, 225, 31, 0, 3.25%, 0, 0, 1, 158.55
1495496291, 3, 65, 225, 31, 0, 3.25%, 0, 0, 1, 131.26
1495496296, 3, 67, 225, 31, 0, 3.25%, 0, 0, 1, 138.00
1495496301, 3, 68, 225, 31, 0, 3.25%, 0, 0, 1, 131.67
1495496312, 3, 70, 225, 31, 0, 3.25%, 0, 0, 1, 135.47
1495496322, 3, 71, 225, 31, 0, 3.25%, 0, 0, 1, 135.06
1495496327, 3, 72, 225, 31, 0, 3.25%, 0, 0, 1, 119.86
1495496342, 3, 73, 225, 31, 0, 3.25%, 0, 0, 1, 130.03
1495496348, 3, 74, 225, 31, 0, 3.25%, 0, 0, 1, 132.10
1495496363, 3, 75, 225, 31, 0, 3.25%, 0, 0, 1, 125.78
1495496379, 3, 76, 225, 31, 0, 3.25%, 0, 0, 1, 124.98
1495496384, 3, 77, 225, 31, 0, 3.25%, 0, 0, 1, 133.49
1495496399, 3, 79, 225, 31, 0, 3.25%, 0, 0, 1, 138.59
1495496414, 3, 82, 225, 31, 0, 3.25%, 0, 0, 1, 125.49
1495496419, 3, 85, 225, 31, 0, 3.25%, 0, 0, 1, 127.85
1495496440, 3, 86, 225, 31, 0, 3.25%, 0, 0, 1, 131.04
1495496445, 3, 87, 225, 31, 0, 3.25%, 0, 0, 1, 137.35
1495496455, 3, 88, 225, 31, 0, 3.25%, 0, 0, 1, 136.42
1495496461, 3, 89, 225, 31, 0, 3.25%, 0, 0, 1, 132.09
1495496486, 3, 91, 225, 31, 0, 3.25%, 0, 0, 1, 124.81
1495496491, 3, 92, 225, 31, 0, 3.25%, 0, 0, 1, 123.45
1495496497, 3, 93, 225, 31, 0, 3.25%, 0, 0, 1, 129.59
1495496512, 3, 94, 225, 31, 0, 3.25%, 0, 0, 1, 126.70
1495496517, 3, 96, 225, 31, 0, 3.25%, 0, 0, 1, 134.60
1495496522, 3, 97, 225, 31, 0, 3.25%, 0, 0, 1, 129.72
1495496537, 3, 98, 225, 31, 0, 3.25%, 0, 0, 1, 129.79
1495496542, 3, 100, 225, 31, 0, 3.25%, 0, 0, 1, 138.99
1495496558, 3, 102, 225, 31, 0, 3.25%, 0, 0, 1, 152.77
1495496573, 3, 103, 225, 31, 0, 3.25%, 0, 0, 1, 133.96
1495496578, 3, 104, 225, 31, 0, 3.25%, 0, 0, 1, 153.83
1495496588, 3, 105, 225, 31, 0, 3.25%, 0, 0, 1, 144.76
1495496593, 3, 106, 225, 30, 0, 3.25%, 0, 0, 1, 138.00
1495496609, 3, 108, 225, 30, 0, 3.25%, 0, 0, 1, 147.40
1495496624, 3, 110, 225, 30, 0, 3.25%, 0, 0, 1, 151.33
1495496629, 3, 111, 225, 30, 0, 3.25%, 0, 0, 1, 156.06
1495496634, 3, 112, 225, 30, 0, 3.25%, 0, 0, 1, 135.43
1495496639, 3, 113, 225, 30, 0, 3.25%, 0, 0, 1, 151.64
1495496650, 3, 114, 225, 30, 0, 3.25%, 0, 0, 1, 143.53
1495496655, 3, 115, 225, 30, 0, 3.25%, 0, 0, 1, 145.40
1495496665, 3, 116, 225, 30, 0, 3.25%, 0, 0, 1, 144.01
1495496670, 3, 117, 225, 30, 0, 3.25%, 0, 0, 1, 146.88
1495496675, 3, 118, 225, 30, 0, 3.25%, 0, 0, 1, 140.29
1495496685, 3, 119, 225, 30, 0, 3.25%, 0, 0, 1, 143.75
1495496691, 3, 120, 225, 30, 0, 3.25%, 0, 0, 1, 134.59
1495496706, 3, 122, 225, 29, 0, 3.25%, 0, 0, 1, 152.59
1495496721, 3, 124, 225, 29, 0, 3.25%, 0, 0, 1, 143.03
1495496726, 3, 127, 225, 29, 0, 3.25%, 0, 0, 1, 142.49
1495496742, 3, 128, 225, 29, 0, 3.25%, 0, 0, 1, 135.60
1495496752, 3, 129, 225, 29, 0, 3.25%, 0, 0, 1, 142.91
1495496757, 3, 130, 225, 29, 0, 3.25%, 0, 0, 1, 148.72
1495496773, 3, 132, 225, 29, 0, 3.25%, 0, 0, 1, 145.79
1495496783, 3, 133, 225, 29, 0, 3.25%, 0, 0, 1, 148.67
1495496788, 3, 134, 225, 28, 0, 3.25%, 0, 0, 1, 149.54
1495496803, 3, 136, 225, 28, 0, 3.25%, 0, 0, 1, 123.27
1495496824, 3, 138, 225, 28, 0, 3.25%, 0, 0, 1, 129.98
1495496829, 3, 139, 225, 28, 0, 3.25%, 0, 0, 1, 131.09
1495496834, 3, 140, 225, 28, 0, 3.25%, 0, 0, 1, 130.77
1495496849, 3, 144, 225, 28, 0, 3.25%, 0, 0, 1, 119.99
1495496875, 3, 147, 225, 28, 0, 3.25%, 0, 0, 1, 131.60
1495496880, 3, 148, 225, 28, 0, 3.25%, 0, 0, 1, 124.83
1495496896, 3, 149, 225, 28, 0, 3.25%, 0, 0, 1, 123.88
1495496901, 3, 150, 225, 28, 0, 3.25%, 0, 0, 1, 134.25
1495496906, 3, 151, 225, 28, 0, 3.25%, 0, 0, 1, 126.67
1495496911, 3, 152, 225, 28, 0, 3.25%, 0, 0, 1, 122.04
1495496926, 3, 154, 225, 28, 0, 3.25%, 0, 0, 1, 122.41
1495496947, 3, 156, 225, 28, 0, 3.25%, 0, 0, 1, 107.53
1495496957, 3, 158, 225, 28, 0, 3.25%, 0, 0, 1, 127.56
1495496978, 3, 160, 225, 28, 0, 3.25%, 0, 0, 1, 128.07
1495496993, 3, 162, 225, 28, 0, 3.25%, 0, 0, 1, 130.71
1495497014, 3, 163, 225, 28, 0, 3.25%, 0, 0, 1, 133.89
1495497019, 3, 164, 225, 28, 0, 3.25%, 0, 0, 1, 136.58
1495497034, 3, 166, 225, 28, 0, 3.25%, 0, 0, 1, 128.36
1495497050, 3, 167, 225, 28, 0, 3.25%, 0, 0, 1, 136.12
1495497055, 3, 168, 225, 28, 0, 3.25%, 0, 0, 1, 133.59
1495497060, 3, 169, 225, 28, 0, 3.25%, 0, 0, 1, 143.59
1495497075, 3, 171, 225, 28, 0, 3.25%, 0, 0, 1, 145.77
1495497080, 3, 172, 225, 28, 0, 3.25%, 0, 0, 1, 153.94
1495497091, 3, 174, 225, 28, 0, 3.25%, 0, 0, 1, 154.51
1495497101, 3, 176, 225, 28, 0, 3.25%, 0, 0, 1, 149.86
1495497111, 3, 177, 225, 28, 0, 3.25%, 0, 0, 1, 143.29
1495497116, 3, 178, 225, 28, 0, 3.25%, 0, 0, 1, 141.17
1495497126, 3, 179, 225, 28, 0, 3.25%, 0, 0, 1, 144.65
1495497132, 3, 180, 225, 28, 0, 3.25%, 0, 0, 1, 148.94
1495497147, 3, 182, 225, 28, 0, 3.25%, 0, 0, 1, 143.59
1495497157, 3, 183, 225, 28, 0, 3.25%, 0, 0, 1, 152.86
1495497162, 3, 184, 225, 28, 0, 3.25%, 0, 0, 1, 154.37
1495497178, 3, 186, 225, 28, 0, 3.25%, 0, 0, 1, 140.96
1495497193, 3, 189, 225, 28, 0, 3.25%, 0, 0, 1, 141.53
1495497198, 3, 190, 225, 28, 0, 3.25%, 0, 0, 1, 150.97
1495497204, 3, 193, 225, 28, 0, 3.25%, 0, 0, 1, 146.11
1495497219, 3, 195, 225, 28, 0, 3.25%, 0, 0, 1, 146.83
1495497234, 3, 196, 225, 28, 0, 3.25%, 0, 0, 1, 137.98
1495497239, 3, 197, 225, 28, 0, 3.25%, 0, 0, 1, 154.13
1495497249, 3, 198, 225, 28, 0, 3.25%, 0, 0, 1, 139.18
1495497254, 3, 199, 225, 28, 0, 3.25%, 0, 0, 1, 142.89
1495497270, 3, 201, 225, 28, 0, 3.25%, 0, 0, 1, 126.04
1495497285, 3, 202, 225, 28, 0, 3.25%, 0, 0, 1, 159.94
1495497301, 3, 203, 225, 28, 0, 3.25%, 0, 0, 1, 145.17
1495497316, 3, 204, 225, 28, 0, 3.25%, 0, 0, 1, 129.27
1495497331, 3, 205, 225, 28, 0, 3.25%, 0, 0, 1, 133.26
1495497346, 3, 207, 225, 28, 0, 3.25%, 0, 0, 1, 129.50
1495497357, 3, 209, 225, 28, 0, 3.25%, 0, 0, 1, 123.18
1495497372, 3, 211, 225, 28, 0, 3.25%, 0, 0, 1, 118.81
1495497377, 3, 212, 225, 28, 0, 3.25%, 0, 0, 1, 122.59
1495497382, 3, 214, 225, 27, 0, 3.25%, 0, 0, 1, 132.17
1495497408, 3, 215, 225, 27, 0, 3.25%, 0, 0, 1, 127.12
1495497413, 3, 217, 225, 27, 0, 3.25%, 0, 0, 1, 128.13
1495497423, 3, 218, 225, 27, 0, 3.25%, 0, 0, 1, 127.37
1495497428, 3, 219, 225, 26, 0, 3.25%, 0, 0, 1, 134.53
1495497433, 3, 221, 225, 25, 0, 3.25%, 0, 0, 1, 130.03
1495497439, 4, 1, 225, 25, 0, 3.25%, 0, 0, 1, 131.85
1495497444, 4, 2, 225, 25, 0, 3.25%, 0, 0, 1, 134.06
1495497449, 4, 3, 225, 25, 0, 3.25%, 0, 0, 1, 133.37
1495497459, 4, 4, 225, 25, 0, 3.25%, 0, 0, 1, 128.31
1495497464, 4, 5, 225, 25, 0, 3.25%, 0, 0, 1, 131.91
1495497469, 4, 8, 225, 25, 0, 3.25%, 0, 0, 1, 131.28
1495497474, 4, 9, 225, 25, 0, 3.25%, 0, 0, 1, 129.59
1495497479, 4, 10, 225, 25, 0, 3.25%, 0, 0, 1, 132.38
1495497490, 4, 12, 225, 25, 0, 3.25%, 0, 0, 1, 130.20
1495497505, 4, 13, 225, 25, 0, 3.25%, 0, 0, 1, 133.51
1495497510, 4, 15, 225, 25, 0, 3.25%, 0, 0, 1, 128.97
1495497515, 4, 16, 225, 25, 0, 3.25%, 0, 0, 1, 130.86
1495497521, 4, 17, 225, 25, 0, 3.25%, 0, 0, 1, 127.80
1495497526, 4, 19, 225, 25, 0, 3.25%, 0, 0, 1, 122.61
1495497531, 4, 21, 225, 25, 0, 3.25%, 0, 0, 1, 134.12
1495497536, 4, 23, 225, 25, 0, 3.25%, 0, 0, 1, 130.16
1495497551, 4, 25, 225, 25, 0, 3.25%, 0, 0, 1, 136.50
1495497556, 4, 26, 225, 25, 0, 3.25%, 0, 0, 1, 135.82
1495497561, 4, 29, 225, 25, 0, 3.25%, 0, 0, 1, 139.39
1495497566, 4, 30, 225, 25, 0, 3.25%, 0, 0, 1, 145.67
1495497572, 4, 32, 225, 25, 0, 3.25%, 0, 0, 1, 143.46
1495497587, 4, 33, 225, 25, 0, 3.25%, 0, 0, 1, 150.49
1495497592, 4, 35, 225, 25, 0, 3.25%, 0, 0, 1, 148.23
1495497603, 4, 37, 225, 25, 0, 3.25%, 0, 0, 1, 151.45
1495497608, 4, 38, 225, 25, 0, 3.25%, 0, 0, 1, 160.27
1495497623, 4, 40, 225, 25, 0, 3.25%, 0, 0, 1, 146.66
1495497628, 4, 41, 225, 25, 0, 3.25%, 0, 0, 1, 150.42
1495497643, 4, 44, 225, 25, 0, 3.25%, 0, 0, 1, 132.91
1495497654, 4, 45, 225, 25, 0, 3.25%, 0, 0, 1, 150.03
1495497669, 4, 46, 225, 25, 0, 3.25%, 0, 0, 1, 145.82
1495497674, 4, 47, 225, 25, 0, 3.25%, 0, 0, 1, 144.14
1495497679, 4, 48, 225, 25, 0, 3.25%, 0, 0, 1, 154.11
1495497690, 4, 49, 225, 25, 0, 3.25%, 0, 0, 1, 163.85
1495497695, 4, 50, 225, 25, 0, 3.25%, 0, 0, 1, 145.10
1495497710, 4, 51, 225, 25, 0, 3.25%, 0, 0, 1, 143.46
1495497715, 4, 53, 225, 25, 0, 3.25%, 0, 0, 1, 145.51
1495497731, 4, 54, 225, 25, 0, 3.25%, 0, 0, 1, 122.41
1495497741, 4, 56, 225, 25, 0, 3.25%, 0, 0, 1, 141.15
1495497756, 4, 57, 225, 25, 0, 3.25%, 0, 0, 1, 136.02
1495497761, 4, 59, 225, 25, 0, 3.25%, 0, 0, 1, 141.07
1495497767, 4, 60, 225, 25, 0, 3.25%, 0, 0, 1, 139.68
1495497782, 4, 62, 225, 25, 0, 3.25%, 0, 0, 1, 143.42
1495497797, 4, 64, 225, 25, 0, 3.25%, 0, 0, 1, 137.50
1495497813, 4, 67, 225, 25, 0, 3.25%, 0, 0, 1, 145.51
1495497818, 4, 68, 225, 25, 0, 3.25%, 0, 0, 1, 138.12
1495497838, 4, 70, 225, 25, 0, 3.25%, 0, 0, 1, 125.99
1495497843, 4, 71, 225, 25, 0, 3.25%, 0, 0, 1, 128.41
1495497853, 4, 72, 225, 25, 0, 3.25%, 0, 0, 1, 128.72
1495497864, 4, 73, 225, 25, 0, 3.25%, 0, 0, 1, 133.72
1495497869, 4, 74, 225, 25, 0, 3.25%, 0, 0, 1, 142.63
1495497884, 4, 75, 225, 25, 0, 3.25%, 0, 0, 1, 126.99
1495497900, 4, 76, 225, 25, 0, 3.25%, 0, 0, 1, 127.10
1495497905, 4, 77, 225, 25, 0, 3.25%, 0, 0, 1, 129.91
1495497921, 4, 78, 225, 25, 0, 3.25%, 0, 0, 1, 125.92
1495497926, 4, 79, 225, 25, 0, 3.25%, 0, 0, 1, 122.03
1495497941, 4, 83, 225, 25, 0, 3.25%, 0, 0, 1, 125.01
1495497946, 4, 84, 225, 25, 0, 3.25%, 0, 0, 1, 126.99
1495497951, 4, 85, 225, 24, 0, 3.25%, 0, 0, 1, 127.48
1495497967, 4, 86, 225, 24, 0, 3.25%, 0, 0, 1, 124.62
1495497972, 4, 87, 225, 24, 0, 3.25%, 0, 0, 1, 121.11
1495497987, 4, 88, 225, 24, 0, 3.25%, 0, 0, 1, 131.64
1495497992, 4, 89, 225, 24, 0, 3.25%, 0, 0, 1, 133.42
1495498018, 4, 91, 225, 24, 0, 3.25%, 0, 0, 1, 135.13
1495498023, 4, 92, 225, 24, 0, 3.25%, 0, 0, 1, 131.68
1495498028, 4, 93, 225, 24, 0, 3.25%, 0, 0, 1, 128.87
1495498043, 4, 94, 225, 24, 0, 3.25%, 0, 0, 1, 134.73
1495498048, 4, 96, 225, 24, 0, 3.25%, 0, 0, 1, 124.00
1495498053, 4, 97, 225, 24, 0, 3.25%, 0, 0, 1, 127.08
1495498069, 4, 98, 225, 24, 0, 3.25%, 0, 0, 1, 140.81
1495498074, 4, 100, 225, 24, 0, 3.25%, 0, 0, 1, 150.24
1495498089, 4, 101, 225, 24, 0, 3.25%, 0, 0, 1, 148.29
1495498094, 4, 102, 225, 24, 0, 3.25%, 0, 0, 1, 146.69
1495498110, 4, 104, 225, 24, 0, 3.25%, 0, 0, 1, 150.32
1495498125, 4, 106, 225, 24, 0, 3.25%, 0, 0, 1, 149.08
1495498135, 4, 107, 225, 24, 0, 3.25%, 0, 0, 1, 141.40
1495498140, 4, 108, 225, 24, 0, 3.25%, 0, 0, 1, 144.80
1495498150, 4, 110, 225, 24, 0, 3.25%, 0, 0, 1, 152.62
1495498161, 4, 112, 225, 24, 0, 3.25%, 0, 0, 1, 140.75
1495498166, 4, 113, 225, 24, 0, 3.25%, 0, 0, 1, 147.83
1495498181, 4, 114, 225, 24, 0, 3.25%, 0, 0, 1, 140.27
1495498187, 4, 115, 225, 24, 0, 3.25%, 0, 0, 1, 137.53
1495498202, 4, 117, 225, 24, 0, 3.25%, 0, 0, 1, 148.83
1495498207, 4, 118, 225, 24, 0, 3.25%, 0, 0, 1, 153.47
1495498222, 4, 122, 225, 24, 0, 3.25%, 0, 0, 1, 142.50
1495498238, 4, 124, 225, 24, 0, 3.25%, 0, 0, 1, 149.70
1495498243, 4, 126, 225, 24, 0, 3.25%, 0, 0, 1, 150.47
1495498248, 4, 127, 225, 23, 0, 3.25%, 0, 0, 1, 136.18
1495498264, 4, 128, 225, 23, 0, 3.25%, 0, 0, 1, 133.53
1495498274, 4, 129, 225, 23, 0, 3.25%, 0, 0, 1, 145.22
1495498279, 4, 130, 225, 23, 0, 3.25%, 0, 0, 1, 154.98
1495498294, 4, 132, 225, 23, 0, 3.25%, 0, 0, 1, 148.94
1495498309, 4, 134, 225, 23, 0, 3.25%, 0, 0, 1, 151.92
1495498320, 4, 135, 225, 23, 0, 3.25%, 0, 0, 1, 134.12
1495498325, 4, 136, 225, 23, 0, 3.25%, 0, 0, 1, 135.85
1495498340, 4, 138, 225, 23, 0, 3.25%, 0, 0, 1, 133.00
1495498345, 4, 139, 225, 23, 0, 3.25%, 0, 0, 1, 126.66
1495498351, 4, 140, 225, 23, 0, 3.25%, 0, 0, 1, 125.14
1495498366, 4, 143, 225, 23, 0, 3.25%, 0, 0, 1, 131.79
1495498376, 4, 144, 225, 22, 0, 3.25%, 0, 0, 1, 120.17
1495498397, 4, 147, 225, 22, 0, 3.25%, 0, 0, 1, 130.90
1495498402, 4, 148, 225, 22, 0, 3.25%, 0, 0, 1, 132.88
1495498417, 4, 149, 225, 22, 0, 3.25%, 0, 0, 1, 129.84
1495498422, 4, 150, 225, 22, 0, 3.25%, 0, 0, 1, 128.49
1495498427, 4, 151, 225, 22, 0, 3.25%, 0, 0, 1, 125.96
1495498432, 4, 152, 225, 22, 0, 3.25%, 0, 0, 1, 134.69
1495498448, 4, 153, 225, 22, 0, 3.25%, 0, 0, 1, 135.95
1495498453, 4, 154, 225, 22, 0, 3.25%, 0, 0, 1, 130.10
1495498468, 4, 156, 225, 22, 0, 3.25%, 0, 0, 1, 122.36
1495498479, 4, 158, 225, 22, 0, 3.25%, 0, 0, 1, 126.66
1495498494, 4, 160, 225, 22, 0, 3.25%, 0, 0, 1, 126.13
1495498509, 4, 161, 225, 22, 0, 3.25%, 0, 0, 1, 127.01
1495498515, 4, 162, 225, 22, 0, 3.25%, 0, 0, 1, 124.43
1495498530, 4, 163, 225, 22, 0, 3.25%, 0, 0, 1, 132.68
1495498535, 4, 164, 225, 22, 0, 3.25%, 0, 0, 1, 137.16
1495498546, 4, 165, 225, 22, 0, 3.25%, 0, 0, 1, 127.79
1495498551, 4, 166, 225, 22, 0, 3.25%, 0, 0, 1, 131.01
1495498572, 4, 168, 225, 22, 0, 3.25%, 0, 0, 1, 130.46
1495498582, 4, 169, 225, 22, 0, 3.25%, 0, 0, 1, 143.30
1495498597, 4, 172, 225, 22, 0, 3.25%, 0, 0, 1, 146.47
1495498612, 4, 174, 225, 22, 0, 3.25%, 0, 0, 1, 142.86
1495498617, 4, 176, 225, 22, 0, 3.25%, 0, 0, 1, 146.48
1495498633, 4, 177, 225, 22, 0, 3.25%, 0, 0, 1, 142.56
1495498638, 4, 178, 225, 22, 0, 3.25%, 0, 0, 1, 133.84
1495498653, 4, 180, 225, 22, 0, 3.25%, 0, 0, 1, 143.47
1495498669, 4, 182, 225, 22, 0, 3.25%, 0, 0, 1, 147.35
1495498684, 4, 184, 225, 22, 0, 3.25%, 0, 0, 1, 151.10
1495498699, 4, 186, 225, 22, 0, 3.25%, 0, 0, 1, 145.38
1495498715, 4, 189, 225, 22, 0, 3.25%, 0, 0, 1, 146.76
1495498720, 4, 190, 225, 22, 0, 3.25%, 0, 0, 1, 139.13
1495498725, 4, 192, 225, 22, 0, 3.25%, 0, 0, 1, 150.80
1495498730, 4, 193, 225, 22, 0, 3.25%, 0, 0, 1, 144.22
1495498740, 4, 195, 225, 22, 0, 3.25%, 0, 0, 1, 148.03
1495498755, 4, 196, 225, 22, 0, 3.25%, 0, 0, 1, 157.07
1495498760, 4, 197, 225, 22, 0, 3.25%, 0, 0, 1, 159.53
1495498770, 4, 198, 225, 22, 0, 3.25%, 0, 0, 1, 147.95
1495498776, 4, 199, 225, 22, 0, 3.25%, 0, 0, 1, 145.43
1495498791, 4, 201, 225, 22, 0, 3.25%, 0, 0, 1, 150.19
1495498807, 4, 202, 225, 22, 0, 3.25%, 0, 0, 1, 147.79
1495498822, 4, 203, 225, 22, 0, 3.25%, 0, 0, 1, 141.70
1495498837, 4, 204, 225, 22, 0, 3.25%, 0, 0, 1, 135.23
1495498852, 4, 205, 225, 22, 0, 3.25%, 0, 0, 1, 128.51
1495498868, 4, 207, 225, 22, 0, 3.25%, 0, 0, 1, 137.34
1495498878, 4, 209, 225, 22, 0, 3.25%, 0, 0, 1, 138.10
1495498893, 4, 211, 225, 22, 0, 3.25%, 0, 0, 1, 108.67
1495498899, 4, 214, 225, 22, 0, 3.25%, 0, 0, 1, 122.06
1495498919, 4, 215, 225, 22, 0, 3.25%, 0, 0, 1, 127.75
1495498924, 4, 217, 225, 22, 0, 3.25%, 0, 0, 1, 145.43
1495498929, 4, 221, 225, 22, 0, 3.25%, 0, 0, 1, 129.36
1495498934, 4, 224, 225, 22, 0, 3.25%, 0, 0, 1, 128.96
1495498940, 5, 0, 225, 21, 0, 3.25%, 0, 0, 1, 126.02
1495498945, 5, 1, 225, 21, 0, 3.25%, 0, 0, 1, 136.09
1495498950, 5, 3, 225, 21, 0, 3.25%, 0, 0, 1, 133.63
1495498960, 5, 4, 225, 21, 0, 3.25%, 0, 0, 1, 126.99
1495498965, 5, 5, 225, 21, 0, 3.25%, 0, 0, 1, 134.73
1495498970, 5, 8, 225, 21, 0, 3.25%, 0, 0, 1, 141.12
1495498981, 5, 10, 225, 21, 0, 3.25%, 0, 0, 1, 138.90
1495498991, 5, 12, 225, 21, 0, 3.25%, 0, 0, 1, 136.32
1495499001, 5, 13, 225, 21, 0, 3.25%, 0, 0, 1, 133.53
1495499006, 5, 14, 225, 21, 0, 3.25%, 0, 0, 1, 136.54
1495499011, 5, 15, 225, 21, 0, 3.25%, 0, 0, 1, 132.15
1495499017, 5, 17, 225, 21, 0, 3.25%, 0, 0, 1, 131.89
1495499022, 5, 18, 225, 21, 0, 3.25%, 0, 0, 1, 126.15
1495499027, 5, 19, 225, 21, 0, 3.25%, 0, 0, 1, 131.68
1495499032, 5, 21, 225, 21, 0, 3.25%, 0, 0, 1, 128.39
1495499037, 5, 23, 225, 21, 0, 3.25%, 0, 0, 1, 127.79
1495499053, 5, 25, 225, 21, 0, 3.25%, 0, 0, 1, 128.32
1495499058, 5, 26, 225, 21, 0, 3.25%, 0, 0, 1, 129.79
1495499063, 5, 29, 225, 21, 0, 3.25%, 0, 0, 1, 122.51
1495499068, 5, 30, 225, 21, 0, 3.25%, 0, 0, 1, 127.58
1495499073, 5, 32, 225, 21, 0, 3.25%, 0, 0, 1, 131.66
1495499093, 5, 35, 225, 21, 0, 3.25%, 0, 0, 1, 139.51
1495499109, 5, 37, 225, 21, 0, 3.25%, 0, 0, 1, 149.48
1495499114, 5, 38, 225, 21, 0, 3.25%, 0, 0, 1, 142.62
1495499129, 5, 40, 225, 21, 0, 3.25%, 0, 0, 1, 146.83
1495499134, 5, 41, 225, 21, 0, 3.25%, 0, 0, 1, 150.35
1495499145, 5, 42, 225, 21, 0, 3.25%, 0, 0, 1, 147.43
1495499150, 5, 44, 225, 21, 0, 3.25%, 0, 0, 1, 148.16
1495499160, 5, 45, 225, 21, 0, 3.25%, 0, 0, 1, 149.70
1495499176, 5, 47, 225, 21, 0, 3.25%, 0, 0, 1, 145.73
1495499181, 5, 48, 225, 21, 0, 3.25%, 0, 0, 1, 135.68
1495499196, 5, 49, 225, 21, 0, 3.25%, 0, 0, 1, 141.75
1495499201, 5, 50, 225, 21, 0, 3.25%, 0, 0, 1, 135.57
1495499216, 5, 51, 225, 21, 0, 3.25%, 0, 0, 1, 151.05
1495499221, 5, 53, 225, 21, 0, 3.25%, 0, 0, 1, 156.75
1495499237, 5, 54, 225, 21, 0, 3.25%, 0, 0, 1, 130.24
1495499247, 5, 56, 225, 21, 0, 3.25%, 0, 0, 1, 140.47
1495499262, 5, 57, 225, 21, 0, 3.25%, 0, 0, 1, 137.38
1495499273, 5, 59, 225, 21, 0, 3.25%, 0, 0, 1, 145.07
1495499278, 5, 60, 225, 21, 0, 3.25%, 0, 0, 1, 132.15
1495499288, 5, 62, 225, 21, 0, 3.25%, 0, 0, 1, 149.00
1495499303, 5, 64, 225, 21, 0, 3.25%, 0, 0, 1, 146.00
1495499318, 5, 65, 225, 21, 0, 3.25%, 0, 0, 1, 148.85
1495499324, 5, 68, 225, 21, 0, 3.25%, 0, 0, 1, 159.24
1495499339, 5, 70, 225, 21, 0, 3.25%, 0, 0, 1, 134.80
1495499349, 5, 71, 225, 21, 0, 3.25%, 0, 0, 1, 146.41
1495499354, 5, 72, 225, 21, 0, 3.25%, 0, 0, 1, 131.70
1495499370, 5, 73, 225, 21, 0, 3.25%, 0, 0, 1, 118.58
1495499375, 5, 74, 225, 21, 0, 3.25%, 0, 0, 1, 126.22
1495499390, 5, 75, 225, 21, 0, 3.25%, 0, 0, 1, 136.84
1495499405, 5, 76, 225, 21, 0, 3.25%, 0, 0, 1, 120.78
1495499410, 5, 77, 225, 21, 0, 3.25%, 0, 0, 1, 127.12
1495499426, 5, 79, 225, 21, 0, 3.25%, 0, 0, 1, 121.91
1495499441, 5, 82, 225, 21, 0, 3.25%, 0, 0, 1, 127.77
1495499447, 5, 83, 225, 21, 0, 3.25%, 0, 0, 1, 126.94
1495499452, 5, 85, 225, 21, 0, 3.25%, 0, 0, 1, 131.14
1495499467, 5, 86, 225, 21, 0, 3.25%, 0, 0, 1, 125.15
1495499472, 5, 87, 225, 21, 0, 3.25%, 0, 0, 1, 130.58
1495499488, 5, 88, 225, 21, 0, 3.25%, 0, 0, 1, 116.74
1495499493, 5, 89, 225, 21, 0, 3.25%, 0, 0, 1, 131.43
1495499513, 5, 90, 225, 21, 0, 3.25%, 0, 0, 1, 134.18
1495499518, 5, 91, 225, 21, 0, 3.25%, 0, 0, 1, 133.31
1495499523, 5, 92, 225, 21, 0, 3.25%, 0, 0, 1, 135.29
1495499528, 5, 93, 225, 21, 0, 3.25%, 0, 0, 1, 138.17
1495499544, 5, 94, 225, 21, 0, 3.25%, 0, 0, 1, 136.33
1495499549, 5, 97, 225, 21, 0, 3.25%, 0, 0, 1, 128.64
1495499564, 5, 98, 225, 21, 0, 3.25%, 0, 0, 1, 131.66
1495499569, 5, 99, 225, 21, 0, 3.25%, 0, 0, 1, 137.59
1495499574, 5, 100, 225, 21, 0, 3.25%, 0, 0, 1, 137.29
1495499590, 5, 101, 225, 21, 0, 3.25%, 0, 0, 1, 139.48
1495499595, 5, 102, 225, 21, 0, 3.25%, 0, 0, 1, 148.15
1495499605, 5, 103, 225, 21, 0, 3.25%, 0, 0, 1, 145.74
1495499610, 5, 104, 225, 21, 0, 3.25%, 0, 0, 1, 150.32
1495499620, 5, 106, 225, 21, 0, 3.25%, 0, 0, 1, 149.74
1495499635, 5, 107, 225, 21, 0, 3.25%, 0, 0, 1, 148.97
1495499641, 5, 108, 225, 21, 0, 3.25%, 0, 0, 1, 163.68
1495499651, 5, 110, 225, 21, 0, 3.25%, 0, 0, 1, 157.74
1495499656, 5, 111, 225, 21, 0, 3.25%, 0, 0, 1, 147.43
1495499661, 5, 112, 225, 21, 0, 3.25%, 0, 0, 1, 151.36
1495499666, 5, 113, 225, 21, 0, 3.25%, 0, 0, 1, 159.91
1495499682, 5, 115, 225, 21, 0, 3.25%, 0, 0, 1, 136.13
1495499697, 5, 117, 225, 21, 0, 3.25%, 0, 0, 1, 147.74
1495499702, 5, 118, 225, 21, 0, 3.25%, 0, 0, 1, 147.48
1495499718, 5, 121, 225, 21, 0, 3.25%, 0, 0, 1, 155.48
1495499723, 5, 122, 225, 20, 0, 3.25%, 0, 0, 1, 148.43
1495499739, 5, 124, 225, 20, 0, 3.25%, 0, 0, 1, 141.34
1495499744, 5, 127, 225, 20, 0, 3.25%, 0, 0, 1, 150.27
1495499754, 5, 128, 225, 20, 0, 3.25%, 0, 0, 1, 152.44
1495499764, 5, 129, 225, 20, 0, 3.25%, 0, 0, 1, 143.35
1495499769, 5, 130, 225, 20, 0, 3.25%, 0, 0, 1, 130.31
1495499785, 5, 131, 225, 20, 0, 3.25%, 0, 0, 1, 137.01
1495499790, 5, 132, 225, 20, 0, 3.25%, 0, 0, 1, 139.05
1495499805, 5, 134, 225, 20, 0, 3.25%, 0, 0, 1, 143.62
1495499816, 5, 135, 225, 20, 0, 3.25%, 0, 0, 1, 151.29
1495499821, 5, 136, 225, 20, 0, 3.25%, 0, 0, 1, 149.46
1495499831, 5, 137, 225, 20, 0, 3.25%, 0, 0, 1, 145.01
1495499836, 5, 138, 225, 20, 0, 3.25%, 0, 0, 1, 142.61
1495499842, 5, 139, 225, 20, 0, 3.25%, 0, 0, 1, 141.12
1495499847, 5, 140, 225, 20, 0, 3.25%, 0, 0, 1, 136.37
1495499857, 5, 144, 225, 20, 0, 3.25%, 0, 0, 1, 152.76
1495499883, 5, 147, 225, 20, 0, 3.25%, 0, 0, 1, 122.90
1495499888, 5, 148, 225, 20, 0, 3.25%, 0, 0, 1, 136.86
1495499903, 5, 149, 225, 20, 0, 3.25%, 0, 0, 1, 132.95
1495499908, 5, 150, 225, 20, 0, 3.25%, 0, 0, 1, 124.51
1495499913, 5, 151, 225, 20, 0, 3.25%, 0, 0, 1, 127.57
1495499918, 5, 152, 225, 20, 0, 3.25%, 0, 0, 1, 138.23
1495499934, 5, 154, 225, 20, 0, 3.25%, 0, 0, 1, 129.37
1495499955, 5, 156, 225, 20, 0, 3.25%, 0, 0, 1, 129.18
1495499960, 5, 157, 225, 20, 0, 3.25%, 0, 0, 1, 125.05
1495499965, 5, 158, 225, 20, 0, 3.25%, 0, 0, 1, 122.67
1495499980, 5, 160, 225, 20, 0, 3.25%, 0, 0, 1, 120.28
1495499995, 5, 161, 225, 20, 0, 3.25%, 0, 0, 1, 130.38
1495500000, 5, 162, 225, 20, 0, 3.25%, 0, 0, 1, 125.67
1495500016, 5, 163, 225, 20, 0, 3.25%, 0, 0, 1, 128.62
1495500021, 5, 164, 225, 20, 0, 3.25%, 0, 0, 1, 129.07
1495500036, 5, 165, 225, 20, 0, 3.25%, 0, 0, 1, 138.75
1495500041, 5, 166, 225, 20, 0, 3.25%, 0, 0, 1, 134.55
1495500051, 5, 167, 225, 20, 0, 3.25%, 0, 0, 1, 130.70
1495500057, 5, 168, 225, 20, 0, 3.25%, 0, 0, 1, 125.10
1495500062, 5, 169, 225, 20, 0, 3.25%, 0, 0, 1, 129.56
1495500077, 5, 171, 225, 20, 0, 3.25%, 0, 0, 1, 131.38
1495500082, 5, 172, 225, 20, 0, 3.25%, 0, 0, 1, 119.13
1495500103, 5, 174, 225, 20, 0, 3.25%, 0, 0, 1, 130.15
1495500108, 5, 176, 225, 20, 0, 3.25%, 0, 0, 1, 134.34
1495500124, 5, 177, 225, 20, 0, 3.25%, 0, 0, 1, 134.77
1495500129, 5, 178, 225, 20, 0, 3.25%, 0, 0, 1, 150.46
1495500144, 5, 180, 225, 20, 0, 3.25%, 0, 0, 1, 152.33
1495500159, 5, 182, 225, 20, 0, 3.25%, 0, 0, 1, 139.25
1495500174, 5, 184, 225, 20, 0, 3.25%, 0, 0, 1, 142.75
1495500190, 5, 186, 225, 20, 0, 3.25%, 0, 0, 1, 152.92
1495500200, 5, 189, 225, 20, 0, 3.25%, 0, 0, 1, 141.88
1495500205, 5, 190, 225, 20, 0, 3.25%, 0, 0, 1, 140.44
1495500216, 5, 193, 225, 20, 0, 3.25%, 0, 0, 1, 151.33
1495500231, 5, 195, 225, 20, 0, 3.25%, 0, 0, 1, 150.44
1495500246, 5, 197, 225, 20, 0, 3.25%, 0, 0, 1, 141.12
1495500261, 5, 198, 225, 20, 0, 3.25%, 0, 0, 1, 137.25
1495500267, 5, 199, 225, 20, 0, 3.25%, 0, 0, 1, 145.22
1495500277, 5, 200, 225, 20, 0, 3.25%, 0, 0, 1, 29.27
1495500282, 5, 201, 225, 20, 0, 3.25%, 0, 0, 1, 157.59
1495500297, 5, 202, 225, 20, 0, 3.25%, 0, 0, 1, 157.83
1495500307, 5, 203, 225, 20, 0, 3.25%, 0, 0, 1, 152.89
1495500323, 5, 204, 225, 20, 0, 3.25%, 0, 0, 1, 130.35
1495500338, 5, 205, 225, 20, 0, 3.25%, 0, 0, 1, 151.57
1495500353, 5, 207, 225, 20, 0, 3.25%, 0, 0, 1, 135.75
1495500358, 5, 209, 225, 20, 0, 3.25%, 0, 0, 1, 148.29
1495500374, 5, 211, 225, 20, 0, 3.25%, 0, 0, 1, 126.43
1495500379, 5, 214, 225, 20, 0, 3.25%, 0, 0, 1, 141.49
1495500405, 5, 215, 225, 20, 0, 3.25%, 0, 0, 1, 117.87
1495500410, 5, 217, 225, 20, 0, 3.25%, 0, 0, 1, 116.90
1495500415, 5, 220, 225, 20, 0, 3.25%, 0, 0, 1, 121.52
1495500420, 5, 221, 225, 19, 0, 3.25%, 0, 0, 1, 129.86
1495500425, 5, 223, 225, 19, 0, 3.25%, 0, 0, 1, 120.71
1495500435, 6, 1, 225, 18, 0, 3.25%, 0, 0, 1, 140.22
1495500440, 6, 2, 225, 18, 0, 3.25%, 0, 0, 1, 127.28
1495500445, 6, 3, 225, 18, 0, 3.25%, 0, 0, 1, 126.96
1495500455, 6, 4, 225, 18, 0, 3.25%, 0, 0, 1, 122.66
1495500460, 6, 5, 225, 18, 0, 3.25%, 0, 0, 1, 126.59
1495500466, 6, 8, 225, 18, 0, 3.25%, 0, 0, 1, 128.31
1495500476, 6, 10, 225, 18, 0, 3.25%, 0, 0, 1, 133.38
1495500486, 6, 12, 225, 18, 0, 3.25%, 0, 0, 1, 130.79
1495500496, 6, 13, 225, 18, 0, 3.25%, 0, 0, 1, 132.62
1495500501, 6, 14, 225, 18, 0, 3.25%, 0, 0, 1, 127.27
1495500506, 6, 15, 225, 18, 0, 3.25%, 0, 0, 1, 128.40
1495500511, 6, 17, 225, 18, 0, 3.25%, 0, 0, 1, 128.80
1495500517, 6, 18, 225, 18, 0, 3.25%, 0, 0, 1, 128.65
1495500522, 6, 20, 225, 18, 0, 3.25%, 0, 0, 1, 134.79
1495500527, 6, 21, 225, 18, 0, 3.25%, 0, 0, 1, 123.83
1495500532, 6, 23, 225, 18, 0, 3.25%, 0, 0, 1, 119.37
1495500547, 6, 25, 225, 18, 0, 3.25%, 0, 0, 1, 128.79
1495500553, 6, 26, 225, 18, 0, 3.25%, 0, 0, 1, 125.83
1495500558, 6, 29, 225, 18, 0, 3.25%, 0, 0, 1, 121.55
1495500563, 6, 30, 225, 18, 0, 3.25%, 0, 0, 1, 126.45
1495500568, 6, 32, 225, 18, 0, 3.25%, 0, 0, 1, 133.56
1495500589, 6, 33, 225, 18, 0, 3.25%, 0, 0, 1, 122.22
1495500594, 6, 35, 225, 18, 0, 3.25%, 0, 0, 1, 125.83
1495500609, 6, 37, 225, 18, 0, 3.25%, 0, 0, 1, 140.83
1495500614, 6, 38, 225, 18, 0, 3.25%, 0, 0, 1, 136.62
1495500629, 6, 40, 225, 18, 0, 3.25%, 0, 0, 1, 136.83
1495500635, 6, 41, 225, 18, 0, 3.25%, 0, 0, 1, 139.63
1495500650, 6, 44, 225, 18, 0, 3.25%, 0, 0, 1, 142.02
1495500660, 6, 45, 225, 18, 0, 3.25%, 0, 0, 1, 142.18
1495500676, 6, 46, 225, 18, 0, 3.25%, 0, 0, 1, 159.84
1495500681, 6, 47, 225, 18, 0, 3.25%, 0, 0, 1, 146.10
1495500686, 6, 48, 225, 18, 0, 3.25%, 0, 0, 1, 147.68
1495500701, 6, 50, 225, 18, 0, 3.25%, 0, 0, 1, 140.73
1495500717, 6, 51, 225, 18, 0, 3.25%, 0, 0, 1, 146.62
1495500722, 6, 52, 225, 18, 0, 3.25%, 0, 0, 1, 157.24
1495500727, 6, 53, 225, 18, 0, 3.25%, 0, 0, 1, 151.36
1495500742, 6, 54, 225, 18, 0, 3.25%, 0, 0, 1, 157.22
1495500747, 6, 55, 225, 18, 0, 3.25%, 0, 0, 1, 142.12
1495500752, 6, 56, 225, 18, 0, 3.25%, 0, 0, 1, 134.98
1495500763, 6, 57, 225, 18, 0, 3.25%, 0, 0, 1, 141.43
1495500773, 6, 60, 225, 18, 0, 3.25%, 0, 0, 1, 146.76
1495500788, 6, 62, 225, 18, 0, 3.25%, 0, 0, 1, 145.07
1495500804, 6, 64, 225, 18, 0, 3.25%, 0, 0, 1, 149.52
1495500814, 6, 65, 225, 18, 0, 3.25%, 0, 0, 1, 141.30
1495500819, 6, 67, 225, 18, 0, 3.25%, 0, 0, 1, 139.87
1495500824, 6, 68, 225, 18, 0, 3.25%, 0, 0, 1, 140.12
1495500839, 6, 70, 225, 18, 0, 3.25%, 0, 0, 1, 148.15
1495500844, 6, 71, 225, 18, 0, 3.25%, 0, 0, 1, 155.58
1495500850, 6, 72, 225, 18, 0, 3.25%, 0, 0, 1, 159.49
1495500865, 6, 73, 225, 18, 0, 3.25%, 0, 0, 1, 154.00
1495500870, 6, 74, 225, 18, 0, 3.25%, 0, 0, 1, 148.41
1495500880, 6, 75, 225, 18, 0, 3.25%, 0, 0, 1, 140.51
1495500896, 6, 76, 225, 18, 0, 3.25%, 0, 0, 1, 135.39
1495500901, 6, 77, 225, 18, 0, 3.25%, 0, 0, 1, 135.89
1495500916, 6, 78, 225, 18, 0, 3.25%, 0, 0, 1, 125.56
1495500921, 6, 79, 225, 18, 0, 3.25%, 0, 0, 1, 134.38
1495500936, 6, 82, 225, 18, 0, 3.25%, 0, 0, 1, 134.00
1495500942, 6, 85, 225, 18, 0, 3.25%, 0, 0, 1, 133.81
1495500962, 6, 87, 225, 18, 0, 3.25%, 0, 0, 1, 124.51
1495500977, 6, 88, 225, 18, 0, 3.25%, 0, 0, 1, 136.05
1495500982, 6, 89, 225, 18, 0, 3.25%, 0, 0, 1, 121.73
1495501008, 6, 90, 225, 18, 0, 3.25%, 0, 0, 1, 124.54
1495501013, 6, 91, 225, 18, 0, 3.25%, 0, 0, 1, 121.67
1495501018, 6, 92, 225, 18, 0, 3.25%, 0, 0, 1, 132.51
1495501023, 6, 93, 225, 18, 0, 3.25%, 0, 0, 1, 129.29
1495501039, 6, 94, 225, 18, 0, 3.25%, 0, 0, 1, 131.21
1495501044, 6, 96, 225, 18, 0, 3.25%, 0, 0, 1, 130.64
1495501049, 6, 97, 225, 18, 0, 3.25%, 0, 0, 1, 134.81
1495501065, 6, 98, 225, 18, 0, 3.25%, 0, 0, 1, 128.92
1495501070, 6, 99, 225, 18, 0, 3.25%, 0, 0, 1, 128.79
1495501075, 6, 100, 225, 18, 0, 3.25%, 0, 0, 1, 122.79
1495501090, 6, 102, 225, 18, 0, 3.25%, 0, 0, 1, 134.92
1495501106, 6, 104, 225, 18, 0, 3.25%, 0, 0, 1, 130.87
1495501126, 6, 106, 225, 18, 0, 3.25%, 0, 0, 1, 128.32
1495501142, 6, 108, 225, 18, 0, 3.25%, 0, 0, 1, 138.04
1495501157, 6, 110, 225, 18, 0, 3.25%, 0, 0, 1, 145.52
1495501167, 6, 112, 225, 18, 0, 3.25%, 0, 0, 1, 148.43
1495501172, 6, 113, 225, 18, 0, 3.25%, 0, 0, 1, 146.22
1495501187, 6, 115, 225, 18, 0, 3.25%, 0, 0, 1, 144.03
1495501203, 6, 117, 225, 18, 0, 3.25%, 0, 0, 1, 138.08
1495501208, 6, 118, 225, 18, 0, 3.25%, 0, 0, 1, 150.07
1495501223, 6, 119, 225, 18, 0, 3.25%, 0, 0, 1, 132.77
1495501228, 6, 122, 225, 18, 0, 3.25%, 0, 0, 1, 138.54
1495501244, 6, 124, 225, 18, 0, 3.25%, 0, 0, 1, 149.50
1495501249, 6, 127, 225, 18, 0, 3.25%, 0, 0, 1, 145.96
1495501264, 6, 128, 225, 18, 0, 3.25%, 0, 0, 1, 135.18
1495501280, 6, 129, 225, 18, 0, 3.25%, 0, 0, 1, 155.25
1495501285, 6, 130, 225, 18, 0, 3.25%, 0, 0, 1, 160.92
1495501295, 6, 132, 225, 18, 0, 3.25%, 0, 0, 1, 151.41
1495501311, 6, 134, 225, 18, 0, 3.25%, 0, 0, 1, 153.07
1495501326, 6, 136, 225, 18, 0, 3.25%, 0, 0, 1, 155.38
1495501336, 6, 137, 225, 18, 0, 3.25%, 0, 0, 1, 153.60
1495501341, 6, 138, 225, 18, 0, 3.25%, 0, 0, 1, 152.56
1495501346, 6, 139, 225, 18, 0, 3.25%, 0, 0, 1, 139.00
1495501352, 6, 140, 225, 18, 0, 3.25%, 0, 0, 1, 147.18
1495501362, 6, 141, 225, 18, 0, 3.25%, 0, 0, 1, 151.05
1495501367, 6, 144, 225, 17, 0, 3.25%, 0, 0, 1, 156.02
1495501388, 6, 147, 225, 17, 0, 3.25%, 0, 0, 1, 140.30
1495501393, 6, 148, 225, 17, 0, 3.25%, 0, 0, 1, 137.32
1495501408, 6, 149, 225, 17, 0, 3.25%, 0, 0, 1, 129.62
1495501413, 6, 150, 225, 17, 0, 3.25%, 0, 0, 1, 122.73
1495501418, 6, 151, 225, 17, 0, 3.25%, 0, 0, 1, 120.56
1495501423, 6, 152, 225, 17, 0, 3.25%, 0, 0, 1, 127.05
1495501439, 6, 154, 225, 17, 0, 3.25%, 0, 0, 1, 125.46
1495501459, 6, 156, 225, 17, 0, 3.25%, 0, 0, 1, 131.72
1495501464, 6, 157, 225, 17, 0, 3.25%, 0, 0, 1, 118.28
1495501469, 6, 158, 225, 17, 0, 3.25%, 0, 0, 1, 127.55
1495501485, 6, 160, 225, 17, 0, 3.25%, 0, 0, 1, 129.87
1495501500, 6, 161, 225, 17, 0, 3.25%, 0, 0, 1, 117.94
1495501505, 6, 162, 225, 17, 0, 3.25%, 0, 0, 1, 119.01
1495501520, 6, 163, 225, 17, 0, 3.25%, 0, 0, 1, 132.39
1495501525, 6, 164, 225, 17, 0, 3.25%, 0, 0, 1, 129.75
1495501541, 6, 165, 225, 17, 0, 3.25%, 0, 0, 1, 119.59
1495501546, 6, 166, 225, 17, 0, 3.25%, 0, 0, 1, 124.49
1495501561, 6, 167, 225, 17, 0, 3.25%, 0, 0, 1, 128.68
1495501566, 6, 168, 225, 17, 0, 3.25%, 0, 0, 1, 136.97
1495501572, 6, 169, 225, 17, 0, 3.25%, 0, 0, 1, 118.07
1495501587, 6, 171, 225, 17, 0, 3.25%, 0, 0, 1, 129.62
1495501592, 6, 172, 225, 17, 0, 3.25%, 0, 0, 1, 139.66
1495501607, 6, 174, 225, 17, 0, 3.25%, 0, 0, 1, 132.12
1495501612, 6, 176, 225, 17, 0, 3.25%, 0, 0, 1, 123.82
1495501633, 6, 178, 225, 17, 0, 3.25%, 0, 0, 1, 134.03
1495501648, 6, 179, 225, 17, 0, 3.25%, 0, 0, 1, 128.60
1495501653, 6, 180, 225, 17, 0, 3.25%, 0, 0, 1, 144.57
1495501669, 6, 182, 225, 17, 0, 3.25%, 0, 0, 1, 141.77
1495501684, 6, 184, 225, 17, 0, 3.25%, 0, 0, 1, 142.35
1495501699, 6, 186, 225, 17, 0, 3.25%, 0, 0, 1, 155.40
1495501714, 6, 188, 225, 16, 0, 3.25%, 0, 0, 1, 150.58
1495501730, 6, 189, 225, 15, 0, 3.25%, 0, 0, 1, 143.22
1495501735, 6, 190, 225, 15, 0, 3.25%, 0, 0, 1, 156.14
1495501740, 6, 192, 225, 15, 0, 3.25%, 0, 0, 1, 138.52
1495501745, 6, 193, 225, 15, 0, 3.25%, 0, 0, 1, 147.04
1495501761, 6, 195, 225, 15, 0, 3.25%, 0, 0, 1, 143.33
1495501776, 6, 197, 225, 15, 0, 3.25%, 0, 0, 1, 146.64
1495501791, 6, 198, 225, 15, 0, 3.25%, 0, 0, 1, 141.89
1495501796, 6, 199, 225, 15, 0, 3.25%, 0, 0, 1, 141.38
1495501806, 6, 201, 225, 15, 0, 3.25%, 0, 0, 1, 147.32
1495501822, 6, 202, 225, 15, 0, 3.25%, 0, 0, 1, 142.79
1495501837, 6, 203, 225, 15, 0, 3.25%, 0, 0, 1, 144.11
1495501852, 6, 204, 225, 15, 0, 3.25%, 0, 0, 1, 155.03
1495501868, 6, 205, 225, 15, 0, 3.25%, 0, 0, 1, 144.77
1495501878, 6, 207, 225, 15, 0, 3.25%, 0, 0, 1, 133.36
1495501888, 6, 209, 225, 14, 0, 3.25%, 0, 0, 1, 151.65
1495501903, 6, 210, 225, 14, 0, 3.25%, 0, 0, 1, 134.58
1495501924, 6, 211, 225, 13, 0, 3.25%, 0, 0, 1, 120.61
1495501929, 6, 214, 225, 13, 0, 3.25%, 0, 0, 1, 121.87
1495501950, 6, 215, 225, 13, 0, 3.25%, 0, 0, 1, 130.18
1495501955, 6, 217, 225, 13, 0, 3.25%, 0, 0, 1, 119.47
1495501965, 6, 224, 225, 13, 0, 3.25%, 0, 0, 1, 122.49
1495501970, 7, 0, 225, 13, 0, 3.25%, 0, 0, 1, 128.49
1495501975, 7, 1, 225, 13, 0, 3.25%, 0, 0, 1, 122.88
1495501980, 7, 3, 225, 13, 0, 3.25%, 0, 0, 1, 122.40
1495501996, 7, 4, 225, 13, 0, 3.25%, 0, 0, 1, 122.97
1495502001, 7, 5, 225, 13, 0, 3.25%, 0, 0, 1, 135.55
1495502006, 7, 8, 225, 13, 0, 3.25%, 0, 0, 1, 130.08
1495502011, 7, 9, 225, 13, 0, 3.25%, 0, 0, 1, 137.30
1495502016, 7, 10, 225, 13, 0, 3.25%, 0, 0, 1, 128.32
