# unix_time, cycles_done, cur_path, paths_total, pending_total, pending_favs, map_size, unique_crashes, unique_hangs, max_depth, execs_per_sec
1494185582, 0, 0, 512, 512, 176, 4.18%, 0, 0, 2, 62.46
1494185593, 0, 0, 512, 511, 175, 4.18%, 0, 0, 2, 82.06
1494185624, 0, 0, 514, 513, 175, 4.18%, 0, 0, 2, 64.02
1494185634, 0, 0, 515, 514, 175, 4.18%, 0, 0, 2, 62.11
1494185788, 0, 1, 515, 514, 176, 4.18%, 0, 0, 2, 68.68
1494185793, 0, 2, 515, 513, 175, 4.18%, 0, 0, 2, 120.84
1494185803, 0, 7, 515, 509, 171, 4.18%, 0, 0, 2, 151.24
1494185808, 0, 8, 515, 508, 170, 4.18%, 0, 0, 2, 172.46
1494185814, 0, 13, 515, 506, 168, 4.18%, 0, 0, 2, 149.94
1494185819, 0, 14, 515, 505, 167, 4.18%, 0, 0, 2, 114.71
1494185824, 0, 15, 515, 504, 166, 4.18%, 0, 0, 2, 107.52
1494185829, 0, 17, 515, 503, 165, 4.18%, 0, 0, 2, 134.18
1494185834, 0, 21, 515, 502, 164, 4.18%, 0, 0, 2, 143.75
1494185839, 0, 26, 515, 499, 161, 4.18%, 0, 0, 2, 151.04
1494185844, 0, 27, 515, 498, 160, 4.18%, 0, 0, 2, 150.27
1494185849, 0, 29, 515, 497, 159, 4.18%, 0, 0, 2, 92.58
1494185854, 0, 30, 515, 496, 158, 4.18%, 0, 0, 2, 161.62
1494185859, 0, 32, 515, 495, 157, 4.18%, 0, 0, 2, 127.60
1494185865, 0, 33, 515, 494, 156, 4.18%, 0, 0, 2, 159.01
1494185870, 0, 38, 515, 493, 155, 4.18%, 0, 0, 2, 187.45
1494185875, 0, 41, 515, 492, 154, 4.18%, 0, 0, 2, 100.98
1494185880, 0, 42, 515, 491, 153, 4.18%, 0, 0, 2, 131.23
1494185885, 0, 44, 515, 489, 151, 4.18%, 0, 0, 2, 115.65
1494185890, 0, 45, 515, 488, 150, 4.18%, 0, 0, 2, 136.32
1494185895, 0, 47, 515, 487, 149, 4.18%, 0, 0, 2, 90.24
1494185900, 0, 48, 515, 486, 148, 4.18%, 0, 0, 2, 110.49
1494185906, 0, 50, 515, 485, 147, 4.18%, 0, 0, 2, 148.83
1494185911, 0, 54, 515, 483, 145, 4.18%, 0, 0, 2, 176.76
1494185916, 0, 56, 515, 482, 144, 4.18%, 0, 0, 2, 124.60
1494185926, 0, 58, 515, 481, 143, 4.18%, 0, 0, 2, 124.26
1494185931, 0, 59, 515, 480, 142, 4.18%, 0, 0, 2, 134.76
1494185936, 0, 60, 515, 479, 141, 4.18%, 0, 0, 2, 128.57
1494185941, 0, 62, 515, 478, 140, 4.18%, 0, 0, 2, 95.82
1494185947, 0, 64, 515, 477, 139, 4.18%, 0, 0, 2, 117.50
1494185952, 0, 65, 515, 476, 138, 4.18%, 0, 0, 2, 113.62
1494185957, 0, 67, 515, 475, 137, 4.18%, 0, 0, 2, 97.35
1494185962, 0, 68, 515, 474, 136, 4.18%, 0, 0, 2, 109.35
1494185967, 0, 70, 515, 473, 135, 4.18%, 0, 0, 2, 140.41
1494185972, 0, 71, 515, 472, 134, 4.18%, 0, 0, 2, 146.27
1494185977, 0, 73, 515, 471, 133, 4.18%, 0, 0, 2, 166.11
1494185982, 0, 75, 515, 470, 132, 4.18%, 0, 0, 2, 128.27
1494185988, 0, 76, 515, 469, 131, 4.18%, 0, 0, 2, 156.99
1494185993, 0, 77, 515, 468, 130, 4.18%, 0, 0, 2, 129.69
1494185998, 0, 81, 515, 466, 128, 4.18%, 0, 0, 2, 140.39
1494186008, 0, 83, 515, 465, 127, 4.18%, 0, 0, 2, 192.36
1494186013, 0, 84, 515, 464, 126, 4.18%, 0, 0, 2, 130.51
1494186018, 0, 85, 515, 463, 125, 4.18%, 0, 0, 2, 105.62
1494186024, 0, 88, 515, 461, 123, 4.18%, 0, 0, 2, 165.80
1494186029, 0, 92, 515, 460, 122, 4.18%, 0, 0, 2, 131.26
1494186034, 0, 93, 515, 459, 121, 4.18%, 0, 0, 2, 50.79
1494186039, 0, 95, 515, 457, 119, 4.18%, 0, 0, 2, 117.34
1494186044, 0, 99, 515, 455, 117, 4.18%, 0, 0, 2, 145.50
1494186055, 0, 100, 515, 454, 116, 4.18%, 0, 0, 2, 122.12
1494186065, 0, 101, 515, 453, 115, 4.18%, 0, 0, 2, 39.83
1494186070, 0, 103, 515, 452, 114, 4.18%, 0, 0, 2, 137.36
1494186075, 0, 112, 515, 450, 112, 4.18%, 0, 0, 2, 152.88
1494186080, 0, 116, 515, 449, 111, 4.18%, 0, 0, 2, 164.37
1494186091, 0, 119, 515, 448, 110, 4.18%, 0, 0, 2, 84.49
1494186101, 0, 122, 515, 447, 109, 4.18%, 0, 0, 2, 167.90
1494186106, 0, 123, 515, 446, 108, 4.18%, 0, 0, 2, 172.92
1494186111, 0, 127, 515, 445, 107, 4.18%, 0, 0, 2, 177.51
1494186116, 0, 128, 515, 444, 106, 4.18%, 0, 0, 2, 124.70
1494186126, 0, 130, 515, 443, 105, 4.18%, 0, 0, 2, 58.91
1494186131, 0, 131, 515, 442, 104, 4.18%, 0, 0, 2, 134.60
1494186142, 0, 133, 515, 440, 102, 4.18%, 0, 0, 2, 173.68
1494186147, 0, 134, 515, 439, 101, 4.18%, 0, 0, 2, 176.78
1494186157, 0, 137, 515, 438, 100, 4.18%, 0, 0, 2, 169.53
1494186162, 0, 139, 515, 436, 98, 4.18%, 0, 0, 2, 177.88
1494186168, 0, 143, 515, 435, 97, 4.18%, 0, 0, 2, 175.39
1494186173, 0, 149, 515, 434, 96, 4.18%, 0, 0, 2, 171.46
1494186183, 0, 154, 515, 432, 94, 4.18%, 0, 0, 2, 149.00
1494186193, 0, 159, 515, 431, 93, 4.18%, 0, 0, 2, 122.78
1494186199, 0, 167, 515, 430, 92, 4.18%, 0, 0, 2, 194.31
1494186204, 0, 173, 515, 428, 90, 4.18%, 0, 0, 2, 181.80
1494186209, 0, 175, 515, 427, 89, 4.18%, 0, 0, 2, 174.21
1494186219, 0, 177, 515, 426, 88, 4.18%, 0, 0, 2, 126.16
1494186224, 0, 179, 515, 425, 87, 4.18%, 0, 0, 2, 130.67
1494186229, 0, 180, 515, 424, 86, 4.18%, 0, 0, 2, 134.44
1494186234, 0, 181, 515, 423, 85, 4.18%, 0, 0, 2, 78.05
1494186239, 0, 182, 515, 422, 84, 4.18%, 0, 0, 2, 137.33
1494186250, 0, 185, 515, 420, 82, 4.18%, 0, 0, 2, 134.12
1494186260, 0, 189, 515, 419, 81, 4.18%, 0, 0, 2, 98.16
1494186270, 0, 193, 515, 418, 80, 4.18%, 0, 0, 2, 167.98
1494186275, 0, 197, 515, 417, 79, 4.18%, 0, 0, 2, 167.94
1494186280, 0, 199, 515, 416, 78, 4.18%, 0, 0, 2, 116.11
1494186290, 0, 201, 515, 415, 77, 4.18%, 0, 0, 2, 104.12
1494186295, 0, 202, 515, 414, 76, 4.18%, 0, 0, 2, 89.13
1494186331, 0, 206, 515, 413, 75, 4.18%, 0, 0, 2, 123.20
1494186337, 0, 210, 515, 412, 74, 4.18%, 0, 0, 2, 160.60
1494186342, 0, 214, 515, 411, 73, 4.18%, 0, 0, 2, 106.61
1494186352, 0, 218, 515, 410, 72, 4.18%, 0, 0, 2, 153.99
1494186357, 0, 235, 515, 409, 71, 4.18%, 0, 0, 2, 162.72
1494186367, 0, 237, 515, 407, 69, 4.18%, 0, 0, 2, 158.23
1494186372, 0, 239, 515, 406, 68, 4.18%, 0, 0, 2, 166.75
1494186377, 0, 242, 515, 405, 67, 4.18%, 0, 0, 2, 132.69
1494186383, 0, 244, 515, 404, 66, 4.18%, 0, 0, 2, 170.76
1494186388, 0, 248, 515, 403, 65, 4.18%, 0, 0, 2, 153.96
1494186393, 0, 250, 515, 402, 64, 4.18%, 0, 0, 2, 123.34
1494186398, 0, 253, 515, 401, 63, 4.18%, 0, 0, 2, 121.89
1494186408, 0, 256, 515, 400, 62, 4.18%, 0, 0, 2, 169.17
1494186413, 0, 258, 515, 399, 62, 4.18%, 0, 0, 2, 106.72
1494186418, 0, 262, 515, 398, 61, 4.18%, 0, 0, 2, 141.77
1494186424, 0, 265, 515, 397, 60, 4.18%, 0, 0, 2, 101.84
1494186434, 0, 267, 515, 396, 59, 4.18%, 0, 0, 2, 109.30
1494186439, 0, 272, 515, 395, 58, 4.18%, 0, 0, 2, 111.66
1494186465, 0, 295, 515, 394, 57, 4.18%, 0, 0, 2, 50.68
1494186495, 0, 297, 515, 393, 56, 4.18%, 0, 0, 2, 225.50
1494186506, 0, 304, 515, 392, 55, 4.18%, 0, 0, 2, 84.20
1494186521, 0, 311, 515, 391, 55, 4.18%, 0, 0, 2, 25.32
1494186608, 0, 314, 515, 390, 54, 4.18%, 0, 0, 2, 184.66
1494186613, 0, 323, 515, 389, 53, 4.18%, 0, 0, 2, 52.68
1494186644, 0, 329, 515, 388, 52, 4.18%, 0, 0, 2, 101.41
1494186649, 0, 336, 515, 387, 52, 4.18%, 0, 0, 2, 104.51
1494186659, 0, 337, 515, 386, 51, 4.18%, 0, 0, 2, 144.94
1494186664, 0, 340, 515, 385, 50, 4.18%, 0, 0, 2, 184.20
1494186669, 0, 346, 515, 383, 48, 4.18%, 0, 0, 2, 138.12
1494186679, 0, 347, 515, 382, 47, 4.18%, 0, 0, 2, 24.26
1494186752, 0, 361, 515, 381, 46, 4.18%, 0, 0, 2, 40.37
1494186823, 0, 366, 515, 380, 45, 4.18%, 0, 0, 2, 68.63
1494186829, 0, 369, 515, 379, 44, 4.18%, 0, 0, 2, 115.41
1494186839, 0, 373, 515, 378, 43, 4.18%, 0, 0, 2, 123.70
1494186844, 0, 380, 515, 377, 42, 4.18%, 0, 0, 2, 123.73
1494186849, 0, 386, 515, 375, 40, 4.18%, 0, 0, 2, 159.99
1494186859, 0, 391, 515, 374, 39, 4.18%, 0, 0, 2, 93.31
1494186869, 0, 392, 515, 373, 38, 4.18%, 0, 0, 2, 116.97
1494186875, 0, 393, 515, 372, 37, 4.18%, 0, 0, 2, 148.46
1494186880, 0, 395, 515, 371, 36, 4.18%, 0, 0, 2, 20.89
1494186890, 0, 401, 515, 369, 34, 4.18%, 0, 0, 2, 133.87
1494186895, 0, 402, 515, 368, 33, 4.18%, 0, 0, 2, 99.06
1494186962, 0, 407, 515, 366, 31, 4.18%, 0, 0, 2, 113.91
1494186977, 0, 410, 515, 365, 30, 4.18%, 0, 0, 2, 148.74
1494186987, 0, 413, 515, 364, 29, 4.18%, 0, 0, 2, 79.75
1494186997, 0, 419, 515, 362, 27, 4.18%, 0, 0, 2, 118.61
1494187002, 0, 422, 515, 361, 26, 4.18%, 0, 0, 2, 112.91
1494187008, 0, 425, 515, 360, 25, 4.18%, 0, 0, 2, 107.13
1494187018, 0, 429, 515, 359, 24, 4.18%, 0, 0, 2, 119.11
1494187023, 0, 430, 515, 358, 23, 4.18%, 0, 0, 2, 24.53
1494187111, 0, 431, 515, 357, 22, 4.18%, 0, 0, 2, 50.94
1494187116, 0, 435, 515, 356, 21, 4.18%, 0, 0, 2, 98.84
1494187126, 0, 440, 515, 355, 20, 4.18%, 0, 0, 2, 90.70
1494187131, 0, 446, 515, 354, 19, 4.18%, 0, 0, 2, 95.37
1494187141, 0, 448, 515, 353, 18, 4.18%, 0, 0, 2, 87.96
1494187146, 0, 453, 515, 352, 17, 4.18%, 0, 0, 2, 103.09
1494187151, 0, 454, 515, 351, 16, 4.18%, 0, 0, 2, 114.83
1494187162, 0, 459, 515, 350, 15, 4.18%, 0, 0, 2, 83.16
1494187167, 0, 466, 515, 349, 14, 4.18%, 0, 0, 2, 113.22
1494187177, 0, 467, 515, 348, 14, 4.18%, 0, 0, 2, 125.46
1494187182, 0, 468, 515, 347, 13, 4.18%, 0, 0, 2, 127.61
1494187192, 0, 474, 515, 346, 12, 4.18%, 0, 0, 2, 113.27
1494187198, 0, 479, 515, 345, 11, 4.18%, 0, 0, 2, 106.70
1494187203, 0, 480, 515, 344, 10, 4.18%, 0, 0, 2, 112.09
1494187213, 0, 485, 515, 343, 10, 4.18%, 0, 0, 2, 128.51
1494187218, 0, 486, 515, 342, 9, 4.18%, 0, 0, 2, 120.17
1494187228, 0, 496, 515, 341, 8, 4.18%, 0, 0, 2, 85.16
1494187234, 0, 497, 515, 340, 7, 4.18%, 0, 0, 2, 112.41
1494187244, 0, 499, 515, 339, 6, 4.18%, 0, 0, 2, 77.47
1494187249, 0, 503, 515, 338, 5, 4.18%, 0, 0, 2, 84.45
1494187260, 0, 505, 515, 337, 4, 4.18%, 0, 0, 2, 74.13
1494187265, 0, 506, 515, 336, 3, 4.18%, 0, 0, 2, 17.10
1494187336, 0, 509, 515, 335, 2, 4.18%, 0, 0, 2, 118.04
1494187342, 0, 514, 515, 334, 1, 4.18%, 0, 0, 2, 65.67
1494187347, 1, 0, 515, 333, 0, 4.18%, 0, 0, 2, 118.59
1494187352, 1, 1, 515, 333, 0, 4.18%, 0, 0, 2, 141.12
1494187357, 1, 2, 515, 333, 0, 4.18%, 0, 0, 2, 22.75
1494187362, 1, 4, 515, 333, 0, 4.18%, 0, 0, 2, 124.98
1494187367, 1, 8, 515, 333, 0, 4.18%, 0, 0, 2, 151.04
1494187372, 1, 11, 515, 332, 0, 4.18%, 0, 0, 2, 176.29
1494187377, 1, 14, 515, 332, 0, 4.18%, 0, 0, 2, 163.90
1494187383, 1, 17, 515, 332, 0, 4.18%, 0, 0, 2, 159.41
1494187388, 1, 23, 515, 332, 0, 4.18%, 0, 0, 2, 146.00
1494187393, 1, 27, 515, 332, 0, 4.18%, 0, 0, 2, 170.15
1494187398, 1, 29, 515, 332, 0, 4.18%, 0, 0, 2, 144.66
1494187403, 1, 32, 515, 332, 0, 4.18%, 0, 0, 2, 146.82
1494187408, 1, 34, 515, 332, 0, 4.18%, 0, 0, 2, 159.97
1494187413, 1, 35, 515, 331, 0, 4.18%, 0, 0, 2, 161.29
1494187418, 1, 38, 515, 329, 0, 4.18%, 0, 0, 2, 163.03
1494187423, 1, 42, 515, 329, 0, 4.18%, 0, 0, 2, 157.76
1494187429, 1, 44, 515, 329, 0, 4.18%, 0, 0, 2, 149.36
1494187434, 1, 47, 515, 329, 0, 4.18%, 0, 0, 2, 139.89
1494187439, 1, 48, 515, 329, 0, 4.18%, 0, 0, 2, 167.82
1494187444, 1, 52, 515, 329, 0, 4.18%, 0, 0, 2, 166.27
1494187449, 1, 54, 515, 328, 0, 4.18%, 0, 0, 2, 188.23
1494187454, 1, 55, 515, 328, 0, 4.18%, 0, 0, 2, 138.91
1494187459, 1, 56, 515, 327, 0, 4.18%, 0, 0, 2, 136.07
1494187464, 1, 59, 515, 327, 0, 4.18%, 0, 0, 2, 141.94
1494187469, 1, 62, 515, 327, 0, 4.18%, 0, 0, 2, 140.97
1494187475, 1, 64, 515, 327, 0, 4.18%, 0, 0, 2, 147.69
1494187480, 1, 67, 515, 327, 0, 4.18%, 0, 0, 2, 152.27
1494187485, 1, 68, 515, 327, 0, 4.18%, 0, 0, 2, 130.28
1494187490, 1, 71, 515, 327, 0, 4.18%, 0, 0, 2, 160.59
1494187495, 1, 75, 515, 327, 0, 4.18%, 0, 0, 2, 157.63
1494187500, 1, 76, 515, 327, 0, 4.18%, 0, 0, 2, 160.06
1494187505, 1, 79, 515, 327, 0, 4.18%, 0, 0, 2, 160.77
1494187510, 1, 81, 515, 327, 0, 4.18%, 0, 0, 2, 132.20
1494187515, 1, 84, 515, 327, 0, 4.18%, 0, 0, 2, 169.71
1494187521, 1, 87, 515, 327, 0, 4.18%, 0, 0, 2, 149.75
1494187526, 1, 89, 515, 327, 0, 4.18%, 0, 0, 2, 171.10
1494187531, 1, 91, 515, 326, 0, 4.18%, 0, 0, 2, 159.19
1494187536, 1, 92, 515, 325, 0, 4.18%, 0, 0, 2, 139.01
1494187541, 1, 94, 515, 325, 0, 4.18%, 0, 0, 2, 139.15
1494187546, 1, 99, 515, 325, 0, 4.18%, 0, 0, 2, 153.59
1494187551, 1, 100, 515, 325, 0, 4.18%, 0, 0, 2, 131.10
1494187556, 1, 102, 515, 325, 0, 4.18%, 0, 0, 2, 121.86
1494187561, 1, 103, 515, 324, 0, 4.18%, 0, 0, 2, 157.44
1494187567, 1, 106, 515, 324, 0, 4.18%, 0, 0, 2, 162.33
1494187577, 1, 108, 515, 323, 0, 4.18%, 0, 0, 2, 168.93
1494187582, 1, 112, 515, 322, 0, 4.18%, 0, 0, 2, 151.75
1494187587, 1, 113, 515, 322, 0, 4.18%, 0, 0, 2, 158.43
1494187592, 1, 119, 515, 321, 0, 4.18%, 0, 0, 2, 145.31
1494187597, 1, 122, 515, 321, 0, 4.18%, 0, 0, 2, 171.23
1494187602, 1, 123, 515, 321, 0, 4.18%, 0, 0, 2, 183.44
1494187607, 1, 127, 515, 321, 0, 4.18%, 0, 0, 2, 190.46
1494187613, 1, 128, 515, 321, 0, 4.18%, 0, 0, 2, 152.66
1494187618, 1, 130, 515, 321, 0, 4.18%, 0, 0, 2, 127.28
1494187623, 1, 131, 515, 321, 0, 4.18%, 0, 0, 2, 154.62
1494187628, 1, 132, 515, 321, 0, 4.18%, 0, 0, 2, 170.69
1494187633, 1, 133, 515, 321, 0, 4.18%, 0, 0, 2, 181.70
1494187638, 1, 134, 515, 321, 0, 4.18%, 0, 0, 2, 151.04
1494187643, 1, 136, 515, 320, 0, 4.18%, 0, 0, 2, 157.42
1494187648, 1, 137, 515, 319, 0, 4.18%, 0, 0, 2, 176.71
1494187654, 1, 139, 515, 319, 0, 4.18%, 0, 0, 2, 176.88
1494187659, 1, 143, 515, 319, 0, 4.18%, 0, 0, 2, 176.98
1494187664, 1, 145, 515, 319, 0, 4.18%, 0, 0, 2, 147.77
1494187669, 1, 149, 515, 318, 0, 4.18%, 0, 0, 2, 171.78
1494187674, 1, 152, 515, 318, 0, 4.18%, 0, 0, 2, 168.58
1494187679, 1, 156, 515, 318, 0, 4.18%, 0, 0, 2, 127.13
1494187690, 1, 163, 515, 317, 0, 4.18%, 0, 0, 2, 123.66
1494187700, 1, 166, 515, 315, 0, 4.18%, 0, 0, 2, 156.08
1494187705, 1, 167, 515, 314, 0, 4.18%, 0, 0, 2, 156.35
1494187710, 1, 168, 515, 314, 0, 4.18%, 0, 0, 2, 154.46
1494187715, 1, 173, 515, 313, 0, 4.18%, 0, 0, 2, 168.60
1494187721, 1, 174, 515, 313, 0, 4.18%, 0, 0, 2, 166.72
1494187726, 1, 177, 515, 312, 0, 4.18%, 0, 0, 2, 163.92
1494187731, 1, 180, 515, 312, 0, 4.18%, 0, 0, 2, 158.40
1494187736, 1, 182, 515, 312, 0, 4.18%, 0, 0, 2, 142.36
1494187746, 1, 185, 515, 312, 0, 4.18%, 0, 0, 2, 135.69
1494187751, 1, 188, 515, 311, 0, 4.18%, 0, 0, 2, 143.61
1494187761, 1, 189, 515, 310, 0, 4.18%, 0, 0, 2, 142.69
1494187771, 1, 197, 515, 310, 0, 4.18%, 0, 0, 2, 188.05
1494187782, 1, 201, 515, 310, 0, 4.18%, 0, 0, 2, 150.90
1494187787, 1, 202, 515, 310, 0, 4.18%, 0, 0, 2, 110.95
1494187792, 1, 210, 515, 310, 0, 4.18%, 0, 0, 2, 149.42
1494187797, 1, 214, 515, 310, 0, 4.18%, 0, 0, 2, 162.67
1494187802, 1, 215, 515, 310, 0, 4.18%, 0, 0, 2, 155.60
1494187807, 1, 218, 515, 309, 0, 4.18%, 0, 0, 2, 178.14
1494187812, 1, 219, 515, 309, 0, 4.18%, 0, 0, 2, 149.03
1494187817, 1, 222, 515, 308, 0, 4.18%, 0, 0, 2, 147.05
1494187823, 1, 234, 515, 307, 0, 4.18%, 0, 0, 2, 121.57
1494187828, 1, 235, 515, 306, 0, 4.18%, 0, 0, 2, 160.10
1494187833, 1, 236, 515, 306, 0, 4.18%, 0, 0, 2, 152.25
1494187838, 1, 237, 515, 306, 0, 4.18%, 0, 0, 2, 201.50
1494187843, 1, 241, 515, 306, 0, 4.18%, 0, 0, 2, 165.17
1494187848, 1, 243, 515, 305, 0, 4.18%, 0, 0, 2, 158.34
1494187853, 1, 244, 515, 304, 0, 4.18%, 0, 0, 2, 175.52
1494187858, 1, 245, 515, 304, 0, 4.18%, 0, 0, 2, 170.24
1494187863, 1, 246, 515, 303, 0, 4.18%, 0, 0, 2, 185.75
1494187868, 1, 248, 515, 302, 0, 4.18%, 0, 0, 2, 151.32
1494187873, 1, 252, 515, 302, 0, 4.18%, 0, 0, 2, 149.89
1494187879, 1, 253, 515, 301, 0, 4.18%, 0, 0, 2, 169.19
1494187884, 1, 262, 515, 301, 0, 4.18%, 0, 0, 2, 159.00
1494187889, 1, 263, 515, 301, 0, 4.18%, 0, 0, 2, 214.39
1494187894, 1, 267, 515, 300, 0, 4.18%, 0, 0, 2, 160.18
1494187899, 1, 268, 515, 300, 0, 4.18%, 0, 0, 2, 23.22
1494187924, 1, 271, 515, 299, 0, 4.18%, 0, 0, 2, 194.56
1494187930, 1, 272, 515, 298, 0, 4.18%, 0, 0, 2, 159.93
1494187935, 1, 276, 515, 298, 0, 4.18%, 0, 0, 2, 213.81
1494187940, 1, 280, 515, 297, 0, 4.18%, 0, 0, 2, 155.60
1494187960, 1, 283, 515, 296, 0, 4.18%, 0, 0, 2, 136.90
1494187971, 1, 289, 515, 295, 0, 4.18%, 0, 0, 2, 119.97
1494187976, 1, 290, 515, 294, 0, 4.18%, 0, 0, 2, 165.92
1494187981, 1, 294, 515, 293, 0, 4.18%, 0, 0, 2, 164.17
1494187986, 1, 295, 515, 292, 0, 4.18%, 0, 0, 2, 148.38
1494187991, 1, 297, 515, 292, 0, 4.18%, 0, 0, 2, 168.31
1494187996, 1, 298, 515, 292, 0, 4.18%, 0, 0, 2, 127.23
1494188012, 1, 306, 515, 291, 0, 4.18%, 0, 0, 2, 134.03
1494188022, 1, 307, 515, 290, 0, 4.18%, 0, 0, 2, 150.01
1494188027, 1, 309, 515, 289, 0, 4.18%, 0, 0, 2, 24.21
1494188084, 1, 310, 515, 288, 0, 4.18%, 0, 0, 2, 53.12
1494188089, 1, 311, 515, 287, 0, 4.18%, 0, 0, 2, 87.93
1494188094, 1, 314, 515, 287, 0, 4.18%, 0, 0, 2, 119.85
1494188099, 1, 321, 515, 287, 0, 4.18%, 0, 0, 2, 36.91
1494188135, 1, 322, 515, 286, 0, 4.18%, 0, 0, 2, 72.88
1494188145, 1, 323, 515, 285, 0, 4.18%, 0, 0, 2, 100.53
1494188150, 1, 324, 515, 285, 0, 4.18%, 0, 0, 2, 109.05
1494188171, 1, 337, 515, 284, 0, 4.18%, 0, 0, 2, 161.10
1494188176, 1, 339, 515, 284, 0, 4.18%, 0, 0, 2, 127.95
1494188186, 1, 340, 515, 283, 0, 4.18%, 0, 0, 2, 169.93
1494188191, 1, 345, 515, 283, 0, 4.18%, 0, 0, 2, 119.42
1494188217, 1, 346, 515, 282, 0, 4.18%, 0, 0, 2, 135.46
1494188222, 1, 347, 515, 282, 0, 4.18%, 0, 0, 2, 30.39
1494188227, 1, 355, 515, 282, 0, 4.18%, 0, 0, 2, 58.25
1494188243, 1, 356, 515, 281, 0, 4.18%, 0, 0, 2, 116.83
1494188248, 1, 358, 515, 280, 0, 4.18%, 0, 0, 2, 70.80
1494188268, 1, 361, 515, 279, 0, 4.18%, 0, 0, 2, 85.48
1494188273, 1, 363, 515, 279, 0, 4.18%, 0, 0, 2, 102.85
1494188289, 1, 364, 515, 278, 0, 4.18%, 0, 0, 2, 141.12
1494188294, 1, 366, 515, 277, 0, 4.18%, 0, 0, 2, 150.12
1494188299, 1, 369, 515, 277, 0, 4.18%, 0, 0, 2, 175.90
1494188304, 1, 373, 515, 277, 0, 4.18%, 0, 0, 2, 150.10
1494188309, 1, 375, 515, 277, 0, 4.18%, 0, 0, 2, 159.13
1494188315, 1, 376, 515, 276, 0, 4.18%, 0, 0, 2, 170.85
1494188335, 1, 377, 515, 275, 0, 4.18%, 0, 0, 2, 115.48
1494188340, 1, 380, 515, 274, 0, 4.18%, 0, 0, 2, 123.50
1494188345, 1, 381, 515, 274, 0, 4.18%, 0, 0, 2, 20.69
1494188416, 1, 382, 515, 273, 0, 4.18%, 0, 0, 2, 94.97
1494188421, 1, 383, 515, 272, 0, 4.18%, 0, 0, 2, 90.98
1494188436, 1, 391, 515, 271, 0, 4.18%, 0, 0, 2, 139.33
1494188442, 1, 392, 515, 271, 0, 4.18%, 0, 0, 2, 146.89
1494188447, 1, 395, 515, 271, 0, 4.18%, 0, 0, 2, 131.68
1494188452, 1, 397, 515, 271, 0, 4.18%, 0, 0, 2, 138.73
1494188457, 1, 400, 515, 271, 0, 4.18%, 0, 0, 2, 21.57
1494188482, 1, 401, 515, 270, 0, 4.18%, 0, 0, 2, 123.27
1494188487, 1, 403, 515, 270, 0, 4.18%, 0, 0, 2, 123.04
1494188493, 1, 406, 515, 270, 0, 4.18%, 0, 0, 2, 92.51
1494188503, 1, 407, 515, 269, 0, 4.18%, 0, 0, 2, 128.44
1494188508, 1, 409, 515, 269, 0, 4.18%, 0, 0, 2, 166.06
1494188523, 1, 410, 515, 268, 0, 4.18%, 0, 0, 2, 125.41
1494188528, 1, 413, 515, 268, 0, 4.18%, 0, 0, 2, 124.13
1494188533, 1, 422, 515, 268, 0, 4.18%, 0, 0, 2, 141.42
1494188539, 1, 423, 515, 268, 0, 4.18%, 0, 0, 2, 69.92
1494188544, 1, 426, 515, 267, 0, 4.18%, 0, 0, 2, 93.45
1494188594, 1, 427, 515, 266, 0, 4.18%, 0, 0, 2, 65.42
1494188615, 1, 429, 515, 265, 0, 4.18%, 0, 0, 2, 82.30
1494188620, 1, 430, 515, 265, 0, 4.18%, 0, 0, 2, 89.55
1494188625, 1, 435, 515, 265, 0, 4.18%, 0, 0, 2, 123.34
1494188630, 1, 436, 515, 265, 0, 4.18%, 0, 0, 2, 111.24
1494188655, 1, 437, 515, 264, 0, 4.18%, 0, 0, 2, 86.66
1494188665, 1, 443, 515, 263, 0, 4.18%, 0, 0, 2, 21.04
1494188742, 1, 445, 515, 262, 0, 4.18%, 0, 0, 2, 56.89
1494188794, 1, 446, 515, 261, 0, 4.18%, 0, 0, 2, 92.49
1494188799, 1, 450, 515, 261, 0, 4.18%, 0, 0, 2, 22.31
1494188876, 1, 452, 515, 260, 0, 4.18%, 0, 0, 2, 136.11
1494188886, 1, 453, 515, 259, 0, 4.18%, 0, 0, 2, 110.48
1494188891, 1, 455, 515, 259, 0, 4.18%, 0, 0, 2, 106.46
1494188896, 1, 457, 515, 258, 0, 4.18%, 0, 0, 2, 102.96
1494188907, 1, 459, 515, 257, 0, 4.18%, 0, 0, 2, 135.03
1494188912, 1, 461, 515, 257, 0, 4.18%, 0, 0, 2, 115.01
1494188932, 1, 468, 515, 256, 0, 4.18%, 0, 0, 2, 145.61
1494188938, 1, 474, 515, 256, 0, 4.18%, 0, 0, 2, 135.90
1494188943, 1, 476, 515, 256, 0, 4.18%, 0, 0, 2, 126.79
1494188958, 1, 479, 515, 255, 0, 4.18%, 0, 0, 2, 135.53
1494188963, 1, 483, 515, 255, 0, 4.18%, 0, 0, 2, 134.27
1494188968, 1, 485, 515, 254, 0, 4.18%, 0, 0, 2, 132.39
1494188974, 1, 488, 515, 254, 0, 4.18%, 0, 0, 2, 132.57
1494188979, 1, 493, 515, 253, 0, 4.18%, 0, 0, 2, 102.00
1494188994, 1, 496, 515, 252, 0, 4.18%, 0, 0, 2, 101.64
1494188999, 1, 497, 515, 252, 0, 4.18%, 0, 0, 2, 108.17
1494189004, 1, 500, 515, 252, 0, 4.18%, 0, 0, 2, 108.05
1494189014, 1, 501, 515, 251, 0, 4.18%, 0, 0, 2, 87.92
1494189019, 1, 503, 515, 250, 0, 4.18%, 0, 0, 2, 109.84
1494189025, 1, 504, 515, 250, 0, 4.18%, 0, 0, 2, 110.13
1494189045, 1, 505, 515, 249, 0, 4.18%, 0, 0, 2, 134.95
1494189050, 1, 508, 515, 249, 0, 4.18%, 0, 0, 2, 118.53
1494189061, 1, 514, 515, 248, 0, 4.18%, 0, 0, 2, 134.26
1494189066, 2, 0, 515, 248, 0, 4.18%, 0, 0, 2, 138.33
1494189071, 2, 1, 515, 248, 0, 4.18%, 0, 0, 2, 146.71
1494189076, 2, 3, 515, 248, 0, 4.18%, 0, 0, 2, 165.50
1494189081, 2, 6, 515, 248, 0, 4.18%, 0, 0, 2, 167.23
1494189086, 2, 8, 515, 247, 0, 4.18%, 0, 0, 2, 172.17
1494189091, 2, 12, 515, 247, 0, 4.18%, 0, 0, 2, 149.69
1494189096, 2, 13, 515, 246, 0, 4.18%, 0, 0, 2, 147.43
1494189102, 2, 15, 515, 246, 0, 4.18%, 0, 0, 2, 153.19
1494189107, 2, 16, 515, 246, 0, 4.18%, 0, 0, 2, 167.97
1494189112, 2, 18, 515, 245, 0, 4.18%, 0, 0, 2, 153.47
1494189117, 2, 21, 515, 243, 0, 4.18%, 0, 0, 2, 161.87
1494189122, 2, 22, 515, 243, 0, 4.18%, 0, 0, 2, 176.18
1494189127, 2, 27, 515, 242, 0, 4.18%, 0, 0, 2, 171.66
1494189133, 2, 28, 515, 242, 0, 4.18%, 0, 0, 2, 140.42
1494189138, 2, 29, 515, 241, 0, 4.18%, 0, 0, 2, 138.81
1494189143, 2, 32, 515, 241, 0, 4.18%, 0, 0, 2, 131.03
1494189148, 2, 33, 515, 241, 0, 4.18%, 0, 0, 2, 147.39
1494189153, 2, 40, 515, 241, 0, 4.18%, 0, 0, 2, 178.84
1494189158, 2, 41, 515, 240, 0, 4.18%, 0, 0, 2, 166.97
1494189163, 2, 43, 515, 240, 0, 4.18%, 0, 0, 2, 163.21
1494189168, 2, 45, 515, 240, 0, 4.18%, 0, 0, 2, 155.75
1494189173, 2, 48, 515, 240, 0, 4.18%, 0, 0, 2, 153.61
1494189178, 2, 50, 515, 240, 0, 4.18%, 0, 0, 2, 163.87
1494189183, 2, 54, 515, 240, 0, 4.18%, 0, 0, 2, 181.91
1494189189, 2, 56, 515, 240, 0, 4.18%, 0, 0, 2, 157.94
1494189194, 2, 59, 515, 240, 0, 4.18%, 0, 0, 2, 144.52
1494189199, 2, 60, 515, 240, 0, 4.18%, 0, 0, 2, 131.81
1494189204, 2, 62, 515, 240, 0, 4.18%, 0, 0, 2, 122.36
1494189209, 2, 65, 515, 240, 0, 4.18%, 0, 0, 2, 142.73
1494189214, 2, 68, 515, 240, 0, 4.18%, 0, 0, 2, 133.46
1494189220, 2, 71, 515, 240, 0, 4.18%, 0, 0, 2, 131.59
1494189225, 2, 73, 515, 240, 0, 4.18%, 0, 0, 2, 156.24
1494189230, 2, 74, 515, 240, 0, 4.18%, 0, 0, 2, 161.72
1494189235, 2, 75, 515, 239, 0, 4.18%, 0, 0, 2, 141.95
1494189240, 2, 77, 515, 239, 0, 4.18%, 0, 0, 2, 156.51
1494189245, 2, 81, 515, 239, 0, 4.18%, 0, 0, 2, 155.73
1494189250, 2, 83, 515, 239, 0, 4.18%, 0, 0, 2, 165.08
1494189255, 2, 84, 515, 239, 0, 4.18%, 0, 0, 2, 152.63
1494189260, 2, 87, 515, 239, 0, 4.18%, 0, 0, 2, 148.57
1494189265, 2, 92, 515, 239, 0, 4.18%, 0, 0, 2, 165.19
1494189270, 2, 95, 515, 239, 0, 4.18%, 0, 0, 2, 155.07
1494189276, 2, 97, 515, 239, 0, 4.18%, 0, 0, 2, 161.90
1494189281, 2, 100, 515, 238, 0, 4.18%, 0, 0, 2, 134.82
1494189286, 2, 103, 515, 238, 0, 4.18%, 0, 0, 2, 154.65
1494189291, 2, 111, 515, 238, 0, 4.18%, 0, 0, 2, 164.75
1494189296, 2, 112, 515, 238, 0, 4.18%, 0, 0, 2, 163.25
1494189301, 2, 114, 515, 238, 0, 4.18%, 0, 0, 2, 141.33
1494189306, 2, 118, 515, 237, 0, 4.18%, 0, 0, 2, 150.54
1494189312, 2, 119, 515, 236, 0, 4.18%, 0, 0, 2, 158.35
1494189317, 2, 122, 515, 236, 0, 4.18%, 0, 0, 2, 170.93
1494189322, 2, 123, 515, 236, 0, 4.18%, 0, 0, 2, 172.14
1494189327, 2, 127, 515, 236, 0, 4.18%, 0, 0, 2, 168.51
1494189332, 2, 128, 515, 236, 0, 4.18%, 0, 0, 2, 142.20
1494189337, 2, 130, 515, 236, 0, 4.18%, 0, 0, 2, 121.89
1494189342, 2, 131, 515, 236, 0, 4.18%, 0, 0, 2, 175.04
1494189348, 2, 133, 515, 236, 0, 4.18%, 0, 0, 2, 170.33
1494189358, 2, 137, 515, 236, 0, 4.18%, 0, 0, 2, 176.10
1494189363, 2, 138, 515, 236, 0, 4.18%, 0, 0, 2, 180.49
1494189368, 2, 142, 515, 236, 0, 4.18%, 0, 0, 2, 185.75
1494189373, 2, 143, 515, 235, 0, 4.18%, 0, 0, 2, 181.26
1494189378, 2, 149, 515, 235, 0, 4.18%, 0, 0, 2, 178.85
1494189384, 2, 151, 515, 235, 0, 4.18%, 0, 0, 2, 182.83
1494189389, 2, 152, 515, 234, 0, 4.18%, 0, 0, 2, 180.48
1494189394, 2, 158, 515, 234, 0, 4.18%, 0, 0, 2, 157.26
1494189399, 2, 159, 515, 233, 0, 4.18%, 0, 0, 2, 155.26
1494189404, 2, 160, 515, 233, 0, 4.18%, 0, 0, 2, 171.49
1494189409, 2, 162, 515, 232, 0, 4.18%, 0, 0, 2, 150.49
1494189425, 2, 167, 515, 231, 0, 4.18%, 0, 0, 2, 142.69
1494189430, 2, 170, 515, 231, 0, 4.18%, 0, 0, 2, 168.70
1494189435, 2, 171, 515, 231, 0, 4.18%, 0, 0, 2, 169.06
1494189440, 2, 173, 515, 230, 0, 4.18%, 0, 0, 2, 176.14
1494189445, 2, 175, 515, 230, 0, 4.18%, 0, 0, 2, 162.59
1494189450, 2, 178, 515, 230, 0, 4.18%, 0, 0, 2, 150.33
1494189455, 2, 179, 515, 229, 0, 4.18%, 0, 0, 2, 163.29
1494189460, 2, 181, 515, 229, 0, 4.18%, 0, 0, 2, 154.36
1494189465, 2, 182, 515, 229, 0, 4.18%, 0, 0, 2, 161.88
1494189471, 2, 184, 515, 229, 0, 4.18%, 0, 0, 2, 147.55
1494189476, 2, 185, 515, 228, 0, 4.18%, 0, 0, 2, 158.29
1494189481, 2, 189, 515, 228, 0, 4.18%, 0, 0, 2, 174.70
1494189486, 2, 190, 515, 228, 0, 4.18%, 0, 0, 2, 163.57
1494189491, 2, 196, 515, 227, 0, 4.18%, 0, 0, 2, 173.01
1494189496, 2, 197, 515, 226, 0, 4.18%, 0, 0, 2, 174.13
1494189502, 2, 199, 515, 226, 0, 4.18%, 0, 0, 2, 151.78
1494189507, 2, 202, 515, 226, 0, 4.18%, 0, 0, 2, 124.78
1494189512, 2, 210, 515, 226, 0, 4.18%, 0, 0, 2, 150.63
1494189522, 2, 214, 515, 226, 0, 4.18%, 0, 0, 2, 143.34
1494189527, 2, 218, 515, 226, 0, 4.18%, 0, 0, 2, 153.39
1494189533, 2, 231, 515, 226, 0, 4.18%, 0, 0, 2, 160.23
1494189538, 2, 235, 515, 225, 0, 4.18%, 0, 0, 2, 170.20
1494189543, 2, 236, 515, 225, 0, 4.18%, 0, 0, 2, 145.65
1494189548, 2, 237, 515, 225, 0, 4.18%, 0, 0, 2, 163.26
1494189553, 2, 242, 515, 225, 0, 4.18%, 0, 0, 2, 154.16
1494189558, 2, 244, 515, 225, 0, 4.18%, 0, 0, 2, 161.91
1494189563, 2, 247, 515, 225, 0, 4.18%, 0, 0, 2, 162.91
1494189568, 2, 250, 515, 224, 0, 4.18%, 0, 0, 2, 156.14
1494189573, 2, 253, 515, 224, 0, 4.18%, 0, 0, 2, 173.33
1494189579, 2, 255, 515, 224, 0, 4.18%, 0, 0, 2, 151.78
1494189584, 2, 262, 515, 223, 0, 4.18%, 0, 0, 2, 163.49
1494189589, 2, 266, 515, 223, 0, 4.18%, 0, 0, 2, 157.92
1494189599, 2, 272, 515, 222, 0, 4.18%, 0, 0, 2, 143.37
1494189604, 2, 273, 515, 222, 0, 4.18%, 0, 0, 2, 127.62
1494189614, 2, 275, 515, 220, 0, 4.18%, 0, 0, 2, 156.14
1494189619, 2, 284, 515, 219, 0, 4.18%, 0, 0, 2, 98.37
1494189655, 2, 296, 515, 218, 0, 4.18%, 0, 0, 2, 130.33
1494189660, 2, 297, 515, 217, 0, 4.18%, 0, 0, 2, 159.00
1494189665, 2, 303, 515, 217, 0, 4.18%, 0, 0, 2, 23.55
1494189727, 2, 306, 515, 216, 0, 4.18%, 0, 0, 2, 168.37
1494189732, 2, 311, 515, 216, 0, 4.18%, 0, 0, 2, 122.72
1494189737, 2, 314, 515, 216, 0, 4.18%, 0, 0, 2, 134.12
1494189742, 2, 319, 515, 216, 0, 4.18%, 0, 0, 2, 146.94
1494189772, 2, 323, 515, 215, 0, 4.18%, 0, 0, 2, 105.36
1494189777, 2, 327, 515, 215, 0, 4.18%, 0, 0, 2, 122.96
1494189787, 2, 332, 515, 214, 0, 4.18%, 0, 0, 2, 166.09
1494189808, 2, 337, 515, 213, 0, 4.18%, 0, 0, 2, 153.89
1494189813, 2, 340, 515, 213, 0, 4.18%, 0, 0, 2, 176.75
1494189818, 2, 341, 515, 213, 0, 4.18%, 0, 0, 2, 178.48
1494189823, 2, 343, 515, 212, 0, 4.18%, 0, 0, 2, 17.65
1494189926, 2, 346, 515, 211, 0, 4.18%, 0, 0, 2, 154.42
1494189931, 2, 347, 515, 211, 0, 4.18%, 0, 0, 2, 22.22
1494189936, 2, 354, 515, 211, 0, 4.18%, 0, 0, 2, 158.31
1494189946, 2, 359, 515, 210, 0, 4.18%, 0, 0, 2, 156.76
1494189967, 2, 365, 515, 209, 0, 4.18%, 0, 0, 2, 106.86
1494189988, 2, 369, 515, 208, 0, 4.18%, 0, 0, 2, 153.12
1494189998, 2, 373, 515, 207, 0, 4.18%, 0, 0, 2, 144.00
1494190003, 2, 380, 515, 207, 0, 4.18%, 0, 0, 2, 162.15
1494190008, 2, 385, 515, 207, 0, 4.18%, 0, 0, 2, 102.55
1494190034, 2, 386, 515, 206, 0, 4.18%, 0, 0, 2, 121.92
1494190039, 2, 390, 515, 206, 0, 4.18%, 0, 0, 2, 113.95
1494190049, 2, 391, 515, 205, 0, 4.18%, 0, 0, 2, 172.15
1494190054, 2, 392, 515, 205, 0, 4.18%, 0, 0, 2, 108.30
1494190059, 2, 395, 515, 205, 0, 4.18%, 0, 0, 2, 131.14
1494190069, 2, 402, 515, 205, 0, 4.18%, 0, 0, 2, 140.75
1494190074, 2, 403, 515, 205, 0, 4.18%, 0, 0, 2, 158.06
1494190079, 2, 405, 515, 205, 0, 4.18%, 0, 0, 2, 113.99
1494190094, 2, 407, 515, 204, 0, 4.18%, 0, 0, 2, 148.69
1494190100, 2, 408, 515, 204, 0, 4.18%, 0, 0, 2, 140.44
1494190110, 2, 410, 515, 203, 0, 4.18%, 0, 0, 2, 125.33
1494190115, 2, 416, 515, 203, 0, 4.18%, 0, 0, 2, 146.63
1494190130, 2, 418, 515, 202, 0, 4.18%, 0, 0, 2, 167.57
1494190136, 2, 421, 515, 202, 0, 4.18%, 0, 0, 2, 129.52
1494190156, 2, 425, 515, 201, 0, 4.18%, 0, 0, 2, 125.76
1494190161, 2, 430, 515, 201, 0, 4.18%, 0, 0, 2, 121.65
1494190166, 2, 431, 515, 201, 0, 4.18%, 0, 0, 2, 138.30
1494190171, 2, 435, 515, 201, 0, 4.18%, 0, 0, 2, 146.39
1494190176, 2, 439, 515, 201, 0, 4.18%, 0, 0, 2, 119.85
1494190182, 2, 442, 515, 200, 0, 4.18%, 0, 0, 2, 19.87
1494190202, 2, 448, 515, 199, 0, 4.18%, 0, 0, 2, 103.93
1494190207, 2, 453, 515, 199, 0, 4.18%, 0, 0, 2, 114.16
1494190212, 2, 459, 515, 199, 0, 4.18%, 0, 0, 2, 124.23
1494190217, 2, 467, 515, 199, 0, 4.18%, 0, 0, 2, 149.28
1494190222, 2, 468, 515, 199, 0, 4.18%, 0, 0, 2, 140.29
1494190227, 2, 473, 515, 199, 0, 4.18%, 0, 0, 2, 141.32
1494190233, 2, 475, 515, 198, 0, 4.18%, 0, 0, 2, 164.77
1494190238, 2, 481, 515, 197, 0, 4.18%, 0, 0, 2, 135.64
1494190253, 2, 486, 515, 196, 0, 4.18%, 0, 0, 2, 140.01
1494190258, 2, 492, 515, 195, 0, 4.18%, 0, 0, 2, 157.59
1494190268, 2, 495, 515, 194, 0, 4.18%, 0, 0, 2, 122.27
1494190310, 2, 496, 515, 193, 0, 4.18%, 0, 0, 2, 127.37
1494190315, 2, 499, 515, 193, 0, 4.18%, 0, 0, 2, 128.33
1494190320, 2, 505, 515, 193, 0, 4.18%, 0, 0, 2, 9.35
1494190325, 2, 506, 515, 193, 0, 4.18%, 0, 0, 2, 108.77
1494190330, 2, 510, 515, 193, 0, 4.18%, 0, 0, 2, 122.00
1494190345, 2, 511, 515, 192, 0, 4.18%, 0, 0, 2, 82.84
1494190396, 2, 514, 515, 191, 0, 4.18%, 0, 0, 2, 104.81
1494190401, 3, 0, 515, 191, 0, 4.18%, 0, 0, 2, 136.80
1494190406, 3, 2, 515, 191, 0, 4.18%, 0, 0, 2, 157.41
1494190412, 3, 4, 515, 191, 0, 4.18%, 0, 0, 2, 170.55
1494190417, 3, 8, 515, 191, 0, 4.18%, 0, 0, 2, 183.57
1494190422, 3, 11, 515, 190, 0, 4.18%, 0, 0, 2, 173.72
1494190427, 3, 14, 515, 190, 0, 4.18%, 0, 0, 2, 151.61
1494190432, 3, 15, 515, 190, 0, 4.18%, 0, 0, 2, 168.99
1494190437, 3, 23, 515, 190, 0, 4.18%, 0, 0, 2, 171.69
1494190442, 3, 27, 515, 190, 0, 4.18%, 0, 0, 2, 165.01
1494190448, 3, 29, 515, 190, 0, 4.18%, 0, 0, 2, 154.36
1494190453, 3, 30, 515, 190, 0, 4.18%, 0, 0, 2, 159.92
1494190458, 3, 33, 515, 190, 0, 4.18%, 0, 0, 2, 157.53
1494190463, 3, 38, 515, 190, 0, 4.18%, 0, 0, 2, 162.04
1494190468, 3, 42, 515, 190, 0, 4.18%, 0, 0, 2, 149.28
1494190473, 3, 44, 515, 190, 0, 4.18%, 0, 0, 2, 138.56
1494190479, 3, 47, 515, 190, 0, 4.18%, 0, 0, 2, 147.11
1494190484, 3, 48, 515, 190, 0, 4.18%, 0, 0, 2, 30.81
1494190489, 3, 53, 515, 190, 0, 4.18%, 0, 0, 2, 185.06
1494190494, 3, 56, 515, 190, 0, 4.18%, 0, 0, 2, 176.02
1494190499, 3, 58, 515, 189, 0, 4.18%, 0, 0, 2, 165.86
1494190504, 3, 59, 515, 189, 0, 4.18%, 0, 0, 2, 155.84
1494190509, 3, 62, 515, 189, 0, 4.18%, 0, 0, 2, 134.94
1494190515, 3, 64, 515, 189, 0, 4.18%, 0, 0, 2, 145.16
1494190520, 3, 67, 515, 189, 0, 4.18%, 0, 0, 2, 149.42
1494190525, 3, 69, 515, 189, 0, 4.18%, 0, 0, 2, 147.54
1494190530, 3, 71, 515, 188, 0, 4.18%, 0, 0, 2, 162.81
1494190540, 3, 76, 515, 188, 0, 4.18%, 0, 0, 2, 144.63
1494190551, 3, 78, 515, 188, 0, 4.18%, 0, 0, 2, 163.11
1494190556, 3, 81, 515, 187, 0, 4.18%, 0, 0, 2, 156.30
1494190561, 3, 83, 515, 187, 0, 4.18%, 0, 0, 2, 169.84
1494190566, 3, 85, 515, 187, 0, 4.18%, 0, 0, 2, 165.87
1494190571, 3, 88, 515, 187, 0, 4.18%, 0, 0, 2, 166.07
1494190577, 3, 93, 515, 187, 0, 4.18%, 0, 0, 2, 176.92
1494190582, 3, 95, 515, 187, 0, 4.18%, 0, 0, 2, 50.89
1494190587, 3, 99, 515, 187, 0, 4.18%, 0, 0, 2, 129.50
1494190592, 3, 101, 515, 187, 0, 4.18%, 0, 0, 2, 23.73
1494190597, 3, 103, 515, 187, 0, 4.18%, 0, 0, 2, 153.42
1494190602, 3, 111, 515, 186, 0, 4.18%, 0, 0, 2, 184.02
1494190607, 3, 112, 515, 186, 0, 4.18%, 0, 0, 2, 179.97
1494190612, 3, 119, 515, 185, 0, 4.18%, 0, 0, 2, 147.11
1494190617, 3, 122, 515, 185, 0, 4.18%, 0, 0, 2, 162.13
1494190623, 3, 123, 515, 185, 0, 4.18%, 0, 0, 2, 177.65
1494190628, 3, 127, 515, 185, 0, 4.18%, 0, 0, 2, 186.42
1494190633, 3, 128, 515, 185, 0, 4.18%, 0, 0, 2, 161.42
1494190638, 3, 130, 515, 185, 0, 4.18%, 0, 0, 2, 147.46
1494190643, 3, 131, 515, 185, 0, 4.18%, 0, 0, 2, 168.93
1494190649, 3, 132, 515, 185, 0, 4.18%, 0, 0, 2, 161.55
1494190654, 3, 133, 515, 185, 0, 4.18%, 0, 0, 2, 168.78
1494190659, 3, 137, 515, 185, 0, 4.18%, 0, 0, 2, 148.28
1494190669, 3, 139, 515, 185, 0, 4.18%, 0, 0, 2, 173.62
1494190674, 3, 143, 515, 185, 0, 4.18%, 0, 0, 2, 178.73
1494190679, 3, 146, 515, 185, 0, 4.18%, 0, 0, 2, 182.76
1494190684, 3, 147, 515, 184, 0, 4.18%, 0, 0, 2, 19.51
1494190689, 3, 149, 515, 183, 0, 4.18%, 0, 0, 2, 168.23
1494190699, 3, 152, 515, 182, 0, 4.18%, 0, 0, 2, 171.19
1494190705, 3, 159, 515, 182, 0, 4.18%, 0, 0, 2, 139.25
1494190710, 3, 167, 515, 182, 0, 4.18%, 0, 0, 2, 166.98
1494190715, 3, 169, 515, 182, 0, 4.18%, 0, 0, 2, 93.62
1494190741, 3, 173, 515, 181, 0, 4.18%, 0, 0, 2, 161.45
1494190746, 3, 175, 515, 181, 0, 4.18%, 0, 0, 2, 171.16
1494190751, 3, 179, 515, 181, 0, 4.18%, 0, 0, 2, 165.08
1494190756, 3, 181, 515, 181, 0, 4.18%, 0, 0, 2, 147.17
1494190761, 3, 182, 515, 181, 0, 4.18%, 0, 0, 2, 159.60
1494190766, 3, 185, 515, 181, 0, 4.18%, 0, 0, 2, 163.14
1494190772, 3, 189, 515, 181, 0, 4.18%, 0, 0, 2, 157.41
1494190777, 3, 193, 515, 181, 0, 4.18%, 0, 0, 2, 168.89
1494190782, 3, 197, 515, 180, 0, 4.18%, 0, 0, 2, 178.50
1494190787, 3, 198, 515, 180, 0, 4.18%, 0, 0, 2, 164.42
1494190797, 3, 199, 515, 179, 0, 4.18%, 0, 0, 2, 129.81
1494190802, 3, 202, 515, 179, 0, 4.18%, 0, 0, 2, 106.07
1494190807, 3, 206, 515, 178, 0, 4.18%, 0, 0, 2, 133.69
1494190813, 3, 208, 515, 178, 0, 4.18%, 0, 0, 2, 177.40
1494190818, 3, 210, 515, 177, 0, 4.18%, 0, 0, 2, 179.46
1494190823, 3, 211, 515, 177, 0, 4.18%, 0, 0, 2, 170.06
1494190833, 3, 218, 515, 176, 0, 4.18%, 0, 0, 2, 155.74
1494190843, 3, 220, 515, 176, 0, 4.18%, 0, 0, 2, 137.52
1494190853, 3, 225, 515, 174, 0, 4.18%, 0, 0, 2, 168.70
1494190858, 3, 230, 515, 172, 0, 4.18%, 0, 0, 2, 169.46
1494190863, 3, 235, 515, 171, 0, 4.18%, 0, 0, 2, 170.32
1494190868, 3, 237, 515, 171, 0, 4.18%, 0, 0, 2, 153.59
1494190879, 3, 242, 515, 171, 0, 4.18%, 0, 0, 2, 160.81
1494190884, 3, 244, 515, 171, 0, 4.18%, 0, 0, 2, 182.94
1494190889, 3, 248, 515, 171, 0, 4.18%, 0, 0, 2, 164.95
1494190894, 3, 253, 515, 171, 0, 4.18%, 0, 0, 2, 150.69
1494190904, 3, 258, 515, 170, 0, 4.18%, 0, 0, 2, 160.33
1494190909, 3, 267, 515, 170, 0, 4.18%, 0, 0, 2, 164.86
1494190914, 3, 272, 515, 170, 0, 4.18%, 0, 0, 2, 142.52
1494190919, 3, 278, 515, 170, 0, 4.18%, 0, 0, 2, 83.19
1494190935, 3, 284, 515, 169, 0, 4.18%, 0, 0, 2, 110.99
1494190940, 3, 295, 515, 169, 0, 4.18%, 0, 0, 2, 137.28
1494190945, 3, 297, 515, 169, 0, 4.18%, 0, 0, 2, 160.48
1494190950, 3, 311, 515, 168, 0, 4.18%, 0, 0, 2, 33.18
1494190955, 3, 312, 515, 168, 0, 4.18%, 0, 0, 2, 66.28
1494190976, 3, 314, 515, 167, 0, 4.18%, 0, 0, 2, 134.45
1494190981, 3, 323, 515, 167, 0, 4.18%, 0, 0, 2, 155.12
1494190986, 3, 328, 515, 167, 0, 4.18%, 0, 0, 2, 123.06
1494191012, 3, 337, 515, 166, 0, 4.18%, 0, 0, 2, 104.02
1494191017, 3, 340, 515, 166, 0, 4.18%, 0, 0, 2, 165.75
1494191022, 3, 344, 515, 166, 0, 4.18%, 0, 0, 2, 171.87
1494191027, 3, 347, 515, 166, 0, 4.18%, 0, 0, 2, 136.74
1494191032, 3, 351, 515, 166, 0, 4.18%, 0, 0, 2, 110.08
1494191037, 3, 352, 515, 165, 0, 4.18%, 0, 0, 2, 119.28
1494191042, 3, 361, 515, 164, 0, 4.18%, 0, 0, 2, 102.93
1494191047, 3, 362, 515, 164, 0, 4.18%, 0, 0, 2, 71.37
1494191109, 3, 369, 515, 163, 0, 4.18%, 0, 0, 2, 132.45
1494191114, 3, 371, 515, 163, 0, 4.18%, 0, 0, 2, 141.48
1494191135, 3, 373, 515, 162, 0, 4.18%, 0, 0, 2, 113.28
1494191140, 3, 374, 515, 162, 0, 4.18%, 0, 0, 2, 89.46
1494191145, 3, 378, 515, 161, 0, 4.18%, 0, 0, 2, 83.50
1494191165, 3, 380, 515, 160, 0, 4.18%, 0, 0, 2, 128.36
1494191170, 3, 386, 515, 160, 0, 4.18%, 0, 0, 2, 154.33
1494191175, 3, 387, 515, 160, 0, 4.18%, 0, 0, 2, 83.64
1494191180, 3, 391, 515, 159, 0, 4.18%, 0, 0, 2, 114.61
1494191186, 3, 392, 515, 159, 0, 4.18%, 0, 0, 2, 132.08
1494191191, 3, 395, 515, 159, 0, 4.18%, 0, 0, 2, 143.05
1494191196, 3, 397, 515, 159, 0, 4.18%, 0, 0, 2, 150.44
1494191201, 3, 402, 515, 159, 0, 4.18%, 0, 0, 2, 107.38
1494191206, 3, 407, 515, 159, 0, 4.18%, 0, 0, 2, 131.83
1494191216, 3, 411, 515, 159, 0, 4.18%, 0, 0, 2, 33.48
1494191227, 3, 419, 515, 158, 0, 4.18%, 0, 0, 2, 153.73
1494191232, 3, 425, 515, 158, 0, 4.18%, 0, 0, 2, 148.07
1494191237, 3, 429, 515, 158, 0, 4.18%, 0, 0, 2, 141.84
1494191242, 3, 431, 515, 158, 0, 4.18%, 0, 0, 2, 155.13
1494191247, 3, 434, 515, 158, 0, 4.18%, 0, 0, 2, 128.26
1494191262, 3, 435, 515, 157, 0, 4.18%, 0, 0, 2, 141.28
1494191267, 3, 440, 515, 157, 0, 4.18%, 0, 0, 2, 162.61
1494191272, 3, 441, 515, 157, 0, 4.18%, 0, 0, 2, 82.51
1494191278, 3, 444, 515, 156, 0, 4.18%, 0, 0, 2, 17.39
1494191334, 3, 448, 515, 155, 0, 4.18%, 0, 0, 2, 113.88
1494191339, 3, 453, 515, 155, 0, 4.18%, 0, 0, 2, 140.73
1494191345, 3, 454, 515, 155, 0, 4.18%, 0, 0, 2, 113.95
1494191350, 3, 458, 515, 155, 0, 4.18%, 0, 0, 2, 119.94
1494191370, 3, 459, 515, 154, 0, 4.18%, 0, 0, 2, 145.24
1494191375, 3, 463, 515, 154, 0, 4.18%, 0, 0, 2, 113.77
1494191396, 3, 467, 515, 153, 0, 4.18%, 0, 0, 2, 140.39
1494191401, 3, 468, 515, 153, 0, 4.18%, 0, 0, 2, 161.56
1494191406, 3, 473, 515, 152, 0, 4.18%, 0, 0, 2, 178.93
1494191411, 3, 479, 515, 152, 0, 4.18%, 0, 0, 2, 165.41
1494191416, 3, 486, 515, 152, 0, 4.18%, 0, 0, 2, 139.51
1494191421, 3, 489, 515, 152, 0, 4.18%, 0, 0, 2, 88.42
1494191427, 3, 496, 515, 151, 0, 4.18%, 0, 0, 2, 130.78
1494191432, 3, 499, 515, 151, 0, 4.18%, 0, 0, 2, 135.06
1494191437, 3, 505, 515, 151, 0, 4.18%, 0, 0, 2, 126.43
1494191442, 3, 509, 515, 151, 0, 4.18%, 0, 0, 2, 132.79
1494191447, 3, 512, 515, 151, 0, 4.18%, 0, 0, 2, 91.74
1494191457, 3, 514, 515, 150, 0, 4.18%, 0, 0, 2, 133.49
1494191462, 4, 0, 515, 150, 0, 4.18%, 0, 0, 2, 143.59
1494191467, 4, 1, 515, 150, 0, 4.18%, 0, 0, 2, 154.69
1494191472, 4, 4, 515, 150, 0, 4.18%, 0, 0, 2, 159.53
1494191478, 4, 7, 515, 150, 0, 4.18%, 0, 0, 2, 164.94
1494191483, 4, 11, 515, 150, 0, 4.18%, 0, 0, 2, 165.34
1494191488, 4, 14, 515, 150, 0, 4.18%, 0, 0, 2, 158.86
1494191493, 4, 17, 515, 150, 0, 4.18%, 0, 0, 2, 156.58
1494191498, 4, 23, 515, 150, 0, 4.18%, 0, 0, 2, 137.20
1494191503, 4, 27, 515, 150, 0, 4.18%, 0, 0, 2, 160.31
1494191508, 4, 29, 515, 150, 0, 4.18%, 0, 0, 2, 143.84
1494191513, 4, 32, 515, 150, 0, 4.18%, 0, 0, 2, 149.77
1494191518, 4, 34, 515, 150, 0, 4.18%, 0, 0, 2, 174.34
1494191523, 4, 36, 515, 150, 0, 4.18%, 0, 0, 2, 180.01
1494191528, 4, 38, 515, 149, 0, 4.18%, 0, 0, 2, 166.42
1494191534, 4, 42, 515, 149, 0, 4.18%, 0, 0, 2, 163.74
1494191539, 4, 45, 515, 149, 0, 4.18%, 0, 0, 2, 151.76
1494191544, 4, 48, 515, 149, 0, 4.18%, 0, 0, 2, 155.00
1494191549, 4, 50, 515, 149, 0, 4.18%, 0, 0, 2, 158.76
1494191554, 4, 53, 515, 148, 0, 4.18%, 0, 0, 2, 178.78
1494191559, 4, 54, 515, 148, 0, 4.18%, 0, 0, 2, 174.45
1494191565, 4, 58, 515, 148, 0, 4.18%, 0, 0, 2, 154.29
1494191570, 4, 59, 515, 148, 0, 4.18%, 0, 0, 2, 117.20
1494191575, 4, 60, 515, 148, 0, 4.18%, 0, 0, 2, 132.75
1494191580, 4, 64, 515, 148, 0, 4.18%, 0, 0, 2, 141.11
1494191585, 4, 65, 515, 148, 0, 4.18%, 0, 0, 2, 151.25
1494191590, 4, 66, 515, 148, 0, 4.18%, 0, 0, 2, 179.32
1494191595, 4, 68, 515, 147, 0, 4.18%, 0, 0, 2, 152.55
1494191600, 4, 71, 515, 147, 0, 4.18%, 0, 0, 2, 167.51
1494191605, 4, 73, 515, 147, 0, 4.18%, 0, 0, 2, 197.79
1494191611, 4, 74, 515, 147, 0, 4.18%, 0, 0, 2, 165.49
1494191616, 4, 76, 515, 147, 0, 4.18%, 0, 0, 2, 159.59
1494191621, 4, 77, 515, 147, 0, 4.18%, 0, 0, 2, 138.95
1494191626, 4, 80, 515, 147, 0, 4.18%, 0, 0, 2, 154.59
1494191631, 4, 81, 515, 146, 0, 4.18%, 0, 0, 2, 148.31
1494191637, 4, 83, 515, 145, 0, 4.18%, 0, 0, 2, 165.08
1494191642, 4, 84, 515, 145, 0, 4.18%, 0, 0, 2, 166.82
1494191647, 4, 87, 515, 145, 0, 4.18%, 0, 0, 2, 158.53
1494191652, 4, 92, 515, 145, 0, 4.18%, 0, 0, 2, 168.02
1494191657, 4, 95, 515, 145, 0, 4.18%, 0, 0, 2, 188.54
1494191662, 4, 98, 515, 145, 0, 4.18%, 0, 0, 2, 168.24
1494191667, 4, 100, 515, 144, 0, 4.18%, 0, 0, 2, 143.85
1494191672, 4, 101, 515, 144, 0, 4.18%, 0, 0, 2, 151.46
1494191677, 4, 103, 515, 144, 0, 4.18%, 0, 0, 2, 163.84
1494191682, 4, 112, 515, 144, 0, 4.18%, 0, 0, 2, 167.48
1494191688, 4, 117, 515, 144, 0, 4.18%, 0, 0, 2, 149.97
1494191698, 4, 122, 515, 143, 0, 4.18%, 0, 0, 2, 145.21
1494191708, 4, 124, 515, 143, 0, 4.18%, 0, 0, 2, 174.31
1494191713, 4, 127, 515, 142, 0, 4.18%, 0, 0, 2, 183.12
1494191718, 4, 128, 515, 142, 0, 4.18%, 0, 0, 2, 160.44
1494191723, 4, 130, 515, 142, 0, 4.18%, 0, 0, 2, 140.64
1494191729, 4, 131, 515, 142, 0, 4.18%, 0, 0, 2, 161.80
1494191734, 4, 132, 515, 142, 0, 4.18%, 0, 0, 2, 165.93
1494191739, 4, 133, 515, 142, 0, 4.18%, 0, 0, 2, 172.79
1494191744, 4, 134, 515, 142, 0, 4.18%, 0, 0, 2, 148.19
1494191749, 4, 137, 515, 142, 0, 4.18%, 0, 0, 2, 172.48
1494191754, 4, 139, 515, 142, 0, 4.18%, 0, 0, 2, 170.67
1494191759, 4, 141, 515, 142, 0, 4.18%, 0, 0, 2, 167.22
1494191764, 4, 143, 515, 141, 0, 4.18%, 0, 0, 2, 169.62
1494191774, 4, 144, 515, 141, 0, 4.18%, 0, 0, 2, 126.12
1494191780, 4, 149, 515, 139, 0, 4.18%, 0, 0, 2, 155.41
1494191785, 4, 151, 515, 139, 0, 4.18%, 0, 0, 2, 173.63
1494191790, 4, 154, 515, 139, 0, 4.18%, 0, 0, 2, 163.30
1494191795, 4, 159, 515, 139, 0, 4.18%, 0, 0, 2, 149.41
1494191800, 4, 167, 515, 139, 0, 4.18%, 0, 0, 2, 169.34
1494191805, 4, 170, 515, 139, 0, 4.18%, 0, 0, 2, 164.01
1494191810, 4, 173, 515, 138, 0, 4.18%, 0, 0, 2, 176.40
1494191815, 4, 175, 515, 138, 0, 4.18%, 0, 0, 2, 173.27
1494191821, 4, 176, 515, 138, 0, 4.18%, 0, 0, 2, 169.14
1494191826, 4, 179, 515, 137, 0, 4.18%, 0, 0, 2, 161.47
1494191831, 4, 181, 515, 137, 0, 4.18%, 0, 0, 2, 136.33
1494191836, 4, 182, 515, 137, 0, 4.18%, 0, 0, 2, 158.77
1494191841, 4, 183, 515, 137, 0, 4.18%, 0, 0, 2, 151.73
1494191846, 4, 189, 515, 137, 0, 4.18%, 0, 0, 2, 149.58
1494191856, 4, 197, 515, 137, 0, 4.18%, 0, 0, 2, 174.44
1494191861, 4, 199, 515, 137, 0, 4.18%, 0, 0, 2, 169.28
1494191867, 4, 201, 515, 137, 0, 4.18%, 0, 0, 2, 147.76
1494191872, 4, 206, 515, 137, 0, 4.18%, 0, 0, 2, 118.43
1494191877, 4, 207, 515, 137, 0, 4.18%, 0, 0, 2, 102.11
1494191882, 4, 209, 515, 136, 0, 4.18%, 0, 0, 2, 148.15
1494191892, 4, 210, 515, 135, 0, 4.18%, 0, 0, 2, 142.56
1494191897, 4, 212, 515, 135, 0, 4.18%, 0, 0, 2, 161.28
1494191902, 4, 214, 515, 134, 0, 4.18%, 0, 0, 2, 155.15
1494191908, 4, 218, 515, 133, 0, 4.18%, 0, 0, 2, 169.53
1494191913, 4, 221, 515, 133, 0, 4.18%, 0, 0, 2, 170.36
1494191918, 4, 227, 515, 132, 0, 4.18%, 0, 0, 2, 179.87
1494191923, 4, 235, 515, 131, 0, 4.18%, 0, 0, 2, 180.50
1494191928, 4, 236, 515, 131, 0, 4.18%, 0, 0, 2, 158.57
1494191933, 4, 237, 515, 131, 0, 4.18%, 0, 0, 2, 155.77
1494191938, 4, 239, 515, 131, 0, 4.18%, 0, 0, 2, 154.13
1494191944, 4, 244, 515, 131, 0, 4.18%, 0, 0, 2, 164.09
1494191949, 4, 248, 515, 131, 0, 4.18%, 0, 0, 2, 159.31
1494191954, 4, 249, 515, 131, 0, 4.18%, 0, 0, 2, 62.32
1494191995, 4, 251, 515, 130, 0, 4.18%, 0, 0, 2, 117.21
1494192015, 4, 253, 515, 129, 0, 4.18%, 0, 0, 2, 19.70
1494192020, 4, 258, 515, 129, 0, 4.18%, 0, 0, 2, 186.96
1494192025, 4, 259, 515, 129, 0, 4.18%, 0, 0, 2, 31.33
1494192056, 4, 265, 515, 127, 0, 4.18%, 0, 0, 2, 142.42
1494192061, 4, 272, 515, 127, 0, 4.18%, 0, 0, 2, 146.45
1494192066, 4, 285, 515, 127, 0, 4.18%, 0, 0, 2, 143.26
1494192071, 4, 295, 515, 126, 0, 4.18%, 0, 0, 2, 123.88
1494192076, 4, 297, 515, 126, 0, 4.18%, 0, 0, 2, 145.10
1494192081, 4, 311, 515, 126, 0, 4.18%, 0, 0, 2, 108.49
1494192087, 4, 313, 515, 126, 0, 4.18%, 0, 0, 2, 144.14
1494192092, 4, 314, 515, 125, 0, 4.18%, 0, 0, 2, 165.85
1494192097, 4, 323, 515, 125, 0, 4.18%, 0, 0, 2, 133.64
1494192102, 4, 333, 515, 125, 0, 4.18%, 0, 0, 2, 161.76
1494192107, 4, 334, 515, 124, 0, 4.18%, 0, 0, 2, 126.76
1494192117, 4, 336, 515, 123, 0, 4.18%, 0, 0, 2, 140.44
1494192123, 4, 337, 515, 123, 0, 4.18%, 0, 0, 2, 168.35
1494192128, 4, 340, 515, 123, 0, 4.18%, 0, 0, 2, 160.70
1494192133, 4, 342, 515, 123, 0, 4.18%, 0, 0, 2, 174.51
1494192138, 4, 346, 515, 122, 0, 4.18%, 0, 0, 2, 153.12
1494192143, 4, 347, 515, 122, 0, 4.18%, 0, 0, 2, 109.43
1494192148, 4, 360, 515, 122, 0, 4.18%, 0, 0, 2, 148.56
1494192153, 4, 361, 515, 121, 0, 4.18%, 0, 0, 2, 143.06
1494192159, 4, 363, 515, 121, 0, 4.18%, 0, 0, 2, 143.06
1494192164, 4, 366, 515, 121, 0, 4.18%, 0, 0, 2, 171.49
1494192169, 4, 368, 515, 121, 0, 4.18%, 0, 0, 2, 152.12
1494192174, 4, 369, 515, 120, 0, 4.18%, 0, 0, 2, 173.39
1494192179, 4, 373, 515, 120, 0, 4.18%, 0, 0, 2, 169.39
1494192184, 4, 377, 515, 120, 0, 4.18%, 0, 0, 2, 143.39
1494192190, 4, 386, 515, 120, 0, 4.18%, 0, 0, 2, 158.83
1494192195, 4, 391, 515, 120, 0, 4.18%, 0, 0, 2, 150.79
1494192200, 4, 393, 515, 120, 0, 4.18%, 0, 0, 2, 139.52
1494192205, 4, 395, 515, 120, 0, 4.18%, 0, 0, 2, 144.99
1494192210, 4, 401, 515, 120, 0, 4.18%, 0, 0, 2, 148.03
1494192215, 4, 402, 515, 120, 0, 4.18%, 0, 0, 2, 113.23
1494192220, 4, 407, 515, 120, 0, 4.18%, 0, 0, 2, 165.50
1494192225, 4, 410, 515, 120, 0, 4.18%, 0, 0, 2, 150.04
1494192231, 4, 413, 515, 120, 0, 4.18%, 0, 0, 2, 130.05
1494192236, 4, 419, 515, 120, 0, 4.18%, 0, 0, 2, 158.64
1494192241, 4, 425, 515, 120, 0, 4.18%, 0, 0, 2, 136.51
1494192246, 4, 428, 515, 120, 0, 4.18%, 0, 0, 2, 69.87
1494192302, 4, 429, 515, 119, 0, 4.18%, 0, 0, 2, 116.31
1494192307, 4, 431, 515, 119, 0, 4.18%, 0, 0, 2, 115.50
1494192312, 4, 435, 515, 119, 0, 4.18%, 0, 0, 2, 151.62
1494192317, 4, 440, 515, 119, 0, 4.18%, 0, 0, 2, 156.58
1494192323, 4, 446, 515, 119, 0, 4.18%, 0, 0, 2, 132.75
1494192328, 4, 448, 515, 119, 0, 4.18%, 0, 0, 2, 117.80
1494192333, 4, 454, 515, 119, 0, 4.18%, 0, 0, 2, 138.35
1494192338, 4, 456, 515, 119, 0, 4.18%, 0, 0, 2, 102.77
1494192343, 4, 459, 515, 118, 0, 4.18%, 0, 0, 2, 135.97
1494192349, 4, 467, 515, 118, 0, 4.18%, 0, 0, 2, 154.78
1494192354, 4, 468, 515, 118, 0, 4.18%, 0, 0, 2, 131.08
1494192359, 4, 479, 515, 118, 0, 4.18%, 0, 0, 2, 141.84
1494192364, 4, 485, 515, 118, 0, 4.18%, 0, 0, 2, 148.07
1494192369, 4, 487, 515, 118, 0, 4.18%, 0, 0, 2, 142.40
1494192374, 4, 497, 515, 117, 0, 4.18%, 0, 0, 2, 134.18
1494192379, 4, 503, 515, 117, 0, 4.18%, 0, 0, 2, 141.57
1494192385, 4, 505, 515, 117, 0, 4.18%, 0, 0, 2, 154.26
1494192390, 4, 509, 515, 117, 0, 4.18%, 0, 0, 2, 130.12
1494192395, 4, 514, 515, 117, 0, 4.18%, 0, 0, 2, 124.55
1494192400, 5, 1, 515, 117, 0, 4.18%, 0, 0, 2, 139.86
1494192405, 5, 2, 515, 117, 0, 4.18%, 0, 0, 2, 141.73
1494192410, 5, 5, 515, 117, 0, 4.18%, 0, 0, 2, 158.92
1494192415, 5, 8, 515, 117, 0, 4.18%, 0, 0, 2, 181.65
1494192420, 5, 13, 515, 117, 0, 4.18%, 0, 0, 2, 165.77
1494192425, 5, 15, 515, 117, 0, 4.18%, 0, 0, 2, 147.93
1494192430, 5, 17, 515, 117, 0, 4.18%, 0, 0, 2, 154.31
1494192436, 5, 19, 515, 117, 0, 4.18%, 0, 0, 2, 144.87
1494192441, 5, 23, 515, 116, 0, 4.18%, 0, 0, 2, 148.90
1494192446, 5, 27, 515, 116, 0, 4.18%, 0, 0, 2, 155.04
1494192451, 5, 29, 515, 116, 0, 4.18%, 0, 0, 2, 145.24
1494192456, 5, 33, 515, 116, 0, 4.18%, 0, 0, 2, 141.09
1494192461, 5, 38, 515, 116, 0, 4.18%, 0, 0, 2, 169.71
1494192466, 5, 40, 515, 116, 0, 4.18%, 0, 0, 2, 173.63
1494192472, 5, 42, 515, 116, 0, 4.18%, 0, 0, 2, 154.15
1494192477, 5, 44, 515, 116, 0, 4.18%, 0, 0, 2, 131.47
1494192482, 5, 47, 515, 116, 0, 4.18%, 0, 0, 2, 139.53
1494192487, 5, 48, 515, 116, 0, 4.18%, 0, 0, 2, 160.55
1494192492, 5, 53, 515, 116, 0, 4.18%, 0, 0, 2, 166.29
1494192497, 5, 54, 515, 116, 0, 4.18%, 0, 0, 2, 179.06
1494192503, 5, 58, 515, 116, 0, 4.18%, 0, 0, 2, 153.68
1494192508, 5, 59, 515, 116, 0, 4.18%, 0, 0, 2, 150.56
1494192513, 5, 62, 515, 116, 0, 4.18%, 0, 0, 2, 141.03
1494192518, 5, 64, 515, 116, 0, 4.18%, 0, 0, 2, 164.27
1494192523, 5, 67, 515, 116, 0, 4.18%, 0, 0, 2, 148.73
1494192528, 5, 70, 515, 116, 0, 4.18%, 0, 0, 2, 155.41
1494192533, 5, 71, 515, 116, 0, 4.18%, 0, 0, 2, 176.61
1494192538, 5, 76, 515, 116, 0, 4.18%, 0, 0, 2, 172.33
1494192549, 5, 79, 515, 116, 0, 4.18%, 0, 0, 2, 158.70
1494192554, 5, 83, 515, 116, 0, 4.18%, 0, 0, 2, 135.49
1494192559, 5, 84, 515, 116, 0, 4.18%, 0, 0, 2, 165.18
1494192564, 5, 87, 515, 116, 0, 4.18%, 0, 0, 2, 147.44
1494192569, 5, 92, 515, 116, 0, 4.18%, 0, 0, 2, 161.40
1494192574, 5, 94, 515, 116, 0, 4.18%, 0, 0, 2, 131.25
1494192579, 5, 99, 515, 116, 0, 4.18%, 0, 0, 2, 160.72
1494192584, 5, 100, 515, 116, 0, 4.18%, 0, 0, 2, 115.21
1494192589, 5, 101, 515, 116, 0, 4.18%, 0, 0, 2, 141.90
1494192594, 5, 105, 515, 116, 0, 4.18%, 0, 0, 2, 166.10
1494192599, 5, 106, 515, 115, 0, 4.18%, 0, 0, 2, 192.59
1494192605, 5, 111, 515, 115, 0, 4.18%, 0, 0, 2, 155.80
1494192610, 5, 112, 515, 115, 0, 4.18%, 0, 0, 2, 166.59
1494192615, 5, 119, 515, 115, 0, 4.18%, 0, 0, 2, 145.91
1494192620, 5, 122, 515, 115, 0, 4.18%, 0, 0, 2, 173.41
1494192625, 5, 123, 515, 115, 0, 4.18%, 0, 0, 2, 173.42
1494192630, 5, 125, 515, 115, 0, 4.18%, 0, 0, 2, 181.44
1494192635, 5, 126, 515, 114, 0, 4.18%, 0, 0, 2, 182.57
1494192640, 5, 127, 515, 113, 0, 4.18%, 0, 0, 2, 184.52
1494192645, 5, 128, 515, 113, 0, 4.18%, 0, 0, 2, 157.76
1494192650, 5, 129, 515, 113, 0, 4.18%, 0, 0, 2, 149.25
1494192655, 5, 130, 515, 112, 0, 4.18%, 0, 0, 2, 168.02
1494192661, 5, 131, 515, 112, 0, 4.18%, 0, 0, 2, 176.88
1494192666, 5, 132, 515, 112, 0, 4.18%, 0, 0, 2, 170.84
1494192671, 5, 133, 515, 112, 0, 4.18%, 0, 0, 2, 179.49
1494192676, 5, 134, 515, 112, 0, 4.18%, 0, 0, 2, 166.82
1494192681, 5, 137, 515, 112, 0, 4.18%, 0, 0, 2, 171.01
1494192686, 5, 138, 515, 112, 0, 4.18%, 0, 0, 2, 172.87
1494192691, 5, 140, 515, 112, 0, 4.18%, 0, 0, 2, 178.88
1494192696, 5, 143, 515, 111, 0, 4.18%, 0, 0, 2, 179.15
1494192702, 5, 149, 515, 111, 0, 4.18%, 0, 0, 2, 173.82
1494192712, 5, 154, 515, 111, 0, 4.18%, 0, 0, 2, 155.51
1494192717, 5, 159, 515, 110, 0, 4.18%, 0, 0, 2, 160.23
1494192722, 5, 164, 515, 110, 0, 4.18%, 0, 0, 2, 26.71
1494192795, 5, 167, 515, 109, 0, 4.18%, 0, 0, 2, 96.81
1494192800, 5, 170, 515, 109, 0, 4.18%, 0, 0, 2, 165.94
1494192805, 5, 173, 515, 109, 0, 4.18%, 0, 0, 2, 165.53
1494192810, 5, 177, 515, 109, 0, 4.18%, 0, 0, 2, 171.63
1494192815, 5, 180, 515, 109, 0, 4.18%, 0, 0, 2, 165.19
1494192820, 5, 182, 515, 109, 0, 4.18%, 0, 0, 2, 168.23
1494192825, 5, 183, 515, 109, 0, 4.18%, 0, 0, 2, 157.12
1494192830, 5, 187, 515, 109, 0, 4.18%, 0, 0, 2, 166.00
1494192836, 5, 189, 515, 108, 0, 4.18%, 0, 0, 2, 158.15
1494192846, 5, 197, 515, 108, 0, 4.18%, 0, 0, 2, 169.17
1494192851, 5, 198, 515, 108, 0, 4.18%, 0, 0, 2, 171.20
1494192856, 5, 199, 515, 108, 0, 4.18%, 0, 0, 2, 145.03
1494192861, 5, 202, 515, 108, 0, 4.18%, 0, 0, 2, 119.66
1494192866, 5, 205, 515, 107, 0, 4.18%, 0, 0, 2, 145.20
1494192871, 5, 210, 515, 106, 0, 4.18%, 0, 0, 2, 159.36
1494192882, 5, 214, 515, 106, 0, 4.18%, 0, 0, 2, 145.76
1494192887, 5, 218, 515, 105, 0, 4.18%, 0, 0, 2, 166.02
1494192892, 5, 232, 515, 105, 0, 4.18%, 0, 0, 2, 168.19
1494192897, 5, 235, 515, 104, 0, 4.18%, 0, 0, 2, 180.34
1494192902, 5, 236, 515, 104, 0, 4.18%, 0, 0, 2, 177.52
1494192907, 5, 237, 515, 104, 0, 4.18%, 0, 0, 2, 171.71
1494192912, 5, 241, 515, 104, 0, 4.18%, 0, 0, 2, 162.76
1494192917, 5, 244, 515, 104, 0, 4.18%, 0, 0, 2, 166.16
1494192928, 5, 250, 515, 104, 0, 4.18%, 0, 0, 2, 156.32
1494192933, 5, 253, 515, 104, 0, 4.18%, 0, 0, 2, 169.52
1494192938, 5, 262, 515, 104, 0, 4.18%, 0, 0, 2, 165.65
1494192943, 5, 267, 515, 104, 0, 4.18%, 0, 0, 2, 159.93
1494192948, 5, 270, 515, 104, 0, 4.18%, 0, 0, 2, 145.64
1494192953, 5, 272, 515, 103, 0, 4.18%, 0, 0, 2, 149.81
1494192958, 5, 297, 515, 103, 0, 4.18%, 0, 0, 2, 138.79
1494192963, 5, 298, 515, 103, 0, 4.18%, 0, 0, 2, 164.78
1494192968, 5, 311, 515, 102, 0, 4.18%, 0, 0, 2, 119.37
1494192973, 5, 314, 515, 102, 0, 4.18%, 0, 0, 2, 157.91
1494192979, 5, 320, 515, 102, 0, 4.18%, 0, 0, 2, 109.38
1494192999, 5, 323, 515, 101, 0, 4.18%, 0, 0, 2, 84.12
1494193004, 5, 326, 515, 101, 0, 4.18%, 0, 0, 2, 125.41
1494193009, 5, 335, 515, 100, 0, 4.18%, 0, 0, 2, 142.06
1494193050, 5, 336, 515, 99, 0, 4.18%, 0, 0, 2, 105.07
1494193055, 5, 337, 515, 99, 0, 4.18%, 0, 0, 2, 156.37
1494193060, 5, 340, 515, 99, 0, 4.18%, 0, 0, 2, 168.52
1494193066, 5, 346, 515, 99, 0, 4.18%, 0, 0, 2, 156.89
1494193071, 5, 347, 515, 99, 0, 4.18%, 0, 0, 2, 113.67
1494193076, 5, 348, 515, 99, 0, 4.18%, 0, 0, 2, 152.48
1494193081, 5, 354, 515, 98, 0, 4.18%, 0, 0, 2, 163.14
1494193086, 5, 366, 515, 98, 0, 4.18%, 0, 0, 2, 133.90
1494193091, 5, 369, 515, 98, 0, 4.18%, 0, 0, 2, 138.26
1494193096, 5, 370, 515, 98, 0, 4.18%, 0, 0, 2, 113.89
1494193112, 5, 373, 515, 97, 0, 4.18%, 0, 0, 2, 89.44
1494193117, 5, 379, 515, 97, 0, 4.18%, 0, 0, 2, 17.18
1494193178, 5, 380, 515, 96, 0, 4.18%, 0, 0, 2, 143.48
1494193184, 5, 391, 515, 96, 0, 4.18%, 0, 0, 2, 146.69
1494193189, 5, 393, 515, 96, 0, 4.18%, 0, 0, 2, 143.90
1494193194, 5, 395, 515, 96, 0, 4.18%, 0, 0, 2, 158.74
1494193199, 5, 401, 515, 96, 0, 4.18%, 0, 0, 2, 156.42
1494193204, 5, 403, 515, 96, 0, 4.18%, 0, 0, 2, 125.70
1494193209, 5, 407, 515, 96, 0, 4.18%, 0, 0, 2, 161.87
1494193214, 5, 410, 515, 96, 0, 4.18%, 0, 0, 2, 158.96
1494193219, 5, 418, 515, 96, 0, 4.18%, 0, 0, 2, 153.76
1494193224, 5, 422, 515, 96, 0, 4.18%, 0, 0, 2, 157.18
1494193229, 5, 429, 515, 96, 0, 4.18%, 0, 0, 2, 131.92
1494193234, 5, 430, 515, 96, 0, 4.18%, 0, 0, 2, 101.87
1494193240, 5, 431, 515, 96, 0, 4.18%, 0, 0, 2, 131.02
1494193245, 5, 435, 515, 96, 0, 4.18%, 0, 0, 2, 133.35
1494193250, 5, 440, 515, 96, 0, 4.18%, 0, 0, 2, 137.30
1494193255, 5, 448, 515, 96, 0, 4.18%, 0, 0, 2, 144.73
1494193260, 5, 449, 515, 96, 0, 4.18%, 0, 0, 2, 86.43
1494193275, 5, 454, 515, 95, 0, 4.18%, 0, 0, 2, 126.16
1494193280, 5, 467, 515, 95, 0, 4.18%, 0, 0, 2, 146.23
1494193285, 5, 468, 515, 95, 0, 4.18%, 0, 0, 2, 145.21
1494193290, 5, 469, 515, 95, 0, 4.18%, 0, 0, 2, 147.89
1494193296, 5, 479, 515, 94, 0, 4.18%, 0, 0, 2, 135.92
1494193301, 5, 486, 515, 94, 0, 4.18%, 0, 0, 2, 137.64
1494193306, 5, 494, 515, 94, 0, 4.18%, 0, 0, 2, 109.95
1494193321, 5, 496, 515, 93, 0, 4.18%, 0, 0, 2, 128.92
1494193326, 5, 499, 515, 93, 0, 4.18%, 0, 0, 2, 144.01
1494193331, 5, 502, 515, 93, 0, 4.18%, 0, 0, 2, 76.03
1494193336, 5, 505, 515, 92, 0, 4.18%, 0, 0, 2, 129.89
1494193342, 5, 509, 515, 92, 0, 4.18%, 0, 0, 2, 147.34
1494193347, 5, 514, 515, 92, 0, 4.18%, 0, 0, 2, 142.31
1494193352, 6, 1, 515, 92, 0, 4.18%, 0, 0, 2, 147.07
1494193357, 6, 2, 515, 92, 0, 4.18%, 0, 0, 2, 139.69
1494193362, 6, 5, 515, 92, 0, 4.18%, 0, 0, 2, 151.49
1494193367, 6, 8, 515, 92, 0, 4.18%, 0, 0, 2, 149.41
1494193372, 6, 13, 515, 92, 0, 4.18%, 0, 0, 2, 154.54
1494193378, 6, 15, 515, 92, 0, 4.18%, 0, 0, 2, 156.02
1494193383, 6, 18, 515, 92, 0, 4.18%, 0, 0, 2, 157.26
1494193388, 6, 21, 515, 92, 0, 4.18%, 0, 0, 2, 154.73
1494193393, 6, 26, 515, 92, 0, 4.18%, 0, 0, 2, 158.78
1494193398, 6, 27, 515, 92, 0, 4.18%, 0, 0, 2, 142.24
1494193403, 6, 30, 515, 92, 0, 4.18%, 0, 0, 2, 142.09
1494193408, 6, 31, 515, 92, 0, 4.18%, 0, 0, 2, 127.52
1494193413, 6, 33, 515, 91, 0, 4.18%, 0, 0, 2, 151.69
1494193419, 6, 38, 515, 91, 0, 4.18%, 0, 0, 2, 150.47
1494193424, 6, 39, 515, 91, 0, 4.18%, 0, 0, 2, 139.18
1494193429, 6, 40, 515, 90, 0, 4.18%, 0, 0, 2, 170.37
1494193434, 6, 42, 515, 90, 0, 4.18%, 0, 0, 2, 158.93
1494193439, 6, 44, 515, 90, 0, 4.18%, 0, 0, 2, 160.95
1494193444, 6, 47, 515, 90, 0, 4.18%, 0, 0, 2, 138.92
1494193449, 6, 48, 515, 90, 0, 4.18%, 0, 0, 2, 158.14
1494193454, 6, 53, 515, 90, 0, 4.18%, 0, 0, 2, 212.94
1494193459, 6, 54, 515, 90, 0, 4.18%, 0, 0, 2, 173.71
1494193464, 6, 58, 515, 90, 0, 4.18%, 0, 0, 2, 146.74
1494193470, 6, 59, 515, 90, 0, 4.18%, 0, 0, 2, 144.64
1494193475, 6, 62, 515, 90, 0, 4.18%, 0, 0, 2, 160.91
1494193480, 6, 63, 515, 90, 0, 4.18%, 0, 0, 2, 130.86
1494193485, 6, 64, 515, 89, 0, 4.18%, 0, 0, 2, 152.18
1494193490, 6, 67, 515, 89, 0, 4.18%, 0, 0, 2, 142.45
1494193495, 6, 69, 515, 89, 0, 4.18%, 0, 0, 2, 173.00
1494193500, 6, 71, 515, 89, 0, 4.18%, 0, 0, 2, 169.93
1494193505, 6, 73, 515, 89, 0, 4.18%, 0, 0, 2, 156.24
1494193511, 6, 76, 515, 89, 0, 4.18%, 0, 0, 2, 158.39
1494193516, 6, 77, 515, 89, 0, 4.18%, 0, 0, 2, 24.90
1494193521, 6, 78, 515, 89, 0, 4.18%, 0, 0, 2, 162.76
1494193526, 6, 81, 515, 89, 0, 4.18%, 0, 0, 2, 140.63
1494193531, 6, 83, 515, 89, 0, 4.18%, 0, 0, 2, 175.76
1494193536, 6, 87, 515, 89, 0, 4.18%, 0, 0, 2, 156.75
1494193541, 6, 92, 515, 89, 0, 4.18%, 0, 0, 2, 168.32
1494193546, 6, 94, 515, 89, 0, 4.18%, 0, 0, 2, 155.43
1494193552, 6, 96, 515, 89, 0, 4.18%, 0, 0, 2, 162.00
1494193557, 6, 100, 515, 89, 0, 4.18%, 0, 0, 2, 138.95
1494193562, 6, 101, 515, 89, 0, 4.18%, 0, 0, 2, 118.01
1494193567, 6, 103, 515, 89, 0, 4.18%, 0, 0, 2, 148.03
1494193572, 6, 104, 515, 89, 0, 4.18%, 0, 0, 2, 157.71
1494193577, 6, 111, 515, 87, 0, 4.18%, 0, 0, 2, 161.62
1494193582, 6, 112, 515, 87, 0, 4.18%, 0, 0, 2, 148.05
1494193587, 6, 117, 515, 87, 0, 4.18%, 0, 0, 2, 154.70
1494193593, 6, 119, 515, 87, 0, 4.18%, 0, 0, 2, 141.51
1494193598, 6, 122, 515, 87, 0, 4.18%, 0, 0, 2, 155.86
1494193603, 6, 123, 515, 87, 0, 4.18%, 0, 0, 2, 177.01
1494193608, 6, 127, 515, 87, 0, 4.18%, 0, 0, 2, 180.50
1494193613, 6, 128, 515, 87, 0, 4.18%, 0, 0, 2, 165.25
1494193618, 6, 130, 515, 87, 0, 4.18%, 0, 0, 2, 150.28
1494193623, 6, 131, 515, 87, 0, 4.18%, 0, 0, 2, 175.21
1494193628, 6, 133, 515, 87, 0, 4.18%, 0, 0, 2, 171.80
1494193639, 6, 134, 515, 87, 0, 4.18%, 0, 0, 2, 167.50
1494193644, 6, 137, 515, 87, 0, 4.18%, 0, 0, 2, 175.18
1494193649, 6, 139, 516, 88, 0, 4.18%, 0, 0, 2, 166.01
1494193654, 6, 143, 516, 88, 0, 4.18%, 0, 0, 2, 176.36
1494193659, 6, 149, 516, 88, 0, 4.18%, 0, 0, 2, 185.04
1494193664, 6, 152, 516, 88, 0, 4.18%, 0, 0, 2, 176.40
1494193670, 6, 154, 516, 88, 0, 4.18%, 0, 0, 2, 155.26
1494193675, 6, 167, 516, 88, 0, 4.18%, 0, 0, 2, 165.00
1494193680, 6, 170, 516, 88, 0, 4.18%, 0, 0, 2, 141.25
1494193685, 6, 173, 516, 88, 0, 4.18%, 0, 0, 2, 160.21
1494193695, 6, 179, 516, 88, 0, 4.18%, 0, 0, 2, 156.15
1494193700, 6, 181, 516, 88, 0, 4.18%, 0, 0, 2, 156.92
1494193705, 6, 182, 516, 88, 0, 4.18%, 0, 0, 2, 169.04
1494193710, 6, 183, 516, 88, 0, 4.18%, 0, 0, 2, 159.85
1494193715, 6, 189, 516, 88, 0, 4.18%, 0, 0, 2, 155.21
1494193720, 6, 193, 516, 88, 0, 4.18%, 0, 0, 2, 162.94
1494193726, 6, 197, 516, 88, 0, 4.18%, 0, 0, 2, 171.52
1494193731, 6, 199, 516, 88, 0, 4.18%, 0, 0, 2, 158.00
1494193736, 6, 202, 516, 88, 0, 4.18%, 0, 0, 2, 146.18
1494193741, 6, 206, 516, 88, 0, 4.18%, 0, 0, 2, 122.39
1494193746, 6, 210, 516, 88, 0, 4.18%, 0, 0, 2, 173.60
1494193751, 6, 214, 516, 88, 0, 4.18%, 0, 0, 2, 171.43
1494193757, 6, 218, 516, 88, 0, 4.18%, 0, 0, 2, 165.18
1494193762, 6, 223, 516, 88, 0, 4.18%, 0, 0, 2, 147.89
1494193767, 6, 226, 516, 88, 0, 4.18%, 0, 0, 2, 169.56
1494193772, 6, 235, 516, 87, 0, 4.18%, 0, 0, 2, 169.68
1494193777, 6, 236, 516, 87, 0, 4.18%, 0, 0, 2, 153.95
1494193782, 6, 237, 516, 87, 0, 4.18%, 0, 0, 2, 165.31
1494193787, 6, 239, 516, 87, 0, 4.18%, 0, 0, 2, 141.70
1494193793, 6, 244, 516, 87, 0, 4.18%, 0, 0, 2, 158.80
1494193803, 6, 250, 516, 87, 0, 4.18%, 0, 0, 2, 150.13
1494193808, 6, 253, 516, 87, 0, 4.18%, 0, 0, 2, 163.27
1494193818, 6, 259, 517, 88, 0, 4.18%, 0, 0, 2, 86.29
1494193824, 6, 265, 517, 88, 0, 4.18%, 0, 0, 2, 136.37
1494193829, 6, 272, 517, 88, 0, 4.18%, 0, 0, 2, 113.64
1494193834, 6, 282, 517, 88, 0, 4.18%, 0, 0, 2, 20.00
1494193916, 6, 286, 517, 87, 0, 4.18%, 0, 0, 2, 81.10
1494193936, 6, 288, 517, 86, 0, 4.18%, 0, 0, 2, 17.57
1494193998, 6, 295, 517, 85, 0, 4.18%, 0, 0, 2, 16.01
1494194003, 6, 297, 517, 85, 0, 4.18%, 0, 0, 2, 146.22
1494194008, 6, 300, 517, 85, 0, 4.18%, 0, 0, 2, 141.75
1494194024, 6, 302, 517, 84, 0, 4.18%, 0, 0, 2, 143.62
1494194044, 6, 311, 517, 83, 0, 4.18%, 0, 0, 2, 97.54
1494194049, 6, 314, 517, 83, 0, 4.18%, 0, 0, 2, 151.38
1494194054, 6, 315, 517, 83, 0, 4.18%, 0, 0, 2, 137.94
1494194070, 6, 317, 517, 82, 0, 4.18%, 0, 0, 2, 25.48
1494194136, 6, 331, 517, 81, 0, 4.18%, 0, 0, 2, 110.78
1494194202, 6, 336, 517, 80, 0, 4.18%, 0, 0, 2, 170.00
1494194207, 6, 337, 517, 80, 0, 4.18%, 0, 0, 2, 175.62
1494194212, 6, 344, 517, 80, 0, 4.18%, 0, 0, 2, 185.37
1494194217, 6, 346, 517, 80, 0, 4.18%, 0, 0, 2, 108.36
1494194222, 6, 347, 517, 80, 0, 4.18%, 0, 0, 2, 88.56
1494194227, 6, 349, 517, 80, 0, 4.18%, 0, 0, 2, 108.43
1494194238, 6, 361, 517, 79, 0, 4.18%, 0, 0, 2, 112.59
1494194243, 6, 369, 517, 79, 0, 4.18%, 0, 0, 2, 150.60
1494194248, 6, 371, 517, 79, 0, 4.18%, 0, 0, 2, 158.33
1494194253, 6, 373, 517, 79, 0, 4.18%, 0, 0, 2, 141.73
1494194258, 6, 375, 517, 79, 0, 4.18%, 0, 0, 2, 153.26
1494194263, 6, 380, 517, 79, 0, 4.18%, 0, 0, 2, 169.80
1494194269, 6, 386, 517, 79, 0, 4.18%, 0, 0, 2, 161.92
1494194274, 6, 392, 517, 79, 0, 4.18%, 0, 0, 2, 195.90
1494194279, 6, 394, 517, 79, 0, 4.18%, 0, 0, 2, 145.35
1494194284, 6, 395, 517, 78, 0, 4.18%, 0, 0, 2, 136.18
1494194289, 6, 397, 517, 78, 0, 4.18%, 0, 0, 2, 145.24
1494194294, 6, 398, 517, 78, 0, 4.18%, 0, 0, 2, 41.53
1494194299, 6, 401, 517, 77, 0, 4.18%, 0, 0, 2, 120.69
1494194304, 6, 403, 517, 77, 0, 4.18%, 0, 0, 2, 116.44
1494194309, 6, 407, 517, 77, 0, 4.18%, 0, 0, 2, 167.00
1494194314, 6, 410, 517, 77, 0, 4.18%, 0, 0, 2, 147.12
1494194319, 6, 412, 517, 77, 0, 4.18%, 0, 0, 2, 15.64
1494194418, 6, 413, 517, 76, 0, 4.18%, 0, 0, 2, 123.71
1494194423, 6, 417, 517, 76, 0, 4.18%, 0, 0, 2, 91.54
1494194428, 6, 418, 517, 75, 0, 4.18%, 0, 0, 2, 138.06
1494194433, 6, 425, 517, 75, 0, 4.18%, 0, 0, 2, 158.05
1494194438, 6, 429, 517, 75, 0, 4.18%, 0, 0, 2, 151.01
1494194443, 6, 430, 517, 75, 0, 4.18%, 0, 0, 2, 17.79
1494194448, 6, 431, 517, 75, 0, 4.18%, 0, 0, 2, 142.34
1494194454, 6, 440, 517, 75, 0, 4.18%, 0, 0, 2, 162.94
1494194459, 6, 448, 517, 75, 0, 4.18%, 0, 0, 2, 152.83
1494194464, 6, 451, 517, 75, 0, 4.18%, 0, 0, 2, 98.27
1494194469, 6, 453, 517, 74, 0, 4.18%, 0, 0, 2, 135.76
1494194474, 6, 459, 517, 74, 0, 4.18%, 0, 0, 2, 149.12
1494194479, 6, 466, 517, 74, 0, 4.18%, 0, 0, 2, 143.38
1494194484, 6, 468, 517, 74, 0, 4.18%, 0, 0, 2, 157.40
1494194489, 6, 471, 517, 74, 0, 4.18%, 0, 0, 2, 138.23
1494194505, 6, 474, 517, 73, 0, 4.18%, 0, 0, 2, 127.98
1494194510, 6, 477, 517, 73, 0, 4.18%, 0, 0, 2, 138.38
1494194520, 6, 478, 517, 72, 0, 4.18%, 0, 0, 2, 134.49
1494194530, 6, 479, 517, 71, 0, 4.18%, 0, 0, 2, 166.30
1494194535, 6, 486, 517, 71, 0, 4.18%, 0, 0, 2, 139.26
1494194540, 6, 496, 517, 71, 0, 4.18%, 0, 0, 2, 143.81
1494194545, 6, 497, 517, 71, 0, 4.18%, 0, 0, 2, 154.24
1494194551, 6, 503, 517, 71, 0, 4.18%, 0, 0, 2, 142.37
1494194556, 6, 505, 517, 71, 0, 4.18%, 0, 0, 2, 148.10
1494194561, 6, 507, 517, 71, 0, 4.18%, 0, 0, 2, 7.91
1494194812, 6, 509, 517, 70, 0, 4.18%, 0, 0, 2, 117.50
1494194818, 6, 515, 517, 70, 0, 4.18%, 0, 0, 2, 118.97
1494194848, 7, 0, 517, 69, 0, 4.18%, 0, 0, 2, 123.07
1494194854, 7, 2, 517, 69, 0, 4.18%, 0, 0, 2, 155.78
1494194859, 7, 4, 517, 69, 0, 4.18%, 0, 0, 2, 225.36
1494194864, 7, 7, 517, 69, 0, 4.18%, 0, 0, 2, 175.94
1494194869, 7, 11, 517, 69, 0, 4.18%, 0, 0, 2, 180.17
1494194874, 7, 14, 517, 69, 0, 4.18%, 0, 0, 2, 165.37
1494194879, 7, 17, 517, 69, 0, 4.18%, 0, 0, 2, 170.31
1494194884, 7, 22, 517, 69, 0, 4.18%, 0, 0, 2, 156.89
1494194889, 7, 23, 517, 69, 0, 4.18%, 0, 0, 2, 166.38
1494194894, 7, 27, 517, 69, 0, 4.18%, 0, 0, 2, 173.44
1494194899, 7, 29, 517, 69, 0, 4.18%, 0, 0, 2, 160.36
1494194904, 7, 32, 517, 69, 0, 4.18%, 0, 0, 2, 156.60
1494194909, 7, 38, 517, 69, 0, 4.18%, 0, 0, 2, 176.23
1494194915, 7, 41, 517, 69, 0, 4.18%, 0, 0, 2, 155.85
1494194920, 7, 44, 517, 69, 0, 4.18%, 0, 0, 2, 150.65
1494194925, 7, 45, 517, 69, 0, 4.18%, 0, 0, 2, 142.56
1494194930, 7, 48, 517, 69, 0, 4.18%, 0, 0, 2, 154.13
1494194935, 7, 53, 517, 69, 0, 4.18%, 0, 0, 2, 165.80
1494194940, 7, 54, 517, 69, 0, 4.18%, 0, 0, 2, 175.92
1494194945, 7, 58, 517, 69, 0, 4.18%, 0, 0, 2, 160.72
1494194950, 7, 59, 517, 69, 0, 4.18%, 0, 0, 2, 150.23
1494194955, 7, 62, 517, 69, 0, 4.18%, 0, 0, 2, 151.17
1494194960, 7, 64, 517, 69, 0, 4.18%, 0, 0, 2, 164.84
1494194965, 7, 67, 517, 69, 0, 4.18%, 0, 0, 2, 173.47
1494194970, 7, 69, 517, 69, 0, 4.18%, 0, 0, 2, 245.19
1494194976, 7, 71, 517, 69, 0, 4.18%, 0, 0, 2, 190.53
1494194981, 7, 73, 517, 69, 0, 4.18%, 0, 0, 2, 204.28
1494194986, 7, 76, 517, 69, 0, 4.18%, 0, 0, 2, 183.54
1494194991, 7, 77, 517, 69, 0, 4.18%, 0, 0, 2, 151.76
1494194996, 7, 81, 518, 70, 0, 4.18%, 0, 0, 2, 22.37
1494195001, 7, 83, 518, 70, 0, 4.18%, 0, 0, 2, 181.80
1494195006, 7, 85, 518, 70, 0, 4.18%, 0, 0, 2, 178.29
1494195011, 7, 88, 518, 70, 0, 4.18%, 0, 0, 2, 97.72
1494195017, 7, 93, 518, 70, 0, 4.18%, 0, 0, 2, 147.72
1494195022, 7, 95, 518, 70, 0, 4.18%, 0, 0, 2, 141.73
1494195027, 7, 99, 518, 70, 0, 4.18%, 0, 0, 2, 134.53
1494195032, 7, 101, 518, 70, 0, 4.18%, 0, 0, 2, 139.70
1494195037, 7, 103, 518, 70, 0, 4.18%, 0, 0, 2, 159.79
1494195042, 7, 112, 518, 70, 0, 4.18%, 0, 0, 2, 172.55
1494195048, 7, 116, 518, 70, 0, 4.18%, 0, 0, 2, 156.22
1494195053, 7, 121, 518, 70, 0, 4.18%, 0, 0, 2, 148.95
1494195063, 7, 122, 518, 69, 0, 4.18%, 0, 0, 2, 206.81
1494195068, 7, 123, 518, 69, 0, 4.18%, 0, 0, 2, 172.94
1494195073, 7, 127, 518, 69, 0, 4.18%, 0, 0, 2, 176.02
1494195078, 7, 130, 518, 69, 0, 4.18%, 0, 0, 2, 142.04
1494195083, 7, 131, 518, 69, 0, 4.18%, 0, 0, 2, 170.00
1494195088, 7, 132, 518, 69, 0, 4.18%, 0, 0, 2, 153.34
1494195093, 7, 133, 518, 69, 0, 4.18%, 0, 0, 2, 173.00
1494195098, 7, 134, 518, 69, 0, 4.18%, 0, 0, 2, 167.42
1494195104, 7, 137, 518, 69, 0, 4.18%, 0, 0, 2, 181.65
1494195109, 7, 139, 518, 69, 0, 4.18%, 0, 0, 2, 185.29
1494195114, 7, 143, 518, 69, 0, 4.18%, 0, 0, 2, 192.07
1494195119, 7, 149, 518, 69, 0, 4.18%, 0, 0, 2, 180.29
1494195124, 7, 152, 518, 69, 0, 4.18%, 0, 0, 2, 191.27
1494195129, 7, 154, 518, 69, 0, 4.18%, 0, 0, 2, 156.36
1494195134, 7, 167, 518, 69, 0, 4.18%, 0, 0, 2, 170.68
1494195139, 7, 173, 518, 69, 0, 4.18%, 0, 0, 2, 173.27
1494195150, 7, 177, 518, 69, 0, 4.18%, 0, 0, 2, 164.14
1494195155, 7, 180, 518, 69, 0, 4.18%, 0, 0, 2, 172.34
1494195160, 7, 182, 518, 69, 0, 4.18%, 0, 0, 2, 178.37
1494195165, 7, 183, 518, 69, 0, 4.18%, 0, 0, 2, 173.07
1494195170, 7, 189, 518, 69, 0, 4.18%, 0, 0, 2, 169.29
1494195175, 7, 191, 518, 69, 0, 4.18%, 0, 0, 2, 171.58
1494195181, 7, 192, 518, 68, 0, 4.18%, 0, 0, 2, 166.27
1494195186, 7, 193, 518, 67, 0, 4.18%, 0, 0, 2, 180.44
1494195191, 7, 197, 518, 67, 0, 4.18%, 0, 0, 2, 182.23
1494195196, 7, 199, 518, 67, 0, 4.18%, 0, 0, 2, 160.19
1494195201, 7, 200, 518, 67, 0, 4.18%, 0, 0, 2, 148.79
1494195206, 7, 202, 518, 66, 0, 4.18%, 0, 0, 2, 111.57
1494195211, 7, 210, 518, 66, 0, 4.18%, 0, 0, 2, 161.27
1494195216, 7, 214, 518, 66, 0, 4.18%, 0, 0, 2, 179.88
1494195221, 7, 218, 518, 66, 0, 4.18%, 0, 0, 2, 165.41
1494195226, 7, 220, 518, 66, 0, 4.18%, 0, 0, 2, 171.86
1494195237, 7, 235, 518, 66, 0, 4.18%, 0, 0, 2, 184.81
1494195242, 7, 236, 518, 66, 0, 4.18%, 0, 0, 2, 179.13
1494195247, 7, 237, 518, 66, 0, 4.18%, 0, 0, 2, 170.87
1494195252, 7, 239, 518, 65, 0, 4.18%, 0, 0, 2, 178.43
1494195257, 7, 242, 518, 64, 0, 4.18%, 0, 0, 2, 176.40
1494195262, 7, 244, 518, 64, 0, 4.18%, 0, 0, 2, 178.01
1494195267, 7, 248, 518, 64, 0, 4.18%, 0, 0, 2, 166.92
1494195273, 7, 253, 518, 64, 0, 4.18%, 0, 0, 2, 176.97
1494195278, 7, 258, 518, 64, 0, 4.18%, 0, 0, 2, 152.60
1494195283, 7, 262, 518, 63, 0, 4.18%, 0, 0, 2, 175.22
1494195288, 7, 267, 518, 63, 0, 4.18%, 0, 0, 2, 153.78
1494195293, 7, 288, 518, 63, 0, 4.18%, 0, 0, 2, 124.79
1494195298, 7, 297, 518, 63, 0, 4.18%, 0, 0, 2, 126.43
1494195303, 7, 311, 518, 63, 0, 4.18%, 0, 0, 2, 170.36
1494195308, 7, 314, 518, 63, 0, 4.18%, 0, 0, 2, 168.79
1494195314, 7, 323, 518, 63, 0, 4.18%, 0, 0, 2, 155.33
1494195319, 7, 325, 518, 63, 0, 4.18%, 0, 0, 2, 112.85
1494195344, 7, 332, 518, 62, 0, 4.18%, 0, 0, 2, 130.89
1494195349, 7, 337, 518, 62, 0, 4.18%, 0, 0, 2, 163.09
1494195355, 7, 340, 518, 62, 0, 4.18%, 0, 0, 2, 191.07
1494195360, 7, 345, 518, 62, 0, 4.18%, 0, 0, 2, 172.65
1494195365, 7, 346, 518, 62, 0, 4.18%, 0, 0, 2, 34.45
1494195370, 7, 350, 518, 62, 0, 4.18%, 0, 0, 2, 26.04
1494195375, 7, 357, 518, 61, 0, 4.18%, 0, 0, 2, 165.30
1494195385, 7, 361, 518, 60, 0, 4.18%, 0, 0, 2, 195.24
1494195390, 7, 369, 518, 60, 0, 4.18%, 0, 0, 2, 174.97
1494195400, 7, 380, 518, 60, 0, 4.18%, 0, 0, 2, 173.44
1494195405, 7, 386, 518, 60, 0, 4.18%, 0, 0, 2, 157.37
1494195410, 7, 388, 518, 60, 0, 4.18%, 0, 0, 2, 89.45
1494195416, 7, 391, 518, 59, 0, 4.18%, 0, 0, 2, 126.10
1494195421, 7, 392, 518, 59, 0, 4.18%, 0, 0, 2, 140.56
1494195426, 7, 395, 518, 59, 0, 4.18%, 0, 0, 2, 145.86
1494195431, 7, 401, 518, 59, 0, 4.18%, 0, 0, 2, 159.14
1494195436, 7, 402, 518, 59, 0, 4.18%, 0, 0, 2, 132.14
1494195441, 7, 407, 518, 59, 0, 4.18%, 0, 0, 2, 168.82
1494195446, 7, 410, 518, 59, 0, 4.18%, 0, 0, 2, 161.32
1494195451, 7, 418, 518, 59, 0, 4.18%, 0, 0, 2, 153.21
1494195457, 7, 420, 518, 59, 0, 4.18%, 0, 0, 2, 162.96
1494195462, 7, 424, 518, 58, 0, 4.18%, 0, 0, 2, 133.64
1494195472, 7, 429, 518, 57, 0, 4.18%, 0, 0, 2, 158.50
1494195477, 7, 431, 518, 57, 0, 4.18%, 0, 0, 2, 123.45
1494195482, 7, 432, 518, 57, 0, 4.18%, 0, 0, 2, 20.98
1494195528, 7, 435, 518, 56, 0, 4.18%, 0, 0, 2, 12.85
1494195533, 7, 438, 518, 56, 0, 4.18%, 0, 0, 2, 108.67
1494195559, 7, 446, 518, 55, 0, 4.18%, 0, 0, 2, 136.39
1494195564, 7, 451, 518, 55, 0, 4.18%, 0, 0, 2, 150.90
1494195569, 7, 454, 518, 55, 0, 4.18%, 0, 0, 2, 145.73
1494195574, 7, 459, 518, 55, 0, 4.18%, 0, 0, 2, 150.06
1494195579, 7, 460, 518, 55, 0, 4.18%, 0, 0, 2, 125.38
1494195589, 7, 462, 518, 54, 0, 4.18%, 0, 0, 2, 22.78
1494195667, 7, 466, 518, 53, 0, 4.18%, 0, 0, 2, 125.35
1494195672, 7, 467, 518, 53, 0, 4.18%, 0, 0, 2, 18.18
1494195677, 7, 468, 518, 53, 0, 4.18%, 0, 0, 2, 135.01
1494195682, 7, 479, 518, 53, 0, 4.18%, 0, 0, 2, 156.60
1494195687, 7, 486, 518, 53, 0, 4.18%, 0, 0, 2, 146.45
1494195692, 7, 497, 518, 53, 0, 4.18%, 0, 0, 2, 145.80
1494195697, 7, 503, 518, 53, 0, 4.18%, 0, 0, 2, 148.92
1494195703, 7, 505, 518, 53, 0, 4.18%, 0, 0, 2, 69.42
1494195708, 7, 509, 518, 53, 0, 4.18%, 0, 0, 2, 113.25
1494195713, 7, 513, 518, 53, 0, 4.18%, 0, 0, 2, 75.45
1494195744, 7, 514, 518, 52, 0, 4.18%, 0, 0, 2, 114.25
1494195749, 8, 0, 518, 52, 0, 4.18%, 0, 0, 2, 119.91
1494195754, 8, 1, 518, 52, 0, 4.18%, 0, 0, 2, 147.15
1494195759, 8, 4, 518, 52, 0, 4.18%, 0, 0, 2, 151.42
1494195764, 8, 8, 518, 52, 0, 4.18%, 0, 0, 2, 172.07
1494195769, 8, 13, 518, 52, 0, 4.18%, 0, 0, 2, 180.52
1494195774, 8, 15, 518, 52, 0, 4.18%, 0, 0, 2, 155.76
1494195780, 8, 21, 518, 52, 0, 4.18%, 0, 0, 2, 164.60
1494195785, 8, 25, 518, 52, 0, 4.18%, 0, 0, 2, 159.05
1494195790, 8, 27, 518, 51, 0, 4.18%, 0, 0, 2, 163.77
1494195795, 8, 29, 518, 51, 0, 4.18%, 0, 0, 2, 156.71
1494195800, 8, 32, 518, 51, 0, 4.18%, 0, 0, 2, 160.31
1494195805, 8, 38, 518, 51, 0, 4.18%, 0, 0, 2, 161.47
1494195810, 8, 41, 518, 51, 0, 4.18%, 0, 0, 2, 172.16
1494195815, 8, 43, 518, 51, 0, 4.18%, 0, 0, 2, 146.90
1494195820, 8, 45, 518, 51, 0, 4.18%, 0, 0, 2, 161.07
1494195826, 8, 48, 518, 51, 0, 4.18%, 0, 0, 2, 169.25
1494195831, 8, 50, 518, 50, 0, 4.18%, 0, 0, 2, 183.40
1494195836, 8, 54, 518, 50, 0, 4.18%, 0, 0, 2, 197.26
1494195841, 8, 56, 518, 50, 0, 4.18%, 0, 0, 2, 19.05
1494195846, 8, 59, 518, 50, 0, 4.18%, 0, 0, 2, 168.71
1494195851, 8, 60, 518, 50, 0, 4.18%, 0, 0, 2, 159.88
1494195856, 8, 64, 518, 50, 0, 4.18%, 0, 0, 2, 157.74
1494195861, 8, 67, 518, 50, 0, 4.18%, 0, 0, 2, 156.99
1494195866, 8, 70, 518, 50, 0, 4.18%, 0, 0, 2, 145.60
1494195871, 8, 71, 518, 50, 0, 4.18%, 0, 0, 2, 141.43
1494195876, 8, 73, 518, 50, 0, 4.18%, 0, 0, 2, 151.36
1494195882, 8, 76, 518, 50, 0, 4.18%, 0, 0, 2, 166.43
1494195887, 8, 77, 518, 50, 0, 4.18%, 0, 0, 2, 167.28
1494195892, 8, 81, 518, 50, 0, 4.18%, 0, 0, 2, 157.19
1494195897, 8, 83, 518, 50, 0, 4.18%, 0, 0, 2, 188.65
1494195902, 8, 85, 518, 50, 0, 4.18%, 0, 0, 2, 168.28
1494195907, 8, 88, 518, 50, 0, 4.18%, 0, 0, 2, 192.20
1494195912, 8, 94, 518, 50, 0, 4.18%, 0, 0, 2, 162.98
1494195918, 8, 96, 518, 50, 0, 4.18%, 0, 0, 2, 147.01
1494195923, 8, 99, 518, 50, 0, 4.18%, 0, 0, 2, 160.91
1494195928, 8, 101, 518, 50, 0, 4.18%, 0, 0, 2, 151.77
1494195933, 8, 103, 518, 50, 0, 4.18%, 0, 0, 2, 192.90
1494195938, 8, 112, 518, 50, 0, 4.18%, 0, 0, 2, 180.10
1494195943, 8, 116, 518, 50, 0, 4.18%, 0, 0, 2, 172.94
1494195948, 8, 119, 518, 50, 0, 4.18%, 0, 0, 2, 157.77
1494195954, 8, 122, 518, 50, 0, 4.18%, 0, 0, 2, 178.30
1494195959, 8, 124, 518, 50, 0, 4.18%, 0, 0, 2, 182.40
1494195964, 8, 127, 518, 50, 0, 4.18%, 0, 0, 2, 182.92
1494195969, 8, 128, 518, 50, 0, 4.18%, 0, 0, 2, 174.67
1494195974, 8, 130, 518, 50, 0, 4.18%, 0, 0, 2, 144.01
1494195979, 8, 131, 518, 50, 0, 4.18%, 0, 0, 2, 173.99
1494195984, 8, 133, 518, 50, 0, 4.18%, 0, 0, 2, 174.02
1494195995, 8, 137, 518, 50, 0, 4.18%, 0, 0, 2, 182.02
1494196000, 8, 138, 518, 50, 0, 4.18%, 0, 0, 2, 186.97
1494196005, 8, 143, 518, 50, 0, 4.18%, 0, 0, 2, 183.28
1494196015, 8, 149, 518, 50, 0, 4.18%, 0, 0, 2, 162.90
1494196020, 8, 154, 518, 50, 0, 4.18%, 0, 0, 2, 163.11
1494196025, 8, 159, 519, 51, 0, 4.18%, 0, 0, 2, 174.33
1494196030, 8, 160, 519, 51, 0, 4.18%, 0, 0, 2, 193.47
1494196036, 8, 167, 519, 51, 0, 4.18%, 0, 0, 2, 180.40
1494196041, 8, 173, 519, 51, 0, 4.18%, 0, 0, 2, 172.70
1494196051, 8, 177, 519, 51, 0, 4.18%, 0, 0, 2, 148.60
1494196056, 8, 180, 519, 51, 0, 4.18%, 0, 0, 2, 170.54
1494196061, 8, 182, 519, 51, 0, 4.18%, 0, 0, 2, 165.29
1494196066, 8, 183, 519, 51, 0, 4.18%, 0, 0, 2, 151.98
1494196071, 8, 189, 519, 51, 0, 4.18%, 0, 0, 2, 156.69
1494196082, 8, 193, 519, 51, 0, 4.18%, 0, 0, 2, 154.91
1494196087, 8, 197, 519, 51, 0, 4.18%, 0, 0, 2, 187.84
1494196092, 8, 199, 519, 51, 0, 4.18%, 0, 0, 2, 155.76
1494196097, 8, 202, 519, 51, 0, 4.18%, 0, 0, 2, 133.83
1494196103, 8, 210, 519, 51, 0, 4.18%, 0, 0, 2, 165.24
1494196113, 8, 211, 519, 51, 0, 4.18%, 0, 0, 2, 186.98
1494196118, 8, 214, 519, 50, 0, 4.18%, 0, 0, 2, 181.42
1494196123, 8, 218, 519, 50, 0, 4.18%, 0, 0, 2, 164.77
1494196128, 8, 223, 519, 50, 0, 4.18%, 0, 0, 2, 188.56
1494196133, 8, 235, 519, 49, 0, 4.18%, 0, 0, 2, 190.55
1494196143, 8, 237, 519, 49, 0, 4.18%, 0, 0, 2, 176.42
1494196149, 8, 239, 519, 49, 0, 4.18%, 0, 0, 2, 173.28
1494196154, 8, 244, 519, 49, 0, 4.18%, 0, 0, 2, 180.13
1494196159, 8, 248, 519, 49, 0, 4.18%, 0, 0, 2, 140.62
1494196164, 8, 253, 519, 49, 0, 4.18%, 0, 0, 2, 160.48
1494196174, 8, 257, 519, 49, 0, 4.18%, 0, 0, 2, 138.42
1494196185, 8, 261, 519, 48, 0, 4.18%, 0, 0, 2, 149.60
1494196195, 8, 265, 519, 47, 0, 4.18%, 0, 0, 2, 160.63
1494196200, 8, 272, 519, 47, 0, 4.18%, 0, 0, 2, 143.91
1494196205, 8, 277, 519, 47, 0, 4.18%, 0, 0, 2, 110.12
1494196220, 8, 292, 519, 46, 0, 4.18%, 0, 0, 2, 142.64
1494196231, 8, 293, 519, 45, 0, 4.18%, 0, 0, 2, 166.35
1494196241, 8, 297, 519, 44, 0, 4.18%, 0, 0, 2, 148.72
1494196246, 8, 305, 519, 44, 0, 4.18%, 0, 0, 2, 176.73
1494196251, 8, 308, 519, 43, 0, 4.18%, 0, 0, 2, 139.06
1494196287, 8, 311, 519, 42, 0, 4.18%, 0, 0, 2, 83.39
1494196292, 8, 314, 519, 42, 0, 4.18%, 0, 0, 2, 140.36
1494196297, 8, 323, 519, 42, 0, 4.18%, 0, 0, 2, 144.99
1494196302, 8, 337, 519, 42, 0, 4.18%, 0, 0, 2, 166.02
1494196307, 8, 340, 519, 42, 0, 4.18%, 0, 0, 2, 191.06
