# unix_time, cycles_done, cur_path, paths_total, pending_total, pending_favs, map_size, unique_crashes, unique_hangs, max_depth, execs_per_sec
1493657155, 0, 0, 426, 426, 172, 4.03%, 0, 0, 1, 562.46
1493657161, 0, 1, 426, 426, 172, 4.03%, 0, 0, 1, 616.32
1493657181, 0, 1, 427, 427, 172, 4.03%, 0, 0, 2, 707.37
1493657253, 0, 1, 427, 426, 171, 4.03%, 0, 0, 2, 680.02
1493657268, 0, 2, 427, 426, 171, 4.03%, 0, 0, 2, 592.15
1493657406, 0, 4, 427, 424, 169, 4.03%, 0, 0, 2, 1359.55
1493657411, 0, 7, 427, 423, 168, 4.03%, 0, 0, 2, 1657.84
1493657421, 0, 9, 434, 428, 167, 4.04%, 0, 0, 2, 1511.37
1493657466, 0, 10, 434, 427, 166, 4.04%, 0, 0, 2, 1059.69
1493657471, 0, 11, 434, 426, 165, 4.04%, 0, 0, 2, 1044.50
1493657553, 0, 12, 434, 425, 164, 4.04%, 0, 0, 2, 666.76
1493657629, 0, 14, 434, 424, 163, 4.04%, 0, 0, 2, 866.58
1493657706, 0, 17, 437, 426, 162, 4.04%, 0, 0, 2, 678.59
1493657766, 0, 19, 437, 425, 161, 4.04%, 0, 0, 2, 1437.98
1493657781, 0, 22, 437, 424, 160, 4.04%, 0, 0, 2, 1299.60
1493657853, 0, 23, 437, 423, 159, 4.04%, 0, 0, 2, 759.47
1493657914, 0, 25, 437, 422, 158, 4.04%, 0, 0, 2, 702.26
1493658001, 0, 26, 442, 426, 159, 4.05%, 0, 0, 2, 323.06
1493658067, 0, 27, 442, 425, 158, 4.05%, 0, 0, 2, 681.42
1493658123, 0, 28, 442, 424, 157, 4.05%, 0, 0, 2, 804.62
1493658215, 0, 29, 442, 423, 156, 4.05%, 0, 0, 2, 660.73
1493658302, 0, 30, 442, 422, 155, 4.05%, 0, 0, 2, 653.94
1493658389, 0, 31, 456, 435, 158, 4.07%, 0, 0, 2, 686.02
1493658470, 0, 32, 456, 434, 157, 4.07%, 0, 0, 2, 845.02
1493658475, 0, 33, 456, 433, 156, 4.07%, 0, 0, 2, 878.33
1493658562, 0, 34, 456, 432, 155, 4.07%, 0, 0, 2, 834.91
1493658791, 0, 38, 456, 431, 154, 4.07%, 0, 0, 2, 614.56
1493658853, 0, 39, 468, 442, 154, 4.09%, 0, 0, 2, 907.43
1493658868, 0, 41, 468, 440, 152, 4.09%, 0, 0, 2, 1148.76
1493658898, 0, 51, 468, 438, 150, 4.09%, 0, 0, 2, 1369.96
