# unix_time, cycles_done, cur_path, paths_total, pending_total, pending_favs, map_size, unique_crashes, unique_hangs, max_depth, execs_per_sec
1494680664, 0, 0, 223, 223, 174, 3.23%, 0, 0, 1, 582.23
1494680674, 0, 0, 224, 223, 173, 3.23%, 0, 0, 2, 299.21
1494680736, 0, 1, 224, 223, 173, 3.23%, 0, 0, 2, 90.37
1494680746, 0, 2, 224, 222, 172, 3.23%, 0, 0, 2, 127.29
1494680751, 0, 3, 224, 221, 171, 3.23%, 0, 0, 2, 128.84
1494680767, 0, 4, 224, 220, 170, 3.23%, 0, 0, 2, 126.25
1494680782, 0, 5, 224, 219, 169, 3.23%, 0, 0, 2, 127.36
1494680792, 0, 6, 224, 218, 168, 3.23%, 0, 0, 2, 124.59
1494680797, 0, 7, 224, 217, 167, 3.23%, 0, 0, 2, 129.84
1494680813, 0, 8, 224, 216, 166, 3.23%, 0, 0, 2, 121.81
1494680818, 0, 9, 224, 215, 165, 3.23%, 0, 0, 2, 127.41
1494680823, 0, 10, 224, 214, 164, 3.23%, 0, 0, 2, 116.19
1494680843, 0, 12, 224, 213, 163, 3.23%, 0, 0, 2, 121.75
1494680859, 0, 13, 224, 212, 162, 3.23%, 0, 0, 2, 116.41
1494680864, 0, 14, 224, 211, 161, 3.23%, 0, 0, 2, 121.57
1494680869, 0, 15, 224, 210, 160, 3.23%, 0, 0, 2, 128.28
1494680874, 0, 16, 224, 209, 159, 3.23%, 0, 0, 2, 130.24
1494680884, 0, 17, 224, 208, 158, 3.23%, 0, 0, 2, 117.32
1494680889, 0, 18, 224, 207, 157, 3.23%, 0, 0, 2, 116.03
1494680894, 0, 19, 224, 206, 156, 3.23%, 0, 0, 2, 126.68
1494680899, 0, 20, 224, 205, 155, 3.23%, 0, 0, 2, 133.20
1494680904, 0, 21, 224, 204, 154, 3.23%, 0, 0, 2, 142.68
1494680914, 0, 22, 224, 203, 153, 3.23%, 0, 0, 2, 128.75
1494680919, 0, 23, 224, 202, 152, 3.23%, 0, 0, 2, 134.85
1494680930, 0, 24, 224, 201, 151, 3.23%, 0, 0, 2, 141.62
1494680935, 0, 25, 224, 200, 150, 3.23%, 0, 0, 2, 133.43
1494680945, 0, 26, 224, 199, 149, 3.23%, 0, 0, 2, 138.86
1494680950, 0, 27, 224, 198, 148, 3.23%, 0, 0, 2, 137.23
1494680955, 0, 28, 224, 197, 147, 3.23%, 0, 0, 2, 137.41
1494680960, 0, 29, 224, 196, 146, 3.23%, 0, 0, 2, 140.99
1494680966, 0, 30, 224, 195, 145, 3.23%, 0, 0, 2, 145.40
1494680976, 0, 31, 224, 194, 144, 3.23%, 0, 0, 2, 136.20
1494680986, 0, 32, 224, 193, 143, 3.23%, 0, 0, 2, 132.75
1494680991, 0, 33, 224, 192, 142, 3.23%, 0, 0, 2, 141.61
1494681006, 0, 34, 224, 191, 141, 3.23%, 0, 0, 2, 137.85
1494681022, 0, 35, 224, 190, 140, 3.23%, 0, 0, 2, 131.39
1494681037, 0, 37, 224, 189, 139, 3.23%, 0, 0, 2, 123.08
1494681057, 0, 38, 224, 188, 138, 3.23%, 0, 0, 2, 142.28
1494681062, 0, 39, 224, 187, 137, 3.23%, 0, 0, 2, 142.32
1494681068, 0, 41, 224, 186, 136, 3.23%, 0, 0, 2, 155.27
1494681083, 0, 42, 224, 185, 135, 3.23%, 0, 0, 2, 148.48
1494681093, 0, 43, 224, 184, 134, 3.23%, 0, 0, 2, 128.82
1494681099, 0, 44, 224, 183, 133, 3.23%, 0, 0, 2, 121.60
1494681104, 0, 45, 224, 182, 132, 3.23%, 0, 0, 2, 130.52
1494681119, 0, 46, 224, 181, 131, 3.23%, 0, 0, 2, 135.11
1494681129, 0, 48, 224, 180, 130, 3.23%, 0, 0, 2, 136.45
1494681135, 0, 49, 224, 179, 129, 3.23%, 0, 0, 2, 143.84
1494681150, 0, 50, 224, 178, 128, 3.23%, 0, 0, 2, 134.02
1494681166, 0, 51, 224, 177, 127, 3.23%, 0, 0, 2, 155.48
1494681176, 0, 52, 224, 176, 126, 3.23%, 0, 0, 2, 143.31
1494681181, 0, 53, 224, 175, 125, 3.23%, 0, 0, 2, 143.51
1494681191, 0, 55, 224, 174, 124, 3.23%, 0, 0, 2, 135.77
1494681201, 0, 56, 224, 173, 123, 3.23%, 0, 0, 2, 126.62
1494681217, 0, 57, 224, 172, 122, 3.23%, 0, 0, 2, 147.64
1494681227, 0, 58, 224, 171, 121, 3.23%, 0, 0, 2, 129.82
1494681243, 0, 61, 224, 170, 120, 3.23%, 0, 0, 2, 140.74
1494681258, 0, 62, 224, 169, 119, 3.23%, 0, 0, 2, 148.97
1494681273, 0, 64, 224, 168, 118, 3.23%, 0, 0, 2, 121.46
1494681289, 0, 65, 224, 167, 117, 3.23%, 0, 0, 2, 129.29
1494681299, 0, 67, 224, 166, 116, 3.23%, 0, 0, 2, 127.86
1494681314, 0, 68, 224, 165, 115, 3.23%, 0, 0, 2, 125.37
1494681334, 0, 71, 224, 163, 113, 3.23%, 0, 0, 2, 133.65
1494681355, 0, 72, 224, 162, 112, 3.23%, 0, 0, 2, 121.05
1494681370, 0, 73, 224, 161, 111, 3.23%, 0, 0, 2, 122.57
1494681375, 0, 74, 224, 160, 110, 3.23%, 0, 0, 2, 140.09
1494681396, 0, 75, 224, 159, 109, 3.23%, 0, 0, 2, 127.23
1494681401, 0, 76, 224, 158, 108, 3.23%, 0, 0, 2, 125.95
1494681416, 0, 77, 224, 157, 107, 3.23%, 0, 0, 2, 125.56
1494681432, 0, 78, 224, 156, 106, 3.23%, 0, 0, 2, 129.73
1494681447, 0, 79, 224, 155, 105, 3.23%, 0, 0, 2, 128.62
1494681452, 0, 80, 224, 154, 104, 3.23%, 0, 0, 2, 126.35
1494681468, 0, 81, 224, 153, 103, 3.23%, 0, 0, 2, 124.30
1494681483, 0, 82, 224, 152, 102, 3.23%, 0, 0, 2, 131.75
1494681488, 0, 83, 224, 151, 101, 3.23%, 0, 0, 2, 125.59
1494681509, 0, 85, 224, 150, 100, 3.23%, 0, 0, 2, 128.13
1494681524, 0, 86, 224, 149, 99, 3.23%, 0, 0, 2, 128.99
1494681539, 0, 88, 224, 148, 98, 3.23%, 0, 0, 2, 117.75
1494681555, 0, 89, 224, 147, 97, 3.23%, 0, 0, 2, 121.51
1494681565, 0, 90, 224, 146, 96, 3.23%, 0, 0, 2, 121.93
1494681581, 0, 91, 224, 145, 95, 3.23%, 0, 0, 2, 108.84
1494681591, 0, 92, 224, 144, 94, 3.23%, 0, 0, 2, 125.03
1494681601, 0, 93, 224, 143, 93, 3.23%, 0, 0, 2, 134.03
1494681606, 0, 94, 224, 142, 92, 3.23%, 0, 0, 2, 125.99
1494681621, 0, 95, 224, 141, 91, 3.23%, 0, 0, 2, 96.88
1494681626, 0, 96, 224, 140, 90, 3.23%, 0, 0, 2, 121.87
1494681637, 0, 98, 224, 139, 89, 3.23%, 0, 0, 2, 139.33
1494681657, 0, 101, 224, 137, 87, 3.23%, 0, 0, 2, 145.62
1494681673, 0, 102, 224, 136, 86, 3.23%, 0, 0, 2, 138.33
1494681678, 0, 103, 224, 135, 85, 3.23%, 0, 0, 2, 139.48
1494681693, 0, 104, 224, 134, 84, 3.23%, 0, 0, 2, 129.65
1494681699, 0, 105, 224, 133, 83, 3.23%, 0, 0, 2, 139.27
1494681709, 0, 106, 224, 132, 82, 3.23%, 0, 0, 2, 135.02
1494681714, 0, 107, 224, 131, 81, 3.23%, 0, 0, 2, 135.20
1494681730, 0, 108, 224, 130, 80, 3.23%, 0, 0, 2, 128.77
1494681735, 0, 110, 224, 129, 79, 3.23%, 0, 0, 2, 143.70
1494681750, 0, 111, 224, 128, 78, 3.23%, 0, 0, 2, 132.33
1494681765, 0, 112, 224, 127, 77, 3.23%, 0, 0, 2, 145.00
1494681771, 0, 115, 224, 125, 75, 3.23%, 0, 0, 2, 138.84
1494681786, 0, 116, 224, 124, 74, 3.23%, 0, 0, 2, 136.35
1494681791, 0, 117, 224, 123, 73, 3.23%, 0, 0, 2, 138.23
1494681801, 0, 118, 224, 122, 72, 3.23%, 0, 0, 2, 147.29
1494681806, 0, 119, 224, 121, 71, 3.23%, 0, 0, 2, 141.11
1494681817, 0, 120, 224, 120, 70, 3.23%, 0, 0, 2, 137.34
1494681832, 0, 122, 224, 118, 68, 3.23%, 0, 0, 2, 139.51
1494681837, 0, 123, 224, 117, 67, 3.23%, 0, 0, 2, 137.98
1494681842, 0, 126, 224, 116, 66, 3.23%, 0, 0, 2, 145.24
1494681858, 0, 127, 224, 115, 65, 3.23%, 0, 0, 2, 135.43
1494681873, 0, 129, 224, 114, 64, 3.23%, 0, 0, 2, 139.71
1494681879, 0, 133, 224, 113, 63, 3.23%, 0, 0, 2, 136.80
1494681894, 0, 134, 224, 112, 62, 3.23%, 0, 0, 2, 141.75
1494681899, 0, 135, 224, 111, 61, 3.23%, 0, 0, 2, 133.76
1494681914, 0, 137, 224, 110, 60, 3.23%, 0, 0, 2, 127.49
1494681920, 0, 139, 224, 109, 59, 3.23%, 0, 0, 2, 130.29
1494681925, 0, 140, 224, 108, 58, 3.23%, 0, 0, 2, 134.00
1494681940, 0, 141, 224, 107, 57, 3.23%, 0, 0, 2, 144.70
1494681955, 0, 143, 224, 105, 55, 3.23%, 0, 0, 2, 136.44
1494681970, 0, 144, 224, 104, 54, 3.23%, 0, 0, 2, 136.83
1494681976, 0, 145, 224, 103, 53, 3.23%, 0, 0, 2, 130.73
1494681991, 0, 146, 224, 102, 52, 3.23%, 0, 0, 2, 136.39
1494681996, 0, 149, 224, 101, 51, 3.23%, 0, 0, 2, 138.87
1494682001, 0, 150, 224, 100, 50, 3.23%, 0, 0, 2, 142.46
1494682006, 0, 153, 224, 99, 49, 3.23%, 0, 0, 2, 135.99
1494682011, 0, 154, 224, 98, 48, 3.23%, 0, 0, 2, 132.34
1494682022, 0, 155, 224, 97, 47, 3.23%, 0, 0, 2, 125.59
1494682027, 0, 157, 224, 95, 45, 3.23%, 0, 0, 2, 131.43
1494682032, 0, 158, 224, 94, 44, 3.23%, 0, 0, 2, 124.34
1494682047, 0, 159, 224, 93, 43, 3.23%, 0, 0, 2, 129.86
1494682062, 0, 160, 224, 92, 42, 3.23%, 0, 0, 2, 136.93
1494682068, 0, 162, 224, 91, 41, 3.23%, 0, 0, 2, 138.73
1494682088, 0, 163, 224, 90, 40, 3.23%, 0, 0, 2, 130.89
1494682103, 0, 164, 224, 89, 39, 3.23%, 0, 0, 2, 135.18
1494682108, 0, 166, 224, 88, 38, 3.23%, 0, 0, 2, 133.97
1494682123, 0, 167, 224, 87, 37, 3.23%, 0, 0, 2, 138.10
1494682128, 0, 168, 224, 86, 36, 3.23%, 0, 0, 2, 138.00
1494682143, 0, 169, 224, 85, 35, 3.23%, 0, 0, 2, 138.08
1494682159, 0, 172, 224, 83, 33, 3.23%, 0, 0, 2, 139.79
1494682180, 0, 174, 224, 81, 31, 3.23%, 0, 0, 2, 127.18
1494682195, 0, 176, 224, 80, 30, 3.23%, 0, 0, 2, 139.03
1494682210, 0, 178, 224, 79, 29, 3.23%, 0, 0, 2, 128.57
1494682215, 0, 179, 224, 78, 28, 3.23%, 0, 0, 2, 119.94
1494682231, 0, 181, 224, 77, 27, 3.23%, 0, 0, 2, 127.05
1494682236, 0, 183, 224, 76, 26, 3.23%, 0, 0, 2, 136.54
1494682241, 0, 184, 224, 75, 25, 3.23%, 0, 0, 2, 129.52
1494682246, 0, 185, 224, 74, 24, 3.23%, 0, 0, 2, 128.96
1494682251, 0, 187, 224, 72, 22, 3.23%, 0, 0, 2, 122.33
1494682272, 0, 189, 224, 71, 21, 3.23%, 0, 0, 2, 124.86
1494682287, 0, 190, 224, 70, 20, 3.23%, 0, 0, 2, 122.81
1494682292, 0, 191, 224, 69, 19, 3.23%, 0, 0, 2, 124.56
1494682308, 0, 193, 224, 68, 18, 3.23%, 0, 0, 2, 121.38
1494682323, 0, 196, 224, 67, 17, 3.23%, 0, 0, 2, 122.91
1494682328, 0, 197, 224, 66, 16, 3.23%, 0, 0, 2, 118.25
1494682354, 0, 199, 224, 65, 15, 3.23%, 0, 0, 2, 129.48
1494682359, 0, 200, 224, 64, 14, 3.23%, 0, 0, 2, 129.80
1494682375, 0, 202, 224, 63, 13, 3.23%, 0, 0, 2, 135.11
1494682385, 0, 203, 224, 62, 12, 3.23%, 0, 0, 2, 142.54
1494682390, 0, 205, 224, 60, 10, 3.23%, 0, 0, 2, 152.48
1494682395, 0, 206, 224, 59, 9, 3.23%, 0, 0, 2, 147.30
1494682405, 0, 207, 224, 58, 8, 3.23%, 0, 0, 2, 124.19
1494682410, 0, 208, 224, 57, 7, 3.23%, 0, 0, 2, 135.49
1494682426, 0, 210, 224, 55, 5, 3.23%, 0, 0, 2, 146.49
1494682431, 0, 211, 224, 54, 4, 3.23%, 0, 0, 2, 141.18
1494682441, 0, 212, 224, 53, 3, 3.23%, 0, 0, 2, 146.94
1494682446, 0, 213, 224, 52, 2, 3.23%, 0, 0, 2, 135.66
1494682462, 1, 0, 224, 50, 0, 3.23%, 0, 0, 2, 131.14
1494682477, 1, 1, 224, 50, 0, 3.23%, 0, 0, 2, 141.17
1494682487, 1, 2, 224, 50, 0, 3.23%, 0, 0, 2, 149.14
1494682492, 1, 3, 224, 50, 0, 3.23%, 0, 0, 2, 146.05
1494682503, 1, 4, 224, 50, 0, 3.23%, 0, 0, 2, 139.34
1494682518, 1, 5, 224, 50, 0, 3.23%, 0, 0, 2, 143.58
1494682523, 1, 6, 224, 50, 0, 3.23%, 0, 0, 2, 145.33
1494682529, 1, 7, 224, 50, 0, 3.23%, 0, 0, 2, 145.42
1494682544, 1, 8, 224, 50, 0, 3.23%, 0, 0, 2, 133.41
1494682549, 1, 9, 224, 50, 0, 3.23%, 0, 0, 2, 141.75
1494682554, 1, 10, 224, 50, 0, 3.23%, 0, 0, 2, 142.27
1494682569, 1, 12, 224, 50, 0, 3.23%, 0, 0, 2, 152.43
1494682580, 1, 13, 224, 50, 0, 3.23%, 0, 0, 2, 139.94
1494682585, 1, 14, 224, 50, 0, 3.23%, 0, 0, 2, 142.19
1494682590, 1, 15, 224, 50, 0, 3.23%, 0, 0, 2, 139.48
1494682595, 1, 16, 224, 50, 0, 3.23%, 0, 0, 2, 145.93
1494682600, 1, 17, 224, 50, 0, 3.23%, 0, 0, 2, 128.08
1494682605, 1, 18, 224, 50, 0, 3.23%, 0, 0, 2, 130.62
1494682615, 1, 19, 224, 50, 0, 3.23%, 0, 0, 2, 139.78
1494682621, 1, 20, 224, 50, 0, 3.23%, 0, 0, 2, 146.94
1494682626, 1, 21, 224, 50, 0, 3.23%, 0, 0, 2, 136.90
1494682631, 1, 22, 224, 50, 0, 3.23%, 0, 0, 2, 141.32
1494682636, 1, 23, 224, 50, 0, 3.23%, 0, 0, 2, 137.17
1494682651, 1, 24, 224, 50, 0, 3.23%, 0, 0, 2, 141.92
1494682656, 1, 25, 224, 50, 0, 3.23%, 0, 0, 2, 143.74
1494682661, 1, 26, 224, 50, 0, 3.23%, 0, 0, 2, 136.30
1494682666, 1, 27, 224, 50, 0, 3.23%, 0, 0, 2, 144.06
1494682672, 1, 28, 224, 50, 0, 3.23%, 0, 0, 2, 148.75
1494682677, 1, 29, 224, 50, 0, 3.23%, 0, 0, 2, 142.70
1494682682, 1, 30, 224, 50, 0, 3.23%, 0, 0, 2, 148.05
1494682692, 1, 31, 224, 50, 0, 3.23%, 0, 0, 2, 143.67
1494682703, 1, 32, 224, 50, 0, 3.23%, 0, 0, 2, 141.32
1494682708, 1, 33, 224, 50, 0, 3.23%, 0, 0, 2, 144.25
1494682723, 1, 34, 224, 50, 0, 3.23%, 0, 0, 2, 147.73
1494682739, 1, 35, 224, 50, 0, 3.23%, 0, 0, 2, 137.11
1494682754, 1, 37, 224, 50, 0, 3.23%, 0, 0, 2, 124.26
1494682780, 1, 38, 224, 50, 0, 3.23%, 0, 0, 2, 137.80
1494682785, 1, 39, 224, 50, 0, 3.23%, 0, 0, 2, 121.65
1494682790, 1, 41, 224, 50, 0, 3.23%, 0, 0, 2, 127.64
1494682811, 1, 42, 224, 50, 0, 3.23%, 0, 0, 2, 134.96
1494682816, 1, 43, 224, 50, 0, 3.23%, 0, 0, 2, 123.39
1494682821, 1, 44, 224, 50, 0, 3.23%, 0, 0, 2, 123.45
1494682831, 1, 45, 224, 50, 0, 3.23%, 0, 0, 2, 124.55
1494682841, 1, 46, 224, 50, 0, 3.23%, 0, 0, 2, 122.40
1494682856, 1, 48, 224, 50, 0, 3.23%, 0, 0, 2, 174.19
1494682862, 1, 49, 224, 50, 0, 3.23%, 0, 0, 2, 134.65
1494682877, 1, 50, 224, 50, 0, 3.23%, 0, 0, 2, 132.24
1494682897, 1, 51, 224, 50, 0, 3.23%, 0, 0, 2, 127.52
1494682912, 1, 52, 224, 50, 0, 3.23%, 0, 0, 2, 123.56
1494682917, 1, 53, 224, 50, 0, 3.23%, 0, 0, 2, 135.37
1494682923, 1, 55, 224, 50, 0, 3.23%, 0, 0, 2, 140.49
1494682938, 1, 56, 224, 50, 0, 3.23%, 0, 0, 2, 154.48
1494682948, 1, 57, 224, 50, 0, 3.23%, 0, 0, 2, 126.68
1494682969, 1, 58, 224, 50, 0, 3.23%, 0, 0, 2, 125.09
1494682984, 1, 61, 224, 50, 0, 3.23%, 0, 0, 2, 128.91
1494682999, 1, 62, 224, 50, 0, 3.23%, 0, 0, 2, 127.27
1494683015, 1, 64, 224, 50, 0, 3.23%, 0, 0, 2, 121.45
1494683030, 1, 65, 224, 50, 0, 3.23%, 0, 0, 2, 132.44
1494683041, 1, 67, 224, 50, 0, 3.23%, 0, 0, 2, 124.91
1494683056, 1, 68, 224, 50, 0, 3.23%, 0, 0, 2, 127.60
1494683071, 1, 70, 224, 50, 0, 3.23%, 0, 0, 2, 128.49
1494683081, 1, 71, 224, 50, 0, 3.23%, 0, 0, 2, 123.31
1494683097, 1, 72, 224, 50, 0, 3.23%, 0, 0, 2, 122.06
1494683112, 1, 73, 224, 50, 0, 3.23%, 0, 0, 2, 130.89
1494683122, 1, 74, 224, 50, 0, 3.23%, 0, 0, 2, 136.51
1494683132, 1, 75, 224, 50, 0, 3.23%, 0, 0, 2, 142.61
1494683137, 1, 76, 224, 50, 0, 3.23%, 0, 0, 2, 146.33
1494683153, 1, 77, 224, 50, 0, 3.23%, 0, 0, 2, 136.08
1494683168, 1, 78, 224, 50, 0, 3.23%, 0, 0, 2, 147.79
1494683184, 1, 80, 224, 50, 0, 3.23%, 0, 0, 2, 136.17
1494683199, 1, 81, 224, 50, 0, 3.23%, 0, 0, 2, 144.52
1494683214, 1, 82, 224, 50, 0, 3.23%, 0, 0, 2, 149.06
1494683220, 1, 83, 224, 50, 0, 3.23%, 0, 0, 2, 140.97
1494683235, 1, 85, 224, 50, 0, 3.23%, 0, 0, 2, 145.25
1494683245, 1, 86, 224, 50, 0, 3.23%, 0, 0, 2, 145.15
1494683261, 1, 87, 224, 50, 0, 3.23%, 0, 0, 2, 149.29
1494683266, 1, 88, 224, 49, 0, 3.23%, 0, 0, 2, 146.52
1494683281, 1, 89, 224, 49, 0, 3.23%, 0, 0, 2, 134.06
1494683286, 1, 90, 224, 49, 0, 3.23%, 0, 0, 2, 134.43
1494683302, 1, 91, 224, 49, 0, 3.23%, 0, 0, 2, 138.88
1494683312, 1, 92, 224, 49, 0, 3.23%, 0, 0, 2, 133.85
1494683322, 1, 93, 224, 49, 0, 3.23%, 0, 0, 2, 150.03
1494683328, 1, 94, 224, 49, 0, 3.23%, 0, 0, 2, 138.81
1494683338, 1, 95, 224, 49, 0, 3.23%, 0, 0, 2, 133.00
1494683343, 1, 96, 224, 49, 0, 3.23%, 0, 0, 2, 147.69
1494683353, 1, 98, 224, 49, 0, 3.23%, 0, 0, 2, 144.07
1494683368, 1, 100, 224, 49, 0, 3.23%, 0, 0, 2, 151.30
1494683374, 1, 101, 224, 49, 0, 3.23%, 0, 0, 2, 144.05
1494683389, 1, 102, 224, 49, 0, 3.23%, 0, 0, 2, 139.55
1494683394, 1, 103, 224, 49, 0, 3.23%, 0, 0, 2, 143.77
1494683409, 1, 104, 224, 49, 0, 3.23%, 0, 0, 2, 136.97
1494683414, 1, 105, 224, 49, 0, 3.23%, 0, 0, 2, 133.75
1494683425, 1, 106, 224, 49, 0, 3.23%, 0, 0, 2, 142.67
1494683430, 1, 107, 224, 49, 0, 3.23%, 0, 0, 2, 138.49
1494683445, 1, 108, 224, 49, 0, 3.23%, 0, 0, 2, 135.35
1494683450, 1, 110, 224, 49, 0, 3.23%, 0, 0, 2, 149.34
1494683460, 1, 111, 224, 49, 0, 3.23%, 0, 0, 2, 142.70
1494683476, 1, 112, 224, 49, 0, 3.23%, 0, 0, 2, 144.04
1494683481, 1, 113, 224, 49, 0, 3.23%, 0, 0, 2, 127.16
1494683497, 1, 114, 224, 48, 0, 3.23%, 0, 0, 2, 131.61
1494683502, 1, 115, 224, 48, 0, 3.23%, 0, 0, 2, 132.24
1494683517, 1, 117, 224, 48, 0, 3.23%, 0, 0, 2, 122.03
1494683528, 1, 118, 224, 48, 0, 3.23%, 0, 0, 2, 135.10
1494683538, 1, 119, 224, 48, 0, 3.23%, 0, 0, 2, 139.05
1494683548, 1, 120, 224, 48, 0, 3.23%, 0, 0, 2, 120.10
1494683563, 1, 121, 224, 48, 0, 3.23%, 0, 0, 2, 130.22
1494683569, 1, 122, 224, 48, 0, 3.23%, 0, 0, 2, 126.83
1494683574, 1, 123, 224, 48, 0, 3.23%, 0, 0, 2, 124.03
1494683579, 1, 126, 224, 48, 0, 3.23%, 0, 0, 2, 128.33
1494683594, 1, 127, 224, 48, 0, 3.23%, 0, 0, 2, 133.94
1494683609, 1, 129, 224, 48, 0, 3.23%, 0, 0, 2, 128.22
1494683614, 1, 131, 224, 48, 0, 3.23%, 0, 0, 2, 127.18
1494683620, 1, 132, 224, 47, 0, 3.23%, 0, 0, 2, 133.26
1494683625, 1, 133, 224, 46, 0, 3.23%, 0, 0, 2, 131.47
1494683640, 1, 134, 224, 46, 0, 3.23%, 0, 0, 2, 135.63
1494683645, 1, 135, 224, 46, 0, 3.23%, 0, 0, 2, 128.20
1494683661, 1, 136, 224, 46, 0, 3.23%, 0, 0, 2, 122.08
1494683666, 1, 137, 224, 45, 0, 3.23%, 0, 0, 2, 132.89
1494683676, 1, 139, 224, 45, 0, 3.23%, 0, 0, 2, 135.72
1494683681, 1, 140, 224, 45, 0, 3.23%, 0, 0, 2, 133.86
1494683697, 1, 141, 224, 45, 0, 3.23%, 0, 0, 2, 135.25
1494683712, 1, 142, 224, 45, 0, 3.23%, 0, 0, 2, 127.22
1494683717, 1, 143, 224, 45, 0, 3.23%, 0, 0, 2, 136.10
1494683732, 1, 144, 224, 45, 0, 3.23%, 0, 0, 2, 138.40
1494683738, 1, 145, 224, 45, 0, 3.23%, 0, 0, 2, 126.11
1494683753, 1, 146, 224, 45, 0, 3.23%, 0, 0, 2, 122.59
1494683758, 1, 148, 224, 45, 0, 3.23%, 0, 0, 2, 129.82
1494683763, 1, 149, 224, 44, 0, 3.23%, 0, 0, 2, 128.27
1494683773, 1, 150, 224, 44, 0, 3.23%, 0, 0, 2, 124.92
1494683778, 1, 152, 224, 44, 0, 3.23%, 0, 0, 2, 130.53
1494683783, 1, 154, 224, 43, 0, 3.23%, 0, 0, 2, 124.18
1494683794, 1, 155, 224, 43, 0, 3.23%, 0, 0, 2, 125.44
1494683799, 1, 157, 224, 43, 0, 3.23%, 0, 0, 2, 126.84
1494683804, 1, 158, 224, 43, 0, 3.23%, 0, 0, 2, 140.80
1494683819, 1, 159, 224, 43, 0, 3.23%, 0, 0, 2, 126.47
1494683840, 1, 162, 224, 43, 0, 3.23%, 0, 0, 2, 121.16
1494683865, 1, 163, 224, 43, 0, 3.23%, 0, 0, 2, 148.84
1494683881, 1, 165, 224, 43, 0, 3.23%, 0, 0, 2, 144.29
1494683886, 1, 166, 224, 42, 0, 3.23%, 0, 0, 2, 137.60
1494683901, 1, 168, 224, 42, 0, 3.23%, 0, 0, 2, 162.39
1494683917, 1, 169, 224, 42, 0, 3.23%, 0, 0, 2, 139.10
1494683932, 1, 170, 224, 42, 0, 3.23%, 0, 0, 2, 147.77
1494683948, 1, 172, 224, 41, 0, 3.23%, 0, 0, 2, 138.89
1494683963, 1, 173, 224, 41, 0, 3.23%, 0, 0, 2, 142.60
1494683968, 1, 174, 224, 41, 0, 3.23%, 0, 0, 2, 143.55
1494683979, 1, 175, 224, 41, 0, 3.23%, 0, 0, 2, 141.90
1494683984, 1, 176, 224, 40, 0, 3.23%, 0, 0, 2, 132.93
1494683999, 1, 178, 224, 40, 0, 3.23%, 0, 0, 2, 142.67
1494684004, 1, 179, 224, 40, 0, 3.23%, 0, 0, 2, 145.97
1494684019, 1, 181, 224, 39, 0, 3.23%, 0, 0, 2, 136.02
1494684024, 1, 183, 224, 39, 0, 3.23%, 0, 0, 2, 141.83
1494684029, 1, 185, 224, 39, 0, 3.23%, 0, 0, 2, 132.74
1494684035, 1, 186, 224, 39, 0, 3.23%, 0, 0, 2, 134.78
1494684040, 1, 187, 224, 39, 0, 3.23%, 0, 0, 2, 128.96
1494684055, 1, 189, 224, 39, 0, 3.23%, 0, 0, 2, 152.78
1494684070, 1, 191, 224, 39, 0, 3.23%, 0, 0, 2, 141.35
1494684086, 1, 193, 224, 39, 0, 3.23%, 0, 0, 2, 153.84
1494684101, 1, 194, 224, 39, 0, 3.23%, 0, 0, 2, 111.39
1494684106, 1, 197, 224, 38, 0, 3.23%, 0, 0, 2, 120.09
1494684132, 1, 200, 224, 38, 0, 3.23%, 0, 0, 2, 151.29
1494684147, 1, 202, 224, 38, 0, 3.23%, 0, 0, 2, 133.45
1494684163, 1, 203, 224, 38, 0, 3.23%, 0, 0, 2, 149.12
1494684168, 1, 206, 224, 38, 0, 3.23%, 0, 0, 2, 144.22
1494684183, 1, 207, 224, 38, 0, 3.23%, 0, 0, 2, 137.07
1494684188, 1, 208, 224, 38, 0, 3.23%, 0, 0, 2, 148.16
1494684204, 1, 210, 224, 38, 0, 3.23%, 0, 0, 2, 139.40
1494684209, 1, 211, 224, 38, 0, 3.23%, 0, 0, 2, 143.77
1494684224, 1, 213, 224, 38, 0, 3.23%, 0, 0, 2, 143.48
1494684240, 1, 216, 224, 38, 0, 3.23%, 0, 0, 2, 127.93
1494684245, 1, 219, 224, 37, 0, 3.23%, 0, 0, 2, 112.17
1494684250, 1, 223, 224, 35, 0, 3.23%, 0, 0, 2, 134.30
1494684255, 2, 0, 224, 34, 0, 3.23%, 0, 0, 2, 124.91
1494684270, 2, 1, 224, 34, 0, 3.23%, 0, 0, 2, 135.42
1494684276, 2, 2, 224, 34, 0, 3.23%, 0, 0, 2, 125.60
1494684286, 2, 3, 224, 34, 0, 3.23%, 0, 0, 2, 130.31
1494684301, 2, 4, 224, 34, 0, 3.23%, 0, 0, 2, 125.93
1494684316, 2, 5, 224, 34, 0, 3.23%, 0, 0, 2, 134.74
1494684321, 2, 6, 224, 34, 0, 3.23%, 0, 0, 2, 139.25
1494684327, 2, 7, 224, 34, 0, 3.23%, 0, 0, 2, 129.23
1494684347, 2, 8, 224, 34, 0, 3.23%, 0, 0, 2, 135.36
1494684352, 2, 9, 224, 34, 0, 3.23%, 0, 0, 2, 135.39
1494684358, 2, 10, 224, 34, 0, 3.23%, 0, 0, 2, 141.29
1494684373, 2, 12, 224, 34, 0, 3.23%, 0, 0, 2, 132.52
1494684388, 2, 13, 224, 34, 0, 3.23%, 0, 0, 2, 136.51
1494684393, 2, 14, 224, 34, 0, 3.23%, 0, 0, 2, 128.08
1494684399, 2, 15, 224, 34, 0, 3.23%, 0, 0, 2, 127.47
1494684404, 2, 16, 224, 34, 0, 3.23%, 0, 0, 2, 139.06
1494684409, 2, 17, 224, 34, 0, 3.23%, 0, 0, 2, 140.59
1494684414, 2, 18, 224, 34, 0, 3.23%, 0, 0, 2, 134.12
1494684419, 2, 19, 224, 34, 0, 3.23%, 0, 0, 2, 136.29
1494684429, 2, 20, 224, 34, 0, 3.23%, 0, 0, 2, 135.34
1494684434, 2, 21, 224, 34, 0, 3.23%, 0, 0, 2, 123.34
1494684439, 2, 22, 224, 34, 0, 3.23%, 0, 0, 2, 126.61
1494684444, 2, 23, 224, 34, 0, 3.23%, 0, 0, 2, 134.32
1494684460, 2, 24, 224, 34, 0, 3.23%, 0, 0, 2, 119.06
1494684465, 2, 25, 224, 34, 0, 3.23%, 0, 0, 2, 132.47
1494684475, 2, 26, 224, 34, 0, 3.23%, 0, 0, 2, 124.17
1494684480, 2, 27, 224, 34, 0, 3.23%, 0, 0, 2, 126.72
1494684485, 2, 28, 224, 34, 0, 3.23%, 0, 0, 2, 131.87
1494684491, 2, 29, 224, 34, 0, 3.23%, 0, 0, 2, 130.24
1494684496, 2, 30, 224, 34, 0, 3.23%, 0, 0, 2, 130.96
1494684506, 2, 31, 224, 34, 0, 3.23%, 0, 0, 2, 139.98
1494684521, 2, 32, 224, 34, 0, 3.23%, 0, 0, 2, 118.02
1494684527, 2, 33, 224, 34, 0, 3.23%, 0, 0, 2, 127.20
1494684542, 2, 34, 224, 34, 0, 3.23%, 0, 0, 2, 138.22
1494684558, 2, 35, 224, 34, 0, 3.23%, 0, 0, 2, 123.37
1494684578, 2, 37, 224, 34, 0, 3.23%, 0, 0, 2, 109.77
1494684599, 2, 38, 224, 34, 0, 3.23%, 0, 0, 2, 129.46
1494684609, 2, 41, 224, 34, 0, 3.23%, 0, 0, 2, 139.87
1494684624, 2, 42, 224, 34, 0, 3.23%, 0, 0, 2, 162.69
1494684634, 2, 43, 224, 34, 0, 3.23%, 0, 0, 2, 147.32
1494684640, 2, 44, 224, 34, 0, 3.23%, 0, 0, 2, 134.92
1494684645, 2, 45, 224, 34, 0, 3.23%, 0, 0, 2, 145.87
1494684655, 2, 46, 224, 34, 0, 3.23%, 0, 0, 2, 140.83
1494684670, 2, 48, 224, 34, 0, 3.23%, 0, 0, 2, 149.99
1494684675, 2, 49, 224, 34, 0, 3.23%, 0, 0, 2, 143.44
1494684686, 2, 50, 224, 34, 0, 3.23%, 0, 0, 2, 148.55
1494684701, 2, 51, 224, 34, 0, 3.23%, 0, 0, 2, 150.12
1494684716, 2, 52, 224, 34, 0, 3.23%, 0, 0, 2, 139.26
1494684722, 2, 53, 224, 34, 0, 3.23%, 0, 0, 2, 141.21
1494684727, 2, 55, 224, 34, 0, 3.23%, 0, 0, 2, 145.95
1494684742, 2, 56, 224, 34, 0, 3.23%, 0, 0, 2, 107.30
1494684752, 2, 57, 224, 34, 0, 3.23%, 0, 0, 2, 135.80
1494684763, 2, 58, 224, 34, 0, 3.23%, 0, 0, 2, 141.83
1494684778, 2, 61, 224, 34, 0, 3.23%, 0, 0, 2, 143.90
1494684793, 2, 62, 224, 34, 0, 3.23%, 0, 0, 2, 145.93
1494684809, 2, 64, 224, 34, 0, 3.23%, 0, 0, 2, 127.28
1494684824, 2, 65, 224, 34, 0, 3.23%, 0, 0, 2, 154.23
1494684834, 2, 67, 224, 34, 0, 3.23%, 0, 0, 2, 153.57
1494684850, 2, 68, 224, 34, 0, 3.23%, 0, 0, 2, 150.15
1494684865, 2, 70, 224, 34, 0, 3.23%, 0, 0, 2, 140.87
1494684870, 2, 71, 224, 34, 0, 3.23%, 0, 0, 2, 142.61
1494684881, 2, 72, 224, 34, 0, 3.23%, 0, 0, 2, 146.49
1494684896, 2, 73, 224, 34, 0, 3.23%, 0, 0, 2, 134.33
1494684901, 2, 74, 224, 34, 0, 3.23%, 0, 0, 2, 144.99
1494684916, 2, 75, 224, 34, 0, 3.23%, 0, 0, 2, 145.63
1494684921, 2, 76, 224, 34, 0, 3.23%, 0, 0, 2, 135.92
1494684937, 2, 77, 224, 34, 0, 3.23%, 0, 0, 2, 149.97
1494684952, 2, 78, 224, 34, 0, 3.23%, 0, 0, 2, 157.01
1494684962, 2, 79, 224, 34, 0, 3.23%, 0, 0, 2, 142.93
1494684967, 2, 80, 224, 34, 0, 3.23%, 0, 0, 2, 139.15
1494684983, 2, 81, 224, 34, 0, 3.23%, 0, 0, 2, 131.57
1494684998, 2, 82, 224, 34, 0, 3.23%, 0, 0, 2, 119.25
1494685003, 2, 83, 224, 34, 0, 3.23%, 0, 0, 2, 120.19
1494685019, 2, 84, 224, 34, 0, 3.23%, 0, 0, 2, 127.72
1494685024, 2, 85, 224, 33, 0, 3.23%, 0, 0, 2, 136.90
1494685039, 2, 86, 224, 33, 0, 3.23%, 0, 0, 2, 126.96
1494685060, 2, 88, 224, 33, 0, 3.23%, 0, 0, 2, 125.16
1494685075, 2, 89, 224, 33, 0, 3.23%, 0, 0, 2, 139.65
1494685080, 2, 90, 224, 33, 0, 3.23%, 0, 0, 2, 125.99
1494685096, 2, 91, 224, 33, 0, 3.23%, 0, 0, 2, 126.11
1494685106, 2, 92, 224, 33, 0, 3.23%, 0, 0, 2, 134.01
1494685116, 2, 93, 224, 33, 0, 3.23%, 0, 0, 2, 126.85
1494685121, 2, 94, 224, 33, 0, 3.23%, 0, 0, 2, 128.99
1494685131, 2, 95, 224, 33, 0, 3.23%, 0, 0, 2, 134.82
1494685137, 2, 96, 224, 33, 0, 3.23%, 0, 0, 2, 127.76
1494685157, 2, 98, 224, 33, 0, 3.23%, 0, 0, 2, 129.78
1494685173, 2, 99, 224, 33, 0, 3.23%, 0, 0, 2, 114.68
1494685178, 2, 100, 224, 32, 0, 3.23%, 0, 0, 2, 122.67
1494685183, 2, 101, 224, 32, 0, 3.23%, 0, 0, 2, 127.97
1494685198, 2, 102, 224, 32, 0, 3.23%, 0, 0, 2, 119.24
1494685203, 2, 103, 224, 32, 0, 3.23%, 0, 0, 2, 127.35
1494685224, 2, 104, 224, 32, 0, 3.23%, 0, 0, 2, 126.15
1494685229, 2, 105, 224, 32, 0, 3.23%, 0, 0, 2, 124.15
1494685239, 2, 106, 224, 32, 0, 3.23%, 0, 0, 2, 125.03
1494685244, 2, 107, 224, 32, 0, 3.23%, 0, 0, 2, 131.31
1494685265, 2, 108, 224, 32, 0, 3.23%, 0, 0, 2, 112.98
1494685270, 2, 109, 224, 32, 0, 3.23%, 0, 0, 2, 123.06
1494685280, 2, 110, 224, 31, 0, 3.23%, 0, 0, 2, 129.63
1494685296, 2, 111, 224, 31, 0, 3.23%, 0, 0, 2, 118.85
1494685311, 2, 112, 224, 31, 0, 3.23%, 0, 0, 2, 126.49
1494685316, 2, 114, 224, 31, 0, 3.23%, 0, 0, 2, 121.57
1494685321, 2, 115, 224, 31, 0, 3.23%, 0, 0, 2, 122.99
1494685337, 2, 116, 224, 31, 0, 3.23%, 0, 0, 2, 127.01
1494685342, 2, 117, 224, 31, 0, 3.23%, 0, 0, 2, 127.03
1494685352, 2, 118, 224, 31, 0, 3.23%, 0, 0, 2, 122.60
1494685362, 2, 119, 224, 31, 0, 3.23%, 0, 0, 2, 132.76
1494685373, 2, 120, 224, 31, 0, 3.23%, 0, 0, 2, 137.59
1494685383, 2, 121, 224, 31, 0, 3.23%, 0, 0, 2, 137.82
1494685388, 2, 122, 224, 31, 0, 3.23%, 0, 0, 2, 137.90
1494685393, 2, 123, 224, 31, 0, 3.23%, 0, 0, 2, 137.61
1494685398, 2, 125, 224, 31, 0, 3.23%, 0, 0, 2, 140.62
1494685403, 2, 126, 224, 30, 0, 3.23%, 0, 0, 2, 138.52
1494685419, 2, 127, 224, 30, 0, 3.23%, 0, 0, 2, 140.70
1494685429, 2, 129, 224, 30, 0, 3.23%, 0, 0, 2, 146.67
1494685434, 2, 133, 224, 30, 0, 3.23%, 0, 0, 2, 147.38
1494685450, 2, 134, 224, 30, 0, 3.23%, 0, 0, 2, 137.17
1494685455, 2, 135, 224, 30, 0, 3.23%, 0, 0, 2, 133.82
1494685470, 2, 137, 224, 30, 0, 3.23%, 0, 0, 2, 147.02
1494685475, 2, 139, 224, 30, 0, 3.23%, 0, 0, 2, 133.60
1494685481, 2, 140, 224, 30, 0, 3.23%, 0, 0, 2, 135.42
1494685496, 2, 141, 224, 30, 0, 3.23%, 0, 0, 2, 132.80
1494685511, 2, 142, 224, 30, 0, 3.23%, 0, 0, 2, 131.17
1494685516, 2, 143, 224, 30, 0, 3.23%, 0, 0, 2, 139.06
1494685532, 2, 144, 224, 30, 0, 3.23%, 0, 0, 2, 146.59
1494685537, 2, 145, 224, 30, 0, 3.23%, 0, 0, 2, 140.43
1494685552, 2, 147, 224, 30, 0, 3.23%, 0, 0, 2, 141.66
1494685557, 2, 149, 224, 29, 0, 3.23%, 0, 0, 2, 137.52
1494685568, 2, 151, 224, 29, 0, 3.23%, 0, 0, 2, 128.57
1494685583, 2, 153, 224, 28, 0, 3.23%, 0, 0, 2, 139.09
1494685588, 2, 154, 224, 28, 0, 3.23%, 0, 0, 2, 130.30
1494685593, 2, 155, 224, 28, 0, 3.23%, 0, 0, 2, 126.94
1494685598, 2, 156, 224, 28, 0, 3.23%, 0, 0, 2, 134.86
1494685603, 2, 157, 224, 28, 0, 3.23%, 0, 0, 2, 142.39
1494685608, 2, 158, 224, 28, 0, 3.23%, 0, 0, 2, 143.15
1494685624, 2, 159, 224, 28, 0, 3.23%, 0, 0, 2, 138.29
1494685634, 2, 160, 224, 28, 0, 3.23%, 0, 0, 2, 143.61
1494685639, 2, 162, 224, 28, 0, 3.23%, 0, 0, 2, 131.78
1494685660, 2, 163, 224, 28, 0, 3.23%, 0, 0, 2, 133.35
1494685675, 2, 166, 224, 28, 0, 3.23%, 0, 0, 2, 127.23
1494685690, 2, 167, 224, 28, 0, 3.23%, 0, 0, 2, 140.60
1494685696, 2, 168, 224, 28, 0, 3.23%, 0, 0, 2, 146.19
1494685706, 2, 169, 224, 28, 0, 3.23%, 0, 0, 2, 155.50
1494685726, 2, 172, 224, 28, 0, 3.23%, 0, 0, 2, 128.77
1494685747, 2, 174, 224, 28, 0, 3.23%, 0, 0, 2, 133.34
1494685762, 2, 176, 224, 28, 0, 3.23%, 0, 0, 2, 124.43
1494685783, 2, 178, 224, 28, 0, 3.23%, 0, 0, 2, 123.28
1494685788, 2, 179, 224, 28, 0, 3.23%, 0, 0, 2, 131.60
1494685803, 2, 181, 224, 28, 0, 3.23%, 0, 0, 2, 134.63
1494685808, 2, 183, 224, 28, 0, 3.23%, 0, 0, 2, 126.06
1494685813, 2, 185, 224, 28, 0, 3.23%, 0, 0, 2, 123.62
1494685818, 2, 186, 224, 28, 0, 3.23%, 0, 0, 2, 130.61
1494685823, 2, 187, 224, 28, 0, 3.23%, 0, 0, 2, 124.29
1494685839, 2, 189, 224, 28, 0, 3.23%, 0, 0, 2, 120.83
1494685854, 2, 190, 224, 28, 0, 3.23%, 0, 0, 2, 118.13
1494685859, 2, 191, 224, 28, 0, 3.23%, 0, 0, 2, 129.44
1494685875, 2, 193, 224, 28, 0, 3.23%, 0, 0, 2, 126.58
1494685890, 2, 196, 224, 28, 0, 3.23%, 0, 0, 2, 118.93
1494685895, 2, 197, 224, 28, 0, 3.23%, 0, 0, 2, 130.50
1494685916, 2, 199, 224, 28, 0, 3.23%, 0, 0, 2, 133.92
1494685921, 2, 200, 224, 28, 0, 3.23%, 0, 0, 2, 139.69
1494685937, 2, 202, 224, 28, 0, 3.23%, 0, 0, 2, 128.08
1494685957, 2, 205, 224, 28, 0, 3.23%, 0, 0, 2, 129.44
1494685962, 2, 206, 224, 28, 0, 3.23%, 0, 0, 2, 136.78
1494685978, 2, 208, 224, 28, 0, 3.23%, 0, 0, 2, 129.62
1494685998, 2, 210, 224, 28, 0, 3.23%, 0, 0, 2, 135.34
1494686003, 2, 211, 224, 28, 0, 3.23%, 0, 0, 2, 133.07
1494686018, 2, 213, 224, 28, 0, 3.23%, 0, 0, 2, 129.21
1494686034, 2, 214, 224, 28, 0, 3.23%, 0, 0, 2, 126.11
1494686039, 2, 215, 224, 27, 0, 3.23%, 0, 0, 2, 121.30
1494686044, 3, 0, 224, 27, 0, 3.23%, 0, 0, 2, 134.01
1494686060, 3, 1, 224, 27, 0, 3.23%, 0, 0, 2, 110.21
1494686065, 3, 2, 224, 27, 0, 3.23%, 0, 0, 2, 114.60
1494686070, 3, 3, 224, 27, 0, 3.23%, 0, 0, 2, 124.02
1494686090, 3, 4, 224, 27, 0, 3.23%, 0, 0, 2, 129.96
1494686100, 3, 5, 224, 27, 0, 3.23%, 0, 0, 2, 149.65
1494686111, 3, 6, 224, 27, 0, 3.23%, 0, 0, 2, 150.08
1494686116, 3, 7, 224, 27, 0, 3.23%, 0, 0, 2, 154.50
1494686126, 3, 8, 224, 27, 0, 3.23%, 0, 0, 2, 139.47
1494686131, 3, 9, 224, 27, 0, 3.23%, 0, 0, 2, 136.37
1494686136, 3, 10, 224, 27, 0, 3.23%, 0, 0, 2, 138.28
1494686151, 3, 12, 224, 27, 0, 3.23%, 0, 0, 2, 141.56
1494686162, 3, 13, 224, 27, 0, 3.23%, 0, 0, 2, 144.80
1494686172, 3, 15, 224, 27, 0, 3.23%, 0, 0, 2, 141.33
1494686177, 3, 16, 224, 27, 0, 3.23%, 0, 0, 2, 120.10
1494686182, 3, 17, 224, 27, 0, 3.23%, 0, 0, 2, 128.58
1494686192, 3, 18, 224, 27, 0, 3.23%, 0, 0, 2, 150.62
1494686197, 3, 19, 224, 27, 0, 3.23%, 0, 0, 2, 141.71
1494686202, 3, 20, 224, 27, 0, 3.23%, 0, 0, 2, 139.24
1494686207, 3, 21, 224, 27, 0, 3.23%, 0, 0, 2, 154.65
1494686212, 3, 22, 224, 27, 0, 3.23%, 0, 0, 2, 141.22
1494686217, 3, 23, 224, 27, 0, 3.23%, 0, 0, 2, 128.93
1494686233, 3, 24, 224, 27, 0, 3.23%, 0, 0, 2, 151.28
1494686238, 3, 25, 224, 27, 0, 3.23%, 0, 0, 2, 147.22
1494686243, 3, 26, 224, 27, 0, 3.23%, 0, 0, 2, 141.36
1494686248, 3, 27, 224, 27, 0, 3.23%, 0, 0, 2, 132.78
1494686254, 3, 28, 224, 27, 0, 3.23%, 0, 0, 2, 139.65
1494686259, 3, 29, 224, 27, 0, 3.23%, 0, 0, 2, 174.71
1494686264, 3, 30, 224, 27, 0, 3.23%, 0, 0, 2, 157.70
1494686274, 3, 31, 224, 27, 0, 3.23%, 0, 0, 2, 143.62
1494686284, 3, 32, 224, 27, 0, 3.23%, 0, 0, 2, 133.82
1494686289, 3, 33, 224, 27, 0, 3.23%, 0, 0, 2, 143.79
1494686305, 3, 34, 224, 27, 0, 3.23%, 0, 0, 2, 138.98
1494686320, 3, 35, 224, 27, 0, 3.23%, 0, 0, 2, 146.15
1494686335, 3, 36, 224, 27, 0, 3.23%, 0, 0, 2, 144.37
1494686341, 3, 37, 224, 26, 0, 3.23%, 0, 0, 2, 130.59
1494686361, 3, 38, 224, 26, 0, 3.23%, 0, 0, 2, 145.53
1494686366, 3, 39, 224, 26, 0, 3.23%, 0, 0, 2, 148.29
1494686371, 3, 41, 224, 26, 0, 3.23%, 0, 0, 2, 143.23
1494686387, 3, 42, 224, 26, 0, 3.23%, 0, 0, 2, 149.22
1494686397, 3, 43, 224, 26, 0, 3.23%, 0, 0, 2, 143.39
1494686402, 3, 44, 224, 26, 0, 3.23%, 0, 0, 2, 146.48
1494686407, 3, 45, 224, 26, 0, 3.23%, 0, 0, 2, 142.87
1494686418, 3, 46, 224, 26, 0, 3.23%, 0, 0, 2, 131.81
1494686433, 3, 48, 224, 26, 0, 3.23%, 0, 0, 2, 148.24
1494686438, 3, 49, 224, 26, 0, 3.23%, 0, 0, 2, 142.18
1494686453, 3, 50, 224, 26, 0, 3.23%, 0, 0, 2, 145.86
1494686469, 3, 51, 224, 26, 0, 3.23%, 0, 0, 2, 126.31
1494686484, 3, 52, 224, 26, 0, 3.23%, 0, 0, 2, 126.23
1494686489, 3, 53, 224, 26, 0, 3.23%, 0, 0, 2, 123.63
1494686500, 3, 55, 224, 26, 0, 3.23%, 0, 0, 2, 125.38
1494686515, 3, 56, 224, 26, 0, 3.23%, 0, 0, 2, 103.05
1494686525, 3, 57, 224, 26, 0, 3.23%, 0, 0, 2, 109.73
1494686540, 3, 58, 224, 26, 0, 3.23%, 0, 0, 2, 119.75
1494686556, 3, 60, 224, 26, 0, 3.23%, 0, 0, 2, 118.92
1494686571, 3, 61, 224, 25, 0, 3.23%, 0, 0, 2, 118.03
1494686591, 3, 62, 224, 25, 0, 3.23%, 0, 0, 2, 141.76
1494686607, 3, 63, 224, 25, 0, 3.23%, 0, 0, 2, 124.66
1494686617, 3, 64, 224, 24, 0, 3.23%, 0, 0, 2, 131.16
1494686632, 3, 65, 224, 24, 0, 3.23%, 0, 0, 2, 139.16
1494686642, 3, 67, 224, 24, 0, 3.23%, 0, 0, 2, 133.36
1494686658, 3, 68, 224, 24, 0, 3.23%, 0, 0, 2, 126.02
1494686673, 3, 70, 224, 24, 0, 3.23%, 0, 0, 2, 129.86
1494686679, 3, 71, 224, 24, 0, 3.23%, 0, 0, 2, 134.33
1494686694, 3, 72, 224, 24, 0, 3.23%, 0, 0, 2, 134.36
1494686710, 3, 73, 224, 24, 0, 3.23%, 0, 0, 2, 132.38
1494686720, 3, 74, 224, 24, 0, 3.23%, 0, 0, 2, 128.61
1494686735, 3, 75, 224, 24, 0, 3.23%, 0, 0, 2, 126.17
1494686740, 3, 76, 224, 24, 0, 3.23%, 0, 0, 2, 131.61
1494686756, 3, 77, 224, 24, 0, 3.23%, 0, 0, 2, 136.49
1494686771, 3, 78, 224, 24, 0, 3.23%, 0, 0, 2, 122.14
1494686786, 3, 79, 224, 24, 0, 3.23%, 0, 0, 2, 135.20
1494686792, 3, 80, 224, 24, 0, 3.23%, 0, 0, 2, 130.29
1494686807, 3, 81, 224, 24, 0, 3.23%, 0, 0, 2, 130.74
1494686822, 3, 82, 224, 24, 0, 3.23%, 0, 0, 2, 127.15
1494686827, 3, 83, 224, 24, 0, 3.23%, 0, 0, 2, 124.11
1494686843, 3, 85, 224, 24, 0, 3.23%, 0, 0, 2, 146.50
1494686853, 3, 86, 224, 24, 0, 3.23%, 0, 0, 2, 143.89
1494686869, 3, 88, 224, 24, 0, 3.23%, 0, 0, 2, 145.60
1494686879, 3, 89, 224, 24, 0, 3.23%, 0, 0, 2, 142.42
1494686884, 3, 90, 224, 24, 0, 3.23%, 0, 0, 2, 135.74
1494686899, 3, 91, 224, 24, 0, 3.23%, 0, 0, 2, 127.10
1494686910, 3, 92, 224, 24, 0, 3.23%, 0, 0, 2, 130.62
1494686920, 3, 93, 224, 24, 0, 3.23%, 0, 0, 2, 157.91
1494686925, 3, 94, 224, 24, 0, 3.23%, 0, 0, 2, 137.12
1494686935, 3, 95, 224, 24, 0, 3.23%, 0, 0, 2, 135.95
1494686940, 3, 96, 224, 24, 0, 3.23%, 0, 0, 2, 135.38
1494686956, 3, 98, 224, 24, 0, 3.23%, 0, 0, 2, 142.01
1494686971, 3, 100, 224, 24, 0, 3.23%, 0, 0, 2, 147.57
1494686976, 3, 101, 224, 24, 0, 3.23%, 0, 0, 2, 141.05
1494686991, 3, 102, 224, 24, 0, 3.23%, 0, 0, 2, 144.63
1494686996, 3, 103, 224, 24, 0, 3.23%, 0, 0, 2, 141.16
1494687012, 3, 104, 224, 24, 0, 3.23%, 0, 0, 2, 143.74
1494687017, 3, 105, 224, 24, 0, 3.23%, 0, 0, 2, 157.83
1494687027, 3, 107, 224, 24, 0, 3.23%, 0, 0, 2, 141.99
1494687042, 3, 108, 224, 24, 0, 3.23%, 0, 0, 2, 138.81
1494687047, 3, 110, 224, 24, 0, 3.23%, 0, 0, 2, 150.69
1494687063, 3, 111, 224, 24, 0, 3.23%, 0, 0, 2, 136.53
1494687078, 3, 112, 224, 24, 0, 3.23%, 0, 0, 2, 131.54
1494687083, 3, 113, 224, 24, 0, 3.23%, 0, 0, 2, 135.37
1494687099, 3, 115, 224, 24, 0, 3.23%, 0, 0, 2, 143.56
1494687114, 3, 116, 224, 24, 0, 3.23%, 0, 0, 2, 135.04
1494687119, 3, 117, 224, 24, 0, 3.23%, 0, 0, 2, 134.38
1494687129, 3, 118, 224, 24, 0, 3.23%, 0, 0, 2, 150.04
1494687135, 3, 119, 224, 24, 0, 3.23%, 0, 0, 2, 141.62
1494687145, 3, 120, 224, 24, 0, 3.23%, 0, 0, 2, 149.32
1494687160, 3, 121, 224, 24, 0, 3.23%, 0, 0, 2, 138.64
1494687166, 3, 123, 224, 24, 0, 3.23%, 0, 0, 2, 140.85
1494687171, 3, 126, 224, 24, 0, 3.23%, 0, 0, 2, 135.43
1494687186, 3, 127, 224, 24, 0, 3.23%, 0, 0, 2, 148.46
1494687202, 3, 129, 224, 24, 0, 3.23%, 0, 0, 2, 127.19
1494687207, 3, 130, 224, 24, 0, 3.23%, 0, 0, 2, 133.27
1494687217, 3, 133, 224, 23, 0, 3.23%, 0, 0, 2, 125.33
1494687232, 3, 134, 224, 23, 0, 3.23%, 0, 0, 2, 128.43
1494687237, 3, 135, 224, 23, 0, 3.23%, 0, 0, 2, 126.63
1494687253, 3, 137, 224, 23, 0, 3.23%, 0, 0, 2, 129.41
1494687258, 3, 139, 224, 23, 0, 3.23%, 0, 0, 2, 117.89
1494687263, 3, 140, 224, 23, 0, 3.23%, 0, 0, 2, 121.02
1494687283, 3, 141, 224, 23, 0, 3.23%, 0, 0, 2, 131.23
1494687299, 3, 143, 224, 23, 0, 3.23%, 0, 0, 2, 125.02
1494687320, 3, 144, 224, 23, 0, 3.23%, 0, 0, 2, 128.86
1494687325, 3, 145, 224, 23, 0, 3.23%, 0, 0, 2, 121.04
1494687340, 3, 146, 224, 23, 0, 3.23%, 0, 0, 2, 121.33
1494687345, 3, 149, 224, 23, 0, 3.23%, 0, 0, 2, 123.74
1494687356, 3, 150, 224, 23, 0, 3.23%, 0, 0, 2, 120.07
1494687361, 3, 154, 224, 23, 0, 3.23%, 0, 0, 2, 121.56
1494687371, 3, 155, 224, 23, 0, 3.23%, 0, 0, 2, 117.67
1494687376, 3, 156, 224, 23, 0, 3.23%, 0, 0, 2, 127.37
1494687381, 3, 157, 224, 23, 0, 3.23%, 0, 0, 2, 121.63
1494687386, 3, 158, 224, 23, 0, 3.23%, 0, 0, 2, 131.45
1494687401, 3, 159, 224, 23, 0, 3.23%, 0, 0, 2, 133.79
1494687417, 3, 160, 224, 23, 0, 3.23%, 0, 0, 2, 129.69
1494687422, 3, 162, 224, 23, 0, 3.23%, 0, 0, 2, 130.99
1494687448, 3, 163, 224, 23, 0, 3.23%, 0, 0, 2, 101.28
1494687463, 3, 164, 224, 23, 0, 3.23%, 0, 0, 2, 117.45
1494687468, 3, 166, 224, 23, 0, 3.23%, 0, 0, 2, 112.36
1494687483, 3, 167, 224, 23, 0, 3.23%, 0, 0, 2, 118.09
1494687488, 3, 168, 224, 23, 0, 3.23%, 0, 0, 2, 121.49
1494687504, 3, 169, 224, 23, 0, 3.23%, 0, 0, 2, 115.83
1494687519, 3, 171, 224, 23, 0, 3.23%, 0, 0, 2, 103.49
1494687524, 3, 172, 224, 23, 0, 3.23%, 0, 0, 2, 114.96
1494687540, 3, 173, 224, 23, 0, 3.23%, 0, 0, 2, 131.43
1494687545, 3, 174, 224, 23, 0, 3.23%, 0, 0, 2, 125.57
1494687560, 3, 176, 224, 23, 0, 3.23%, 0, 0, 2, 136.15
1494687570, 3, 178, 224, 23, 0, 3.23%, 0, 0, 2, 138.78
1494687576, 3, 179, 224, 23, 0, 3.23%, 0, 0, 2, 141.82
1494687591, 3, 181, 224, 23, 0, 3.23%, 0, 0, 2, 154.31
1494687596, 3, 184, 224, 23, 0, 3.23%, 0, 0, 2, 151.89
1494687601, 3, 185, 224, 23, 0, 3.23%, 0, 0, 2, 145.32
1494687606, 3, 187, 224, 23, 0, 3.23%, 0, 0, 2, 147.17
1494687621, 3, 189, 224, 23, 0, 3.23%, 0, 0, 2, 135.33
1494687637, 3, 191, 224, 23, 0, 3.23%, 0, 0, 2, 151.04
1494687652, 3, 193, 224, 23, 0, 3.23%, 0, 0, 2, 157.63
1494687668, 3, 196, 224, 23, 0, 3.23%, 0, 0, 2, 130.14
1494687673, 3, 197, 224, 23, 0, 3.23%, 0, 0, 2, 144.03
1494687693, 3, 199, 224, 23, 0, 3.23%, 0, 0, 2, 141.30
1494687698, 3, 200, 224, 23, 0, 3.23%, 0, 0, 2, 144.58
1494687709, 3, 202, 224, 23, 0, 3.23%, 0, 0, 2, 138.58
1494687724, 3, 203, 224, 23, 0, 3.23%, 0, 0, 2, 137.34
1494687729, 3, 205, 224, 23, 0, 3.23%, 0, 0, 2, 140.38
1494687734, 3, 206, 224, 23, 0, 3.23%, 0, 0, 2, 132.34
1494687745, 3, 207, 224, 23, 0, 3.23%, 0, 0, 2, 143.24
1494687750, 3, 208, 224, 23, 0, 3.23%, 0, 0, 2, 142.64
1494687760, 3, 209, 224, 23, 0, 3.23%, 0, 0, 2, 142.85
1494687765, 3, 211, 224, 23, 0, 3.23%, 0, 0, 2, 136.62
1494687781, 3, 212, 224, 23, 0, 3.23%, 0, 0, 2, 139.11
1494687786, 3, 213, 224, 23, 0, 3.23%, 0, 0, 2, 132.31
1494687801, 3, 218, 224, 23, 0, 3.23%, 0, 0, 2, 136.52
1494687817, 4, 0, 224, 21, 0, 3.23%, 0, 0, 2, 134.56
1494687832, 4, 1, 224, 21, 0, 3.23%, 0, 0, 2, 154.62
1494687838, 4, 2, 224, 21, 0, 3.23%, 0, 0, 2, 145.31
1494687843, 4, 3, 224, 21, 0, 3.23%, 0, 0, 2, 153.71
1494687858, 4, 4, 224, 21, 0, 3.23%, 0, 0, 2, 132.15
1494687874, 4, 5, 224, 21, 0, 3.23%, 0, 0, 2, 126.71
1494687879, 4, 6, 224, 21, 0, 3.23%, 0, 0, 2, 135.74
1494687884, 4, 7, 224, 21, 0, 3.23%, 0, 0, 2, 154.60
1494687900, 4, 8, 224, 21, 0, 3.23%, 0, 0, 2, 146.96
1494687905, 4, 9, 224, 21, 0, 3.23%, 0, 0, 2, 146.99
1494687910, 4, 10, 224, 21, 0, 3.23%, 0, 0, 2, 146.64
1494687925, 4, 12, 224, 21, 0, 3.23%, 0, 0, 2, 137.55
1494687941, 4, 13, 224, 21, 0, 3.23%, 0, 0, 2, 129.56
1494687946, 4, 14, 224, 21, 0, 3.23%, 0, 0, 2, 134.39
1494687951, 4, 15, 224, 21, 0, 3.23%, 0, 0, 2, 147.13
1494687956, 4, 16, 224, 21, 0, 3.23%, 0, 0, 2, 134.49
1494687961, 4, 17, 224, 21, 0, 3.23%, 0, 0, 2, 131.94
1494687966, 4, 18, 224, 21, 0, 3.23%, 0, 0, 2, 140.03
1494687971, 4, 19, 224, 21, 0, 3.23%, 0, 0, 2, 129.35
1494687976, 4, 20, 224, 21, 0, 3.23%, 0, 0, 2, 130.47
1494687981, 4, 21, 224, 21, 0, 3.23%, 0, 0, 2, 121.65
1494687992, 4, 22, 224, 21, 0, 3.23%, 0, 0, 2, 143.54
1494687997, 4, 23, 224, 21, 0, 3.23%, 0, 0, 2, 135.58
1494688012, 4, 24, 224, 21, 0, 3.23%, 0, 0, 2, 131.66
1494688017, 4, 25, 224, 21, 0, 3.23%, 0, 0, 2, 131.83
1494688022, 4, 26, 224, 21, 0, 3.23%, 0, 0, 2, 141.42
1494688027, 4, 27, 224, 21, 0, 3.23%, 0, 0, 2, 108.97
1494688032, 4, 28, 224, 21, 0, 3.23%, 0, 0, 2, 128.56
1494688037, 4, 29, 224, 21, 0, 3.23%, 0, 0, 2, 133.43
1494688042, 4, 30, 224, 21, 0, 3.23%, 0, 0, 2, 121.68
1494688058, 4, 31, 224, 21, 0, 3.23%, 0, 0, 2, 135.96
1494688068, 4, 32, 224, 21, 0, 3.23%, 0, 0, 2, 129.81
1494688073, 4, 33, 224, 21, 0, 3.23%, 0, 0, 2, 131.74
1494688088, 4, 34, 224, 21, 0, 3.23%, 0, 0, 2, 134.81
1494688104, 4, 35, 224, 21, 0, 3.23%, 0, 0, 2, 118.17
1494688119, 4, 37, 224, 21, 0, 3.23%, 0, 0, 2, 121.20
1494688144, 4, 38, 224, 21, 0, 3.23%, 0, 0, 2, 131.45
1494688149, 4, 39, 224, 21, 0, 3.23%, 0, 0, 2, 130.85
1494688154, 4, 41, 224, 21, 0, 3.23%, 0, 0, 2, 132.32
1494688170, 4, 42, 224, 21, 0, 3.23%, 0, 0, 2, 131.75
1494688180, 4, 43, 224, 21, 0, 3.23%, 0, 0, 2, 119.15
1494688185, 4, 44, 224, 21, 0, 3.23%, 0, 0, 2, 125.11
1494688195, 4, 45, 224, 21, 0, 3.23%, 0, 0, 2, 130.23
1494688205, 4, 46, 224, 21, 0, 3.23%, 0, 0, 2, 131.56
1494688221, 4, 47, 224, 21, 0, 3.23%, 0, 0, 2, 122.91
1494688236, 4, 48, 224, 20, 0, 3.23%, 0, 0, 2, 125.40
1494688241, 4, 49, 224, 20, 0, 3.23%, 0, 0, 2, 125.44
1494688262, 4, 50, 224, 20, 0, 3.23%, 0, 0, 2, 155.01
1494688277, 4, 51, 224, 20, 0, 3.23%, 0, 0, 2, 128.38
1494688292, 4, 52, 224, 20, 0, 3.23%, 0, 0, 2, 127.01
1494688297, 4, 53, 224, 20, 0, 3.23%, 0, 0, 2, 138.59
1494688302, 4, 55, 224, 20, 0, 3.23%, 0, 0, 2, 132.27
1494688317, 4, 56, 224, 20, 0, 3.23%, 0, 0, 2, 132.61
1494688328, 4, 57, 224, 20, 0, 3.23%, 0, 0, 2, 123.02
1494688343, 4, 58, 224, 20, 0, 3.23%, 0, 0, 2, 135.50
1494688358, 4, 61, 224, 20, 0, 3.23%, 0, 0, 2, 133.08
1494688374, 4, 62, 224, 20, 0, 3.23%, 0, 0, 2, 148.46
1494688389, 4, 64, 224, 20, 0, 3.23%, 0, 0, 2, 138.91
1494688399, 4, 65, 224, 20, 0, 3.23%, 0, 0, 2, 138.62
1494688409, 4, 66, 224, 20, 0, 3.23%, 0, 0, 2, 140.84
1494688415, 4, 67, 224, 19, 0, 3.23%, 0, 0, 2, 146.84
1494688430, 4, 68, 224, 19, 0, 3.23%, 0, 0, 2, 150.58
1494688446, 4, 70, 224, 19, 0, 3.23%, 0, 0, 2, 141.13
1494688451, 4, 71, 224, 19, 0, 3.23%, 0, 0, 2, 146.99
1494688461, 4, 72, 224, 19, 0, 3.23%, 0, 0, 2, 139.86
1494688476, 4, 73, 224, 19, 0, 3.23%, 0, 0, 2, 173.43
1494688486, 4, 74, 224, 19, 0, 3.23%, 0, 0, 2, 139.70
1494688502, 4, 75, 224, 19, 0, 3.23%, 0, 0, 2, 136.80
1494688507, 4, 76, 224, 19, 0, 3.23%, 0, 0, 2, 146.47
1494688522, 4, 77, 224, 19, 0, 3.23%, 0, 0, 2, 141.40
1494688538, 4, 78, 224, 19, 0, 3.23%, 0, 0, 2, 141.76
1494688548, 4, 79, 224, 19, 0, 3.23%, 0, 0, 2, 155.51
1494688553, 4, 80, 224, 19, 0, 3.23%, 0, 0, 2, 134.43
1494688569, 4, 81, 224, 19, 0, 3.23%, 0, 0, 2, 136.78
1494688579, 4, 82, 224, 19, 0, 3.23%, 0, 0, 2, 143.01
1494688584, 4, 83, 224, 19, 0, 3.23%, 0, 0, 2, 136.65
1494688604, 4, 85, 224, 19, 0, 3.23%, 0, 0, 2, 144.92
1494688620, 4, 86, 224, 19, 0, 3.23%, 0, 0, 2, 133.00
1494688630, 4, 88, 224, 19, 0, 3.23%, 0, 0, 2, 144.34
1494688645, 4, 89, 224, 19, 0, 3.23%, 0, 0, 2, 138.31
1494688650, 4, 90, 224, 19, 0, 3.23%, 0, 0, 2, 134.01
1494688666, 4, 91, 224, 19, 0, 3.23%, 0, 0, 2, 118.53
1494688676, 4, 92, 224, 19, 0, 3.23%, 0, 0, 2, 115.99
1494688691, 4, 93, 224, 19, 0, 3.23%, 0, 0, 2, 114.56
1494688696, 4, 94, 224, 19, 0, 3.23%, 0, 0, 2, 122.82
1494688707, 4, 95, 224, 19, 0, 3.23%, 0, 0, 2, 122.10
1494688712, 4, 96, 224, 19, 0, 3.23%, 0, 0, 2, 131.69
1494688727, 4, 98, 224, 19, 0, 3.23%, 0, 0, 2, 151.33
1494688742, 4, 100, 224, 19, 0, 3.23%, 0, 0, 2, 160.67
1494688747, 4, 101, 224, 19, 0, 3.23%, 0, 0, 2, 140.64
1494688763, 4, 102, 224, 19, 0, 3.23%, 0, 0, 2, 143.16
1494688768, 4, 103, 224, 19, 0, 3.23%, 0, 0, 2, 129.70
1494688783, 4, 104, 224, 19, 0, 3.23%, 0, 0, 2, 138.92
1494688794, 4, 105, 224, 19, 0, 3.23%, 0, 0, 2, 121.92
1494688799, 4, 106, 224, 19, 0, 3.23%, 0, 0, 2, 132.25
1494688804, 4, 107, 224, 19, 0, 3.23%, 0, 0, 2, 118.06
1494688825, 4, 108, 224, 19, 0, 3.23%, 0, 0, 2, 125.73
1494688830, 4, 110, 224, 19, 0, 3.23%, 0, 0, 2, 120.57
1494688845, 4, 111, 224, 19, 0, 3.23%, 0, 0, 2, 126.70
1494688861, 4, 112, 224, 19, 0, 3.23%, 0, 0, 2, 126.94
1494688866, 4, 115, 224, 19, 0, 3.23%, 0, 0, 2, 122.59
1494688886, 4, 117, 224, 19, 0, 3.23%, 0, 0, 2, 131.95
1494688897, 4, 118, 224, 19, 0, 3.23%, 0, 0, 2, 185.17
1494688907, 4, 119, 224, 19, 0, 3.23%, 0, 0, 2, 131.54
1494688917, 4, 120, 224, 19, 0, 3.23%, 0, 0, 2, 125.95
1494688932, 4, 122, 224, 19, 0, 3.23%, 0, 0, 2, 132.63
1494688937, 4, 123, 224, 19, 0, 3.23%, 0, 0, 2, 122.96
1494688948, 4, 126, 224, 19, 0, 3.23%, 0, 0, 2, 130.91
1494688963, 4, 127, 224, 19, 0, 3.23%, 0, 0, 2, 129.10
1494688979, 4, 128, 224, 19, 0, 3.23%, 0, 0, 2, 116.50
1494688984, 4, 129, 224, 18, 0, 3.23%, 0, 0, 2, 120.82
1494688989, 4, 131, 224, 18, 0, 3.23%, 0, 0, 2, 122.78
1494688994, 4, 133, 224, 18, 0, 3.23%, 0, 0, 2, 134.34
1494689010, 4, 134, 224, 18, 0, 3.23%, 0, 0, 2, 126.92
1494689015, 4, 135, 224, 18, 0, 3.23%, 0, 0, 2, 124.38
1494689030, 4, 137, 224, 18, 0, 3.23%, 0, 0, 2, 140.59
1494689035, 4, 138, 224, 18, 0, 3.23%, 0, 0, 2, 157.73
1494689040, 4, 139, 224, 17, 0, 3.23%, 0, 0, 2, 144.10
1494689045, 4, 140, 224, 17, 0, 3.23%, 0, 0, 2, 133.72
1494689061, 4, 141, 224, 17, 0, 3.23%, 0, 0, 2, 140.49
1494689076, 4, 143, 224, 17, 0, 3.23%, 0, 0, 2, 147.70
1494689092, 4, 144, 224, 17, 0, 3.23%, 0, 0, 2, 147.49
1494689097, 4, 145, 224, 17, 0, 3.23%, 0, 0, 2, 147.72
1494689112, 4, 146, 224, 17, 0, 3.23%, 0, 0, 2, 143.62
1494689117, 4, 149, 224, 17, 0, 3.23%, 0, 0, 2, 150.11
1494689123, 4, 150, 224, 17, 0, 3.23%, 0, 0, 2, 140.24
1494689128, 4, 154, 224, 17, 0, 3.23%, 0, 0, 2, 139.41
1494689138, 4, 155, 224, 17, 0, 3.23%, 0, 0, 2, 146.38
1494689143, 4, 156, 224, 17, 0, 3.23%, 0, 0, 2, 148.13
1494689148, 4, 157, 224, 17, 0, 3.23%, 0, 0, 2, 140.73
1494689153, 4, 158, 224, 17, 0, 3.23%, 0, 0, 2, 136.90
1494689169, 4, 159, 224, 17, 0, 3.23%, 0, 0, 2, 140.40
1494689179, 4, 160, 224, 17, 0, 3.23%, 0, 0, 2, 139.90
1494689184, 4, 161, 224, 17, 0, 3.23%, 0, 0, 2, 140.81
1494689189, 4, 162, 224, 16, 0, 3.23%, 0, 0, 2, 132.28
1494689210, 4, 163, 224, 16, 0, 3.23%, 0, 0, 2, 135.98
1494689225, 4, 166, 224, 16, 0, 3.23%, 0, 0, 2, 147.52
1494689240, 4, 167, 224, 16, 0, 3.23%, 0, 0, 2, 131.80
1494689245, 4, 168, 224, 16, 0, 3.23%, 0, 0, 2, 136.29
1494689261, 4, 169, 224, 16, 0, 3.23%, 0, 0, 2, 138.98
1494689271, 4, 171, 224, 16, 0, 3.23%, 0, 0, 2, 132.99
1494689276, 4, 172, 224, 16, 0, 3.23%, 0, 0, 2, 142.09
1494689287, 4, 173, 224, 16, 0, 3.23%, 0, 0, 2, 148.85
1494689292, 4, 174, 224, 16, 0, 3.23%, 0, 0, 2, 160.05
1494689307, 4, 176, 224, 16, 0, 3.23%, 0, 0, 2, 120.02
1494689317, 4, 178, 224, 16, 0, 3.23%, 0, 0, 2, 143.39
1494689323, 4, 179, 224, 16, 0, 3.23%, 0, 0, 2, 120.12
1494689338, 4, 181, 224, 16, 0, 3.23%, 0, 0, 2, 141.27
1494689343, 4, 182, 224, 16, 0, 3.23%, 0, 0, 2, 135.38
1494689348, 4, 183, 224, 15, 0, 3.23%, 0, 0, 2, 144.01
1494689353, 4, 185, 224, 15, 0, 3.23%, 0, 0, 2, 144.79
1494689358, 4, 187, 224, 15, 0, 3.23%, 0, 0, 2, 147.10
1494689374, 4, 189, 224, 15, 0, 3.23%, 0, 0, 2, 132.64
1494689389, 4, 191, 224, 15, 0, 3.23%, 0, 0, 2, 131.76
1494689405, 4, 192, 224, 15, 0, 3.23%, 0, 0, 2, 128.15
1494689410, 4, 193, 224, 14, 0, 3.23%, 0, 0, 2, 129.10
1494689425, 4, 196, 224, 14, 0, 3.23%, 0, 0, 2, 115.94
1494689430, 4, 197, 224, 14, 0, 3.23%, 0, 0, 2, 115.31
1494689456, 4, 200, 224, 14, 0, 3.23%, 0, 0, 2, 140.66
1494689471, 4, 202, 224, 14, 0, 3.23%, 0, 0, 2, 119.62
1494689487, 4, 203, 224, 14, 0, 3.23%, 0, 0, 2, 135.08
1494689492, 4, 205, 224, 14, 0, 3.23%, 0, 0, 2, 129.09
1494689497, 4, 206, 224, 14, 0, 3.23%, 0, 0, 2, 136.38
1494689507, 4, 207, 224, 14, 0, 3.23%, 0, 0, 2, 129.72
1494689512, 4, 208, 224, 14, 0, 3.23%, 0, 0, 2, 161.62
1494689528, 4, 209, 224, 14, 0, 3.23%, 0, 0, 2, 123.54
1494689533, 4, 211, 224, 14, 0, 3.23%, 0, 0, 2, 128.70
1494689548, 4, 212, 224, 14, 0, 3.23%, 0, 0, 2, 132.24
1494689553, 4, 213, 224, 14, 0, 3.23%, 0, 0, 2, 130.19
1494689569, 5, 0, 224, 14, 0, 3.23%, 0, 0, 2, 134.55
1494689584, 5, 1, 224, 14, 0, 3.23%, 0, 0, 2, 125.86
1494689590, 5, 2, 224, 14, 0, 3.23%, 0, 0, 2, 132.82
1494689600, 5, 3, 224, 14, 0, 3.23%, 0, 0, 2, 124.68
1494689615, 5, 4, 224, 14, 0, 3.23%, 0, 0, 2, 129.12
1494689631, 5, 5, 224, 14, 0, 3.23%, 0, 0, 2, 130.35
1494689636, 5, 6, 224, 14, 0, 3.23%, 0, 0, 2, 130.09
1494689641, 5, 7, 224, 14, 0, 3.23%, 0, 0, 2, 132.53
1494689662, 5, 8, 224, 14, 0, 3.23%, 0, 0, 2, 131.30
1494689667, 5, 9, 224, 14, 0, 3.23%, 0, 0, 2, 124.79
1494689672, 5, 10, 224, 14, 0, 3.23%, 0, 0, 2, 123.02
1494689687, 5, 12, 224, 14, 0, 3.23%, 0, 0, 2, 142.71
1494689703, 5, 13, 224, 14, 0, 3.23%, 0, 0, 2, 142.63
1494689708, 5, 14, 224, 14, 0, 3.23%, 0, 0, 2, 139.47
1494689713, 5, 15, 224, 14, 0, 3.23%, 0, 0, 2, 131.54
1494689718, 5, 16, 224, 14, 0, 3.23%, 0, 0, 2, 142.30
1494689723, 5, 17, 224, 14, 0, 3.23%, 0, 0, 2, 121.50
1494689733, 5, 18, 224, 14, 0, 3.23%, 0, 0, 2, 139.64
1494689739, 5, 19, 224, 14, 0, 3.23%, 0, 0, 2, 136.02
1494689744, 5, 20, 224, 14, 0, 3.23%, 0, 0, 2, 133.52
1494689749, 5, 21, 224, 14, 0, 3.23%, 0, 0, 2, 135.93
1494689754, 5, 22, 224, 14, 0, 3.23%, 0, 0, 2, 147.01
1494689759, 5, 23, 224, 14, 0, 3.23%, 0, 0, 2, 157.42
1494689775, 5, 24, 224, 14, 0, 3.23%, 0, 0, 2, 143.91
1494689780, 5, 25, 224, 14, 0, 3.23%, 0, 0, 2, 130.04
1494689785, 5, 26, 224, 14, 0, 3.23%, 0, 0, 2, 142.49
1494689790, 5, 27, 224, 14, 0, 3.23%, 0, 0, 2, 144.83
1494689795, 5, 28, 224, 14, 0, 3.23%, 0, 0, 2, 141.62
1494689800, 5, 29, 224, 14, 0, 3.23%, 0, 0, 2, 135.64
1494689805, 5, 30, 224, 14, 0, 3.23%, 0, 0, 2, 145.76
1494689815, 5, 31, 224, 14, 0, 3.23%, 0, 0, 2, 143.13
1494689831, 5, 32, 224, 14, 0, 3.23%, 0, 0, 2, 133.36
1494689836, 5, 33, 224, 14, 0, 3.23%, 0, 0, 2, 143.17
1494689851, 5, 34, 224, 14, 0, 3.23%, 0, 0, 2, 157.14
1494689862, 5, 35, 224, 14, 0, 3.23%, 0, 0, 2, 142.11
1494689877, 5, 37, 224, 14, 0, 3.23%, 0, 0, 2, 119.65
1494689898, 5, 38, 224, 14, 0, 3.23%, 0, 0, 2, 127.71
1494689903, 5, 39, 224, 14, 0, 3.23%, 0, 0, 2, 137.99
1494689908, 5, 41, 224, 14, 0, 3.23%, 0, 0, 2, 128.52
1494689923, 5, 42, 224, 14, 0, 3.23%, 0, 0, 2, 145.10
1494689934, 5, 43, 224, 14, 0, 3.23%, 0, 0, 2, 138.10
1494689939, 5, 44, 224, 14, 0, 3.23%, 0, 0, 2, 131.73
1494689944, 5, 45, 224, 14, 0, 3.23%, 0, 0, 2, 150.82
1494689954, 5, 46, 224, 14, 0, 3.23%, 0, 0, 2, 144.69
1494689970, 5, 48, 224, 14, 0, 3.23%, 0, 0, 2, 139.61
1494689975, 5, 49, 224, 14, 0, 3.23%, 0, 0, 2, 136.99
1494689990, 5, 50, 224, 14, 0, 3.23%, 0, 0, 2, 122.78
1494690005, 5, 51, 224, 14, 0, 3.23%, 0, 0, 2, 135.46
1494690016, 5, 52, 224, 14, 0, 3.23%, 0, 0, 2, 141.00
1494690021, 5, 53, 224, 14, 0, 3.23%, 0, 0, 2, 136.23
1494690031, 5, 54, 224, 14, 0, 3.23%, 0, 0, 2, 131.19
1494690041, 5, 55, 224, 13, 0, 3.23%, 0, 0, 2, 131.23
1494690062, 5, 56, 224, 13, 0, 3.23%, 0, 0, 2, 72.38
1494690067, 5, 57, 224, 13, 0, 3.23%, 0, 0, 2, 125.28
1494690082, 5, 58, 224, 13, 0, 3.23%, 0, 0, 2, 141.96
1494690098, 5, 60, 224, 13, 0, 3.23%, 0, 0, 2, 148.30
1494690108, 5, 61, 224, 13, 0, 3.23%, 0, 0, 2, 154.73
1494690123, 5, 62, 224, 13, 0, 3.23%, 0, 0, 2, 121.24
1494690138, 5, 64, 224, 13, 0, 3.23%, 0, 0, 2, 139.74
1494690154, 5, 65, 224, 13, 0, 3.23%, 0, 0, 2, 129.31
1494690164, 5, 67, 224, 13, 0, 3.23%, 0, 0, 2, 141.00
1494690179, 5, 68, 224, 13, 0, 3.23%, 0, 0, 2, 109.31
1494690195, 5, 69, 224, 13, 0, 3.23%, 0, 0, 2, 120.54
1494690200, 5, 70, 224, 12, 0, 3.23%, 0, 0, 2, 115.80
1494690205, 5, 71, 224, 12, 0, 3.23%, 0, 0, 2, 125.99
1494690220, 5, 72, 224, 12, 0, 3.23%, 0, 0, 2, 139.67
1494690236, 5, 73, 224, 12, 0, 3.23%, 0, 0, 2, 129.45
1494690246, 5, 74, 224, 12, 0, 3.23%, 0, 0, 2, 131.85
1494690256, 5, 75, 224, 12, 0, 3.23%, 0, 0, 2, 123.96
1494690267, 5, 76, 224, 12, 0, 3.23%, 0, 0, 2, 100.17
1494690282, 5, 77, 224, 12, 0, 3.23%, 0, 0, 2, 102.47
1494690297, 5, 78, 224, 12, 0, 3.23%, 0, 0, 2, 130.14
1494690313, 5, 79, 224, 12, 0, 3.23%, 0, 0, 2, 120.20
1494690318, 5, 80, 224, 12, 0, 3.23%, 0, 0, 2, 119.12
1494690333, 5, 81, 224, 12, 0, 3.23%, 0, 0, 2, 121.66
1494690348, 5, 82, 224, 12, 0, 3.23%, 0, 0, 2, 122.04
1494690354, 5, 83, 224, 12, 0, 3.23%, 0, 0, 2, 117.60
1494690374, 5, 85, 224, 12, 0, 3.23%, 0, 0, 2, 129.02
1494690384, 5, 86, 224, 12, 0, 3.23%, 0, 0, 2, 138.01
1494690400, 5, 88, 224, 12, 0, 3.23%, 0, 0, 2, 133.02
1494690420, 5, 89, 224, 12, 0, 3.23%, 0, 0, 2, 126.12
1494690425, 5, 90, 224, 12, 0, 3.23%, 0, 0, 2, 124.00
1494690441, 5, 91, 224, 12, 0, 3.23%, 0, 0, 2, 123.00
1494690451, 5, 92, 224, 12, 0, 3.23%, 0, 0, 2, 148.58
1494690461, 5, 93, 224, 12, 0, 3.23%, 0, 0, 2, 129.07
1494690466, 5, 94, 224, 12, 0, 3.23%, 0, 0, 2, 120.85
1494690477, 5, 95, 224, 12, 0, 3.23%, 0, 0, 2, 127.70
1494690482, 5, 96, 224, 12, 0, 3.23%, 0, 0, 2, 143.33
1494690497, 5, 98, 224, 12, 0, 3.23%, 0, 0, 2, 136.90
1494690513, 5, 99, 224, 12, 0, 3.23%, 0, 0, 2, 143.33
1494690518, 5, 100, 224, 12, 0, 3.23%, 0, 0, 2, 136.76
1494690523, 5, 101, 224, 12, 0, 3.23%, 0, 0, 2, 142.39
1494690538, 5, 102, 224, 12, 0, 3.23%, 0, 0, 2, 140.00
1494690543, 5, 103, 224, 12, 0, 3.23%, 0, 0, 2, 139.35
1494690559, 5, 104, 224, 12, 0, 3.23%, 0, 0, 2, 141.67
1494690564, 5, 105, 224, 12, 0, 3.23%, 0, 0, 2, 138.60
1494690574, 5, 106, 224, 12, 0, 3.23%, 0, 0, 2, 139.52
1494690580, 5, 107, 224, 12, 0, 3.23%, 0, 0, 2, 127.54
1494690590, 5, 108, 224, 12, 0, 3.23%, 0, 0, 2, 139.02
1494690595, 5, 110, 224, 12, 0, 3.23%, 0, 0, 2, 143.65
1494690610, 5, 111, 224, 12, 0, 3.23%, 0, 0, 2, 144.32
1494690626, 5, 112, 224, 12, 0, 3.23%, 0, 0, 2, 126.91
1494690631, 5, 115, 224, 12, 0, 3.23%, 0, 0, 2, 137.79
1494690646, 5, 116, 224, 12, 0, 3.23%, 0, 0, 2, 118.48
1494690651, 5, 117, 224, 12, 0, 3.23%, 0, 0, 2, 185.02
1494690662, 5, 118, 224, 12, 0, 3.23%, 0, 0, 2, 131.80
1494690672, 5, 119, 224, 12, 0, 3.23%, 0, 0, 2, 162.72
1494690677, 5, 120, 224, 12, 0, 3.23%, 0, 0, 2, 144.30
1494690692, 5, 121, 224, 12, 0, 3.23%, 0, 0, 2, 150.23
1494690697, 5, 122, 224, 12, 0, 3.23%, 0, 0, 2, 139.68
1494690702, 5, 123, 224, 12, 0, 3.23%, 0, 0, 2, 167.06
1494690708, 5, 126, 224, 12, 0, 3.23%, 0, 0, 2, 158.85
1494690718, 5, 127, 224, 12, 0, 3.23%, 0, 0, 2, 147.88
1494690733, 5, 129, 224, 12, 0, 3.23%, 0, 0, 2, 148.64
1494690739, 5, 133, 224, 12, 0, 3.23%, 0, 0, 2, 123.16
1494690754, 5, 134, 224, 12, 0, 3.23%, 0, 0, 2, 138.28
1494690759, 5, 135, 224, 12, 0, 3.23%, 0, 0, 2, 137.46
1494690774, 5, 137, 224, 12, 0, 3.23%, 0, 0, 2, 127.00
1494690784, 5, 140, 224, 12, 0, 3.23%, 0, 0, 2, 107.94
1494690800, 5, 141, 224, 12, 0, 3.23%, 0, 0, 2, 143.50
1494690816, 5, 142, 224, 12, 0, 3.23%, 0, 0, 2, 135.78
1494690821, 5, 143, 224, 12, 0, 3.23%, 0, 0, 2, 132.74
1494690836, 5, 144, 224, 12, 0, 3.23%, 0, 0, 2, 130.42
1494690841, 5, 145, 224, 12, 0, 3.23%, 0, 0, 2, 135.19
1494690856, 5, 146, 224, 12, 0, 3.23%, 0, 0, 2, 132.11
1494690861, 5, 149, 224, 12, 0, 3.23%, 0, 0, 2, 133.06
1494690867, 5, 150, 224, 12, 0, 3.23%, 0, 0, 2, 117.16
1494690872, 5, 153, 224, 12, 0, 3.23%, 0, 0, 2, 134.20
1494690877, 5, 154, 224, 12, 0, 3.23%, 0, 0, 2, 129.65
1494690887, 5, 155, 224, 12, 0, 3.23%, 0, 0, 2, 129.14
1494690892, 5, 157, 224, 12, 0, 3.23%, 0, 0, 2, 123.51
1494690898, 5, 158, 224, 12, 0, 3.23%, 0, 0, 2, 119.76
1494690918, 5, 159, 224, 12, 0, 3.23%, 0, 0, 2, 119.19
1494690934, 5, 160, 224, 12, 0, 3.23%, 0, 0, 2, 130.52
1494690939, 5, 162, 224, 12, 0, 3.23%, 0, 0, 2, 116.94
1494690959, 5, 163, 224, 12, 0, 3.23%, 0, 0, 2, 122.00
1494690974, 5, 164, 224, 12, 0, 3.23%, 0, 0, 2, 125.27
1494690979, 5, 165, 224, 12, 0, 3.23%, 0, 0, 2, 128.85
1494690985, 5, 166, 224, 12, 0, 3.23%, 0, 0, 2, 135.95
1494691000, 5, 168, 224, 12, 0, 3.23%, 0, 0, 2, 111.33
1494691020, 5, 169, 224, 12, 0, 3.23%, 0, 0, 2, 122.54
1494691036, 5, 171, 224, 12, 0, 3.23%, 0, 0, 2, 124.67
1494691041, 5, 172, 224, 12, 0, 3.23%, 0, 0, 2, 123.14
1494691056, 5, 173, 224, 12, 0, 3.23%, 0, 0, 2, 117.28
1494691061, 5, 174, 224, 12, 0, 3.23%, 0, 0, 2, 132.12
1494691076, 5, 176, 224, 12, 0, 3.23%, 0, 0, 2, 136.72
1494691092, 5, 178, 224, 12, 0, 3.23%, 0, 0, 2, 162.34
1494691097, 5, 179, 224, 12, 0, 3.23%, 0, 0, 2, 128.12
1494691112, 5, 181, 224, 12, 0, 3.23%, 0, 0, 2, 117.80
1494691117, 5, 183, 224, 12, 0, 3.23%, 0, 0, 2, 108.34
1494691122, 5, 184, 224, 12, 0, 3.23%, 0, 0, 2, 114.75
1494691128, 5, 186, 224, 12, 0, 3.23%, 0, 0, 2, 120.90
1494691133, 5, 187, 224, 12, 0, 3.23%, 0, 0, 2, 145.94
1494691153, 5, 189, 224, 11, 0, 3.23%, 0, 0, 2, 119.65
1494691174, 5, 191, 224, 11, 0, 3.23%, 0, 0, 2, 131.30
1494691189, 5, 193, 224, 11, 0, 3.23%, 0, 0, 2, 140.74
1494691204, 5, 195, 224, 11, 0, 3.23%, 0, 0, 2, 138.42
1494691209, 5, 197, 224, 10, 0, 3.23%, 0, 0, 2, 153.22
1494691230, 5, 198, 224, 10, 0, 3.23%, 0, 0, 2, 158.66
1494691235, 5, 200, 224, 9, 0, 3.23%, 0, 0, 2, 143.22
1494691251, 5, 202, 224, 9, 0, 3.23%, 0, 0, 2, 140.52
1494691266, 5, 204, 224, 9, 0, 3.23%, 0, 0, 2, 140.34
1494691271, 5, 206, 224, 9, 0, 3.23%, 0, 0, 2, 130.03
1494691286, 5, 207, 224, 9, 0, 3.23%, 0, 0, 2, 141.86
1494691291, 5, 208, 224, 9, 0, 3.23%, 0, 0, 2, 137.39
1494691306, 5, 210, 224, 9, 0, 3.23%, 0, 0, 2, 142.80
1494691311, 5, 211, 224, 9, 0, 3.23%, 0, 0, 2, 125.52
1494691327, 5, 213, 224, 9, 0, 3.23%, 0, 0, 2, 150.29
