# unix_time, cycles_done, cur_path, paths_total, pending_total, pending_favs, map_size, unique_crashes, unique_hangs, max_depth, execs_per_sec
1494022222, 0, 0, 474, 474, 164, 4.08%, 0, 0, 2, 73.56
1494022232, 0, 0, 474, 473, 163, 4.08%, 0, 0, 2, 107.48
1494022354, 0, 1, 474, 473, 163, 4.08%, 0, 0, 2, 98.56
1494022360, 0, 2, 474, 472, 162, 4.08%, 0, 0, 2, 110.02
1494022365, 0, 5, 474, 470, 160, 4.08%, 0, 0, 2, 166.72
1494022370, 0, 7, 474, 468, 158, 4.08%, 0, 0, 2, 184.47
1494022375, 0, 10, 474, 467, 157, 4.08%, 0, 0, 2, 151.60
1494022380, 0, 15, 474, 465, 155, 4.08%, 0, 0, 2, 165.07
1494022385, 0, 18, 474, 464, 154, 4.08%, 0, 0, 2, 107.31
1494022390, 0, 19, 474, 463, 153, 4.08%, 0, 0, 2, 88.12
1494022395, 0, 20, 474, 462, 152, 4.08%, 0, 0, 2, 129.76
1494022400, 0, 25, 474, 461, 151, 4.08%, 0, 0, 2, 184.85
1494022405, 0, 26, 474, 460, 150, 4.08%, 0, 0, 2, 157.59
1494022410, 0, 30, 474, 458, 148, 4.08%, 0, 0, 2, 179.83
1494022416, 0, 31, 474, 457, 147, 4.08%, 0, 0, 2, 155.47
1494022421, 0, 33, 474, 456, 146, 4.08%, 0, 0, 2, 99.56
1494022426, 0, 34, 474, 455, 145, 4.08%, 0, 0, 2, 111.04
1494022431, 0, 37, 474, 454, 144, 4.08%, 0, 0, 2, 114.64
1494022436, 0, 44, 474, 452, 142, 4.08%, 0, 0, 2, 170.14
1494022441, 0, 49, 474, 450, 140, 4.08%, 0, 0, 2, 66.21
1494022447, 0, 50, 474, 449, 139, 4.08%, 0, 0, 2, 102.44
1494022452, 0, 51, 474, 448, 138, 4.08%, 0, 0, 2, 163.20
1494022457, 0, 53, 474, 446, 136, 4.08%, 0, 0, 2, 138.55
1494022462, 0, 55, 474, 445, 135, 4.08%, 0, 0, 2, 106.42
1494022472, 0, 60, 474, 443, 133, 4.08%, 0, 0, 2, 177.64
1494022478, 0, 62, 474, 442, 132, 4.08%, 0, 0, 2, 171.22
1494022488, 0, 65, 474, 441, 131, 4.08%, 0, 0, 2, 99.28
1494022493, 0, 66, 474, 440, 130, 4.08%, 0, 0, 2, 138.96
1494022498, 0, 67, 474, 439, 129, 4.08%, 0, 0, 2, 138.41
1494022503, 0, 68, 474, 438, 128, 4.08%, 0, 0, 2, 117.88
1494022508, 0, 69, 474, 437, 127, 4.08%, 0, 0, 2, 96.83
1494022513, 0, 70, 474, 436, 126, 4.08%, 0, 0, 2, 124.78
1494022518, 0, 72, 474, 435, 125, 4.08%, 0, 0, 2, 134.09
1494022524, 0, 75, 474, 433, 123, 4.08%, 0, 0, 2, 16.74
1494022529, 0, 78, 474, 432, 122, 4.08%, 0, 0, 2, 98.88
1494022539, 0, 81, 474, 430, 120, 4.08%, 0, 0, 2, 130.31
1494022549, 0, 86, 474, 428, 118, 4.08%, 0, 0, 2, 35.87
1494022559, 0, 90, 474, 426, 116, 4.08%, 0, 0, 2, 155.54
1494022564, 0, 91, 474, 425, 115, 4.08%, 0, 0, 2, 143.15
1494022569, 0, 92, 474, 424, 114, 4.08%, 0, 0, 2, 131.76
1494022574, 0, 94, 474, 423, 113, 4.08%, 0, 0, 2, 224.25
1494022579, 0, 97, 474, 422, 112, 4.08%, 0, 0, 2, 174.91
1494022585, 0, 100, 474, 421, 111, 4.08%, 0, 0, 2, 132.30
1494022590, 0, 101, 474, 420, 110, 4.08%, 0, 0, 2, 89.32
1494022595, 0, 104, 474, 418, 108, 4.08%, 0, 0, 2, 125.16
1494022600, 0, 108, 474, 417, 107, 4.08%, 0, 0, 2, 197.21
1494022605, 0, 109, 474, 416, 106, 4.08%, 0, 0, 2, 112.43
1494022610, 0, 110, 474, 415, 105, 4.08%, 0, 0, 2, 75.91
1494022615, 0, 111, 474, 414, 104, 4.08%, 0, 0, 2, 104.26
1494022620, 0, 112, 474, 413, 103, 4.08%, 0, 0, 2, 187.86
1494022626, 0, 113, 474, 412, 102, 4.08%, 0, 0, 2, 146.60
1494022631, 0, 119, 474, 409, 99, 4.08%, 0, 0, 2, 146.22
1494022636, 0, 120, 474, 408, 98, 4.08%, 0, 0, 2, 83.69
1494022641, 0, 121, 474, 407, 97, 4.08%, 0, 0, 2, 114.61
1494022651, 0, 122, 474, 406, 96, 4.08%, 0, 0, 2, 134.94
1494022656, 0, 123, 474, 405, 95, 4.08%, 0, 0, 2, 113.66
1494022667, 0, 124, 474, 404, 94, 4.08%, 0, 0, 2, 89.40
1494022672, 0, 132, 474, 403, 93, 4.08%, 0, 0, 2, 123.01
1494022682, 0, 134, 474, 402, 92, 4.08%, 0, 0, 2, 188.92
1494022687, 0, 137, 474, 401, 91, 4.08%, 0, 0, 2, 194.29
1494022692, 0, 139, 474, 400, 90, 4.08%, 0, 0, 2, 179.49
1494022697, 0, 142, 474, 399, 89, 4.08%, 0, 0, 2, 114.00
1494022703, 0, 144, 474, 398, 88, 4.08%, 0, 0, 2, 173.26
1494022708, 0, 145, 474, 397, 87, 4.08%, 0, 0, 2, 102.06
1494022713, 0, 146, 474, 396, 87, 4.08%, 0, 0, 2, 96.92
1494022718, 0, 150, 474, 395, 86, 4.08%, 0, 0, 2, 113.10
1494022733, 0, 151, 474, 394, 85, 4.08%, 0, 0, 2, 103.28
1494022738, 0, 153, 474, 393, 84, 4.08%, 0, 0, 2, 125.57
1494022743, 0, 156, 474, 392, 83, 4.08%, 0, 0, 2, 177.20
1494022754, 0, 160, 474, 391, 82, 4.08%, 0, 0, 2, 98.98
1494022759, 0, 162, 474, 390, 81, 4.08%, 0, 0, 2, 90.00
1494022769, 0, 163, 474, 389, 80, 4.08%, 0, 0, 2, 195.20
1494022774, 0, 168, 474, 386, 77, 4.08%, 0, 0, 2, 188.57
1494022779, 0, 169, 474, 385, 76, 4.08%, 0, 0, 2, 81.37
1494022784, 0, 173, 474, 384, 75, 4.08%, 0, 0, 2, 123.22
1494022789, 0, 176, 474, 383, 74, 4.08%, 0, 0, 2, 166.05
1494022800, 0, 180, 474, 382, 73, 4.08%, 0, 0, 2, 28.53
1494022805, 0, 187, 474, 381, 72, 4.08%, 0, 0, 2, 83.67
1494022815, 0, 191, 474, 379, 70, 4.08%, 0, 0, 2, 176.78
1494022825, 0, 195, 474, 378, 69, 4.08%, 0, 0, 2, 139.90
1494022830, 0, 197, 474, 377, 68, 4.08%, 0, 0, 2, 80.54
1494022835, 0, 202, 474, 376, 67, 4.08%, 0, 0, 2, 164.73
1494022841, 0, 203, 474, 375, 66, 4.08%, 0, 0, 2, 129.01
1494022846, 0, 217, 474, 373, 64, 4.08%, 0, 0, 2, 19.42
1494022856, 0, 224, 474, 372, 63, 4.08%, 0, 0, 2, 151.02
1494022861, 0, 232, 474, 371, 62, 4.08%, 0, 0, 2, 167.73
1494022866, 0, 235, 474, 370, 61, 4.08%, 0, 0, 2, 163.31
1494022877, 0, 239, 474, 368, 59, 4.08%, 0, 0, 2, 181.04
1494022882, 0, 240, 474, 367, 58, 4.08%, 0, 0, 2, 95.07
1494022887, 0, 245, 474, 366, 57, 4.08%, 0, 0, 2, 102.26
1494022897, 0, 248, 474, 365, 56, 4.08%, 0, 0, 2, 95.71
1494022902, 0, 251, 474, 364, 55, 4.08%, 0, 0, 2, 166.67
1494022907, 0, 254, 474, 363, 54, 4.08%, 0, 0, 2, 183.60
1494022913, 0, 257, 474, 362, 53, 4.08%, 0, 0, 2, 195.48
1494022918, 0, 261, 474, 361, 52, 4.08%, 0, 0, 2, 113.63
1494022923, 0, 263, 474, 360, 51, 4.08%, 0, 0, 2, 97.28
1494022928, 0, 265, 474, 359, 50, 4.08%, 0, 0, 2, 139.23
1494022933, 0, 266, 474, 358, 49, 4.08%, 0, 0, 2, 167.59
1494022938, 0, 268, 474, 357, 48, 4.08%, 0, 0, 2, 134.66
1494022944, 0, 273, 474, 356, 47, 4.08%, 0, 0, 2, 170.99
1494022949, 0, 278, 474, 354, 45, 4.08%, 0, 0, 2, 176.53
1494022959, 0, 280, 474, 353, 44, 4.08%, 0, 0, 2, 175.60
1494022964, 0, 288, 474, 352, 43, 4.08%, 0, 0, 2, 143.07
1494022974, 0, 292, 474, 351, 42, 4.08%, 0, 0, 2, 199.84
1494022979, 0, 294, 474, 350, 41, 4.08%, 0, 0, 2, 184.85
1494022985, 0, 306, 474, 348, 39, 4.08%, 0, 0, 2, 194.83
1494022990, 0, 310, 474, 347, 38, 4.08%, 0, 0, 2, 162.69
1494022995, 0, 315, 474, 345, 36, 4.08%, 0, 0, 2, 142.41
1494023000, 0, 321, 474, 344, 35, 4.08%, 0, 0, 2, 119.56
1494023005, 0, 324, 474, 343, 34, 4.08%, 0, 0, 2, 135.01
1494023010, 0, 325, 474, 342, 33, 4.08%, 0, 0, 2, 180.25
1494023015, 0, 327, 474, 341, 33, 4.08%, 0, 0, 2, 136.63
1494023021, 0, 329, 474, 340, 32, 4.08%, 0, 0, 2, 212.11
1494023026, 0, 337, 474, 339, 31, 4.08%, 0, 0, 2, 127.11
1494023031, 0, 343, 474, 338, 30, 4.08%, 0, 0, 2, 139.81
1494023036, 0, 347, 474, 337, 29, 4.08%, 0, 0, 2, 90.35
1494023046, 0, 349, 474, 336, 28, 4.08%, 0, 0, 2, 115.64
1494023051, 0, 351, 474, 335, 27, 4.08%, 0, 0, 2, 122.47
1494023071, 0, 352, 474, 334, 26, 4.08%, 0, 0, 2, 123.80
1494023076, 0, 354, 474, 333, 25, 4.08%, 0, 0, 2, 148.53
1494023082, 0, 355, 474, 332, 24, 4.08%, 0, 0, 2, 123.09
1494023087, 0, 368, 474, 331, 23, 4.08%, 0, 0, 2, 136.95
1494023097, 0, 389, 474, 330, 22, 4.08%, 0, 0, 2, 166.06
1494023102, 0, 396, 474, 329, 21, 4.08%, 0, 0, 2, 136.26
1494023112, 0, 397, 474, 328, 20, 4.08%, 0, 0, 2, 58.03
1494023133, 0, 407, 474, 327, 19, 4.08%, 0, 0, 2, 93.53
1494023138, 0, 411, 474, 326, 18, 4.08%, 0, 0, 2, 81.72
1494023143, 0, 413, 474, 325, 17, 4.08%, 0, 0, 2, 110.73
1494023154, 0, 420, 474, 324, 16, 4.08%, 0, 0, 2, 116.04
1494023159, 0, 424, 474, 323, 15, 4.08%, 0, 0, 2, 107.88
1494023164, 0, 425, 474, 322, 14, 4.08%, 0, 0, 2, 100.19
1494023169, 0, 436, 474, 321, 13, 4.08%, 0, 0, 2, 102.31
1494023179, 0, 437, 474, 320, 12, 4.08%, 0, 0, 2, 67.35
1494023194, 0, 447, 474, 319, 11, 4.08%, 0, 0, 2, 49.20
1494023220, 0, 451, 474, 318, 10, 4.08%, 0, 0, 2, 59.12
1494023225, 0, 455, 474, 317, 9, 4.08%, 0, 0, 2, 65.56
1494023286, 0, 461, 474, 316, 8, 4.08%, 0, 0, 2, 116.63
1494023297, 0, 462, 474, 315, 7, 4.08%, 0, 0, 2, 99.54
1494023302, 0, 463, 474, 314, 6, 4.08%, 0, 0, 2, 17.43
1494023307, 0, 465, 474, 313, 5, 4.08%, 0, 0, 2, 22.94
1494023400, 0, 467, 474, 312, 4, 4.08%, 0, 0, 2, 57.74
1494023410, 0, 468, 474, 311, 3, 4.08%, 0, 0, 2, 80.72
1494023420, 0, 469, 474, 310, 2, 4.08%, 0, 0, 2, 68.87
1494023456, 0, 472, 474, 309, 1, 4.08%, 0, 0, 2, 87.74
1494023466, 1, 1, 474, 308, 0, 4.08%, 0, 0, 2, 98.39
1494023471, 1, 2, 474, 308, 0, 4.08%, 0, 0, 2, 163.61
1494023476, 1, 5, 474, 307, 0, 4.08%, 0, 0, 2, 187.75
1494023481, 1, 7, 474, 307, 0, 4.08%, 0, 0, 2, 185.24
1494023487, 1, 8, 474, 307, 0, 4.08%, 0, 0, 2, 163.09
1494023492, 1, 10, 474, 306, 0, 4.08%, 0, 0, 2, 168.30
1494023497, 1, 15, 474, 306, 0, 4.08%, 0, 0, 2, 165.65
1494023502, 1, 19, 474, 306, 0, 4.08%, 0, 0, 2, 167.45
1494023507, 1, 25, 474, 305, 0, 4.08%, 0, 0, 2, 182.18
1494023512, 1, 26, 474, 305, 0, 4.08%, 0, 0, 2, 178.84
1494023517, 1, 30, 474, 305, 0, 4.08%, 0, 0, 2, 187.41
1494023523, 1, 33, 474, 305, 0, 4.08%, 0, 0, 2, 148.80
1494023528, 1, 35, 474, 305, 0, 4.08%, 0, 0, 2, 144.29
1494023533, 1, 36, 474, 304, 0, 4.08%, 0, 0, 2, 156.33
1494023538, 1, 38, 474, 303, 0, 4.08%, 0, 0, 2, 181.96
1494023543, 1, 45, 474, 302, 0, 4.08%, 0, 0, 2, 195.64
1494023548, 1, 49, 474, 301, 0, 4.08%, 0, 0, 2, 187.85
1494023553, 1, 51, 474, 301, 0, 4.08%, 0, 0, 2, 184.19
1494023558, 1, 53, 474, 301, 0, 4.08%, 0, 0, 2, 157.96
1494023563, 1, 56, 474, 301, 0, 4.08%, 0, 0, 2, 171.18
1494023569, 1, 60, 474, 301, 0, 4.08%, 0, 0, 2, 202.44
1494023574, 1, 62, 474, 301, 0, 4.08%, 0, 0, 2, 166.42
1494023579, 1, 66, 474, 301, 0, 4.08%, 0, 0, 2, 26.76
1494023584, 1, 68, 474, 301, 0, 4.08%, 0, 0, 2, 181.38
1494023589, 1, 70, 474, 301, 0, 4.08%, 0, 0, 2, 166.80
1494023594, 1, 73, 474, 301, 0, 4.08%, 0, 0, 2, 219.93
1494023599, 1, 78, 474, 301, 0, 4.08%, 0, 0, 2, 158.12
1494023604, 1, 81, 474, 301, 0, 4.08%, 0, 0, 2, 157.42
1494023610, 1, 82, 474, 301, 0, 4.08%, 0, 0, 2, 176.76
1494023615, 1, 84, 474, 301, 0, 4.08%, 0, 0, 2, 150.12
1494023620, 1, 87, 474, 300, 0, 4.08%, 0, 0, 2, 162.86
1494023625, 1, 88, 474, 300, 0, 4.08%, 0, 0, 2, 167.28
1494023630, 1, 92, 474, 299, 0, 4.08%, 0, 0, 2, 164.05
1494023635, 1, 94, 474, 299, 0, 4.08%, 0, 0, 2, 208.66
1494023640, 1, 97, 474, 298, 0, 4.08%, 0, 0, 2, 195.00
1494023645, 1, 98, 474, 298, 0, 4.08%, 0, 0, 2, 179.99
1494023651, 1, 101, 474, 297, 0, 4.08%, 0, 0, 2, 172.86
1494023656, 1, 103, 474, 296, 0, 4.08%, 0, 0, 2, 193.41
1494023661, 1, 108, 474, 295, 0, 4.08%, 0, 0, 2, 162.55
1494023666, 1, 109, 474, 295, 0, 4.08%, 0, 0, 2, 195.41
1494023671, 1, 111, 474, 295, 0, 4.08%, 0, 0, 2, 177.13
1494023676, 1, 113, 474, 295, 0, 4.08%, 0, 0, 2, 168.19
1494023681, 1, 117, 474, 294, 0, 4.08%, 0, 0, 2, 175.12
1494023686, 1, 169, 475, 295, 1, 4.09%, 0, 0, 2, 178.66
1494023691, 1, 448, 475, 295, 1, 4.09%, 0, 0, 2, 150.88
1494023722, 1, 457, 475, 294, 1, 4.09%, 0, 0, 2, 110.75
1494023738, 1, 474, 475, 293, 1, 4.09%, 0, 0, 2, 125.01
1494023748, 2, 1, 475, 292, 0, 4.09%, 0, 0, 2, 151.35
1494023753, 2, 2, 475, 292, 0, 4.09%, 0, 0, 2, 156.54
1494023758, 2, 5, 475, 292, 0, 4.09%, 0, 0, 2, 182.92
1494023763, 2, 7, 475, 292, 0, 4.09%, 0, 0, 2, 185.68
1494023768, 2, 15, 475, 292, 0, 4.09%, 0, 0, 2, 174.36
1494023773, 2, 18, 475, 291, 0, 4.09%, 0, 0, 2, 152.55
1494023778, 2, 19, 475, 291, 0, 4.09%, 0, 0, 2, 157.84
1494023783, 2, 25, 475, 291, 0, 4.09%, 0, 0, 2, 187.97
1494023789, 2, 28, 475, 291, 0, 4.09%, 0, 0, 2, 166.34
1494023794, 2, 31, 475, 291, 0, 4.09%, 0, 0, 2, 181.65
1494023799, 2, 34, 475, 291, 0, 4.09%, 0, 0, 2, 122.92
1494023804, 2, 38, 475, 291, 0, 4.09%, 0, 0, 2, 167.46
1494023809, 2, 48, 475, 291, 0, 4.09%, 0, 0, 2, 184.63
1494023814, 2, 50, 475, 291, 0, 4.09%, 0, 0, 2, 136.36
1494023819, 2, 53, 475, 291, 0, 4.09%, 0, 0, 2, 173.34
1494023825, 2, 56, 475, 291, 0, 4.09%, 0, 0, 2, 181.06
1494023830, 2, 57, 475, 291, 0, 4.09%, 0, 0, 2, 200.24
1494023835, 2, 60, 475, 290, 0, 4.09%, 0, 0, 2, 208.46
1494023840, 2, 62, 475, 289, 0, 4.09%, 0, 0, 2, 136.90
1494023845, 2, 66, 475, 289, 0, 4.09%, 0, 0, 2, 151.11
1494023850, 2, 67, 475, 289, 0, 4.09%, 0, 0, 2, 159.35
1494023855, 2, 70, 475, 289, 0, 4.09%, 0, 0, 2, 168.14
1494023860, 2, 73, 475, 289, 0, 4.09%, 0, 0, 2, 182.49
1494023865, 2, 77, 475, 289, 0, 4.09%, 0, 0, 2, 159.45
1494023871, 2, 78, 475, 288, 0, 4.09%, 0, 0, 2, 191.04
1494023876, 2, 80, 475, 288, 0, 4.09%, 0, 0, 2, 166.04
1494023881, 2, 82, 475, 287, 0, 4.09%, 0, 0, 2, 176.10
1494023886, 2, 84, 475, 287, 0, 4.09%, 0, 0, 2, 16.24
1494023891, 2, 86, 475, 286, 0, 4.09%, 0, 0, 2, 140.97
1494023896, 2, 90, 475, 286, 0, 4.09%, 0, 0, 2, 156.81
1494023901, 2, 92, 475, 286, 0, 4.09%, 0, 0, 2, 172.66
1494023906, 2, 94, 475, 286, 0, 4.09%, 0, 0, 2, 201.57
1494023912, 2, 100, 475, 286, 0, 4.09%, 0, 0, 2, 179.26
1494023917, 2, 104, 475, 286, 0, 4.09%, 0, 0, 2, 174.85
1494023922, 2, 108, 475, 286, 0, 4.09%, 0, 0, 2, 193.12
1494023927, 2, 110, 475, 286, 0, 4.09%, 0, 0, 2, 156.47
1494023932, 2, 113, 475, 286, 0, 4.09%, 0, 0, 2, 167.37
1494023937, 2, 119, 475, 286, 0, 4.09%, 0, 0, 2, 170.45
1494023942, 2, 120, 475, 286, 0, 4.09%, 0, 0, 2, 136.99
1494023947, 2, 122, 475, 286, 0, 4.09%, 0, 0, 2, 137.38
1494023953, 2, 124, 475, 286, 0, 4.09%, 0, 0, 2, 136.24
1494023958, 2, 127, 475, 286, 0, 4.09%, 0, 0, 2, 167.80
1494023963, 2, 128, 475, 285, 0, 4.09%, 0, 0, 2, 173.51
1494023968, 2, 129, 475, 284, 0, 4.09%, 0, 0, 2, 150.10
1494023973, 2, 132, 475, 282, 0, 4.09%, 0, 0, 2, 201.42
1494023978, 2, 134, 475, 282, 0, 4.09%, 0, 0, 2, 190.04
1494023984, 2, 137, 475, 282, 0, 4.09%, 0, 0, 2, 189.40
1494023989, 2, 139, 475, 282, 0, 4.09%, 0, 0, 2, 178.99
1494023994, 2, 143, 475, 282, 0, 4.09%, 0, 0, 2, 153.86
1494024004, 2, 144, 475, 281, 0, 4.09%, 0, 0, 2, 177.51
1494024009, 2, 148, 475, 281, 0, 4.09%, 0, 0, 2, 183.57
1494024014, 2, 151, 475, 280, 0, 4.09%, 0, 0, 2, 164.81
1494024019, 2, 153, 475, 280, 0, 4.09%, 0, 0, 2, 161.13
1494024024, 2, 155, 475, 280, 0, 4.09%, 0, 0, 2, 172.78
1494024029, 2, 156, 475, 279, 0, 4.09%, 0, 0, 2, 196.75
1494024034, 2, 160, 475, 279, 0, 4.09%, 0, 0, 2, 158.82
1494024039, 2, 163, 475, 279, 0, 4.09%, 0, 0, 2, 197.07
1494024044, 2, 164, 475, 279, 0, 4.09%, 0, 0, 2, 185.85
1494024050, 2, 168, 475, 279, 0, 4.09%, 0, 0, 2, 138.44
1494024055, 2, 169, 475, 279, 0, 4.09%, 0, 0, 2, 154.30
1494024060, 2, 173, 476, 279, 0, 4.09%, 0, 0, 2, 156.42
1494024065, 2, 174, 476, 279, 0, 4.09%, 0, 0, 2, 116.37
1494024070, 2, 176, 476, 278, 0, 4.09%, 0, 0, 2, 177.21
1494024075, 2, 180, 476, 277, 0, 4.09%, 0, 0, 2, 192.52
1494024085, 2, 181, 476, 277, 0, 4.09%, 0, 0, 2, 104.55
1494024091, 2, 187, 476, 275, 0, 4.09%, 0, 0, 2, 177.21
1494024096, 2, 188, 476, 275, 0, 4.09%, 0, 0, 2, 160.76
1494024101, 2, 191, 476, 274, 0, 4.09%, 0, 0, 2, 203.41
1494024111, 2, 195, 476, 274, 0, 4.09%, 0, 0, 2, 179.07
1494024116, 2, 197, 476, 273, 0, 4.09%, 0, 0, 2, 180.47
1494024121, 2, 199, 476, 273, 0, 4.09%, 0, 0, 2, 153.64
1494024127, 2, 205, 476, 272, 0, 4.09%, 0, 0, 2, 178.65
1494024132, 2, 206, 476, 271, 0, 4.09%, 0, 0, 2, 157.83
1494024137, 2, 217, 476, 270, 0, 4.09%, 0, 0, 2, 113.40
1494024142, 2, 224, 476, 269, 0, 4.09%, 0, 0, 2, 166.13
1494024147, 2, 225, 476, 269, 0, 4.09%, 0, 0, 2, 165.62
1494024152, 2, 229, 476, 268, 0, 4.09%, 0, 0, 2, 161.49
1494024158, 2, 235, 476, 266, 0, 4.09%, 0, 0, 2, 171.07
1494024163, 2, 237, 476, 266, 0, 4.09%, 0, 0, 2, 185.25
1494024168, 2, 239, 476, 265, 0, 4.09%, 0, 0, 2, 187.99
1494024173, 2, 247, 476, 265, 0, 4.09%, 0, 0, 2, 166.74
1494024178, 2, 248, 476, 264, 0, 4.09%, 0, 0, 2, 173.93
1494024183, 2, 251, 476, 264, 0, 4.09%, 0, 0, 2, 186.05
1494024189, 2, 252, 476, 264, 0, 4.09%, 0, 0, 2, 115.86
1494024194, 2, 257, 476, 263, 0, 4.09%, 0, 0, 2, 178.14
1494024204, 2, 263, 476, 262, 0, 4.09%, 0, 0, 2, 164.92
1494024209, 2, 264, 476, 262, 0, 4.09%, 0, 0, 2, 106.97
1494024240, 2, 265, 476, 261, 0, 4.09%, 0, 0, 2, 204.97
1494024250, 2, 272, 476, 261, 0, 4.09%, 0, 0, 2, 39.30
1494024261, 2, 273, 476, 260, 0, 4.09%, 0, 0, 2, 167.97
1494024266, 2, 277, 476, 259, 0, 4.09%, 0, 0, 2, 202.06
1494024271, 2, 278, 476, 259, 0, 4.09%, 0, 0, 2, 165.87
1494024276, 2, 280, 476, 258, 0, 4.09%, 0, 0, 2, 164.12
1494024286, 2, 285, 476, 258, 0, 4.09%, 0, 0, 2, 126.61
1494024296, 2, 288, 476, 257, 0, 4.09%, 0, 0, 2, 190.36
1494024302, 2, 292, 476, 257, 0, 4.09%, 0, 0, 2, 187.78
1494024307, 2, 294, 476, 257, 0, 4.09%, 0, 0, 2, 185.96
1494024312, 2, 297, 476, 257, 0, 4.09%, 0, 0, 2, 172.04
1494024317, 2, 303, 476, 255, 0, 4.09%, 0, 0, 2, 71.78
1494024322, 2, 304, 476, 254, 0, 4.09%, 0, 0, 2, 98.10
1494024327, 2, 309, 476, 253, 0, 4.09%, 0, 0, 2, 163.14
1494024332, 2, 313, 476, 252, 0, 4.09%, 0, 0, 2, 172.88
1494024337, 2, 321, 476, 252, 0, 4.09%, 0, 0, 2, 155.64
1494024342, 2, 329, 476, 252, 0, 4.09%, 0, 0, 2, 172.75
1494024348, 2, 337, 476, 252, 0, 4.09%, 0, 0, 2, 185.38
1494024353, 2, 339, 476, 251, 0, 4.09%, 0, 0, 2, 157.95
1494024383, 2, 340, 476, 250, 0, 4.09%, 0, 0, 2, 138.07
1494024388, 2, 344, 477, 250, 0, 4.09%, 0, 0, 2, 168.60
1494024394, 2, 345, 477, 249, 0, 4.09%, 0, 0, 2, 20.49
1494024465, 2, 346, 477, 248, 0, 4.09%, 0, 0, 2, 17.37
1494024470, 2, 349, 477, 247, 0, 4.09%, 0, 0, 2, 174.25
1494024475, 2, 351, 478, 248, 0, 4.09%, 0, 0, 2, 109.62
1494024481, 2, 352, 478, 248, 0, 4.09%, 0, 0, 2, 169.43
1494024486, 2, 355, 478, 248, 0, 4.09%, 0, 0, 2, 160.01
1494024491, 2, 368, 478, 247, 0, 4.09%, 0, 0, 2, 149.54
1494024496, 2, 370, 478, 247, 0, 4.09%, 0, 0, 2, 20.88
1494024573, 2, 372, 478, 246, 0, 4.09%, 0, 0, 2, 83.19
1494024609, 2, 374, 478, 245, 0, 4.09%, 0, 0, 2, 81.10
1494024630, 2, 375, 478, 244, 0, 4.09%, 0, 0, 2, 134.99
1494024640, 2, 376, 478, 243, 0, 4.09%, 0, 0, 2, 151.38
1494024645, 2, 378, 478, 242, 0, 4.09%, 0, 0, 2, 168.15
1494024650, 2, 379, 478, 241, 0, 4.09%, 0, 0, 2, 203.89
1494024655, 2, 386, 478, 240, 0, 4.09%, 0, 0, 2, 40.13
1494024691, 2, 389, 478, 239, 0, 4.09%, 0, 0, 2, 181.58
1494024696, 2, 390, 478, 239, 0, 4.09%, 0, 0, 2, 27.44
1494024773, 2, 391, 478, 238, 0, 4.09%, 0, 0, 2, 67.51
1494024783, 2, 396, 478, 237, 0, 4.09%, 0, 0, 2, 145.02
1494024788, 2, 403, 478, 237, 0, 4.09%, 0, 0, 2, 129.04
1494024793, 2, 404, 478, 236, 0, 4.09%, 0, 0, 2, 117.12
1494024798, 2, 409, 478, 235, 0, 4.09%, 0, 0, 2, 141.99
1494024804, 2, 413, 478, 234, 0, 4.09%, 0, 0, 2, 160.01
1494024809, 2, 415, 478, 234, 0, 4.09%, 0, 0, 2, 156.65
1494024814, 2, 420, 478, 233, 0, 4.09%, 0, 0, 2, 166.77
1494024819, 2, 425, 478, 233, 0, 4.09%, 0, 0, 2, 163.20
1494024824, 2, 427, 478, 233, 0, 4.09%, 0, 0, 2, 93.96
1494024829, 2, 431, 478, 232, 0, 4.09%, 0, 0, 2, 112.30
1494024844, 2, 436, 478, 231, 0, 4.09%, 0, 0, 2, 134.84
1494024850, 2, 438, 478, 231, 0, 4.09%, 0, 0, 2, 133.40
1494024865, 2, 443, 478, 230, 0, 4.09%, 0, 0, 2, 168.97
1494024895, 2, 444, 479, 230, 0, 4.09%, 0, 0, 2, 72.11
1494024921, 2, 451, 479, 229, 0, 4.09%, 0, 0, 2, 113.01
1494024926, 2, 453, 479, 229, 0, 4.09%, 0, 0, 2, 86.02
1494024931, 2, 455, 479, 228, 0, 4.09%, 0, 0, 2, 88.93
1494024937, 2, 459, 479, 228, 0, 4.09%, 0, 0, 2, 35.60
1494024952, 2, 462, 479, 227, 0, 4.09%, 0, 0, 2, 135.93
1494024957, 2, 465, 479, 227, 0, 4.09%, 0, 0, 2, 113.00
1494024962, 2, 466, 479, 227, 0, 4.09%, 0, 0, 2, 89.68
1494024973, 2, 468, 479, 226, 0, 4.09%, 0, 0, 2, 167.08
1494024978, 2, 469, 479, 226, 0, 4.09%, 0, 0, 2, 18.71
1494024983, 2, 474, 479, 226, 0, 4.09%, 0, 0, 2, 159.52
1494024988, 3, 1, 479, 226, 0, 4.09%, 0, 0, 2, 147.05
1494024993, 3, 2, 479, 226, 0, 4.09%, 0, 0, 2, 161.51
1494024998, 3, 5, 479, 226, 0, 4.09%, 0, 0, 2, 152.88
1494025003, 3, 9, 479, 226, 0, 4.09%, 0, 0, 2, 174.91
1494025009, 3, 10, 479, 225, 0, 4.09%, 0, 0, 2, 185.89
1494025014, 3, 12, 479, 224, 0, 4.09%, 0, 0, 2, 199.12
1494025019, 3, 15, 479, 223, 0, 4.09%, 0, 0, 2, 182.29
1494025024, 3, 18, 479, 222, 0, 4.09%, 0, 0, 2, 165.22
1494025029, 3, 19, 479, 222, 0, 4.09%, 0, 0, 2, 156.74
1494025034, 3, 22, 479, 222, 0, 4.09%, 0, 0, 2, 153.69
1494025039, 3, 25, 479, 220, 0, 4.09%, 0, 0, 2, 163.60
1494025044, 3, 26, 479, 220, 0, 4.09%, 0, 0, 2, 139.96
1494025049, 3, 30, 479, 220, 0, 4.09%, 0, 0, 2, 203.76
1494025054, 3, 33, 479, 220, 0, 4.09%, 0, 0, 2, 91.66
1494025060, 3, 37, 479, 220, 0, 4.09%, 0, 0, 2, 149.69
1494025065, 3, 40, 479, 220, 0, 4.09%, 0, 0, 2, 179.90
1494025070, 3, 46, 479, 219, 0, 4.09%, 0, 0, 2, 150.08
1494025075, 3, 49, 479, 218, 0, 4.09%, 0, 0, 2, 166.00
1494025080, 3, 51, 479, 218, 0, 4.09%, 0, 0, 2, 179.41
1494025085, 3, 54, 479, 218, 0, 4.09%, 0, 0, 2, 172.59
1494025090, 3, 56, 479, 217, 0, 4.09%, 0, 0, 2, 160.83
1494025095, 3, 58, 479, 217, 0, 4.09%, 0, 0, 2, 166.62
1494025100, 3, 60, 479, 215, 0, 4.09%, 0, 0, 2, 185.82
1494025106, 3, 62, 479, 215, 0, 4.09%, 0, 0, 2, 193.44
1494025111, 3, 64, 479, 215, 0, 4.09%, 0, 0, 2, 79.11
1494025116, 3, 66, 479, 214, 0, 4.09%, 0, 0, 2, 157.72
1494025121, 3, 68, 479, 214, 0, 4.09%, 0, 0, 2, 164.64
1494025126, 3, 479, 480, 215, 1, 4.09%, 0, 0, 2, 62.12
1494025131, 4, 0, 480, 214, 0, 4.09%, 0, 0, 2, 135.55
1494025136, 4, 2, 480, 214, 0, 4.09%, 0, 0, 2, 172.99
1494025142, 4, 3, 480, 214, 0, 4.09%, 0, 0, 2, 180.00
1494025147, 4, 5, 480, 214, 0, 4.09%, 0, 0, 2, 188.03
1494025152, 4, 7, 480, 214, 0, 4.09%, 0, 0, 2, 23.08
1494025157, 4, 13, 480, 214, 0, 4.09%, 0, 0, 2, 192.69
1494025162, 4, 14, 480, 214, 0, 4.09%, 0, 0, 2, 157.28
1494025167, 4, 19, 480, 213, 0, 4.09%, 0, 0, 2, 167.97
1494025172, 4, 20, 480, 213, 0, 4.09%, 0, 0, 2, 169.75
1494025177, 4, 25, 480, 213, 0, 4.09%, 0, 0, 2, 182.72
1494025182, 4, 26, 481, 214, 0, 4.09%, 0, 0, 2, 182.49
1494025187, 4, 30, 481, 213, 0, 4.09%, 0, 0, 2, 169.29
1494025192, 4, 31, 481, 213, 0, 4.09%, 0, 0, 2, 39.85
1494025197, 4, 34, 481, 213, 0, 4.09%, 0, 0, 2, 150.40
1494025202, 4, 38, 481, 213, 0, 4.09%, 0, 0, 2, 167.53
1494025207, 4, 41, 481, 212, 0, 4.09%, 0, 0, 2, 141.79
1494025213, 4, 48, 481, 210, 0, 4.09%, 0, 0, 2, 184.41
1494025218, 4, 50, 481, 210, 0, 4.09%, 0, 0, 2, 131.87
1494025223, 4, 52, 481, 210, 0, 4.09%, 0, 0, 2, 171.11
1494025228, 4, 55, 481, 210, 0, 4.09%, 0, 0, 2, 160.18
1494025233, 4, 60, 482, 211, 0, 4.09%, 0, 0, 2, 210.87
1494025243, 4, 65, 482, 211, 0, 4.09%, 0, 0, 2, 165.54
1494025248, 4, 66, 482, 211, 0, 4.09%, 0, 0, 2, 174.20
1494025254, 4, 274, 484, 212, 1, 4.09%, 0, 0, 2, 156.71
1494025259, 4, 323, 484, 211, 1, 4.09%, 0, 0, 2, 122.52
1494025264, 4, 483, 484, 210, 1, 4.09%, 0, 0, 2, 167.97
1494025274, 5, 1, 484, 209, 0, 4.09%, 0, 0, 2, 169.20
1494025279, 5, 2, 484, 209, 0, 4.09%, 0, 0, 2, 173.53
1494025284, 5, 5, 484, 209, 0, 4.09%, 0, 0, 2, 163.41
1494025289, 5, 7, 484, 209, 0, 4.09%, 0, 0, 2, 178.23
1494025294, 5, 15, 484, 209, 0, 4.09%, 0, 0, 2, 130.89
1494025299, 5, 19, 484, 209, 0, 4.09%, 0, 0, 2, 159.79
1494025305, 5, 26, 484, 209, 0, 4.09%, 0, 0, 2, 176.64
1494025310, 5, 28, 484, 209, 0, 4.09%, 0, 0, 2, 176.70
1494025315, 5, 31, 484, 209, 0, 4.09%, 0, 0, 2, 185.62
1494025320, 5, 34, 484, 209, 0, 4.09%, 0, 0, 2, 168.37
1494025325, 5, 38, 484, 209, 0, 4.09%, 0, 0, 2, 179.15
1494025330, 5, 49, 484, 209, 0, 4.09%, 0, 0, 2, 187.83
1494025335, 5, 51, 484, 209, 0, 4.09%, 0, 0, 2, 168.43
1494025341, 5, 53, 484, 209, 0, 4.09%, 0, 0, 2, 175.14
1494025346, 5, 56, 484, 209, 0, 4.09%, 0, 0, 2, 185.42
1494025351, 5, 60, 484, 209, 0, 4.09%, 0, 0, 2, 199.44
1494025356, 5, 62, 484, 209, 0, 4.09%, 0, 0, 2, 172.43
1494025361, 5, 65, 484, 209, 0, 4.09%, 0, 0, 2, 163.69
1494025366, 5, 67, 484, 209, 0, 4.09%, 0, 0, 2, 168.91
1494025371, 5, 69, 484, 209, 0, 4.09%, 0, 0, 2, 154.72
1494025376, 5, 72, 484, 209, 0, 4.09%, 0, 0, 2, 168.52
1494025382, 5, 75, 484, 209, 0, 4.09%, 0, 0, 2, 162.36
1494025387, 5, 78, 484, 208, 0, 4.09%, 0, 0, 2, 185.10
1494025392, 5, 81, 484, 208, 0, 4.09%, 0, 0, 2, 180.23
1494025397, 5, 82, 484, 208, 0, 4.09%, 0, 0, 2, 166.21
1494025402, 5, 87, 484, 208, 0, 4.09%, 0, 0, 2, 149.74
1494025407, 5, 90, 484, 207, 0, 4.09%, 0, 0, 2, 199.97
1494025412, 5, 92, 484, 207, 0, 4.09%, 0, 0, 2, 173.36
1494025417, 5, 94, 484, 207, 0, 4.09%, 0, 0, 2, 187.54
1494025422, 5, 99, 484, 207, 0, 4.09%, 0, 0, 2, 182.26
1494025428, 5, 103, 484, 206, 0, 4.09%, 0, 0, 2, 178.81
1494025433, 5, 106, 484, 206, 0, 4.09%, 0, 0, 2, 217.48
1494025438, 5, 108, 484, 205, 0, 4.09%, 0, 0, 2, 196.69
1494025443, 5, 111, 484, 205, 0, 4.09%, 0, 0, 2, 175.37
1494025448, 5, 113, 484, 205, 0, 4.09%, 0, 0, 2, 171.86
1494025453, 5, 119, 484, 205, 0, 4.09%, 0, 0, 2, 183.42
1494025458, 5, 121, 484, 205, 0, 4.09%, 0, 0, 2, 154.37
1494025463, 5, 122, 484, 205, 0, 4.09%, 0, 0, 2, 159.77
1494025468, 5, 124, 484, 205, 0, 4.09%, 0, 0, 2, 133.79
1494025474, 5, 125, 484, 205, 0, 4.09%, 0, 0, 2, 112.12
1494025479, 5, 132, 484, 204, 0, 4.09%, 0, 0, 2, 155.46
1494025484, 5, 134, 484, 204, 0, 4.09%, 0, 0, 2, 184.03
1494025489, 5, 137, 484, 203, 0, 4.09%, 0, 0, 2, 198.24
1494025494, 5, 138, 484, 203, 0, 4.09%, 0, 0, 2, 188.97
1494025499, 5, 139, 484, 202, 0, 4.09%, 0, 0, 2, 181.36
1494025504, 5, 144, 484, 201, 0, 4.09%, 0, 0, 2, 189.68
1494025515, 5, 150, 484, 200, 0, 4.09%, 0, 0, 2, 194.60
1494025520, 5, 153, 484, 200, 0, 4.09%, 0, 0, 2, 185.53
1494025525, 5, 156, 484, 200, 0, 4.09%, 0, 0, 2, 151.87
1494025535, 5, 162, 484, 200, 0, 4.09%, 0, 0, 2, 160.71
1494025540, 5, 163, 484, 200, 0, 4.09%, 0, 0, 2, 183.09
1494025545, 5, 165, 484, 200, 0, 4.09%, 0, 0, 2, 187.56
1494025550, 5, 167, 484, 199, 0, 4.09%, 0, 0, 2, 191.98
1494025555, 5, 168, 484, 199, 0, 4.09%, 0, 0, 2, 193.08
1494025560, 5, 173, 484, 199, 0, 4.09%, 0, 0, 2, 178.24
1494025566, 5, 175, 484, 199, 0, 4.09%, 0, 0, 2, 193.85
1494025571, 5, 176, 484, 198, 0, 4.09%, 0, 0, 2, 159.36
1494025576, 5, 180, 484, 198, 0, 4.09%, 0, 0, 2, 206.64
1494025581, 5, 185, 484, 198, 0, 4.09%, 0, 0, 2, 193.81
1494025586, 5, 187, 484, 197, 0, 4.09%, 0, 0, 2, 153.81
1494025591, 5, 188, 484, 197, 0, 4.09%, 0, 0, 2, 168.93
1494025597, 5, 191, 484, 197, 0, 4.09%, 0, 0, 2, 27.52
1494025602, 5, 193, 484, 197, 0, 4.09%, 0, 0, 2, 173.84
1494025607, 5, 195, 484, 195, 0, 4.09%, 0, 0, 2, 231.09
1494025612, 5, 197, 484, 195, 0, 4.09%, 0, 0, 2, 185.08
1494025617, 5, 200, 484, 195, 0, 4.09%, 0, 0, 2, 114.97
1494025622, 5, 206, 484, 194, 0, 4.09%, 0, 0, 2, 161.83
1494025627, 5, 208, 484, 194, 0, 4.09%, 0, 0, 2, 164.84
1494025637, 5, 222, 484, 193, 0, 4.09%, 0, 0, 2, 122.60
1494025642, 5, 224, 484, 192, 0, 4.09%, 0, 0, 2, 151.29
1494025648, 5, 228, 485, 193, 0, 4.09%, 0, 0, 2, 173.15
1494025653, 5, 234, 485, 192, 0, 4.09%, 0, 0, 2, 169.56
1494025663, 5, 235, 485, 191, 0, 4.09%, 0, 0, 2, 165.83
1494025668, 5, 239, 485, 191, 0, 4.09%, 0, 0, 2, 166.19
1494025673, 5, 245, 485, 191, 0, 4.09%, 0, 0, 2, 166.41
1494025678, 5, 248, 485, 190, 0, 4.09%, 0, 0, 2, 161.45
1494025683, 5, 250, 485, 190, 0, 4.09%, 0, 0, 2, 132.12
1494025688, 5, 251, 485, 189, 0, 4.09%, 0, 0, 2, 160.01
1494025693, 5, 253, 485, 189, 0, 4.09%, 0, 0, 2, 169.31
1494025698, 5, 254, 485, 188, 0, 4.09%, 0, 0, 2, 177.92
1494025703, 5, 257, 485, 188, 0, 4.09%, 0, 0, 2, 197.87
1494025709, 5, 262, 486, 189, 0, 4.09%, 0, 0, 2, 160.96
1494025719, 5, 264, 486, 188, 0, 4.09%, 0, 0, 2, 146.89
1494025724, 5, 265, 486, 188, 0, 4.09%, 0, 0, 2, 179.67
1494025729, 5, 267, 486, 188, 0, 4.09%, 0, 0, 2, 167.08
1494025734, 5, 273, 486, 187, 0, 4.09%, 0, 0, 2, 154.48
1494025744, 5, 278, 486, 187, 0, 4.09%, 0, 0, 2, 168.24
1494025749, 5, 280, 486, 187, 0, 4.09%, 0, 0, 2, 185.92
1494025754, 5, 287, 486, 187, 0, 4.09%, 0, 0, 2, 191.23
1494025760, 5, 288, 486, 186, 0, 4.09%, 0, 0, 2, 205.74
1494025765, 5, 292, 486, 185, 0, 4.09%, 0, 0, 2, 128.52
1494025770, 5, 294, 486, 185, 0, 4.09%, 0, 0, 2, 166.04
1494025775, 5, 296, 486, 185, 0, 4.09%, 0, 0, 2, 205.81
1494025780, 5, 310, 486, 185, 0, 4.09%, 0, 0, 2, 175.32
1494025785, 5, 320, 486, 184, 0, 4.09%, 0, 0, 2, 192.35
1494025790, 5, 321, 486, 183, 0, 4.09%, 0, 0, 2, 148.28
1494025795, 5, 329, 486, 183, 0, 4.09%, 0, 0, 2, 188.31
1494025806, 5, 331, 486, 182, 0, 4.09%, 0, 0, 2, 189.99
1494025811, 5, 343, 486, 181, 0, 4.09%, 0, 0, 2, 271.11
1494025816, 5, 348, 486, 181, 0, 4.09%, 0, 0, 2, 180.00
1494025826, 5, 351, 487, 181, 0, 4.09%, 0, 0, 2, 144.91
1494025831, 5, 352, 487, 181, 0, 4.09%, 0, 0, 2, 188.11
1494025836, 5, 355, 487, 181, 0, 4.09%, 0, 0, 2, 145.91
1494025841, 5, 358, 487, 181, 0, 4.09%, 0, 0, 2, 140.19
1494025846, 5, 359, 487, 180, 0, 4.09%, 0, 0, 2, 117.13
1494025852, 5, 368, 487, 178, 0, 4.09%, 0, 0, 2, 192.24
1494025857, 5, 389, 487, 178, 0, 4.09%, 0, 0, 2, 184.47
1494025862, 5, 391, 487, 178, 0, 4.09%, 0, 0, 2, 146.33
1494025867, 5, 392, 487, 178, 0, 4.09%, 0, 0, 2, 104.37
1494025882, 5, 396, 487, 177, 0, 4.09%, 0, 0, 2, 216.98
1494025887, 5, 401, 487, 177, 0, 4.09%, 0, 0, 2, 185.37
1494025892, 5, 407, 487, 176, 0, 4.09%, 0, 0, 2, 38.28
1494025898, 5, 411, 488, 177, 0, 4.09%, 0, 0, 2, 125.45
1494025903, 5, 414, 488, 177, 0, 4.09%, 0, 0, 2, 141.14
1494025908, 5, 417, 488, 176, 0, 4.09%, 0, 0, 2, 146.73
1494025928, 5, 421, 488, 175, 0, 4.09%, 0, 0, 2, 130.74
1494025944, 5, 422, 488, 174, 0, 4.09%, 0, 0, 2, 135.89
1494025949, 5, 423, 488, 173, 0, 4.09%, 0, 0, 2, 141.35
1494025964, 5, 425, 488, 172, 0, 4.09%, 0, 0, 2, 178.71
1494025969, 5, 426, 488, 172, 0, 4.09%, 0, 0, 2, 34.56
1494025995, 5, 436, 488, 171, 0, 4.09%, 0, 0, 2, 116.34
1494026000, 5, 439, 488, 171, 0, 4.09%, 0, 0, 2, 137.62
1494026026, 5, 440, 488, 170, 0, 4.09%, 0, 0, 2, 18.33
1494026092, 5, 446, 488, 169, 0, 4.09%, 0, 0, 2, 103.09
1494026118, 5, 447, 488, 168, 0, 4.09%, 0, 0, 2, 96.44
1494026123, 5, 449, 488, 168, 0, 4.09%, 0, 0, 2, 78.42
1494026149, 5, 452, 488, 167, 0, 4.09%, 0, 0, 2, 106.50
1494026164, 5, 452, 489, 167, 0, 4.09%, 0, 0, 2, 17.17
1494026169, 5, 488, 489, 167, 1, 4.09%, 0, 0, 2, 28.60
1494026256, 6, 0, 489, 166, 0, 4.09%, 0, 0, 2, 141.48
1494026261, 6, 2, 489, 166, 0, 4.09%, 0, 0, 2, 162.38
1494026267, 6, 4, 490, 167, 0, 4.09%, 0, 0, 2, 15.72
1494026272, 6, 6, 490, 167, 0, 4.09%, 0, 0, 2, 202.76
1494026277, 6, 10, 490, 167, 0, 4.09%, 0, 0, 2, 171.77
1494026282, 6, 16, 490, 167, 0, 4.09%, 0, 0, 2, 189.99
1494026287, 6, 19, 490, 167, 0, 4.09%, 0, 0, 2, 165.50
1494026293, 6, 23, 490, 167, 0, 4.09%, 0, 0, 2, 164.80
1494026298, 6, 28, 490, 166, 0, 4.09%, 0, 0, 2, 162.03
1494026303, 6, 30, 490, 165, 0, 4.09%, 0, 0, 2, 159.02
1494026308, 6, 33, 490, 165, 0, 4.09%, 0, 0, 2, 143.13
1494026313, 6, 37, 490, 165, 0, 4.09%, 0, 0, 2, 164.31
1494026318, 6, 44, 490, 165, 0, 4.09%, 0, 0, 2, 155.44
1494026323, 6, 49, 490, 165, 0, 4.09%, 0, 0, 2, 156.64
1494026329, 6, 51, 490, 165, 0, 4.09%, 0, 0, 2, 164.35
1494026334, 6, 55, 490, 165, 0, 4.09%, 0, 0, 2, 158.49
1494026339, 6, 56, 490, 165, 0, 4.09%, 0, 0, 2, 150.76
1494026344, 6, 60, 490, 165, 0, 4.09%, 0, 0, 2, 193.80
1494026349, 6, 63, 490, 165, 0, 4.09%, 0, 0, 2, 190.17
1494026354, 6, 65, 490, 164, 0, 4.09%, 0, 0, 2, 162.96
1494026359, 6, 67, 490, 164, 0, 4.09%, 0, 0, 2, 168.15
1494026364, 6, 68, 490, 164, 0, 4.09%, 0, 0, 2, 192.98
1494026369, 6, 71, 490, 164, 0, 4.09%, 0, 0, 2, 175.07
1494026374, 6, 73, 490, 163, 0, 4.09%, 0, 0, 2, 181.01
1494026379, 6, 76, 490, 163, 0, 4.09%, 0, 0, 2, 90.51
1494026384, 6, 79, 490, 163, 0, 4.09%, 0, 0, 2, 184.69
1494026389, 6, 81, 490, 163, 0, 4.09%, 0, 0, 2, 180.15
1494026395, 6, 82, 490, 163, 0, 4.09%, 0, 0, 2, 196.86
1494026400, 6, 87, 490, 163, 0, 4.09%, 0, 0, 2, 172.49
1494026405, 6, 90, 490, 163, 0, 4.09%, 0, 0, 2, 185.26
1494026410, 6, 92, 490, 163, 0, 4.09%, 0, 0, 2, 156.03
1494026415, 6, 94, 490, 162, 0, 4.09%, 0, 0, 2, 177.52
1494026425, 6, 101, 490, 162, 0, 4.09%, 0, 0, 2, 184.82
1494026430, 6, 104, 490, 162, 0, 4.09%, 0, 0, 2, 169.66
1494026436, 6, 108, 490, 161, 0, 4.09%, 0, 0, 2, 189.67
1494026441, 6, 109, 490, 161, 0, 4.09%, 0, 0, 2, 179.28
1494026446, 6, 111, 490, 161, 0, 4.09%, 0, 0, 2, 154.81
1494026451, 6, 115, 490, 161, 0, 4.09%, 0, 0, 2, 164.85
1494026456, 6, 119, 490, 161, 0, 4.09%, 0, 0, 2, 182.48
1494026461, 6, 121, 490, 161, 0, 4.09%, 0, 0, 2, 153.42
1494026466, 6, 123, 490, 161, 0, 4.09%, 0, 0, 2, 156.10
1494026472, 6, 132, 490, 161, 0, 4.09%, 0, 0, 2, 186.51
1494026482, 6, 134, 490, 160, 0, 4.09%, 0, 0, 2, 182.70
1494026487, 6, 137, 490, 160, 0, 4.09%, 0, 0, 2, 183.40
1494026492, 6, 139, 490, 160, 0, 4.09%, 0, 0, 2, 190.79
1494026497, 6, 144, 490, 160, 0, 4.09%, 0, 0, 2, 172.41
1494026502, 6, 146, 490, 160, 0, 4.09%, 0, 0, 2, 177.12
1494026508, 6, 151, 490, 160, 0, 4.09%, 0, 0, 2, 174.30
1494026513, 6, 153, 490, 160, 0, 4.09%, 0, 0, 2, 190.47
1494026518, 6, 156, 490, 160, 0, 4.09%, 0, 0, 2, 202.75
1494026523, 6, 157, 490, 160, 0, 4.09%, 0, 0, 2, 175.58
1494026528, 6, 162, 490, 159, 0, 4.09%, 0, 0, 2, 166.09
1494026533, 6, 163, 490, 159, 0, 4.09%, 0, 0, 2, 169.13
1494026538, 6, 167, 490, 159, 0, 4.09%, 0, 0, 2, 167.51
1494026543, 6, 168, 490, 159, 0, 4.09%, 0, 0, 2, 186.91
1494026548, 6, 173, 490, 159, 0, 4.09%, 0, 0, 2, 170.76
1494026553, 6, 176, 490, 159, 0, 4.09%, 0, 0, 2, 191.73
1494026559, 6, 180, 490, 159, 0, 4.09%, 0, 0, 2, 192.12
1494026564, 6, 182, 490, 159, 0, 4.09%, 0, 0, 2, 185.72
1494026569, 6, 186, 490, 158, 0, 4.09%, 0, 0, 2, 200.44
1494026574, 6, 187, 490, 157, 0, 4.09%, 0, 0, 2, 169.76
1494026579, 6, 190, 490, 157, 0, 4.09%, 0, 0, 2, 165.55
1494026584, 6, 191, 490, 156, 0, 4.09%, 0, 0, 2, 185.52
1494026589, 6, 195, 490, 156, 0, 4.09%, 0, 0, 2, 167.42
1494026594, 6, 197, 490, 156, 0, 4.09%, 0, 0, 2, 178.57
1494026599, 6, 203, 490, 156, 0, 4.09%, 0, 0, 2, 177.43
1494026604, 6, 209, 490, 156, 0, 4.09%, 0, 0, 2, 113.39
1494026609, 6, 214, 490, 154, 0, 4.09%, 0, 0, 2, 9.90
1494026614, 6, 215, 490, 153, 0, 4.09%, 0, 0, 2, 126.96
1494026620, 6, 216, 490, 152, 0, 4.09%, 0, 0, 2, 33.23
1494026686, 6, 217, 490, 151, 0, 4.09%, 0, 0, 2, 182.52
1494026691, 6, 224, 490, 150, 0, 4.09%, 0, 0, 2, 230.81
1494026701, 6, 230, 490, 150, 0, 4.09%, 0, 0, 2, 123.67
1494026707, 6, 231, 490, 149, 0, 4.09%, 0, 0, 2, 189.94
1494026712, 6, 235, 490, 148, 0, 4.09%, 0, 0, 2, 167.63
1494026717, 6, 269, 491, 149, 1, 4.09%, 0, 0, 2, 52.96
1494026722, 6, 371, 491, 148, 1, 4.09%, 0, 0, 2, 119.05
1494026732, 6, 490, 491, 147, 1, 4.09%, 0, 0, 2, 98.75
1494026748, 7, 0, 491, 146, 0, 4.09%, 0, 0, 2, 107.55
1494026753, 7, 1, 491, 146, 0, 4.09%, 0, 0, 2, 171.60
1494026758, 7, 5, 491, 146, 0, 4.09%, 0, 0, 2, 188.78
1494026763, 7, 7, 491, 146, 0, 4.09%, 0, 0, 2, 135.03
1494026768, 7, 12, 491, 146, 0, 4.09%, 0, 0, 2, 167.82
1494026773, 7, 18, 491, 146, 0, 4.09%, 0, 0, 2, 166.33
1494026779, 7, 20, 491, 146, 0, 4.09%, 0, 0, 2, 132.27
1494026784, 7, 28, 491, 146, 0, 4.09%, 0, 0, 2, 147.99
1494026789, 7, 31, 491, 146, 0, 4.09%, 0, 0, 2, 189.50
1494026794, 7, 34, 491, 146, 0, 4.09%, 0, 0, 2, 161.84
1494026799, 7, 38, 491, 146, 0, 4.09%, 0, 0, 2, 194.89
1494026804, 7, 43, 491, 146, 0, 4.09%, 0, 0, 2, 204.86
1494026809, 7, 48, 491, 145, 0, 4.09%, 0, 0, 2, 215.15
1494026814, 7, 50, 491, 145, 0, 4.09%, 0, 0, 2, 172.38
1494026819, 7, 52, 491, 145, 0, 4.09%, 0, 0, 2, 178.71
1494026825, 7, 55, 491, 145, 0, 4.09%, 0, 0, 2, 176.07
1494026830, 7, 58, 491, 145, 0, 4.09%, 0, 0, 2, 205.62
1494026835, 7, 60, 491, 145, 0, 4.09%, 0, 0, 2, 193.43
1494026840, 7, 62, 491, 145, 0, 4.09%, 0, 0, 2, 125.95
1494026845, 7, 66, 491, 145, 0, 4.09%, 0, 0, 2, 180.11
1494026850, 7, 67, 491, 145, 0, 4.09%, 0, 0, 2, 174.73
1494026855, 7, 69, 491, 145, 0, 4.09%, 0, 0, 2, 160.80
1494026860, 7, 73, 491, 145, 0, 4.09%, 0, 0, 2, 155.40
1494026865, 7, 75, 491, 145, 0, 4.09%, 0, 0, 2, 162.97
1494026870, 7, 79, 491, 145, 0, 4.09%, 0, 0, 2, 149.55
1494026876, 7, 82, 491, 145, 0, 4.09%, 0, 0, 2, 162.43
1494026881, 7, 86, 491, 145, 0, 4.09%, 0, 0, 2, 183.04
1494026886, 7, 90, 491, 145, 0, 4.09%, 0, 0, 2, 177.89
1494026891, 7, 92, 491, 145, 0, 4.09%, 0, 0, 2, 168.09
1494026896, 7, 94, 491, 145, 0, 4.09%, 0, 0, 2, 172.26
1494026901, 7, 96, 491, 145, 0, 4.09%, 0, 0, 2, 83.03
1494026906, 7, 97, 491, 144, 0, 4.09%, 0, 0, 2, 130.88
1494026911, 7, 103, 491, 144, 0, 4.09%, 0, 0, 2, 159.91
1494026916, 7, 108, 491, 144, 0, 4.09%, 0, 0, 2, 200.18
1494026921, 7, 109, 491, 144, 0, 4.09%, 0, 0, 2, 175.54
1494026927, 7, 111, 491, 144, 0, 4.09%, 0, 0, 2, 152.05
1494026932, 7, 113, 491, 144, 0, 4.09%, 0, 0, 2, 145.65
1494026937, 7, 118, 491, 144, 0, 4.09%, 0, 0, 2, 186.27
1494026942, 7, 120, 491, 143, 0, 4.09%, 0, 0, 2, 184.60
1494026947, 7, 121, 491, 143, 0, 4.09%, 0, 0, 2, 152.43
1494026952, 7, 124, 491, 143, 0, 4.09%, 0, 0, 2, 165.73
1494026957, 7, 126, 491, 143, 0, 4.09%, 0, 0, 2, 172.93
1494026962, 7, 132, 492, 143, 0, 4.09%, 0, 0, 2, 201.66
1494026968, 7, 137, 492, 143, 0, 4.09%, 0, 0, 2, 203.69
1494026973, 7, 138, 492, 143, 0, 4.09%, 0, 0, 2, 200.07
1494026978, 7, 139, 492, 143, 0, 4.09%, 0, 0, 2, 187.38
1494026983, 7, 144, 492, 143, 0, 4.09%, 0, 0, 2, 170.21
1494026988, 7, 150, 492, 143, 0, 4.09%, 0, 0, 2, 161.42
1494026993, 7, 153, 492, 143, 0, 4.09%, 0, 0, 2, 158.10
1494026999, 7, 156, 492, 143, 0, 4.09%, 0, 0, 2, 179.64
1494027009, 7, 160, 492, 142, 0, 4.09%, 0, 0, 2, 192.10
1494027014, 7, 162, 492, 142, 0, 4.09%, 0, 0, 2, 166.84
1494027019, 7, 163, 492, 142, 0, 4.09%, 0, 0, 2, 186.06
1494027024, 7, 167, 492, 141, 0, 4.09%, 0, 0, 2, 196.61
1494027029, 7, 168, 492, 141, 0, 4.09%, 0, 0, 2, 201.14
1494027034, 7, 173, 492, 141, 0, 4.09%, 0, 0, 2, 175.38
1494027039, 7, 176, 492, 141, 0, 4.09%, 0, 0, 2, 196.10
1494027044, 7, 179, 492, 141, 0, 4.09%, 0, 0, 2, 197.85
1494027049, 7, 180, 492, 141, 0, 4.09%, 0, 0, 2, 194.25
1494027054, 7, 187, 492, 141, 0, 4.09%, 0, 0, 2, 173.53
1494027059, 7, 188, 492, 141, 0, 4.09%, 0, 0, 2, 203.55
1494027065, 7, 191, 492, 141, 0, 4.09%, 0, 0, 2, 191.34
1494027070, 7, 195, 492, 141, 0, 4.09%, 0, 0, 2, 179.80
1494027075, 7, 197, 493, 142, 0, 4.09%, 0, 0, 2, 172.69
1494027080, 7, 205, 493, 142, 0, 4.09%, 0, 0, 2, 190.69
1494027085, 7, 217, 493, 142, 0, 4.09%, 0, 0, 2, 138.45
1494027090, 7, 224, 493, 142, 0, 4.09%, 0, 0, 2, 165.11
1494027096, 7, 235, 493, 142, 0, 4.09%, 0, 0, 2, 156.90
1494027101, 7, 238, 493, 141, 0, 4.09%, 0, 0, 2, 201.92
1494027106, 7, 240, 493, 141, 0, 4.09%, 0, 0, 2, 177.34
1494027111, 7, 245, 493, 140, 0, 4.09%, 0, 0, 2, 148.71
1494027116, 7, 248, 494, 141, 0, 4.09%, 0, 0, 2, 172.06
1494027121, 7, 251, 494, 140, 0, 4.09%, 0, 0, 2, 178.53
1494027126, 7, 254, 494, 140, 0, 4.09%, 0, 0, 2, 195.59
1494027131, 7, 257, 494, 139, 0, 4.09%, 0, 0, 2, 117.80
1494027136, 7, 261, 494, 139, 0, 4.09%, 0, 0, 2, 157.05
1494027142, 7, 262, 494, 139, 0, 4.09%, 0, 0, 2, 187.08
1494027147, 7, 263, 494, 139, 0, 4.09%, 0, 0, 2, 138.08
1494027152, 7, 265, 494, 139, 0, 4.09%, 0, 0, 2, 193.76
1494027157, 7, 268, 494, 139, 0, 4.09%, 0, 0, 2, 173.19
1494027162, 7, 270, 494, 139, 0, 4.09%, 0, 0, 2, 191.11
1494027167, 7, 273, 494, 138, 0, 4.09%, 0, 0, 2, 203.14
1494027172, 7, 277, 494, 138, 0, 4.09%, 0, 0, 2, 193.74
1494027177, 7, 280, 494, 138, 0, 4.09%, 0, 0, 2, 184.20
1494027183, 7, 281, 494, 138, 0, 4.09%, 0, 0, 2, 187.83
1494027188, 7, 284, 494, 136, 0, 4.09%, 0, 0, 2, 174.80
1494027193, 7, 288, 494, 134, 0, 4.09%, 0, 0, 2, 185.64
1494027198, 7, 290, 494, 134, 0, 4.09%, 0, 0, 2, 188.43
1494027203, 7, 291, 494, 133, 0, 4.09%, 0, 0, 2, 166.70
1494027208, 7, 292, 494, 132, 0, 4.09%, 0, 0, 2, 182.68
1494027214, 7, 294, 494, 132, 0, 4.09%, 0, 0, 2, 168.28
1494027219, 7, 296, 494, 132, 0, 4.09%, 0, 0, 2, 149.68
1494027224, 7, 302, 494, 132, 0, 4.09%, 0, 0, 2, 34.01
1494027249, 7, 303, 494, 131, 0, 4.09%, 0, 0, 2, 107.77
1494027254, 7, 308, 494, 131, 0, 4.09%, 0, 0, 2, 113.40
1494027259, 7, 310, 494, 130, 0, 4.09%, 0, 0, 2, 158.47
1494027264, 7, 315, 494, 130, 0, 4.09%, 0, 0, 2, 164.02
1494027269, 7, 319, 495, 130, 0, 4.09%, 0, 0, 2, 151.82
1494027274, 7, 324, 495, 129, 0, 4.09%, 0, 0, 2, 180.23
1494027279, 7, 328, 495, 129, 0, 4.09%, 0, 0, 2, 90.27
1494027300, 7, 329, 495, 128, 0, 4.09%, 0, 0, 2, 194.71
1494027305, 7, 334, 495, 128, 0, 4.09%, 0, 0, 2, 196.67
1494027310, 7, 336, 495, 127, 0, 4.09%, 0, 0, 2, 117.58
1494027315, 7, 337, 495, 126, 0, 4.09%, 0, 0, 2, 131.06
1494027320, 7, 341, 495, 126, 0, 4.09%, 0, 0, 2, 138.86
1494027325, 7, 347, 495, 124, 0, 4.09%, 0, 0, 2, 177.76
1494027330, 7, 351, 496, 125, 0, 4.09%, 0, 0, 2, 149.30
1494027336, 7, 352, 496, 125, 0, 4.09%, 0, 0, 2, 173.18
1494027341, 7, 354, 496, 125, 0, 4.09%, 0, 0, 2, 177.53
1494027346, 7, 356, 496, 125, 0, 4.09%, 0, 0, 2, 179.66
1494027351, 7, 361, 496, 124, 0, 4.09%, 0, 0, 2, 141.93
1494027366, 7, 362, 496, 123, 0, 4.09%, 0, 0, 2, 168.49
1494027382, 7, 363, 496, 122, 0, 4.09%, 0, 0, 2, 165.99
1494027392, 7, 365, 496, 121, 0, 4.09%, 0, 0, 2, 192.97
1494027397, 7, 367, 496, 120, 0, 4.09%, 0, 0, 2, 83.80
1494027402, 7, 372, 496, 119, 0, 4.09%, 0, 0, 2, 186.00
1494027408, 7, 377, 496, 119, 0, 4.09%, 0, 0, 2, 166.96
1494027418, 7, 381, 496, 118, 0, 4.09%, 0, 0, 2, 124.97
1494027433, 7, 383, 496, 117, 0, 4.09%, 0, 0, 2, 78.03
1494027479, 7, 389, 497, 117, 0, 4.09%, 0, 0, 2, 90.68
1494027489, 7, 393, 497, 117, 0, 4.09%, 0, 0, 2, 189.09
1494027494, 7, 397, 497, 116, 0, 4.09%, 0, 0, 2, 113.72
1494027499, 7, 400, 497, 115, 0, 4.09%, 0, 0, 2, 166.17
1494027504, 7, 411, 497, 114, 0, 4.09%, 0, 0, 2, 168.99
1494027510, 7, 412, 497, 114, 0, 4.09%, 0, 0, 2, 151.31
1494027520, 7, 420, 497, 113, 0, 4.09%, 0, 0, 2, 151.62
1494027525, 7, 425, 497, 113, 0, 4.09%, 0, 0, 2, 161.99
1494027530, 7, 432, 497, 113, 0, 4.09%, 0, 0, 2, 117.29
1494027545, 7, 436, 497, 112, 0, 4.09%, 0, 0, 2, 194.50
1494027550, 7, 442, 497, 112, 0, 4.09%, 0, 0, 2, 131.72
1494027566, 7, 455, 497, 111, 0, 4.09%, 0, 0, 2, 108.87
1494027571, 7, 460, 497, 111, 0, 4.09%, 0, 0, 2, 138.26
1494027576, 7, 462, 497, 110, 0, 4.09%, 0, 0, 2, 136.56
1494027581, 7, 463, 497, 110, 0, 4.09%, 0, 0, 2, 146.71
1494027586, 7, 467, 497, 110, 0, 4.09%, 0, 0, 2, 80.08
1494027591, 7, 470, 497, 110, 0, 4.09%, 0, 0, 2, 117.82
1494027617, 7, 473, 497, 109, 0, 4.09%, 0, 0, 2, 22.57
1494027642, 7, 475, 498, 109, 0, 4.09%, 0, 0, 2, 20.67
1494027704, 7, 479, 498, 108, 0, 4.09%, 0, 1, 2, 119.42
1494027709, 7, 481, 498, 108, 0, 4.09%, 0, 1, 2, 168.21
1494027729, 7, 485, 500, 109, 0, 4.09%, 0, 1, 2, 187.52
1494027740, 7, 487, 500, 108, 0, 4.09%, 0, 1, 2, 135.55
1494027755, 7, 488, 500, 107, 0, 4.09%, 0, 1, 2, 22.57
1494027760, 7, 490, 500, 107, 0, 4.09%, 0, 1, 2, 102.89
1494027770, 7, 492, 500, 107, 0, 4.09%, 0, 1, 2, 14.70
1494027930, 7, 497, 500, 106, 0, 4.09%, 0, 1, 2, 53.94
1494027956, 8, 1, 500, 105, 0, 4.09%, 0, 1, 2, 175.89
1494027961, 8, 2, 500, 105, 0, 4.09%, 0, 1, 2, 161.55
1494027966, 8, 5, 501, 106, 0, 4.09%, 0, 1, 2, 201.82
1494027971, 8, 7, 501, 106, 0, 4.09%, 0, 1, 2, 180.82
1494027976, 8, 15, 501, 106, 0, 4.09%, 0, 1, 2, 177.29
1494027981, 8, 19, 501, 106, 0, 4.09%, 0, 1, 2, 162.80
1494027987, 8, 20, 501, 106, 0, 4.09%, 0, 1, 2, 173.84
1494027992, 8, 28, 502, 107, 0, 4.09%, 0, 1, 2, 156.17
1494027997, 8, 31, 502, 107, 0, 4.09%, 0, 1, 2, 183.12
1494028002, 8, 34, 502, 107, 0, 4.09%, 0, 1, 2, 173.15
1494028007, 8, 38, 502, 107, 0, 4.09%, 0, 1, 2, 174.34
1494028012, 8, 45, 502, 107, 0, 4.09%, 0, 1, 2, 185.47
1494028017, 8, 49, 502, 107, 0, 4.09%, 0, 1, 2, 182.03
1494028023, 8, 51, 502, 107, 0, 4.09%, 0, 1, 2, 158.18
1494028028, 8, 53, 502, 107, 0, 4.09%, 0, 1, 2, 170.87
1494028033, 8, 56, 502, 107, 0, 4.09%, 0, 1, 2, 155.94
1494028038, 8, 60, 502, 107, 0, 4.09%, 0, 1, 2, 188.96
1494028043, 8, 62, 502, 107, 0, 4.09%, 0, 1, 2, 172.68
1494028048, 8, 316, 504, 109, 1, 4.09%, 0, 1, 2, 154.75
1494028053, 8, 377, 504, 108, 1, 4.09%, 0, 1, 2, 128.92
1494028063, 8, 454, 504, 108, 1, 4.09%, 0, 1, 2, 78.48
1494028069, 8, 503, 504, 107, 1, 4.09%, 0, 1, 2, 92.76
1494028084, 9, 1, 504, 106, 0, 4.09%, 0, 1, 2, 150.77
1494028089, 9, 2, 504, 106, 0, 4.09%, 0, 1, 2, 126.50
1494028094, 9, 5, 505, 107, 0, 4.09%, 0, 1, 2, 162.81
1494028099, 9, 7, 505, 107, 0, 4.09%, 0, 1, 2, 197.90
1494028104, 9, 12, 505, 107, 0, 4.09%, 0, 1, 2, 153.83
1494028109, 9, 19, 505, 107, 0, 4.09%, 0, 1, 2, 130.39
1494028115, 9, 26, 505, 107, 0, 4.09%, 0, 1, 2, 170.68
1494028120, 9, 30, 505, 107, 0, 4.09%, 0, 1, 2, 175.10
1494028125, 9, 31, 505, 107, 0, 4.09%, 0, 1, 2, 170.04
1494028130, 9, 34, 505, 107, 0, 4.09%, 0, 1, 2, 172.07
1494028135, 9, 38, 505, 107, 0, 4.09%, 0, 1, 2, 172.26
1494028140, 9, 49, 505, 107, 0, 4.09%, 0, 1, 2, 15.21
1494028145, 9, 51, 505, 107, 0, 4.09%, 0, 1, 2, 191.14
1494028150, 9, 53, 505, 107, 0, 4.09%, 0, 1, 2, 182.17
1494028155, 9, 56, 506, 108, 0, 4.09%, 0, 1, 2, 172.40
1494028161, 9, 60, 506, 108, 0, 4.09%, 0, 1, 2, 221.84
1494028166, 9, 61, 506, 108, 0, 4.09%, 0, 1, 2, 213.21
1494028171, 9, 62, 506, 108, 0, 4.09%, 0, 1, 2, 14.12
1494028176, 9, 66, 506, 108, 0, 4.09%, 0, 1, 2, 192.63
1494028181, 9, 68, 506, 108, 0, 4.09%, 0, 1, 2, 143.95
1494028186, 9, 70, 506, 108, 0, 4.09%, 0, 1, 2, 151.83
1494028191, 9, 73, 506, 108, 0, 4.09%, 0, 1, 2, 174.76
1494028196, 9, 78, 506, 108, 0, 4.09%, 0, 1, 2, 163.41
1494028202, 9, 79, 506, 108, 0, 4.09%, 0, 1, 2, 157.92
1494028207, 9, 82, 506, 108, 0, 4.09%, 0, 1, 2, 177.50
1494028212, 9, 86, 506, 107, 0, 4.09%, 0, 1, 2, 175.25
1494028217, 9, 87, 506, 107, 0, 4.09%, 0, 1, 2, 166.48
1494028222, 9, 92, 506, 107, 0, 4.09%, 0, 1, 2, 157.69
1494028227, 9, 94, 506, 107, 0, 4.09%, 0, 1, 2, 173.99
1494028232, 9, 95, 506, 107, 0, 4.09%, 0, 1, 2, 195.75
1494028237, 9, 101, 506, 107, 0, 4.09%, 0, 1, 2, 168.04
1494028243, 9, 108, 506, 107, 0, 4.09%, 0, 1, 2, 184.13
1494028253, 9, 111, 506, 107, 0, 4.09%, 0, 1, 2, 139.28
1494028258, 9, 113, 506, 107, 0, 4.09%, 0, 1, 2, 156.10
1494028263, 9, 117, 506, 106, 0, 4.09%, 0, 1, 2, 178.74
1494028269, 9, 120, 506, 106, 0, 4.09%, 0, 1, 2, 171.24
1494028274, 9, 122, 506, 106, 0, 4.09%, 0, 1, 2, 159.78
1494028279, 9, 124, 506, 106, 0, 4.09%, 0, 1, 2, 103.83
1494028284, 9, 132, 506, 106, 0, 4.09%, 0, 1, 2, 163.04
1494028289, 9, 134, 506, 106, 0, 4.09%, 0, 1, 2, 181.09
1494028294, 9, 137, 506, 106, 0, 4.09%, 0, 1, 2, 172.17
1494028299, 9, 139, 506, 106, 0, 4.09%, 0, 1, 2, 189.34
1494028304, 9, 141, 506, 106, 0, 4.09%, 0, 1, 2, 182.64
1494028309, 9, 144, 506, 105, 0, 4.09%, 0, 1, 2, 183.93
1494028314, 9, 146, 506, 105, 0, 4.09%, 0, 1, 2, 186.72
1494028319, 9, 152, 506, 105, 0, 4.09%, 0, 1, 2, 173.79
1494028324, 9, 153, 506, 104, 0, 4.09%, 0, 1, 2, 208.11
1494028330, 9, 156, 506, 104, 0, 4.09%, 0, 1, 2, 199.40
1494028335, 9, 158, 506, 104, 0, 4.09%, 0, 1, 2, 201.05
1494028340, 9, 162, 506, 103, 0, 4.09%, 0, 1, 2, 158.87
1494028345, 9, 163, 506, 103, 0, 4.09%, 0, 1, 2, 190.91
1494028350, 9, 167, 506, 103, 0, 4.09%, 0, 1, 2, 188.26
1494028355, 9, 169, 506, 103, 0, 4.09%, 0, 1, 2, 153.53
1494028360, 9, 173, 506, 103, 0, 4.09%, 0, 1, 2, 185.33
1494028366, 9, 176, 506, 103, 0, 4.09%, 0, 1, 2, 148.56
1494028371, 9, 180, 506, 103, 0, 4.09%, 0, 1, 2, 188.90
1494028376, 9, 187, 506, 103, 0, 4.09%, 0, 1, 2, 169.65
1494028381, 9, 188, 506, 103, 0, 4.09%, 0, 1, 2, 183.20
1494028386, 9, 191, 506, 103, 0, 4.09%, 0, 1, 2, 202.35
1494028391, 9, 195, 506, 103, 0, 4.09%, 0, 1, 2, 195.32
1494028396, 9, 199, 506, 103, 0, 4.09%, 0, 1, 2, 190.15
1494028401, 9, 201, 506, 103, 0, 4.09%, 0, 1, 2, 99.18
1494028406, 9, 203, 506, 102, 0, 4.09%, 0, 1, 2, 144.36
1494028412, 9, 207, 506, 102, 0, 4.09%, 0, 1, 2, 167.79
1494028417, 9, 217, 506, 101, 0, 4.09%, 0, 1, 2, 186.49
1494028422, 9, 224, 506, 101, 0, 4.09%, 0, 1, 2, 195.34
1494028427, 9, 235, 506, 101, 0, 4.09%, 0, 1, 2, 180.10
1494028432, 9, 240, 506, 101, 0, 4.09%, 0, 1, 2, 189.65
1494028437, 9, 242, 506, 101, 0, 4.09%, 0, 1, 2, 144.36
1494028442, 9, 248, 506, 100, 0, 4.09%, 0, 1, 2, 147.92
1494028448, 9, 251, 506, 100, 0, 4.09%, 0, 1, 2, 124.79
1494028453, 9, 254, 506, 100, 0, 4.09%, 0, 1, 2, 172.13
1494028458, 9, 257, 506, 100, 0, 4.09%, 0, 1, 2, 186.11
1494028463, 9, 259, 506, 100, 0, 4.09%, 0, 1, 2, 115.93
1494028468, 9, 261, 506, 99, 0, 4.09%, 0, 1, 2, 123.24
1494028473, 9, 265, 506, 99, 0, 4.09%, 0, 1, 2, 155.66
1494028478, 9, 266, 506, 99, 0, 4.09%, 0, 1, 2, 185.73
1494028483, 9, 273, 506, 99, 0, 4.09%, 0, 1, 2, 187.06
1494028488, 9, 277, 506, 99, 0, 4.09%, 0, 1, 2, 167.14
1494028494, 9, 278, 506, 99, 0, 4.09%, 0, 1, 2, 171.80
1494028499, 9, 280, 506, 99, 0, 4.09%, 0, 1, 2, 188.12
1494028504, 9, 288, 506, 99, 0, 4.09%, 0, 1, 2, 176.75
1494028509, 9, 292, 506, 99, 0, 4.09%, 0, 1, 2, 199.78
1494028514, 9, 294, 506, 99, 0, 4.09%, 0, 1, 2, 197.23
1494028519, 9, 295, 506, 99, 0, 4.09%, 0, 1, 2, 187.64
1494028524, 9, 299, 506, 98, 0, 4.09%, 0, 1, 2, 127.59
1494028540, 9, 301, 506, 97, 0, 4.09%, 0, 1, 2, 191.75
1494028545, 9, 310, 506, 95, 0, 4.09%, 0, 1, 2, 100.50
1494028550, 9, 311, 506, 95, 0, 4.09%, 0, 1, 2, 164.79
1494028555, 9, 321, 506, 94, 0, 4.09%, 0, 1, 2, 159.44
1494028560, 9, 324, 506, 93, 0, 4.09%, 0, 1, 2, 160.10
1494028566, 9, 326, 506, 93, 0, 4.09%, 0, 1, 2, 97.95
1494028601, 9, 327, 507, 93, 0, 4.09%, 0, 1, 2, 152.73
1494028607, 9, 329, 507, 93, 0, 4.09%, 0, 1, 2, 170.82
1494028612, 9, 330, 507, 93, 0, 4.09%, 0, 1, 2, 171.56
1494028617, 9, 335, 507, 92, 0, 4.09%, 0, 1, 2, 109.83
1494028627, 9, 337, 507, 91, 0, 4.09%, 0, 1, 2, 160.22
1494028632, 9, 347, 507, 91, 0, 4.09%, 0, 1, 2, 179.19
1494028638, 9, 351, 507, 91, 0, 4.09%, 0, 1, 2, 158.34
1494028643, 9, 352, 507, 91, 0, 4.09%, 0, 1, 2, 175.58
1494028648, 9, 353, 507, 91, 0, 4.09%, 0, 1, 2, 144.08
1494028663, 9, 354, 507, 90, 0, 4.09%, 0, 1, 2, 159.79
1494028668, 9, 364, 507, 90, 0, 4.09%, 0, 1, 2, 22.13
1494028679, 9, 369, 507, 89, 0, 4.09%, 0, 1, 2, 134.28
1494028684, 9, 388, 507, 88, 0, 4.09%, 0, 1, 2, 112.90
1494028694, 9, 389, 507, 87, 0, 4.09%, 0, 1, 2, 149.31
1494028699, 9, 393, 507, 87, 0, 4.09%, 0, 1, 2, 186.44
1494028704, 9, 396, 507, 86, 0, 4.09%, 0, 1, 2, 150.44
1494028709, 9, 398, 507, 86, 0, 4.09%, 0, 1, 2, 103.45
1494028714, 9, 405, 507, 86, 0, 4.09%, 0, 1, 2, 68.79
1494028730, 9, 407, 507, 85, 0, 4.09%, 0, 1, 2, 132.78
1494028735, 9, 413, 507, 85, 0, 4.09%, 0, 1, 2, 148.56
1494028740, 9, 425, 507, 85, 0, 4.09%, 0, 1, 2, 64.99
1494028745, 9, 430, 507, 85, 0, 4.09%, 0, 1, 2, 119.69
1494028760, 9, 433, 507, 84, 0, 4.09%, 0, 1, 2, 128.60
1494028771, 9, 434, 507, 83, 0, 4.09%, 0, 1, 2, 174.03
1494028781, 9, 436, 507, 82, 0, 4.09%, 0, 1, 2, 155.69
1494028786, 9, 447, 507, 82, 0, 4.09%, 0, 1, 2, 50.73
1494028791, 9, 455, 507, 82, 0, 4.09%, 0, 1, 2, 104.84
1494028796, 9, 461, 507, 82, 0, 4.09%, 0, 1, 2, 91.43
1494028801, 9, 463, 507, 82, 0, 4.09%, 0, 1, 2, 153.55
1494028806, 9, 464, 507, 82, 0, 4.09%, 0, 1, 2, 166.22
1494028812, 9, 467, 507, 81, 0, 4.09%, 0, 1, 2, 163.07
1494028817, 9, 472, 507, 81, 0, 4.09%, 0, 1, 2, 156.31
1494028822, 9, 474, 507, 81, 0, 4.09%, 0, 1, 2, 152.42
1494028827, 9, 476, 507, 81, 0, 4.09%, 0, 1, 2, 192.06
1494028832, 9, 478, 507, 80, 0, 4.09%, 0, 1, 2, 27.14
1494028847, 9, 479, 507, 79, 0, 4.09%, 0, 1, 2, 101.35
1494028853, 9, 483, 507, 79, 0, 4.09%, 0, 1, 2, 136.25
1494028858, 9, 488, 507, 79, 0, 4.09%, 0, 1, 2, 116.08
1494028863, 9, 490, 507, 79, 0, 4.09%, 0, 1, 2, 148.35
1494028868, 9, 491, 507, 79, 0, 4.09%, 0, 1, 2, 154.48
1494028883, 9, 493, 507, 78, 0, 4.09%, 0, 1, 2, 22.05
1494028941, 9, 503, 508, 78, 0, 4.09%, 0, 1, 2, 181.79
1494028956, 9, 506, 508, 78, 0, 4.09%, 0, 1, 2, 27.40
1494029028, 10, 0, 508, 77, 0, 4.09%, 0, 1, 2, 167.90
1494029033, 10, 2, 508, 77, 0, 4.09%, 0, 1, 2, 132.92
1494029038, 10, 5, 509, 78, 0, 4.09%, 0, 1, 2, 223.80
1494029043, 10, 7, 509, 78, 0, 4.09%, 0, 1, 2, 182.52
1494029049, 10, 12, 509, 78, 0, 4.09%, 0, 1, 2, 163.13
1494029054, 10, 18, 509, 78, 0, 4.09%, 0, 1, 2, 152.15
1494029059, 10, 20, 509, 78, 0, 4.09%, 0, 1, 2, 158.61
1494029064, 10, 28, 509, 78, 0, 4.09%, 0, 1, 2, 183.60
1494029069, 10, 31, 509, 78, 0, 4.09%, 0, 1, 2, 185.42
1494029074, 10, 34, 509, 78, 0, 4.09%, 0, 1, 2, 138.53
1494029079, 10, 38, 509, 78, 0, 4.09%, 0, 1, 2, 163.03
1494029084, 10, 48, 509, 78, 0, 4.09%, 0, 1, 2, 176.84
1494029089, 10, 50, 509, 78, 0, 4.09%, 0, 1, 2, 183.24
1494029094, 10, 53, 509, 78, 0, 4.09%, 0, 1, 2, 179.57
1494029099, 10, 56, 509, 78, 0, 4.09%, 0, 1, 2, 231.01
1494029104, 10, 60, 509, 78, 0, 4.09%, 0, 1, 2, 136.42
1494029110, 10, 62, 509, 78, 0, 4.09%, 0, 1, 2, 171.24
1494029115, 10, 66, 510, 79, 0, 4.09%, 0, 1, 2, 163.88
1494029120, 10, 67, 510, 79, 0, 4.09%, 0, 1, 2, 175.57
1494029125, 10, 69, 510, 79, 0, 4.09%, 0, 1, 2, 175.21
1494029130, 10, 72, 510, 79, 0, 4.09%, 0, 1, 2, 163.27
1494029136, 10, 75, 510, 79, 0, 4.09%, 0, 1, 2, 169.14
1494029141, 10, 79, 510, 79, 0, 4.09%, 0, 1, 2, 178.33
1494029146, 10, 82, 510, 79, 0, 4.09%, 0, 1, 2, 200.71
1494029151, 10, 86, 510, 79, 0, 4.09%, 0, 1, 2, 100.04
1494029156, 10, 91, 510, 79, 0, 4.09%, 0, 1, 2, 160.76
1494029161, 10, 94, 510, 79, 0, 4.09%, 0, 1, 2, 160.96
1494029172, 10, 101, 510, 79, 0, 4.09%, 0, 1, 2, 157.49
1494029177, 10, 104, 510, 79, 0, 4.09%, 0, 1, 2, 173.58
1494029182, 10, 108, 510, 79, 0, 4.09%, 0, 1, 2, 192.98
1494029187, 10, 110, 510, 79, 0, 4.09%, 0, 1, 2, 164.61
1494029192, 10, 113, 510, 79, 0, 4.09%, 0, 1, 2, 164.01
1494029197, 10, 118, 510, 79, 0, 4.09%, 0, 1, 2, 177.69
1494029202, 10, 120, 510, 79, 0, 4.09%, 0, 1, 2, 152.76
1494029207, 10, 121, 510, 79, 0, 4.09%, 0, 1, 2, 146.75
1494029212, 10, 123, 510, 79, 0, 4.09%, 0, 1, 2, 146.45
1494029217, 10, 132, 510, 79, 0, 4.09%, 0, 1, 2, 166.16
1494029228, 10, 137, 510, 79, 0, 4.09%, 0, 1, 2, 201.40
1494029238, 10, 142, 510, 79, 0, 4.09%, 0, 1, 2, 175.05
1494029243, 10, 144, 510, 79, 0, 4.09%, 0, 1, 2, 190.11
1494029248, 10, 145, 510, 79, 0, 4.09%, 0, 1, 2, 173.99
1494029253, 10, 151, 510, 79, 0, 4.09%, 0, 1, 2, 150.92
1494029258, 10, 153, 510, 79, 0, 4.09%, 0, 1, 2, 176.95
1494029263, 10, 156, 510, 78, 0, 4.09%, 0, 1, 2, 181.76
1494029274, 10, 162, 510, 78, 0, 4.09%, 0, 1, 2, 168.63
1494029279, 10, 163, 510, 78, 0, 4.09%, 0, 1, 2, 156.41
1494029284, 10, 167, 510, 78, 0, 4.09%, 0, 1, 2, 170.77
1494029289, 10, 169, 510, 78, 0, 4.09%, 0, 1, 2, 181.58
1494029294, 10, 173, 510, 78, 0, 4.09%, 0, 1, 2, 171.66
1494029299, 10, 176, 510, 78, 0, 4.09%, 0, 1, 2, 182.25
1494029304, 10, 180, 510, 78, 0, 4.09%, 0, 1, 2, 189.09
1494029309, 10, 187, 510, 78, 0, 4.09%, 0, 1, 2, 177.26
1494029314, 10, 188, 510, 78, 0, 4.09%, 0, 1, 2, 190.71
1494029319, 10, 191, 510, 78, 0, 4.09%, 0, 1, 2, 199.34
1494029324, 10, 195, 510, 78, 0, 4.09%, 0, 1, 2, 210.81
1494029330, 10, 202, 510, 78, 0, 4.09%, 0, 1, 2, 187.70
1494029335, 10, 204, 510, 78, 0, 4.09%, 0, 1, 2, 219.28
1494029345, 10, 213, 510, 77, 0, 4.09%, 0, 1, 2, 150.68
1494029360, 10, 217, 510, 76, 0, 4.09%, 0, 1, 2, 136.27
1494029366, 10, 224, 510, 76, 0, 4.09%, 0, 1, 2, 164.69
1494029371, 10, 226, 510, 76, 0, 4.09%, 0, 1, 2, 146.62
1494029376, 10, 235, 510, 75, 0, 4.09%, 0, 1, 2, 172.20
1494029381, 10, 239, 510, 75, 0, 4.09%, 0, 1, 2, 217.15
1494029386, 10, 240, 510, 75, 0, 4.09%, 0, 1, 2, 153.67
1494029391, 10, 248, 510, 75, 0, 4.09%, 0, 1, 2, 41.75
1494029396, 10, 251, 510, 75, 0, 4.09%, 0, 1, 2, 179.07
1494029401, 10, 255, 510, 75, 0, 4.09%, 0, 1, 2, 175.54
1494029412, 10, 257, 510, 74, 0, 4.09%, 0, 1, 2, 167.41
1494029417, 10, 263, 510, 74, 0, 4.09%, 0, 1, 2, 150.77
1494029422, 10, 265, 510, 74, 0, 4.09%, 0, 1, 2, 189.37
1494029427, 10, 268, 510, 74, 0, 4.09%, 0, 1, 2, 188.32
1494029432, 10, 273, 510, 74, 0, 4.09%, 0, 1, 2, 179.69
1494029437, 10, 277, 510, 74, 0, 4.09%, 0, 1, 2, 192.42
1494029443, 10, 278, 510, 74, 0, 4.09%, 0, 1, 2, 181.36
1494029448, 10, 280, 510, 74, 0, 4.09%, 0, 1, 2, 184.55
1494029453, 10, 288, 510, 74, 0, 4.09%, 0, 1, 2, 195.35
1494029458, 10, 292, 510, 74, 0, 4.09%, 0, 1, 2, 189.43
1494029463, 10, 294, 510, 74, 0, 4.09%, 0, 1, 2, 188.21
1494029468, 10, 296, 510, 74, 0, 4.09%, 0, 1, 2, 161.90
1494029473, 10, 298, 510, 74, 0, 4.09%, 0, 1, 2, 188.10
1494029478, 10, 315, 510, 73, 0, 4.09%, 0, 1, 2, 170.14
1494029483, 10, 324, 510, 73, 0, 4.09%, 0, 1, 2, 156.11
1494029489, 10, 329, 510, 73, 0, 4.09%, 0, 1, 2, 159.53
1494029494, 10, 332, 510, 73, 0, 4.09%, 0, 1, 2, 154.57
1494029504, 10, 343, 510, 72, 0, 4.09%, 0, 1, 2, 167.77
1494029509, 10, 348, 510, 72, 0, 4.09%, 0, 1, 2, 182.53
1494029514, 10, 349, 511, 73, 0, 4.09%, 0, 1, 2, 175.43
1494029519, 10, 350, 511, 73, 0, 4.09%, 0, 1, 2, 93.55
1494029545, 10, 351, 511, 72, 0, 4.09%, 0, 1, 2, 90.23
1494029550, 10, 352, 511, 72, 0, 4.09%, 0, 1, 2, 185.33
1494029555, 10, 355, 511, 72, 0, 4.09%, 0, 1, 2, 175.14
1494029560, 10, 356, 511, 72, 0, 4.09%, 0, 1, 2, 171.66
1494029565, 10, 373, 511, 72, 0, 4.09%, 0, 1, 2, 132.94
1494029601, 10, 384, 511, 71, 0, 4.09%, 0, 1, 2, 102.76
1494029617, 10, 387, 511, 70, 0, 4.09%, 0, 1, 2, 149.17
1494029637, 10, 389, 511, 69, 0, 4.09%, 0, 1, 2, 148.71
1494029642, 10, 394, 511, 69, 0, 4.09%, 0, 1, 2, 173.20
1494029668, 10, 397, 511, 68, 0, 4.09%, 0, 1, 2, 149.91
1494029673, 10, 402, 511, 68, 0, 4.09%, 0, 1, 2, 72.80
1494029678, 10, 411, 511, 67, 0, 4.09%, 0, 1, 2, 111.05
1494029683, 10, 413, 511, 67, 0, 4.09%, 0, 1, 2, 132.40
1494029688, 10, 418, 511, 67, 0, 4.09%, 0, 1, 2, 60.41
1494029704, 10, 420, 511, 66, 0, 4.09%, 0, 1, 2, 155.98
1494029709, 10, 426, 511, 66, 0, 4.09%, 0, 1, 2, 135.65
1494029714, 10, 436, 511, 66, 0, 4.09%, 0, 1, 2, 153.11
1494029719, 10, 438, 511, 66, 0, 4.09%, 0, 1, 2, 134.39
1494029724, 10, 445, 511, 65, 0, 4.09%, 0, 1, 2, 138.15
1494029755, 10, 447, 511, 64, 0, 4.09%, 0, 1, 2, 149.49
1494029760, 10, 450, 511, 64, 0, 4.09%, 0, 1, 2, 156.75
1494029765, 10, 461, 511, 63, 0, 4.09%, 0, 1, 2, 187.46
1494029771, 10, 463, 511, 63, 0, 4.09%, 0, 1, 2, 199.70
1494029776, 10, 465, 511, 63, 0, 4.09%, 0, 1, 2, 121.12
1494029781, 10, 469, 511, 63, 0, 4.09%, 0, 1, 2, 132.55
1494029786, 10, 471, 511, 63, 0, 4.09%, 0, 1, 2, 121.47
1494029801, 10, 472, 511, 62, 0, 4.09%, 0, 1, 2, 156.56
1494029806, 10, 479, 511, 62, 0, 4.09%, 0, 1, 2, 169.90
1494029811, 10, 485, 511, 62, 0, 4.09%, 0, 1, 2, 173.18
1494029816, 10, 488, 511, 62, 0, 4.09%, 0, 1, 2, 121.70
1494029821, 10, 498, 511, 62, 0, 4.09%, 0, 1, 2, 151.96
1494029837, 10, 503, 511, 61, 0, 4.09%, 0, 1, 2, 184.94
1494029842, 10, 504, 511, 61, 0, 4.09%, 0, 1, 2, 126.35
1494029857, 10, 505, 511, 60, 0, 4.09%, 0, 1, 2, 31.81
1494029872, 11, 1, 511, 59, 0, 4.09%, 0, 1, 2, 151.08
1494029878, 11, 2, 511, 59, 0, 4.09%, 0, 1, 2, 165.35
1494029883, 11, 5, 511, 59, 0, 4.09%, 0, 1, 2, 208.34
1494029888, 11, 7, 511, 59, 0, 4.09%, 0, 1, 2, 177.20
1494029893, 11, 15, 511, 59, 0, 4.09%, 0, 1, 2, 64.14
1494029898, 11, 19, 511, 59, 0, 4.09%, 0, 1, 2, 174.97
1494029903, 11, 24, 511, 59, 0, 4.09%, 0, 1, 2, 190.43
1494029908, 11, 28, 511, 59, 0, 4.09%, 0, 1, 2, 163.85
1494029914, 11, 31, 511, 59, 0, 4.09%, 0, 1, 2, 177.43
1494029919, 11, 34, 511, 59, 0, 4.09%, 0, 1, 2, 149.93
1494029924, 11, 38, 511, 59, 0, 4.09%, 0, 1, 2, 175.19
1494029929, 11, 49, 511, 59, 0, 4.09%, 0, 1, 2, 205.48
1494029934, 11, 51, 511, 59, 0, 4.09%, 0, 1, 2, 188.54
1494029939, 11, 53, 511, 59, 0, 4.09%, 0, 1, 2, 159.62
1494029944, 11, 56, 511, 59, 0, 4.09%, 0, 1, 2, 177.99
1494029949, 11, 60, 511, 59, 0, 4.09%, 0, 1, 2, 189.81
1494029954, 11, 62, 511, 59, 0, 4.09%, 0, 1, 2, 179.62
1494029960, 11, 66, 511, 59, 0, 4.09%, 0, 1, 2, 213.10
1494029965, 11, 67, 511, 59, 0, 4.09%, 0, 1, 2, 95.35
1494029970, 11, 69, 511, 59, 0, 4.09%, 0, 1, 2, 177.04
1494029975, 11, 73, 511, 59, 0, 4.09%, 0, 1, 2, 174.33
1494029980, 11, 78, 511, 59, 0, 4.09%, 0, 1, 2, 169.85
1494029985, 11, 79, 511, 59, 0, 4.09%, 0, 1, 2, 165.55
1494029991, 11, 82, 511, 59, 0, 4.09%, 0, 1, 2, 228.39
1494029996, 11, 86, 511, 59, 0, 4.09%, 0, 1, 2, 182.08
1494030001, 11, 90, 511, 59, 0, 4.09%, 0, 1, 2, 158.54
1494030006, 11, 92, 511, 59, 0, 4.09%, 0, 1, 2, 173.29
1494030011, 11, 94, 511, 59, 0, 4.09%, 0, 1, 2, 184.41
1494030016, 11, 100, 511, 59, 0, 4.09%, 0, 1, 2, 172.66
1494030021, 11, 103, 511, 59, 0, 4.09%, 0, 1, 2, 174.11
1494030027, 11, 108, 511, 59, 0, 4.09%, 0, 1, 2, 185.83
1494030037, 11, 111, 511, 59, 0, 4.09%, 0, 1, 2, 173.52
1494030042, 11, 113, 511, 59, 0, 4.09%, 0, 1, 2, 178.65
1494030047, 11, 119, 511, 59, 0, 4.09%, 0, 1, 2, 180.31
1494030052, 11, 121, 511, 59, 0, 4.09%, 0, 1, 2, 149.09
1494030057, 11, 123, 511, 59, 0, 4.09%, 0, 1, 2, 130.21
1494030063, 11, 124, 511, 59, 0, 4.09%, 0, 1, 2, 152.10
1494030068, 11, 132, 511, 59, 0, 4.09%, 0, 1, 2, 166.78
1494030073, 11, 134, 511, 59, 0, 4.09%, 0, 1, 2, 175.50
1494030078, 11, 137, 511, 59, 0, 4.09%, 0, 1, 2, 201.02
1494030083, 11, 139, 511, 59, 0, 4.09%, 0, 1, 2, 193.30
1494030088, 11, 144, 511, 59, 0, 4.09%, 0, 1, 2, 209.21
1494030093, 11, 146, 511, 59, 0, 4.09%, 0, 1, 2, 172.17
1494030099, 11, 151, 511, 59, 0, 4.09%, 0, 1, 2, 163.22
1494030104, 11, 153, 511, 59, 0, 4.09%, 0, 1, 2, 183.74
1494030109, 11, 156, 511, 59, 0, 4.09%, 0, 1, 2, 187.19
1494030114, 11, 160, 512, 60, 0, 4.09%, 0, 1, 2, 139.24
1494030119, 11, 163, 512, 60, 0, 4.09%, 0, 1, 2, 150.01
1494030129, 11, 167, 512, 60, 0, 4.09%, 0, 1, 2, 19.76
1494030134, 11, 169, 512, 60, 0, 4.09%, 0, 1, 2, 222.43
1494030139, 11, 173, 512, 60, 0, 4.09%, 0, 1, 2, 177.17
1494030144, 11, 176, 512, 60, 0, 4.09%, 0, 1, 2, 76.92
1494030149, 11, 180, 512, 60, 0, 4.09%, 0, 1, 2, 159.61
1494030154, 11, 184, 512, 60, 0, 4.09%, 0, 1, 2, 139.99
1494030160, 11, 187, 512, 59, 0, 4.09%, 0, 1, 2, 148.18
1494030165, 11, 188, 512, 59, 0, 4.09%, 0, 1, 2, 174.54
1494030170, 11, 191, 512, 59, 0, 4.09%, 0, 1, 2, 206.61
1494030175, 11, 195, 512, 59, 0, 4.09%, 0, 1, 2, 193.13
1494030180, 11, 197, 512, 59, 0, 4.09%, 0, 1, 2, 159.18
1494030185, 11, 198, 512, 59, 0, 4.09%, 0, 1, 2, 121.21
1494030190, 11, 203, 512, 58, 0, 4.09%, 0, 1, 2, 163.53
1494030195, 11, 206, 512, 58, 0, 4.09%, 0, 1, 2, 145.65
1494030200, 11, 217, 512, 58, 0, 4.09%, 0, 1, 2, 88.85
1494030205, 11, 219, 512, 58, 0, 4.09%, 0, 1, 2, 204.40
1494030210, 11, 223, 512, 57, 0, 4.09%, 0, 1, 2, 69.49
1494030236, 11, 223, 513, 57, 0, 4.09%, 0, 1, 2, 7.66
1494030241, 11, 224, 513, 57, 0, 4.09%, 0, 1, 2, 178.39
1494030246, 11, 235, 513, 57, 0, 4.09%, 0, 1, 2, 169.90
1494030251, 11, 238, 513, 57, 0, 4.09%, 0, 1, 2, 163.27
1494030256, 11, 240, 513, 57, 0, 4.09%, 0, 1, 2, 142.67
1494030261, 11, 248, 513, 57, 0, 4.09%, 0, 1, 2, 148.25
1494030266, 11, 251, 513, 57, 0, 4.09%, 0, 1, 2, 178.86
1494030271, 11, 254, 513, 57, 0, 4.09%, 0, 1, 2, 175.63
1494030276, 11, 257, 513, 57, 0, 4.09%, 0, 1, 2, 189.13
1494030281, 11, 261, 513, 57, 0, 4.09%, 0, 1, 2, 151.21
1494030286, 11, 265, 513, 57, 0, 4.09%, 0, 1, 2, 169.10
1494030292, 11, 266, 513, 57, 0, 4.09%, 0, 1, 2, 177.30
1494030297, 11, 271, 513, 57, 0, 4.09%, 0, 1, 2, 171.33
1494030302, 11, 273, 513, 56, 0, 4.09%, 0, 1, 2, 24.02
1494030307, 11, 277, 513, 56, 0, 4.09%, 0, 1, 2, 181.07
1494030312, 11, 280, 513, 56, 0, 4.09%, 0, 1, 2, 142.38
1494030323, 11, 288, 513, 56, 0, 4.09%, 0, 1, 2, 187.18
1494030328, 11, 292, 513, 56, 0, 4.09%, 0, 1, 2, 198.16
1494030333, 11, 294, 513, 56, 0, 4.09%, 0, 1, 2, 53.51
1494030338, 11, 296, 513, 56, 0, 4.09%, 0, 1, 2, 153.71
1494030343, 11, 310, 513, 56, 0, 4.09%, 0, 1, 2, 155.36
1494030348, 11, 315, 513, 55, 0, 4.09%, 0, 1, 2, 166.01
1494030353, 11, 324, 513, 55, 0, 4.09%, 0, 1, 2, 166.79
1494030358, 11, 329, 513, 55, 0, 4.09%, 0, 1, 2, 172.25
1494030363, 11, 332, 513, 55, 0, 4.09%, 0, 1, 2, 175.65
1494030374, 11, 343, 513, 55, 0, 4.09%, 0, 1, 2, 136.83
1494030379, 11, 349, 513, 55, 0, 4.09%, 0, 1, 2, 155.36
1494030384, 11, 352, 513, 55, 0, 4.09%, 0, 1, 2, 141.49
1494030389, 11, 354, 513, 55, 0, 4.09%, 0, 1, 2, 163.17
1494030394, 11, 361, 513, 55, 0, 4.09%, 0, 1, 2, 165.98
1494030399, 11, 382, 513, 55, 0, 4.09%, 0, 1, 2, 175.69
1494030404, 11, 389, 513, 53, 0, 4.09%, 0, 1, 2, 163.50
1494030415, 11, 397, 513, 53, 0, 4.09%, 0, 1, 2, 122.71
1494030420, 11, 513, 514, 54, 1, 4.09%, 0, 1, 2, 81.54
1494030430, 12, 0, 514, 53, 0, 4.09%, 0, 1, 2, 166.51
1494030435, 12, 1, 514, 53, 0, 4.09%, 0, 1, 2, 165.24
1494030440, 12, 4, 514, 53, 0, 4.09%, 0, 1, 2, 163.53
1494030445, 12, 6, 514, 53, 0, 4.09%, 0, 1, 2, 180.36
1494030451, 12, 8, 514, 53, 0, 4.09%, 0, 1, 2, 174.59
1494030461, 12, 15, 514, 53, 0, 4.09%, 0, 1, 2, 162.07
1494030466, 12, 19, 514, 53, 0, 4.09%, 0, 1, 2, 156.64
1494030471, 12, 26, 514, 53, 0, 4.09%, 0, 1, 2, 163.03
1494030476, 12, 30, 514, 53, 0, 4.09%, 0, 1, 2, 169.35
1494030481, 12, 31, 514, 53, 0, 4.09%, 0, 1, 2, 148.21
1494030486, 12, 34, 514, 53, 0, 4.09%, 0, 1, 2, 157.90
1494030491, 12, 44, 514, 53, 0, 4.09%, 0, 1, 2, 187.01
1494030496, 12, 49, 514, 53, 0, 4.09%, 0, 1, 2, 162.20
1494030502, 12, 51, 514, 53, 0, 4.09%, 0, 1, 2, 190.00
1494030507, 12, 53, 514, 53, 0, 4.09%, 0, 1, 2, 175.28
1494030512, 12, 56, 514, 53, 0, 4.09%, 0, 1, 2, 169.93
1494030517, 12, 60, 514, 53, 0, 4.09%, 0, 1, 2, 196.24
1494030522, 12, 62, 514, 53, 0, 4.09%, 0, 1, 2, 122.07
1494030527, 12, 65, 514, 53, 0, 4.09%, 0, 1, 2, 130.45
1494030532, 12, 67, 514, 53, 0, 4.09%, 0, 1, 2, 150.96
1494030537, 12, 69, 514, 53, 0, 4.09%, 0, 1, 2, 155.37
1494030542, 12, 70, 514, 53, 0, 4.09%, 0, 1, 2, 147.98
1494030548, 12, 73, 514, 53, 0, 4.09%, 0, 1, 2, 179.24
1494030553, 12, 78, 514, 53, 0, 4.09%, 0, 1, 2, 156.29
1494030558, 12, 79, 514, 53, 0, 4.09%, 0, 1, 2, 155.90
1494030563, 12, 81, 514, 53, 0, 4.09%, 0, 1, 2, 194.72
1494030568, 12, 85, 514, 53, 0, 4.09%, 0, 1, 2, 185.40
1494030573, 12, 86, 514, 53, 0, 4.09%, 0, 1, 2, 161.66
1494030578, 12, 91, 514, 53, 0, 4.09%, 0, 1, 2, 161.80
1494030583, 12, 94, 514, 53, 0, 4.09%, 0, 1, 2, 161.27
1494030594, 12, 101, 514, 53, 0, 4.09%, 0, 1, 2, 158.75
1494030599, 12, 104, 514, 53, 0, 4.09%, 0, 1, 2, 157.68
1494030604, 12, 108, 514, 53, 0, 4.09%, 0, 1, 2, 174.11
1494030609, 12, 110, 514, 53, 0, 4.09%, 0, 1, 2, 166.89
1494030614, 12, 113, 514, 53, 0, 4.09%, 0, 1, 2, 159.89
1494030619, 12, 117, 514, 53, 0, 4.09%, 0, 1, 2, 185.61
1494030625, 12, 120, 514, 53, 0, 4.09%, 0, 1, 2, 163.59
1494030630, 12, 122, 514, 53, 0, 4.09%, 0, 1, 2, 95.71
1494030635, 12, 123, 514, 53, 0, 4.09%, 0, 1, 2, 176.15
1494030640, 12, 125, 514, 53, 0, 4.09%, 0, 1, 2, 157.78
1494030645, 12, 132, 514, 52, 0, 4.09%, 0, 1, 2, 181.24
1494030650, 12, 134, 514, 52, 0, 4.09%, 0, 1, 2, 187.32
1494030655, 12, 137, 514, 52, 0, 4.09%, 0, 1, 2, 194.05
1494030665, 12, 142, 514, 52, 0, 4.09%, 0, 1, 2, 173.79
1494030670, 12, 144, 514, 52, 0, 4.09%, 0, 1, 2, 193.49
1494030675, 12, 146, 514, 52, 0, 4.09%, 0, 1, 2, 178.71
1494030681, 12, 147, 514, 52, 0, 4.09%, 0, 1, 2, 117.90
1494030686, 12, 150, 515, 52, 0, 4.09%, 0, 1, 2, 118.12
1494030691, 12, 153, 515, 52, 0, 4.09%, 0, 1, 2, 192.53
1494030696, 12, 156, 515, 52, 0, 4.09%, 0, 1, 2, 186.06
1494030706, 12, 162, 515, 52, 0, 4.09%, 0, 1, 2, 121.39
1494030711, 12, 163, 515, 52, 0, 4.09%, 0, 1, 2, 162.03
1494030717, 12, 167, 515, 52, 0, 4.09%, 0, 1, 2, 184.23
1494030722, 12, 168, 515, 52, 0, 4.09%, 0, 1, 2, 187.73
1494030727, 12, 173, 515, 52, 0, 4.09%, 0, 1, 2, 97.88
1494030732, 12, 176, 515, 52, 0, 4.09%, 0, 1, 2, 171.52
1494030742, 12, 180, 515, 52, 0, 4.09%, 0, 1, 2, 151.46
1494030747, 12, 187, 515, 52, 0, 4.09%, 0, 1, 2, 157.70
1494030752, 12, 188, 515, 52, 0, 4.09%, 0, 1, 2, 143.69
1494030757, 12, 191, 515, 52, 0, 4.09%, 0, 1, 2, 173.36
1494030762, 12, 193, 515, 51, 0, 4.09%, 0, 1, 2, 181.19
1494030768, 12, 195, 515, 51, 0, 4.09%, 0, 1, 2, 176.81
1494030773, 12, 197, 515, 51, 0, 4.09%, 0, 1, 2, 157.01
1494030778, 12, 206, 515, 51, 0, 4.09%, 0, 1, 2, 162.67
1494030783, 12, 223, 515, 51, 0, 4.09%, 0, 1, 2, 136.09
1494030788, 12, 224, 515, 51, 0, 4.09%, 0, 1, 2, 164.20
1494030793, 12, 235, 515, 51, 0, 4.09%, 0, 1, 2, 157.90
1494030798, 12, 239, 515, 51, 0, 4.09%, 0, 1, 2, 158.95
1494030803, 12, 245, 515, 51, 0, 4.09%, 0, 1, 2, 145.51
1494030808, 12, 249, 515, 51, 0, 4.09%, 0, 1, 2, 159.42
1494030814, 12, 251, 515, 51, 0, 4.09%, 0, 1, 2, 172.62
1494030819, 12, 254, 515, 51, 0, 4.09%, 0, 1, 2, 173.14
1494030824, 12, 257, 515, 51, 0, 4.09%, 0, 1, 2, 192.45
1494030829, 12, 261, 515, 51, 0, 4.09%, 0, 1, 2, 180.15
1494030834, 12, 265, 515, 51, 0, 4.09%, 0, 1, 2, 163.13
1494030844, 12, 273, 515, 51, 0, 4.09%, 0, 1, 2, 167.51
1494030855, 12, 277, 515, 50, 0, 4.09%, 0, 1, 2, 180.44
1494030860, 12, 278, 515, 50, 0, 4.09%, 0, 1, 2, 145.96
1494030865, 12, 280, 515, 50, 0, 4.09%, 0, 1, 2, 153.94
1494030870, 12, 288, 515, 50, 0, 4.09%, 0, 1, 2, 177.81
1494030875, 12, 292, 515, 50, 0, 4.09%, 0, 1, 2, 194.49
1494030880, 12, 294, 515, 49, 0, 4.09%, 0, 1, 2, 163.76
1494030890, 12, 306, 515, 49, 0, 4.09%, 0, 1, 2, 173.50
1494030895, 12, 314, 515, 49, 0, 4.09%, 0, 1, 2, 168.34
1494030901, 12, 315, 515, 49, 0, 4.09%, 0, 1, 2, 166.69
1494030906, 12, 318, 515, 49, 0, 4.09%, 0, 1, 2, 124.57
1494030911, 12, 324, 515, 48, 0, 4.09%, 0, 1, 2, 157.81
1494030916, 12, 329, 515, 48, 0, 4.09%, 0, 1, 2, 175.49
1494030921, 12, 337, 515, 48, 0, 4.09%, 0, 1, 2, 168.91
1494030926, 12, 347, 515, 48, 0, 4.09%, 0, 1, 2, 174.68
1494030931, 12, 351, 515, 48, 0, 4.09%, 0, 1, 2, 142.97
1494030936, 12, 352, 515, 48, 0, 4.09%, 0, 1, 2, 170.55
1494030941, 12, 355, 515, 48, 0, 4.09%, 0, 1, 2, 167.73
1494030947, 12, 374, 515, 48, 0, 4.09%, 0, 1, 2, 19.76
1494030952, 12, 388, 515, 48, 0, 4.09%, 0, 1, 2, 173.75
1494030957, 12, 389, 515, 48, 0, 4.09%, 0, 1, 2, 183.98
1494030962, 12, 397, 515, 48, 0, 4.09%, 0, 1, 2, 169.23
1494030967, 12, 407, 515, 48, 0, 4.09%, 0, 1, 2, 128.91
1494030972, 12, 408, 515, 48, 0, 4.09%, 0, 1, 2, 110.78
1494030977, 12, 411, 515, 47, 0, 4.09%, 0, 1, 2, 130.91
1494030982, 12, 420, 515, 47, 0, 4.09%, 0, 1, 2, 141.20
1494030987, 12, 425, 515, 47, 0, 4.09%, 0, 1, 2, 157.65
1494030993, 12, 428, 516, 48, 0, 4.09%, 0, 1, 2, 14.73
1494031076, 12, 429, 516, 47, 0, 4.09%, 0, 1, 2, 209.30
1494031081, 12, 437, 516, 46, 0, 4.09%, 0, 1, 2, 160.40
1494031086, 12, 447, 516, 46, 0, 4.09%, 0, 1, 2, 5.14
1494031092, 12, 449, 516, 46, 0, 4.09%, 0, 1, 2, 116.58
1494031097, 12, 456, 516, 46, 0, 4.09%, 0, 1, 2, 92.92
1494031137, 12, 461, 516, 45, 0, 4.09%, 0, 1, 2, 116.94
1494031142, 12, 463, 516, 45, 0, 4.09%, 0, 1, 2, 126.20
1494031147, 12, 465, 516, 45, 0, 4.09%, 0, 1, 2, 103.75
1494031152, 12, 467, 516, 45, 0, 4.09%, 0, 1, 2, 102.50
1494031158, 12, 469, 516, 45, 0, 4.09%, 0, 1, 2, 87.70
1494031163, 12, 474, 516, 45, 0, 4.09%, 0, 1, 2, 131.80
1494031168, 12, 488, 516, 45, 0, 4.09%, 0, 1, 2, 122.11
1494031173, 12, 489, 516, 45, 0, 4.09%, 0, 1, 2, 18.69
1494031234, 12, 490, 516, 44, 0, 4.09%, 0, 2, 2, 131.71
1494031240, 12, 516, 517, 45, 1, 4.09%, 0, 2, 2, 59.57
1494031260, 13, 0, 517, 44, 0, 4.09%, 0, 2, 2, 30.69
1494031265, 13, 1, 517, 44, 0, 4.09%, 0, 2, 2, 131.06
1494031270, 13, 2, 517, 44, 0, 4.09%, 0, 2, 2, 152.51
1494031275, 13, 5, 517, 44, 0, 4.09%, 0, 2, 2, 184.73
1494031281, 13, 10, 517, 44, 0, 4.09%, 0, 2, 2, 161.49
1494031286, 13, 12, 517, 44, 0, 4.09%, 0, 2, 2, 28.39
1494031291, 13, 18, 517, 44, 0, 4.09%, 0, 2, 2, 87.65
1494031296, 13, 20, 517, 44, 0, 4.09%, 0, 2, 2, 136.94
1494031301, 13, 28, 517, 44, 0, 4.09%, 0, 2, 2, 158.35
1494031306, 13, 30, 517, 44, 0, 4.09%, 0, 2, 2, 205.12
1494031311, 13, 33, 517, 44, 0, 4.09%, 0, 2, 2, 160.72
1494031316, 13, 37, 517, 44, 0, 4.09%, 0, 2, 2, 155.26
1494031321, 13, 44, 517, 44, 0, 4.09%, 0, 2, 2, 178.14
1494031327, 13, 49, 517, 44, 0, 4.09%, 0, 2, 2, 34.76
1494031332, 13, 51, 517, 44, 0, 4.09%, 0, 2, 2, 125.29
1494031337, 13, 53, 517, 44, 0, 4.09%, 0, 2, 2, 144.81
1494031342, 13, 56, 517, 44, 0, 4.09%, 0, 2, 2, 164.84
1494031347, 13, 60, 517, 44, 0, 4.09%, 0, 2, 2, 203.92
1494031352, 13, 62, 517, 44, 0, 4.09%, 0, 2, 2, 34.22
1494031357, 13, 66, 517, 44, 0, 4.09%, 0, 2, 2, 121.58
1494031362, 13, 67, 517, 44, 0, 4.09%, 0, 2, 2, 150.05
1494031367, 13, 69, 517, 44, 0, 4.09%, 0, 2, 2, 153.97
1494031373, 13, 72, 517, 44, 0, 4.09%, 0, 2, 2, 149.63
1494031378, 13, 75, 517, 44, 0, 4.09%, 0, 2, 2, 181.59
1494031383, 13, 79, 517, 44, 0, 4.09%, 0, 2, 2, 167.82
1494031388, 13, 82, 517, 44, 0, 4.09%, 0, 2, 2, 159.90
1494031393, 13, 86, 517, 44, 0, 4.09%, 0, 2, 2, 164.53
1494031398, 13, 87, 517, 44, 0, 4.09%, 0, 2, 2, 139.70
1494031404, 13, 91, 517, 44, 0, 4.09%, 0, 2, 2, 148.21
1494031409, 13, 93, 517, 44, 0, 4.09%, 0, 2, 2, 158.43
1494031414, 13, 94, 517, 44, 0, 4.09%, 0, 2, 2, 181.47
1494031419, 13, 100, 517, 44, 0, 4.09%, 0, 2, 2, 153.99
1494031424, 13, 103, 517, 44, 0, 4.09%, 0, 2, 2, 154.96
1494031429, 13, 108, 517, 44, 0, 4.09%, 0, 2, 2, 168.90
1494031434, 13, 109, 517, 44, 0, 4.09%, 0, 2, 2, 166.56
1494031439, 13, 111, 517, 44, 0, 4.09%, 0, 2, 2, 149.79
1494031444, 13, 113, 517, 44, 0, 4.09%, 0, 2, 2, 169.42
1494031450, 13, 119, 517, 44, 0, 4.09%, 0, 2, 2, 182.46
1494031455, 13, 121, 517, 44, 0, 4.09%, 0, 2, 2, 160.15
1494031460, 13, 122, 517, 44, 0, 4.09%, 0, 2, 2, 143.73
1494031465, 13, 124, 517, 44, 0, 4.09%, 0, 2, 2, 159.78
1494031470, 13, 125, 517, 44, 0, 4.09%, 0, 2, 2, 51.85
1494031475, 13, 132, 517, 44, 0, 4.09%, 0, 2, 2, 144.33
1494031480, 13, 134, 517, 44, 0, 4.09%, 0, 2, 2, 173.33
1494031486, 13, 137, 517, 44, 0, 4.09%, 0, 2, 2, 202.97
1494031491, 13, 139, 517, 44, 0, 4.09%, 0, 2, 2, 185.17
1494031496, 13, 142, 517, 44, 0, 4.09%, 0, 2, 2, 167.75
1494031501, 13, 144, 517, 44, 0, 4.09%, 0, 2, 2, 175.01
1494031506, 13, 150, 517, 44, 0, 4.09%, 0, 2, 2, 166.41
1494031511, 13, 153, 517, 44, 0, 4.09%, 0, 2, 2, 198.08
1494031516, 13, 156, 517, 44, 0, 4.09%, 0, 2, 2, 185.13
1494031521, 13, 160, 517, 44, 0, 4.09%, 0, 2, 2, 171.78
1494031527, 13, 162, 517, 44, 0, 4.09%, 0, 2, 2, 161.60
1494031532, 13, 163, 517, 44, 0, 4.09%, 0, 2, 2, 186.94
1494031537, 13, 168, 517, 44, 0, 4.09%, 0, 2, 2, 186.09
1494031542, 13, 169, 517, 44, 0, 4.09%, 0, 2, 2, 176.09
1494031547, 13, 171, 517, 44, 0, 4.09%, 0, 2, 2, 172.06
1494031552, 13, 173, 517, 43, 0, 4.09%, 0, 2, 2, 184.24
1494031557, 13, 176, 517, 43, 0, 4.09%, 0, 2, 2, 149.85
1494031562, 13, 180, 517, 43, 0, 4.09%, 0, 2, 2, 172.48
1494031567, 13, 187, 517, 43, 0, 4.09%, 0, 2, 2, 157.89
1494031578, 13, 191, 517, 43, 0, 4.09%, 0, 2, 2, 161.27
1494031588, 13, 195, 517, 43, 0, 4.09%, 0, 2, 2, 185.32
1494031593, 13, 202, 517, 43, 0, 4.09%, 0, 2, 2, 161.00
1494031598, 13, 206, 517, 43, 0, 4.09%, 0, 2, 2, 160.11
1494031603, 13, 224, 517, 43, 0, 4.09%, 0, 2, 2, 163.77
1494031608, 13, 235, 517, 43, 0, 4.09%, 0, 2, 2, 171.09
1494031613, 13, 239, 517, 43, 0, 4.09%, 0, 2, 2, 174.30
1494031618, 13, 245, 517, 43, 0, 4.09%, 0, 2, 2, 132.36
1494031623, 13, 248, 517, 43, 0, 4.09%, 0, 2, 2, 157.78
1494031628, 13, 251, 518, 44, 0, 4.09%, 0, 2, 2, 165.85
1494031633, 13, 254, 518, 44, 0, 4.09%, 0, 2, 2, 165.54
1494031638, 13, 257, 518, 44, 0, 4.09%, 0, 2, 2, 177.21
1494031644, 13, 261, 518, 44, 0, 4.09%, 0, 2, 2, 157.81
1494031649, 13, 265, 518, 44, 0, 4.09%, 0, 2, 2, 164.01
1494031654, 13, 266, 518, 44, 0, 4.09%, 0, 2, 2, 22.73
1494031659, 13, 273, 518, 44, 0, 4.09%, 0, 2, 2, 224.71
1494031664, 13, 277, 518, 44, 0, 4.09%, 0, 2, 2, 190.09
1494031669, 13, 278, 518, 44, 0, 4.09%, 0, 2, 2, 159.47
1494031674, 13, 280, 518, 44, 0, 4.09%, 0, 2, 2, 181.86
1494031679, 13, 288, 518, 44, 0, 4.09%, 0, 2, 2, 181.96
1494031684, 13, 292, 518, 44, 0, 4.09%, 0, 2, 2, 203.18
1494031689, 13, 294, 518, 44, 0, 4.09%, 0, 2, 2, 162.68
1494031695, 13, 296, 518, 44, 0, 4.09%, 0, 2, 2, 173.17
1494031700, 13, 306, 518, 44, 0, 4.09%, 0, 2, 2, 160.78
1494031705, 13, 321, 518, 44, 0, 4.09%, 0, 2, 2, 153.94
1494031710, 13, 327, 518, 44, 0, 4.09%, 0, 2, 2, 157.20
1494031715, 13, 329, 518, 44, 0, 4.09%, 0, 2, 2, 204.85
1494031720, 13, 337, 518, 44, 0, 4.09%, 0, 2, 2, 177.71
1494031725, 13, 344, 518, 44, 0, 4.09%, 0, 2, 2, 158.75
1494031731, 13, 349, 518, 44, 0, 4.09%, 0, 2, 2, 140.37
1494031736, 13, 351, 518, 44, 0, 4.09%, 0, 2, 2, 110.58
1494031741, 13, 352, 518, 44, 0, 4.09%, 0, 2, 2, 158.34
1494031746, 13, 355, 518, 44, 0, 4.09%, 0, 2, 2, 181.31
1494031751, 13, 366, 518, 44, 0, 4.09%, 0, 2, 2, 26.15
1494031828, 13, 389, 520, 45, 0, 4.09%, 0, 2, 2, 156.45
1494031834, 13, 396, 520, 45, 0, 4.09%, 0, 2, 2, 167.03
1494031839, 13, 399, 520, 45, 0, 4.09%, 0, 2, 2, 119.07
1494031844, 13, 407, 520, 44, 0, 4.09%, 0, 2, 2, 108.96
1494031849, 13, 411, 521, 45, 0, 4.09%, 0, 2, 2, 103.12
1494031854, 13, 420, 521, 45, 0, 4.09%, 0, 2, 2, 130.52
1494031859, 13, 425, 521, 45, 0, 4.09%, 0, 2, 2, 130.09
1494031864, 13, 430, 521, 45, 0, 4.09%, 0, 2, 2, 156.73
1494031869, 13, 437, 521, 45, 0, 4.09%, 0, 2, 2, 147.47
1494031874, 13, 439, 521, 45, 0, 4.09%, 0, 2, 2, 126.82
1494031879, 13, 455, 521, 45, 0, 4.09%, 0, 2, 2, 113.41
1494031884, 13, 461, 521, 45, 0, 4.09%, 0, 2, 2, 128.27
1494031889, 13, 463, 521, 45, 0, 4.09%, 0, 2, 2, 138.80
1494031894, 13, 465, 521, 45, 0, 4.09%, 0, 2, 2, 79.60
1494031900, 13, 469, 521, 45, 0, 4.09%, 0, 2, 2, 125.15
1494031905, 13, 474, 521, 45, 0, 4.09%, 0, 2, 2, 155.14
1494031910, 13, 480, 521, 45, 0, 4.09%, 0, 2, 2, 159.14
1494031930, 13, 483, 521, 44, 0, 4.09%, 0, 2, 2, 189.17
1494031935, 13, 488, 521, 44, 0, 4.09%, 0, 2, 2, 128.29
1494031941, 13, 496, 521, 44, 0, 4.09%, 0, 2, 2, 178.63
1494031956, 13, 499, 521, 43, 0, 4.09%, 0, 2, 2, 124.53
1494031972, 13, 508, 521, 42, 0, 4.09%, 0, 2, 2, 132.73
1494032018, 13, 512, 521, 41, 0, 4.09%, 0, 2, 2, 17.98
1494032208, 13, 513, 521, 40, 0, 4.09%, 0, 3, 2, 95.32
1494032218, 13, 515, 521, 40, 0, 4.09%, 0, 3, 2, 11.76
1494032337, 13, 516, 522, 40, 0, 4.09%, 0, 4, 2, 161.81
1494032352, 13, 521, 522, 40, 0, 4.09%, 0, 4, 2, 137.33
1494032372, 14, 0, 522, 39, 0, 4.09%, 0, 4, 2, 125.63
1494032377, 14, 2, 522, 39, 0, 4.09%, 0, 4, 2, 161.79
1494032383, 14, 5, 523, 40, 0, 4.09%, 0, 4, 2, 135.74
1494032388, 14, 7, 523, 40, 0, 4.09%, 0, 4, 2, 199.49
1494032393, 14, 12, 523, 40, 0, 4.09%, 0, 4, 2, 159.06
1494032398, 14, 19, 523, 40, 0, 4.09%, 0, 4, 2, 168.95
1494032403, 14, 20, 523, 40, 0, 4.09%, 0, 4, 2, 35.87
1494032408, 14, 28, 523, 40, 0, 4.09%, 0, 4, 2, 157.63
1494032413, 14, 31, 523, 40, 0, 4.09%, 0, 4, 2, 185.12
1494032418, 14, 33, 523, 40, 0, 4.09%, 0, 4, 2, 133.03
1494032424, 14, 37, 523, 40, 0, 4.09%, 0, 4, 2, 152.81
1494032429, 14, 44, 523, 40, 0, 4.09%, 0, 4, 2, 153.55
1494032434, 14, 49, 523, 40, 0, 4.09%, 0, 4, 2, 156.46
1494032439, 14, 51, 523, 40, 0, 4.09%, 0, 4, 2, 172.36
1494032444, 14, 55, 523, 40, 0, 4.09%, 0, 4, 2, 161.26
1494032449, 14, 56, 523, 40, 0, 4.09%, 0, 4, 2, 176.69
1494032454, 14, 60, 523, 40, 0, 4.09%, 0, 4, 2, 185.54
1494032459, 14, 62, 523, 40, 0, 4.09%, 0, 4, 2, 162.71
1494032464, 14, 66, 523, 40, 0, 4.09%, 0, 4, 2, 152.70
1494032469, 14, 68, 523, 40, 0, 4.09%, 0, 4, 2, 162.57
1494032474, 14, 69, 523, 40, 0, 4.09%, 0, 4, 2, 148.61
1494032479, 14, 72, 523, 40, 0, 4.09%, 0, 4, 2, 87.64
1494032484, 14, 74, 523, 40, 0, 4.09%, 0, 4, 2, 148.81
1494032490, 14, 78, 523, 39, 0, 4.09%, 0, 4, 2, 176.09
1494032495, 14, 79, 523, 39, 0, 4.09%, 0, 4, 2, 159.55
1494032500, 14, 82, 523, 39, 0, 4.09%, 0, 4, 2, 141.21
1494032505, 14, 86, 523, 39, 0, 4.09%, 0, 4, 2, 167.28
1494032510, 14, 90, 524, 40, 0, 4.09%, 0, 4, 2, 157.37
1494032515, 14, 92, 524, 40, 0, 4.09%, 0, 4, 2, 153.55
1494032520, 14, 94, 524, 40, 0, 4.09%, 0, 4, 2, 181.34
1494032525, 14, 95, 524, 40, 0, 4.09%, 0, 4, 2, 177.90
1494032530, 14, 100, 524, 40, 0, 4.09%, 0, 4, 2, 169.30
1494032536, 14, 104, 524, 40, 0, 4.09%, 0, 4, 2, 163.40
1494032541, 14, 108, 524, 40, 0, 4.09%, 0, 4, 2, 204.02
1494032546, 14, 110, 524, 40, 0, 4.09%, 0, 4, 2, 169.41
1494032551, 14, 112, 524, 40, 0, 4.09%, 0, 4, 2, 154.47
1494032556, 14, 115, 524, 40, 0, 4.09%, 0, 4, 2, 164.76
1494032561, 14, 119, 524, 40, 0, 4.09%, 0, 4, 2, 185.76
1494032566, 14, 121, 524, 40, 0, 4.09%, 0, 4, 2, 148.40
1494032571, 14, 122, 524, 40, 0, 4.09%, 0, 4, 2, 141.57
1494032576, 14, 124, 524, 40, 0, 4.09%, 0, 4, 2, 132.70
1494032581, 14, 132, 524, 40, 0, 4.09%, 0, 4, 2, 155.28
1494032586, 14, 134, 524, 40, 0, 4.09%, 0, 4, 2, 167.87
1494032592, 14, 137, 524, 40, 0, 4.09%, 0, 4, 2, 189.20
1494032597, 14, 139, 524, 40, 0, 4.09%, 0, 4, 2, 188.71
1494032602, 14, 142, 524, 40, 0, 4.09%, 0, 4, 2, 160.88
1494032607, 14, 144, 524, 40, 0, 4.09%, 0, 4, 2, 186.54
1494032612, 14, 150, 524, 40, 0, 4.09%, 0, 4, 2, 166.88
1494032617, 14, 153, 524, 40, 0, 4.09%, 0, 4, 2, 148.61
1494032627, 14, 156, 524, 40, 0, 4.09%, 0, 4, 2, 175.45
1494032632, 14, 162, 524, 40, 0, 4.09%, 0, 4, 2, 156.91
